Date_reported,Country_code,Country,WHO_region,New_cases,Cumulative_cases,New_deaths,Cumulative_deaths,Total_alive
2020-01-05,AF,Afghanistan,EMRO,0,0,0,0,0
2020-01-15,AF,Afghanistan,EMRO,0,0,0,0,0
2020-01-19,AF,Afghanistan,EMRO,0,0,0,0,0
2020-01-26,AF,Afghanistan,EMRO,0,0,0,0,0
2020-02-02,AF,Afghanistan,EMRO,0,0,0,0,0
2020-02-09,AF,Afghanistan,EMRO,0,0,0,0,0
2020-02-16,AF,Afghanistan,EMRO,0,0,0,0,0
2020-02-23,AF,Afghanistan,EMRO,0,0,0,0,0
2020-03-01,AF,Afghanistan,EMRO,1,1,0,0,1
2020-03-08,AF,Afghanistan,EMRO,0,1,0,0,1
2020-03-15,AF,Afghanistan,EMRO,6,7,0,0,7
2020-03-22,AF,Afghanistan,EMRO,17,24,0,0,24
2020-03-29,AF,Afghanistan,EMRO,67,91,2,2,89
2020-04-05,AF,Afghanistan,EMRO,183,274,3,5,269
2020-04-12,AF,Afghanistan,EMRO,247,521,10,15,506
2020-04-19,AF,Afghanistan,EMRO,387,908,15,30,878
2020-04-26,AF,Afghanistan,EMRO,422,1330,13,43,1287
2020-05-03,AF,Afghanistan,EMRO,841,2171,21,64,2107
2020-05-10,AF,Afghanistan,EMRO,1392,3563,41,105,3458
2020-05-17,AF,Afghanistan,EMRO,2490,6053,48,153,5900
2020-05-24,AF,Afghanistan,EMRO,3813,9866,58,211,9655
2020-05-31,AF,Afghanistan,EMRO,4577,14443,37,248,14195
2020-06-07,AF,Afghanistan,EMRO,5108,19551,79,327,19224
2020-06-14,AF,Afghanistan,EMRO,4551,24102,124,451,23651
2020-06-21,AF,Afghanistan,EMRO,4195,28297,97,548,27749
2020-06-28,AF,Afghanistan,EMRO,2319,30616,155,703,29913
2020-07-05,AF,Afghanistan,EMRO,2056,32672,123,826,31846
2020-07-12,AF,Afghanistan,EMRO,1679,34351,149,975,33376
2020-07-19,AF,Afghanistan,EMRO,938,35289,172,1147,34142
2020-07-26,AF,Afghanistan,EMRO,747,36036,99,1246,34790
2020-08-02,AF,Afghanistan,EMRO,674,36710,37,1283,35427
2020-08-09,AF,Afghanistan,EMRO,305,37015,24,1307,35708
2020-08-16,AF,Afghanistan,EMRO,536,37551,63,1370,36181
2020-08-23,AF,Afghanistan,EMRO,343,37894,15,1385,36509
2020-08-30,AF,Afghanistan,EMRO,249,38143,17,1402,36741
2020-09-06,AF,Afghanistan,EMRO,161,38304,7,1409,36895
2020-09-13,AF,Afghanistan,EMRO,337,38641,11,1420,37221
2020-09-20,AF,Afghanistan,EMRO,278,38919,17,1437,37482
2020-09-27,AF,Afghanistan,EMRO,273,39192,16,1453,37739
2020-10-04,AF,Afghanistan,EMRO,105,39297,9,1462,37835
2020-10-11,AF,Afghanistan,EMRO,406,39703,11,1473,38230
2020-10-18,AF,Afghanistan,EMRO,438,40141,15,1488,38653
2020-10-25,AF,Afghanistan,EMRO,627,40768,23,1511,39257
2020-11-01,AF,Afghanistan,EMRO,657,41425,25,1536,39889
2020-11-08,AF,Afghanistan,EMRO,608,42033,20,1556,40477
2020-11-15,AF,Afghanistan,EMRO,1002,43035,49,1605,41430
2020-11-22,AF,Afghanistan,EMRO,1468,44503,70,1675,42828
2020-11-29,AF,Afghanistan,EMRO,1463,45966,77,1752,44214
2020-12-06,AF,Afghanistan,EMRO,1675,47641,113,1865,45776
2020-12-13,AF,Afghanistan,EMRO,1311,48952,95,1960,46992
2020-12-20,AF,Afghanistan,EMRO,1584,50536,94,2054,48482
2020-12-27,AF,Afghanistan,EMRO,1312,51848,104,2158,49690
2021-01-03,AF,Afghanistan,EMRO,861,52709,63,2221,50488
2021-01-10,AF,Afghanistan,EMRO,780,53489,56,2277,51212
2021-01-17,AF,Afghanistan,EMRO,495,53984,62,2339,51645
2021-01-24,AF,Afghanistan,EMRO,611,54595,39,2378,52217
2021-01-31,AF,Afghanistan,EMRO,428,55023,22,2400,52623
2021-02-07,AF,Afghanistan,EMRO,312,55335,10,2410,52925
2021-02-14,AF,Afghanistan,EMRO,157,55492,17,2427,53065
2021-02-21,AF,Afghanistan,EMRO,112,55604,5,2432,53172
2021-02-28,AF,Afghanistan,EMRO,110,55714,11,2443,53271
2021-03-07,AF,Afghanistan,EMRO,133,55847,6,2449,53398
2021-03-14,AF,Afghanistan,EMRO,138,55985,8,2457,53528
2021-03-21,AF,Afghanistan,EMRO,118,56103,6,2463,53640
2021-03-28,AF,Afghanistan,EMRO,191,56294,7,2470,53824
2021-04-04,AF,Afghanistan,EMRO,382,56676,27,2497,54179
2021-04-11,AF,Afghanistan,EMRO,484,57160,24,2521,54639
2021-04-18,AF,Afghanistan,EMRO,633,57793,18,2539,55254
2021-04-25,AF,Afghanistan,EMRO,1050,58843,43,2582,56261
2021-05-02,AF,Afghanistan,EMRO,1279,60122,55,2637,57485
2021-05-09,AF,Afghanistan,EMRO,1720,61842,49,2686,59156
2021-05-16,AF,Afghanistan,EMRO,1642,63484,56,2742,60742
2021-05-23,AF,Afghanistan,EMRO,2244,65728,60,2802,62926
2021-05-30,AF,Afghanistan,EMRO,5033,70761,117,2919,67842
2021-06-06,AF,Afghanistan,EMRO,8463,79224,226,3145,76079
2021-06-13,AF,Afghanistan,EMRO,10637,89861,382,3527,86334
2021-06-20,AF,Afghanistan,EMRO,12045,101906,595,4122,97784
2021-06-27,AF,Afghanistan,EMRO,12314,114220,528,4650,109570
2021-07-04,AF,Afghanistan,EMRO,10528,124748,549,5199,119549
2021-07-11,AF,Afghanistan,EMRO,8830,133578,525,5724,127854
2021-07-18,AF,Afghanistan,EMRO,7024,140602,423,6147,134455
2021-07-25,AF,Afghanistan,EMRO,3269,143871,278,6425,137446
2021-08-01,AF,Afghanistan,EMRO,3630,147501,312,6737,140764
2021-08-08,AF,Afghanistan,EMRO,2957,150458,171,6908,143550
2021-08-15,AF,Afghanistan,EMRO,1575,152033,113,7021,145012
2021-08-22,AF,Afghanistan,EMRO,478,152511,49,7070,145441
2021-08-29,AF,Afghanistan,EMRO,522,153033,39,7109,145924
2021-09-05,AF,Afghanistan,EMRO,390,153423,23,7132,146291
2021-09-12,AF,Afghanistan,EMRO,567,153990,35,7167,146823
2021-09-19,AF,Afghanistan,EMRO,549,154539,32,7199,147340
2021-09-26,AF,Afghanistan,EMRO,360,154899,0,7199,147700
2021-10-03,AF,Afghanistan,EMRO,242,155141,13,7212,147929
2021-10-10,AF,Afghanistan,EMRO,203,155344,9,7221,148123
2021-10-17,AF,Afghanistan,EMRO,273,155617,17,7238,148379
2021-10-24,AF,Afghanistan,EMRO,201,155818,15,7253,148565
2021-10-31,AF,Afghanistan,EMRO,270,156088,19,7272,148816
2021-11-07,AF,Afghanistan,EMRO,187,156275,12,7284,148991
2021-11-14,AF,Afghanistan,EMRO,237,156512,8,7292,149220
2021-11-21,AF,Afghanistan,EMRO,352,156864,9,7301,149563
2021-11-28,AF,Afghanistan,EMRO,326,157190,7,7308,149882
2021-12-05,AF,Afghanistan,EMRO,241,157431,4,7312,150119
2021-12-12,AF,Afghanistan,EMRO,180,157611,13,7325,150286
2021-12-19,AF,Afghanistan,EMRO,134,157745,8,7333,150412
2021-12-26,AF,Afghanistan,EMRO,157,157902,19,7352,150550
2022-01-02,AF,Afghanistan,EMRO,210,158112,4,7356,150756
2022-01-09,AF,Afghanistan,EMRO,233,158345,13,7369,150976
2022-01-16,AF,Afghanistan,EMRO,333,158678,9,7378,151300
2022-01-23,AF,Afghanistan,EMRO,870,159548,12,7390,152158
2022-01-30,AF,Afghanistan,EMRO,2118,161666,17,7407,154259
2022-02-06,AF,Afghanistan,EMRO,4046,165712,18,7425,158287
2022-02-13,AF,Afghanistan,EMRO,4440,170152,63,7488,162664
2022-02-20,AF,Afghanistan,EMRO,1778,171930,46,7534,164396
2022-02-27,AF,Afghanistan,EMRO,1250,173180,54,7588,165592
2022-03-06,AF,Afghanistan,EMRO,1167,174347,34,7622,166725
2022-03-13,AF,Afghanistan,EMRO,1715,176062,20,7642,168420
2022-03-20,AF,Afghanistan,EMRO,977,177039,10,7652,169387
2022-03-27,AF,Afghanistan,EMRO,435,177474,8,7660,169814
2022-04-03,AF,Afghanistan,EMRO,331,177805,11,7671,170134
2022-04-10,AF,Afghanistan,EMRO,285,178090,4,7675,170415
2022-04-17,AF,Afghanistan,EMRO,297,178387,1,7676,170711
2022-04-24,AF,Afghanistan,EMRO,261,178648,5,7681,170967
2022-05-01,AF,Afghanistan,EMRO,231,178879,2,7683,171196
2022-05-08,AF,Afghanistan,EMRO,44,178923,1,7684,171239
2022-05-15,AF,Afghanistan,EMRO,320,179243,6,7690,171553
2022-05-22,AF,Afghanistan,EMRO,431,179674,7,7697,171977
2022-05-29,AF,Afghanistan,EMRO,449,180123,4,7701,172422
2022-06-05,AF,Afghanistan,EMRO,495,180618,8,7709,172909
2022-06-12,AF,Afghanistan,EMRO,415,181033,0,7709,173324
2022-06-19,AF,Afghanistan,EMRO,541,181574,4,7713,173861
2022-06-26,AF,Afghanistan,EMRO,498,182072,4,7717,174355
2022-07-03,AF,Afghanistan,EMRO,571,182643,7,7724,174919
2022-07-10,AF,Afghanistan,EMRO,576,183219,3,7727,175492
2022-07-17,AF,Afghanistan,EMRO,231,183450,3,7730,175720
2022-07-24,AF,Afghanistan,EMRO,1024,184474,8,7738,176736
2022-07-31,AF,Afghanistan,EMRO,1106,185580,9,7747,177833
2022-08-07,AF,Afghanistan,EMRO,1466,187046,5,7752,179294
2022-08-14,AF,Afghanistan,EMRO,1785,188831,6,7758,181073
2022-08-21,AF,Afghanistan,EMRO,1604,190435,1,7759,182676
2022-08-28,AF,Afghanistan,EMRO,1773,192208,15,7774,184434
2022-09-04,AF,Afghanistan,EMRO,1679,193887,6,7780,186107
2022-09-11,AF,Afghanistan,EMRO,1760,195647,7,7787,187860
2022-09-18,AF,Afghanistan,EMRO,1435,197082,7,7794,189288
2022-09-25,AF,Afghanistan,EMRO,1201,198283,2,7796,190487
2022-10-02,AF,Afghanistan,EMRO,989,199272,3,7799,191473
2022-10-09,AF,Afghanistan,EMRO,927,200199,5,7804,192395
2022-10-16,AF,Afghanistan,EMRO,897,201096,7,7811,193285
2022-10-23,AF,Afghanistan,EMRO,933,202029,7,7818,194211
2022-10-30,AF,Afghanistan,EMRO,805,202834,3,7821,195013
2022-11-06,AF,Afghanistan,EMRO,784,203618,5,7826,195792
2022-11-13,AF,Afghanistan,EMRO,813,204431,3,7829,196602
2022-11-20,AF,Afghanistan,EMRO,581,205012,2,7831,197181
2022-11-27,AF,Afghanistan,EMRO,584,205596,2,7833,197763
2022-12-04,AF,Afghanistan,EMRO,568,206164,1,7834,198330
2022-12-11,AF,Afghanistan,EMRO,381,206545,5,7839,198706
2022-12-18,AF,Afghanistan,EMRO,441,206986,5,7844,199142
2022-12-25,AF,Afghanistan,EMRO,336,207322,1,7845,199477
2023-01-01,AF,Afghanistan,EMRO,257,207579,4,7849,199730
2023-01-08,AF,Afghanistan,EMRO,201,207780,2,7851,199929
2023-01-15,AF,Afghanistan,EMRO,173,207953,4,7855,200098
2023-01-22,AF,Afghanistan,EMRO,144,208097,5,7860,200237
2023-01-29,AF,Afghanistan,EMRO,323,208420,6,7866,200554
2023-02-05,AF,Afghanistan,EMRO,272,208692,8,7874,200818
2023-02-12,AF,Afghanistan,EMRO,164,208856,3,7877,200979
2023-02-19,AF,Afghanistan,EMRO,230,209086,0,7877,201209
2023-02-26,AF,Afghanistan,EMRO,165,209251,1,7878,201373
2023-03-05,AF,Afghanistan,EMRO,118,209369,1,7879,201490
2023-03-12,AF,Afghanistan,EMRO,141,209510,1,7880,201630
2023-03-19,AF,Afghanistan,EMRO,239,209749,1,7881,201868
2023-03-26,AF,Afghanistan,EMRO,331,210080,1,7882,202198
2023-04-02,AF,Afghanistan,EMRO,548,210628,1,7883,202745
2023-04-09,AF,Afghanistan,EMRO,884,211512,1,7884,203628
2023-04-16,AF,Afghanistan,EMRO,1100,212612,1,7885,204727
2023-04-23,AF,Afghanistan,EMRO,1458,214070,2,7887,206183
2023-04-30,AF,Afghanistan,EMRO,810,214880,5,7892,206988
2023-05-07,AF,Afghanistan,EMRO,1876,216756,5,7897,208859
2023-05-14,AF,Afghanistan,EMRO,1983,218739,11,7908,210831
2023-05-21,AF,Afghanistan,EMRO,1428,220167,5,7913,212254
2023-05-28,AF,Afghanistan,EMRO,1050,221217,2,7915,213302
2023-06-04,AF,Afghanistan,EMRO,778,221995,4,7919,214076
2023-06-11,AF,Afghanistan,EMRO,531,222526,1,7920,214606
2023-06-18,AF,Afghanistan,EMRO,433,222959,2,7922,215037
2023-06-25,AF,Afghanistan,EMRO,197,223156,6,7928,215228
2023-07-02,AF,Afghanistan,EMRO,124,223280,0,7928,215352
2023-07-09,AF,Afghanistan,EMRO,326,223606,3,7931,215675
2023-07-16,AF,Afghanistan,EMRO,179,223785,1,7932,215853
2023-07-23,AF,Afghanistan,EMRO,245,224030,2,7934,216096
2023-07-30,AF,Afghanistan,EMRO,194,224224,1,7935,216289
2023-08-06,AF,Afghanistan,EMRO,195,224419,3,7938,216481
2023-08-13,AF,Afghanistan,EMRO,242,224661,2,7940,216721
2023-08-20,AF,Afghanistan,EMRO,209,224870,2,7942,216928
2023-08-27,AF,Afghanistan,EMRO,229,225099,0,7942,217157
2023-09-03,AF,Afghanistan,EMRO,277,225376,2,7944,217432
2023-09-10,AF,Afghanistan,EMRO,216,225592,2,7946,217646
2023-09-17,AF,Afghanistan,EMRO,200,225792,0,7946,217846
2023-09-24,AF,Afghanistan,EMRO,207,225999,1,7947,218052
2023-10-01,AF,Afghanistan,EMRO,248,226247,3,7950,218297
2023-10-08,AF,Afghanistan,EMRO,309,226556,1,7951,218605
2023-10-15,AF,Afghanistan,EMRO,307,226863,1,7952,218911
2023-10-22,AF,Afghanistan,EMRO,293,227156,0,7952,219204
2023-10-29,AF,Afghanistan,EMRO,383,227539,1,7953,219586
2023-11-05,AF,Afghanistan,EMRO,353,227892,3,7956,219936
2023-11-12,AF,Afghanistan,EMRO,371,228263,4,7960,220303
2023-11-19,AF,Afghanistan,EMRO,432,228695,1,7961,220734
2023-11-26,AF,Afghanistan,EMRO,280,228975,2,7963,221012
2023-12-03,AF,Afghanistan,EMRO,288,229263,2,7965,221298
2023-12-10,AF,Afghanistan,EMRO,104,229367,0,7965,221402
2023-12-17,AF,Afghanistan,EMRO,336,229703,0,7965,221738
2023-12-24,AF,Afghanistan,EMRO,372,230075,5,7970,222105
2023-12-31,AF,Afghanistan,EMRO,300,230375,3,7973,222402
2024-01-07,AF,Afghanistan,EMRO,267,230642,0,7973,222669
2024-01-14,AF,Afghanistan,EMRO,213,230855,2,7975,222880
2024-01-21,AF,Afghanistan,EMRO,197,231052,1,7976,223076
2024-01-28,AF,Afghanistan,EMRO,258,231310,5,7981,223329
2024-02-04,AF,Afghanistan,EMRO,211,231521,0,7981,223540
2024-02-11,AF,Afghanistan,EMRO,235,231756,1,7982,223774
2024-02-18,AF,Afghanistan,EMRO,240,231996,1,7983,224013
2024-02-25,AF,Afghanistan,EMRO,225,232221,0,7983,224238
2024-03-03,AF,Afghanistan,EMRO,278,232499,5,7988,224511
2024-03-10,AF,Afghanistan,EMRO,163,232662,3,7991,224671
2024-03-17,AF,Afghanistan,EMRO,259,232921,0,7991,224930
2024-03-24,AF,Afghanistan,EMRO,197,233118,2,7993,225125
2024-03-31,AF,Afghanistan,EMRO,222,233340,3,7996,225344
2024-04-07,AF,Afghanistan,EMRO,342,233682,0,7996,225686
2024-04-14,AF,Afghanistan,EMRO,396,234078,0,7996,226082
2024-04-21,AF,Afghanistan,EMRO,146,234224,0,7996,226228
2024-04-28,AF,Afghanistan,EMRO,352,234576,1,7997,226579
2024-05-05,AF,Afghanistan,EMRO,638,235214,1,7998,227216
2024-05-12,AF,Afghanistan,EMRO,0,235214,0,7998,227216
2024-05-19,AF,Afghanistan,EMRO,0,235214,0,7998,227216
2024-05-26,AF,Afghanistan,EMRO,0,235214,0,7998,227216
2024-06-02,AF,Afghanistan,EMRO,0,235214,0,7998,227216
2024-06-09,AF,Afghanistan,EMRO,0,235214,0,7998,227216
2024-06-16,AF,Afghanistan,EMRO,0,235214,0,7998,227216
2024-06-23,AF,Afghanistan,EMRO,0,235214,0,7998,227216
2024-06-30,AF,Afghanistan,EMRO,0,235214,0,7998,227216
2024-07-07,AF,Afghanistan,EMRO,0,235214,0,7998,227216
2024-07-14,AF,Afghanistan,EMRO,0,235214,0,7998,227216
2024-07-21,AF,Afghanistan,EMRO,0,235214,0,7998,227216
2024-07-28,AF,Afghanistan,EMRO,0,235214,0,7998,227216
2024-08-04,AF,Afghanistan,EMRO,0,235214,0,7998,227216
2024-08-11,AF,Afghanistan,EMRO,0,235214,0,7998,227216
2024-08-18,AF,Afghanistan,EMRO,0,235214,0,7998,227216
2024-08-25,AF,Afghanistan,EMRO,0,235214,0,7998,227216
2024-09-01,AF,Afghanistan,EMRO,0,235214,0,7998,227216
2024-09-08,AF,Afghanistan,EMRO,0,235214,0,7998,227216
2024-09-15,AF,Afghanistan,EMRO,0,235214,0,7998,227216
2024-09-22,AF,Afghanistan,EMRO,0,235214,0,7998,227216
2024-09-29,AF,Afghanistan,EMRO,0,235214,0,7998,227216
2024-10-06,AF,Afghanistan,EMRO,0,235214,0,7998,227216
2024-10-13,AF,Afghanistan,EMRO,0,235214,0,7998,227216
2024-10-20,AF,Afghanistan,EMRO,0,235214,0,7998,227216
2024-10-27,AF,Afghanistan,EMRO,0,235214,0,7998,227216
2024-11-03,AF,Afghanistan,EMRO,0,235214,0,7998,227216
2024-11-10,AF,Afghanistan,EMRO,0,235214,0,7998,227216
2024-11-17,AF,Afghanistan,EMRO,0,235214,0,7998,227216
2020-01-05,AL,Albania,EURO,0,0,0,0,0
2020-01-12,AL,Albania,EURO,0,0,0,0,0
2020-01-19,AL,Albania,EURO,0,0,0,0,0
2020-01-26,AL,Albania,EURO,0,0,0,0,0
2020-02-02,AL,Albania,EURO,0,0,0,0,0
2020-02-09,AL,Albania,EURO,0,0,0,0,0
2020-02-16,AL,Albania,EURO,0,0,0,0,0
2020-02-23,AL,Albania,EURO,0,0,0,0,0
2020-03-01,AL,Albania,EURO,0,0,0,0,0
2020-03-08,AL,Albania,EURO,0,0,0,0,0
2020-03-15,AL,Albania,EURO,33,33,1,1,32
2020-03-22,AL,Albania,EURO,37,70,1,2,68
2020-03-29,AL,Albania,EURO,116,186,6,8,178
2020-04-05,AL,Albania,EURO,118,304,9,17,287
2020-04-12,AL,Albania,EURO,112,416,6,23,393
2020-04-19,AL,Albania,EURO,123,539,3,26,513
2020-04-26,AL,Albania,EURO,139,678,1,27,651
2020-05-03,AL,Albania,EURO,104,782,4,31,751
2020-05-10,AL,Albania,EURO,68,850,0,31,819
2020-05-17,AL,Albania,EURO,66,916,0,31,885
2020-05-24,AL,Albania,EURO,65,981,0,31,950
2020-05-31,AL,Albania,EURO,118,1099,2,33,1066
2020-06-07,AL,Albania,EURO,113,1212,0,33,1179
2020-06-14,AL,Albania,EURO,204,1416,3,36,1380
2020-06-21,AL,Albania,EURO,422,1838,6,42,1796
2020-06-28,AL,Albania,EURO,431,2269,9,51,2218
2020-07-05,AL,Albania,EURO,483,2752,21,72,2680
2020-07-12,AL,Albania,EURO,526,3278,13,85,3193
2020-07-19,AL,Albania,EURO,628,3906,22,107,3799
2020-07-26,AL,Albania,EURO,664,4570,21,128,4442
2020-08-02,AL,Albania,EURO,706,5276,29,157,5119
2020-08-09,AL,Albania,EURO,875,6151,32,189,5962
2020-08-16,AL,Albania,EURO,966,7117,30,219,6898
2020-08-23,AL,Albania,EURO,1002,8119,21,240,7879
2020-08-30,AL,Albania,EURO,1076,9195,31,271,8924
2020-09-06,AL,Albania,EURO,772,9967,35,306,9661
2020-09-13,AL,Albania,EURO,1054,11021,21,327,10694
2020-09-20,AL,Albania,EURO,1052,12073,26,353,11720
2020-09-27,AL,Albania,EURO,972,13045,20,373,12672
2020-10-04,AL,Albania,EURO,920,13965,16,389,13576
2020-10-11,AL,Albania,EURO,1101,15066,24,413,14653
2020-10-18,AL,Albania,EURO,1435,16501,30,443,16058
2020-10-25,AL,Albania,EURO,2055,18556,26,469,18087
2020-11-01,AL,Albania,EURO,2078,20634,33,502,20132
2020-11-08,AL,Albania,EURO,2576,23210,47,549,22661
2020-11-15,AL,Albania,EURO,3491,26701,56,605,26096
2020-11-22,AL,Albania,EURO,4758,31459,67,672,30787
2020-11-29,AL,Albania,EURO,4786,36245,99,771,35474
2020-12-06,AL,Albania,EURO,5057,41302,99,870,40432
2020-12-13,AL,Albania,EURO,5561,46863,107,977,45886
2020-12-20,AL,Albania,EURO,5141,52004,89,1066,50938
2020-12-27,AL,Albania,EURO,3376,55380,68,1134,54246
2021-01-03,AL,Albania,EURO,3343,58723,52,1186,57537
2021-01-10,AL,Albania,EURO,3655,62378,44,1230,61148
2021-01-17,AL,Albania,EURO,4257,66635,35,1265,65370
2021-01-24,AL,Albania,EURO,4020,70655,38,1303,69352
2021-01-31,AL,Albania,EURO,5695,76350,55,1358,74992
2021-02-07,AL,Albania,EURO,6732,83082,75,1433,81649
2021-02-14,AL,Albania,EURO,7753,90835,98,1531,89304
2021-02-21,AL,Albania,EURO,7074,97909,105,1636,96273
2021-02-28,AL,Albania,EURO,7320,105229,120,1756,103473
2021-03-07,AL,Albania,EURO,6072,111301,141,1897,109404
2021-03-14,AL,Albania,EURO,4822,116123,121,2018,114105
2021-03-21,AL,Albania,EURO,3899,120022,104,2122,117900
2021-03-28,AL,Albania,EURO,3194,123216,70,2192,121024
2021-04-04,AL,Albania,EURO,2626,125842,55,2247,123595
2021-04-11,AL,Albania,EURO,1953,127795,57,2304,125491
2021-04-18,AL,Albania,EURO,1512,129307,33,2337,126970
2021-04-25,AL,Albania,EURO,963,130270,30,2367,127903
2021-05-02,AL,Albania,EURO,815,131085,27,2394,128691
2021-05-09,AL,Albania,EURO,492,131577,14,2408,129169
2021-05-16,AL,Albania,EURO,362,131939,19,2427,129512
2021-05-23,AL,Albania,EURO,214,132153,14,2441,129712
2021-05-30,AL,Albania,EURO,132,132285,7,2448,129837
2021-06-06,AL,Albania,EURO,87,132372,3,2451,129921
2021-06-13,AL,Albania,EURO,65,132437,2,2453,129984
2021-06-20,AL,Albania,EURO,47,132484,1,2454,130030
2021-06-27,AL,Albania,EURO,22,132506,1,2455,130051
2021-07-04,AL,Albania,EURO,20,132526,1,2456,130070
2021-07-11,AL,Albania,EURO,54,132580,0,2456,130124
2021-07-18,AL,Albania,EURO,67,132647,0,2456,130191
2021-07-25,AL,Albania,EURO,181,132828,0,2456,130372
2021-08-01,AL,Albania,EURO,208,133036,1,2457,130579
2021-08-08,AL,Albania,EURO,555,133591,1,2458,131133
2021-08-15,AL,Albania,EURO,1549,135140,3,2461,132679
2021-08-22,AL,Albania,EURO,2992,138132,14,2475,135657
2021-08-29,AL,Albania,EURO,5042,143174,12,2487,140687
2021-09-05,AL,Albania,EURO,5943,149117,21,2508,146609
2021-09-12,AL,Albania,EURO,6176,155293,27,2535,152758
2021-09-19,AL,Albania,EURO,6031,161324,34,2569,158755
2021-09-26,AL,Albania,EURO,5366,166690,50,2619,164071
2021-10-03,AL,Albania,EURO,4088,170778,86,2705,168073
2021-10-10,AL,Albania,EURO,3390,174168,48,2753,171415
2021-10-17,AL,Albania,EURO,2940,177108,54,2807,174301
2021-10-24,AL,Albania,EURO,3515,180623,56,2863,177760
2021-10-31,AL,Albania,EURO,3717,184340,46,2909,181431
2021-11-07,AL,Albania,EURO,3654,187994,39,2948,185046
2021-11-14,AL,Albania,EURO,4019,192013,35,2983,189030
2021-11-21,AL,Albania,EURO,3510,195523,46,3029,192494
2021-11-28,AL,Albania,EURO,3209,198732,48,3077,195655
2021-12-05,AL,Albania,EURO,2313,201045,31,3108,197937
2021-12-12,AL,Albania,EURO,2170,203215,22,3130,200085
2021-12-19,AL,Albania,EURO,2009,205224,28,3158,202066
2021-12-26,AL,Albania,EURO,1997,207221,29,3187,204034
2022-01-02,AL,Albania,EURO,3003,210224,30,3217,207007
2022-01-09,AL,Albania,EURO,6462,216686,16,3233,213453
2022-01-16,AL,Albania,EURO,12091,228777,29,3262,225515
2022-01-23,AL,Albania,EURO,15405,244182,30,3292,240890
2022-01-30,AL,Albania,EURO,11559,255741,42,3334,252407
2022-02-06,AL,Albania,EURO,7431,263172,37,3371,259801
2022-02-13,AL,Albania,EURO,4379,267551,36,3407,264144
2022-02-20,AL,Albania,EURO,2353,269904,26,3433,266471
2022-02-27,AL,Albania,EURO,1410,271314,27,3460,267854
2022-03-06,AL,Albania,EURO,716,272030,18,3478,268552
2022-03-13,AL,Albania,EURO,522,272552,7,3485,269067
2022-03-20,AL,Albania,EURO,409,272961,2,3487,269474
2022-03-27,AL,Albania,EURO,357,273318,3,3490,269828
2022-04-03,AL,Albania,EURO,441,273759,2,3492,270267
2022-04-10,AL,Albania,EURO,349,274108,0,3492,270616
2022-04-17,AL,Albania,EURO,268,274376,3,3495,270881
2022-04-24,AL,Albania,EURO,309,274685,1,3496,271189
2022-05-01,AL,Albania,EURO,317,275002,0,3496,271506
2022-05-08,AL,Albania,EURO,264,275266,0,3496,271770
2022-05-15,AL,Albania,EURO,219,275485,1,3497,271988
2022-05-22,AL,Albania,EURO,289,275774,0,3497,272277
2022-05-29,AL,Albania,EURO,238,276012,0,3497,272515
2022-06-05,AL,Albania,EURO,262,276274,0,3497,272777
2022-06-12,AL,Albania,EURO,309,276583,0,3497,273086
2022-06-19,AL,Albania,EURO,443,277026,0,3497,273529
2022-06-26,AL,Albania,EURO,1185,278211,0,3497,274714
2022-07-03,AL,Albania,EURO,2640,280851,3,3500,277351
2022-07-10,AL,Albania,EURO,4880,285731,10,3510,282221
2022-07-17,AL,Albania,EURO,6725,292456,7,3517,288939
2022-07-24,AL,Albania,EURO,8938,301394,4,3521,297873
2022-07-31,AL,Albania,EURO,7884,309278,17,3538,305740
2022-08-07,AL,Albania,EURO,6059,315337,16,3554,311783
2022-08-14,AL,Albania,EURO,4749,320086,14,3568,316518
2022-08-21,AL,Albania,EURO,3511,323597,6,3574,320023
2022-08-28,AL,Albania,EURO,3218,326815,6,3580,323235
2022-09-04,AL,Albania,EURO,1901,328716,3,3583,325133
2022-09-11,AL,Albania,EURO,980,329696,1,3584,326112
2022-09-18,AL,Albania,EURO,617,330313,2,3586,326727
2022-09-25,AL,Albania,EURO,449,330762,3,3589,327173
2022-10-02,AL,Albania,EURO,313,331075,0,3589,327486
2022-10-09,AL,Albania,EURO,222,331297,0,3589,327708
2022-10-16,AL,Albania,EURO,155,331452,2,3591,327861
2022-10-23,AL,Albania,EURO,141,331593,1,3592,328001
2022-10-30,AL,Albania,EURO,152,331745,1,3593,328152
2022-11-06,AL,Albania,EURO,155,331900,0,3593,328307
2022-11-13,AL,Albania,EURO,98,331998,1,3594,328404
2022-11-20,AL,Albania,EURO,121,332119,0,3594,328525
2022-11-27,AL,Albania,EURO,83,332202,0,3594,328608
2022-12-04,AL,Albania,EURO,75,332277,0,3594,328683
2022-12-11,AL,Albania,EURO,130,332407,0,3594,328813
2022-12-18,AL,Albania,EURO,131,332538,0,3594,328944
2022-12-25,AL,Albania,EURO,132,332670,2,3596,329074
2023-01-01,AL,Albania,EURO,124,332794,0,3596,329198
2023-01-08,AL,Albania,EURO,113,332907,0,3596,329311
2023-01-15,AL,Albania,EURO,157,333064,0,3596,329468
2023-01-22,AL,Albania,EURO,105,333169,0,3596,329573
2023-01-29,AL,Albania,EURO,50,333219,0,3596,329623
2023-02-05,AL,Albania,EURO,51,333270,0,3596,329674
2023-02-12,AL,Albania,EURO,51,333321,0,3596,329725
2023-02-19,AL,Albania,EURO,69,333390,1,3597,329793
2023-02-26,AL,Albania,EURO,93,333483,1,3598,329885
2023-03-05,AL,Albania,EURO,88,333571,1,3599,329972
2023-03-12,AL,Albania,EURO,80,333651,1,3600,330051
2023-03-19,AL,Albania,EURO,65,333716,1,3601,330115
2023-03-26,AL,Albania,EURO,83,333799,0,3601,330198
2023-04-02,AL,Albania,EURO,84,333883,2,3603,330280
2023-04-09,AL,Albania,EURO,109,333992,1,3604,330388
2023-04-16,AL,Albania,EURO,78,334070,0,3604,330466
2023-04-23,AL,Albania,EURO,20,334090,0,3604,330486
2023-04-30,AL,Albania,EURO,0,334090,0,3604,330486
2023-05-07,AL,Albania,EURO,0,334090,0,3604,330486
2023-05-14,AL,Albania,EURO,0,334090,0,3604,330486
2023-05-21,AL,Albania,EURO,0,334090,0,3604,330486
2023-05-28,AL,Albania,EURO,0,334090,0,3604,330486
2023-06-04,AL,Albania,EURO,0,334090,0,3604,330486
2023-06-11,AL,Albania,EURO,0,334090,0,3604,330486
2023-06-18,AL,Albania,EURO,0,334090,0,3604,330486
2023-06-25,AL,Albania,EURO,0,334090,0,3604,330486
2023-07-02,AL,Albania,EURO,0,334090,0,3604,330486
2023-07-09,AL,Albania,EURO,0,334090,0,3604,330486
2023-07-16,AL,Albania,EURO,0,334090,0,3604,330486
2023-07-23,AL,Albania,EURO,0,334090,0,3604,330486
2023-07-30,AL,Albania,EURO,0,334090,0,3604,330486
2023-08-06,AL,Albania,EURO,0,334090,0,3604,330486
2023-08-13,AL,Albania,EURO,0,334090,0,3604,330486
2023-08-20,AL,Albania,EURO,0,334090,0,3604,330486
2023-08-27,AL,Albania,EURO,0,334090,0,3604,330486
2023-09-03,AL,Albania,EURO,0,334090,0,3604,330486
2023-09-10,AL,Albania,EURO,0,334090,0,3604,330486
2023-09-17,AL,Albania,EURO,0,334090,0,3604,330486
2023-09-24,AL,Albania,EURO,0,334090,0,3604,330486
2023-10-01,AL,Albania,EURO,0,334090,0,3604,330486
2023-10-08,AL,Albania,EURO,0,334090,0,3604,330486
2023-10-15,AL,Albania,EURO,0,334090,0,3604,330486
2023-10-22,AL,Albania,EURO,0,334090,0,3604,330486
2023-10-29,AL,Albania,EURO,0,334090,0,3604,330486
2023-11-05,AL,Albania,EURO,106,334196,0,3604,330592
2023-11-12,AL,Albania,EURO,74,334270,0,3604,330666
2023-11-19,AL,Albania,EURO,61,334331,0,3604,330727
2023-11-26,AL,Albania,EURO,77,334408,0,3604,330804
2023-12-03,AL,Albania,EURO,42,334450,0,3604,330846
2023-12-10,AL,Albania,EURO,56,334506,0,3604,330902
2023-12-17,AL,Albania,EURO,49,334555,0,3604,330951
2023-12-24,AL,Albania,EURO,41,334596,0,3604,330992
2023-12-31,AL,Albania,EURO,0,334596,0,3604,330992
2024-01-07,AL,Albania,EURO,57,334653,0,3604,331049
2024-01-14,AL,Albania,EURO,99,334752,0,3604,331148
2024-01-21,AL,Albania,EURO,66,334818,1,3605,331213
2024-01-28,AL,Albania,EURO,45,334863,0,3605,331258
2024-02-04,AL,Albania,EURO,33,334896,0,3605,331291
2024-02-11,AL,Albania,EURO,27,334923,0,3605,331318
2024-02-18,AL,Albania,EURO,21,334944,0,3605,331339
2024-02-25,AL,Albania,EURO,15,334959,0,3605,331354
2024-03-03,AL,Albania,EURO,18,334977,0,3605,331372
2024-03-10,AL,Albania,EURO,29,335006,0,3605,331401
2024-03-17,AL,Albania,EURO,17,335023,0,3605,331418
2024-03-24,AL,Albania,EURO,2,335025,0,3605,331420
2024-03-31,AL,Albania,EURO,3,335028,0,3605,331423
2024-04-07,AL,Albania,EURO,3,335031,0,3605,331426
2024-04-14,AL,Albania,EURO,2,335033,0,3605,331428
2024-04-21,AL,Albania,EURO,5,335038,0,3605,331433
2024-04-28,AL,Albania,EURO,5,335043,0,3605,331438
2024-05-05,AL,Albania,EURO,4,335047,0,3605,331442
2024-05-12,AL,Albania,EURO,3,335050,0,3605,331445
2024-05-19,AL,Albania,EURO,7,335057,0,3605,331452
2024-05-26,AL,Albania,EURO,7,335064,0,3605,331459
2024-06-02,AL,Albania,EURO,12,335076,0,3605,331471
2024-06-09,AL,Albania,EURO,17,335093,0,3605,331488
2024-06-16,AL,Albania,EURO,25,335118,0,3605,331513
2024-06-23,AL,Albania,EURO,42,335160,0,3605,331555
2024-06-30,AL,Albania,EURO,92,335252,0,3605,331647
2024-07-07,AL,Albania,EURO,105,335357,0,3605,331752
2024-07-14,AL,Albania,EURO,196,335553,0,3605,331948
2024-07-21,AL,Albania,EURO,263,335816,0,3605,332211
2024-07-28,AL,Albania,EURO,315,336131,0,3605,332526
2024-08-04,AL,Albania,EURO,284,336415,1,3606,332809
2024-08-11,AL,Albania,EURO,200,336615,0,3606,333009
2024-08-18,AL,Albania,EURO,160,336775,0,3606,333169
2024-08-25,AL,Albania,EURO,126,336901,1,3607,333294
2024-09-01,AL,Albania,EURO,101,337002,1,3608,333394
2024-09-08,AL,Albania,EURO,76,337078,0,3608,333470
2024-09-15,AL,Albania,EURO,45,337123,0,3608,333515
2024-09-22,AL,Albania,EURO,27,337150,0,3608,333542
2024-09-29,AL,Albania,EURO,21,337171,0,3608,333563
2024-10-06,AL,Albania,EURO,15,337186,0,3608,333578
2024-10-13,AL,Albania,EURO,3,337189,0,3608,333581
2024-10-20,AL,Albania,EURO,3,337192,0,3608,333584
2024-10-27,AL,Albania,EURO,3,337195,0,3608,333587
2024-11-03,AL,Albania,EURO,0,337195,0,3608,333587
2024-11-10,AL,Albania,EURO,1,337196,0,3608,333588
2024-11-17,AL,Albania,EURO,0,337196,0,3608,333588
2020-01-05,DZ,Algeria,AFRO,0,0,0,0,0
2020-01-12,DZ,Algeria,AFRO,0,0,0,0,0
2020-01-19,DZ,Algeria,AFRO,0,0,0,0,0
2020-01-26,DZ,Algeria,AFRO,0,0,0,0,0
2020-02-02,DZ,Algeria,AFRO,0,0,0,0,0
2020-02-09,DZ,Algeria,AFRO,0,0,0,0,0
2020-02-16,DZ,Algeria,AFRO,0,0,0,0,0
2020-02-23,DZ,Algeria,AFRO,0,0,0,0,0
2020-03-01,DZ,Algeria,AFRO,1,1,0,0,1
2020-03-08,DZ,Algeria,AFRO,18,19,0,0,19
2020-03-15,DZ,Algeria,AFRO,18,37,0,0,37
2020-03-22,DZ,Algeria,AFRO,102,139,0,0,139
2020-03-29,DZ,Algeria,AFRO,315,454,30,30,424
2020-04-05,DZ,Algeria,AFRO,797,1251,100,130,1121
2020-04-12,DZ,Algeria,AFRO,574,1825,146,276,1549
2020-04-19,DZ,Algeria,AFRO,709,2534,92,368,2166
2020-04-26,DZ,Algeria,AFRO,722,3256,48,416,2840
2020-05-03,DZ,Algeria,AFRO,1039,4295,40,456,3839
2020-05-10,DZ,Algeria,AFRO,1263,5558,35,491,5067
2020-05-17,DZ,Algeria,AFRO,1263,6821,48,539,6282
2020-05-24,DZ,Algeria,AFRO,1292,8113,50,589,7524
2020-05-31,DZ,Algeria,AFRO,1154,9267,54,643,8624
2020-06-07,DZ,Algeria,AFRO,783,10050,52,695,9355
2020-06-14,DZ,Algeria,AFRO,760,10810,53,748,10062
2020-06-21,DZ,Algeria,AFRO,821,11631,77,825,10806
2020-06-28,DZ,Algeria,AFRO,1337,12968,55,880,12088
2020-07-05,DZ,Algeria,AFRO,2532,15500,54,934,14566
2020-07-12,DZ,Algeria,AFRO,3212,18712,58,992,17720
2020-07-19,DZ,Algeria,AFRO,3837,22549,64,1056,21493
2020-07-26,DZ,Algeria,AFRO,4215,26764,78,1134,25630
2020-08-02,DZ,Algeria,AFRO,4186,30950,77,1211,29739
2020-08-09,DZ,Algeria,AFRO,3743,34693,70,1281,33412
2020-08-16,DZ,Algeria,AFRO,3440,38133,67,1348,36785
2020-08-23,DZ,Algeria,AFRO,2935,41068,64,1412,39656
2020-08-30,DZ,Algeria,AFRO,2714,43782,77,1489,42293
2020-09-06,DZ,Algeria,AFRO,2289,46071,58,1547,44524
2020-09-13,DZ,Algeria,AFRO,1936,48007,56,1603,46404
2020-09-20,DZ,Algeria,AFRO,1616,49623,60,1663,47960
2020-09-27,DZ,Algeria,AFRO,1291,50914,46,1709,49205
2020-10-04,DZ,Algeria,AFRO,1081,51995,47,1756,50239
2020-10-11,DZ,Algeria,AFRO,945,52940,39,1795,51145
2020-10-18,DZ,Algeria,AFRO,1263,54203,51,1846,52357
2020-10-25,DZ,Algeria,AFRO,1427,55630,51,1897,53733
2020-11-01,DZ,Algeria,AFRO,2312,57942,67,1964,55978
2020-11-08,DZ,Algeria,AFRO,3439,61381,72,2036,59345
2020-11-15,DZ,Algeria,AFRO,5438,66819,103,2139,64680
2020-11-22,DZ,Algeria,AFRO,6955,73774,119,2258,71516
2020-11-29,DZ,Algeria,AFRO,7438,81212,135,2393,78819
2020-12-06,DZ,Algeria,AFRO,6290,87502,108,2501,85001
2020-12-13,DZ,Algeria,AFRO,4136,91638,83,2584,89054
2020-12-20,DZ,Algeria,AFRO,3143,94781,75,2659,92122
2020-12-27,DZ,Algeria,AFRO,3076,97857,63,2722,95135
2021-01-03,DZ,Algeria,AFRO,2302,100159,47,2769,97390
2021-01-10,DZ,Algeria,AFRO,1754,101913,34,2803,99110
2021-01-17,DZ,Algeria,AFRO,1698,103611,28,2831,100780
2021-01-24,DZ,Algeria,AFRO,1758,105369,30,2861,102508
2021-01-31,DZ,Algeria,AFRO,1753,107122,27,2888,104234
2021-02-07,DZ,Algeria,AFRO,1730,108852,23,2911,105941
2021-02-14,DZ,Algeria,AFRO,1661,110513,24,2935,107578
2021-02-21,DZ,Algeria,AFRO,1251,111764,23,2958,108806
2021-02-28,DZ,Algeria,AFRO,1196,112960,21,2979,109981
2021-03-07,DZ,Algeria,AFRO,1144,114104,31,3010,111094
2021-03-14,DZ,Algeria,AFRO,1039,115143,24,3034,112109
2021-03-21,DZ,Algeria,AFRO,923,116066,21,3055,113011
2021-03-28,DZ,Algeria,AFRO,684,116750,22,3077,113673
2021-04-04,DZ,Algeria,AFRO,774,117524,25,3102,114422
2021-04-11,DZ,Algeria,AFRO,854,118378,24,3126,115252
2021-04-18,DZ,Algeria,AFRO,1108,119486,26,3152,116334
2021-04-25,DZ,Algeria,AFRO,1250,120736,46,3198,117538
2021-05-02,DZ,Algeria,AFRO,1575,122311,63,3261,119050
2021-05-09,DZ,Algeria,AFRO,1589,123900,60,3321,120579
2021-05-16,DZ,Algeria,AFRO,1294,125194,45,3366,121828
2021-05-23,DZ,Algeria,AFRO,1457,126651,45,3411,123240
2021-05-30,DZ,Algeria,AFRO,1805,128456,49,3460,124996
2021-06-06,DZ,Algeria,AFRO,2225,130681,50,3510,127171
2021-06-13,DZ,Algeria,AFRO,2389,133070,55,3565,129505
2021-06-20,DZ,Algeria,AFRO,2516,135586,59,3624,131962
2021-06-27,DZ,Algeria,AFRO,2527,138113,61,3685,134428
2021-07-04,DZ,Algeria,AFRO,2894,141007,60,3745,137262
2021-07-11,DZ,Algeria,AFRO,4289,145296,79,3824,141472
2021-07-18,DZ,Algeria,AFRO,6914,152210,98,3922,148288
2021-07-25,DZ,Algeria,AFRO,8658,160868,120,4042,156826
2021-08-01,DZ,Algeria,AFRO,10524,171392,212,4254,167138
2021-08-08,DZ,Algeria,AFRO,8964,180356,266,4520,175836
2021-08-15,DZ,Algeria,AFRO,6299,186655,246,4766,181889
2021-08-22,DZ,Algeria,AFRO,4516,191171,218,4984,186187
2021-08-29,DZ,Algeria,AFRO,3500,194671,195,5179,189492
2021-09-05,DZ,Algeria,AFRO,2988,197659,220,5399,192260
2021-09-12,DZ,Algeria,AFRO,2163,199822,159,5558,194264
2021-09-19,DZ,Algeria,AFRO,1402,201224,112,5670,195554
2021-09-26,DZ,Algeria,AFRO,1350,202574,97,5767,196807
2021-10-03,DZ,Algeria,AFRO,1083,203657,52,5819,197838
2021-10-10,DZ,Algeria,AFRO,833,204490,31,5850,198640
2021-10-17,DZ,Algeria,AFRO,709,205199,20,5870,199329
2021-10-24,DZ,Algeria,AFRO,551,205750,16,5886,199864
2021-10-31,DZ,Algeria,AFRO,608,206358,32,5918,200440
2021-11-07,DZ,Algeria,AFRO,721,207079,23,5941,201138
2021-11-14,DZ,Algeria,AFRO,794,207873,36,5977,201896
2021-11-21,DZ,Algeria,AFRO,966,208839,40,6017,202822
2021-11-28,DZ,Algeria,AFRO,1141,209980,35,6052,203928
2021-12-05,DZ,Algeria,AFRO,1317,211297,44,6096,205201
2021-12-12,DZ,Algeria,AFRO,1355,212652,41,6137,206515
2021-12-19,DZ,Algeria,AFRO,1678,214330,43,6180,208150
2021-12-26,DZ,Algeria,AFRO,2046,216376,49,6229,210147
2022-01-02,DZ,Algeria,AFRO,2442,218818,55,6284,212534
2022-01-09,DZ,Algeria,AFRO,2924,221742,46,6330,215412
2022-01-16,DZ,Algeria,AFRO,3742,225484,74,6404,219080
2022-01-23,DZ,Algeria,AFRO,9052,234536,77,6481,228055
2022-01-30,DZ,Algeria,AFRO,14774,249310,74,6555,242755
2022-02-06,DZ,Algeria,AFRO,8288,257598,85,6640,250958
2022-02-13,DZ,Algeria,AFRO,3628,261226,75,6715,254511
2022-02-20,DZ,Algeria,AFRO,2710,263936,72,6787,257149
2022-02-27,DZ,Algeria,AFRO,842,264778,41,6828,257950
2022-03-06,DZ,Algeria,AFRO,449,265227,25,6853,258374
2022-03-13,DZ,Algeria,AFRO,183,265410,9,6862,258548
2022-03-20,DZ,Algeria,AFRO,129,265539,9,6871,258668
2022-03-27,DZ,Algeria,AFRO,82,265621,2,6873,258748
2022-04-03,DZ,Algeria,AFRO,63,265684,1,6874,258810
2022-04-10,DZ,Algeria,AFRO,36,265720,0,6874,258846
2022-04-17,DZ,Algeria,AFRO,19,265739,0,6874,258865
2022-04-24,DZ,Algeria,AFRO,22,265761,0,6874,258887
2022-05-01,DZ,Algeria,AFRO,19,265780,1,6875,258905
2022-05-08,DZ,Algeria,AFRO,14,265794,0,6875,258919
2022-05-15,DZ,Algeria,AFRO,22,265816,0,6875,258941
2022-05-22,DZ,Algeria,AFRO,35,265851,0,6875,258976
2022-05-29,DZ,Algeria,AFRO,22,265873,0,6875,258998
2022-06-05,DZ,Algeria,AFRO,23,265896,0,6875,259021
2022-06-12,DZ,Algeria,AFRO,29,265925,0,6875,259050
2022-06-19,DZ,Algeria,AFRO,46,265971,0,6875,259096
2022-06-26,DZ,Algeria,AFRO,59,266030,0,6875,259155
2022-07-03,DZ,Algeria,AFRO,85,266115,0,6875,259240
2022-07-10,DZ,Algeria,AFRO,131,266246,0,6875,259371
2022-07-17,DZ,Algeria,AFRO,178,266424,0,6875,259549
2022-07-24,DZ,Algeria,AFRO,348,266772,1,6876,259896
2022-07-31,DZ,Algeria,AFRO,602,267374,0,6876,260498
2022-08-07,DZ,Algeria,AFRO,767,268141,2,6878,261263
2022-08-14,DZ,Algeria,AFRO,867,269008,0,6878,262130
2022-08-21,DZ,Algeria,AFRO,723,269731,0,6878,262853
2022-08-28,DZ,Algeria,AFRO,444,270175,0,6878,263297
2022-09-04,DZ,Algeria,AFRO,251,270426,0,6878,263548
2022-09-11,DZ,Algeria,AFRO,106,270532,1,6879,263653
2022-09-18,DZ,Algeria,AFRO,74,270606,0,6879,263727
2022-09-25,DZ,Algeria,AFRO,37,270643,0,6879,263764
2022-10-02,DZ,Algeria,AFRO,39,270682,0,6879,263803
2022-10-09,DZ,Algeria,AFRO,25,270707,2,6881,263826
2022-10-16,DZ,Algeria,AFRO,29,270736,0,6881,263855
2022-10-23,DZ,Algeria,AFRO,41,270777,0,6881,263896
2022-10-30,DZ,Algeria,AFRO,59,270836,0,6881,263955
2022-11-06,DZ,Algeria,AFRO,11,270847,0,6881,263966
2022-11-13,DZ,Algeria,AFRO,34,270881,0,6881,264000
2022-11-20,DZ,Algeria,AFRO,71,270952,0,6881,264071
2022-11-27,DZ,Algeria,AFRO,109,271061,0,6881,264180
2022-12-04,DZ,Algeria,AFRO,41,271102,0,6881,264221
2022-12-11,DZ,Algeria,AFRO,44,271146,0,6881,264265
2022-12-18,DZ,Algeria,AFRO,22,271168,0,6881,264287
2022-12-25,DZ,Algeria,AFRO,26,271194,0,6881,264313
2023-01-01,DZ,Algeria,AFRO,23,271217,0,6881,264336
2023-01-08,DZ,Algeria,AFRO,37,271254,0,6881,264373
2023-01-15,DZ,Algeria,AFRO,33,271287,0,6881,264406
2023-01-22,DZ,Algeria,AFRO,41,271328,0,6881,264447
2023-01-29,DZ,Algeria,AFRO,41,271369,0,6881,264488
2023-02-05,DZ,Algeria,AFRO,25,271394,0,6881,264513
2023-02-12,DZ,Algeria,AFRO,15,271409,0,6881,264528
2023-02-19,DZ,Algeria,AFRO,16,271425,0,6881,264544
2023-02-26,DZ,Algeria,AFRO,14,271439,0,6881,264558
2023-03-05,DZ,Algeria,AFRO,30,271469,0,6881,264588
2023-03-12,DZ,Algeria,AFRO,34,271503,0,6881,264622
2023-03-19,DZ,Algeria,AFRO,45,271548,0,6881,264667
2023-03-26,DZ,Algeria,AFRO,20,271568,0,6881,264687
2023-04-02,DZ,Algeria,AFRO,24,271592,0,6881,264711
2023-04-09,DZ,Algeria,AFRO,21,271613,0,6881,264732
2023-04-16,DZ,Algeria,AFRO,29,271642,0,6881,264761
2023-04-23,DZ,Algeria,AFRO,29,271671,0,6881,264790
2023-04-30,DZ,Algeria,AFRO,41,271712,0,6881,264831
2023-05-07,DZ,Algeria,AFRO,53,271765,0,6881,264884
2023-05-14,DZ,Algeria,AFRO,48,271813,0,6881,264932
2023-05-21,DZ,Algeria,AFRO,9,271822,0,6881,264941
2023-05-28,DZ,Algeria,AFRO,13,271835,0,6881,264954
2023-06-04,DZ,Algeria,AFRO,6,271841,0,6881,264960
2023-06-11,DZ,Algeria,AFRO,0,271841,0,6881,264960
2023-06-18,DZ,Algeria,AFRO,6,271847,0,6881,264966
2023-06-25,DZ,Algeria,AFRO,0,271847,0,6881,264966
2023-07-02,DZ,Algeria,AFRO,5,271852,0,6881,264971
2023-07-09,DZ,Algeria,AFRO,0,271852,0,6881,264971
2023-07-16,DZ,Algeria,AFRO,0,271852,0,6881,264971
2023-07-23,DZ,Algeria,AFRO,0,271852,0,6881,264971
2023-07-30,DZ,Algeria,AFRO,0,271852,0,6881,264971
2023-08-06,DZ,Algeria,AFRO,0,271852,0,6881,264971
2023-08-13,DZ,Algeria,AFRO,17,271869,0,6881,264988
2023-08-20,DZ,Algeria,AFRO,0,271869,0,6881,264988
2023-08-27,DZ,Algeria,AFRO,2,271871,0,6881,264990
2023-09-03,DZ,Algeria,AFRO,2,271873,0,6881,264992
2023-09-10,DZ,Algeria,AFRO,4,271877,0,6881,264996
2023-09-17,DZ,Algeria,AFRO,10,271887,0,6881,265006
2023-09-24,DZ,Algeria,AFRO,8,271895,0,6881,265014
2023-10-01,DZ,Algeria,AFRO,15,271910,0,6881,265029
2023-10-08,DZ,Algeria,AFRO,9,271919,0,6881,265038
2023-10-15,DZ,Algeria,AFRO,7,271926,0,6881,265045
2023-10-22,DZ,Algeria,AFRO,8,271934,0,6881,265053
2023-10-29,DZ,Algeria,AFRO,6,271940,0,6881,265059
2023-11-05,DZ,Algeria,AFRO,20,271960,0,6881,265079
2023-11-12,DZ,Algeria,AFRO,6,271966,0,6881,265085
2023-11-19,DZ,Algeria,AFRO,12,271978,0,6881,265097
2023-11-26,DZ,Algeria,AFRO,13,271991,0,6881,265110
2023-12-03,DZ,Algeria,AFRO,19,272010,0,6881,265129
2023-12-10,DZ,Algeria,AFRO,0,272010,0,6881,265129
2023-12-17,DZ,Algeria,AFRO,0,272010,0,6881,265129
2023-12-24,DZ,Algeria,AFRO,0,272010,0,6881,265129
2023-12-31,DZ,Algeria,AFRO,0,272010,0,6881,265129
2024-01-07,DZ,Algeria,AFRO,0,272010,0,6881,265129
2024-01-14,DZ,Algeria,AFRO,0,272010,0,6881,265129
2024-01-21,DZ,Algeria,AFRO,0,272010,0,6881,265129
2024-01-28,DZ,Algeria,AFRO,0,272010,0,6881,265129
2024-02-04,DZ,Algeria,AFRO,0,272010,0,6881,265129
2024-02-11,DZ,Algeria,AFRO,0,272010,0,6881,265129
2024-02-18,DZ,Algeria,AFRO,0,272010,0,6881,265129
2024-02-25,DZ,Algeria,AFRO,0,272010,0,6881,265129
2024-03-03,DZ,Algeria,AFRO,0,272010,0,6881,265129
2024-03-10,DZ,Algeria,AFRO,0,272010,0,6881,265129
2024-03-17,DZ,Algeria,AFRO,2,272012,0,6881,265131
2024-03-24,DZ,Algeria,AFRO,3,272015,0,6881,265134
2024-03-31,DZ,Algeria,AFRO,2,272017,0,6881,265136
2024-04-07,DZ,Algeria,AFRO,3,272020,0,6881,265139
2024-04-14,DZ,Algeria,AFRO,1,272021,0,6881,265140
2024-04-21,DZ,Algeria,AFRO,2,272023,0,6881,265142
2024-04-28,DZ,Algeria,AFRO,4,272027,0,6881,265146
2024-05-05,DZ,Algeria,AFRO,0,272027,0,6881,265146
2024-05-12,DZ,Algeria,AFRO,0,272027,0,6881,265146
2024-05-19,DZ,Algeria,AFRO,1,272028,0,6881,265147
2024-05-26,DZ,Algeria,AFRO,4,272032,0,6881,265151
2024-06-02,DZ,Algeria,AFRO,1,272033,0,6881,265152
2024-06-09,DZ,Algeria,AFRO,1,272034,0,6881,265153
2024-06-16,DZ,Algeria,AFRO,1,272035,0,6881,265154
2024-06-23,DZ,Algeria,AFRO,2,272037,0,6881,265156
2024-06-30,DZ,Algeria,AFRO,1,272038,0,6881,265157
2024-07-07,DZ,Algeria,AFRO,8,272046,0,6881,265165
2024-07-14,DZ,Algeria,AFRO,6,272052,0,6881,265171
2024-07-21,DZ,Algeria,AFRO,31,272083,0,6881,265202
2024-07-28,DZ,Algeria,AFRO,32,272115,0,6881,265234
2024-08-04,DZ,Algeria,AFRO,6,272121,0,6881,265240
2024-08-11,DZ,Algeria,AFRO,18,272139,0,6881,265258
2024-08-18,DZ,Algeria,AFRO,12,272151,0,6881,265270
2024-08-25,DZ,Algeria,AFRO,3,272154,0,6881,265273
2024-09-01,DZ,Algeria,AFRO,2,272156,0,6881,265275
2024-09-08,DZ,Algeria,AFRO,1,272157,0,6881,265276
2024-09-15,DZ,Algeria,AFRO,1,272158,0,6881,265277
2024-09-22,DZ,Algeria,AFRO,12,272170,0,6881,265289
2024-09-29,DZ,Algeria,AFRO,1,272171,0,6881,265290
2024-10-06,DZ,Algeria,AFRO,0,272171,0,6881,265290
2024-10-13,DZ,Algeria,AFRO,1,272172,0,6881,265291
2024-10-20,DZ,Algeria,AFRO,1,272173,0,6881,265292
2024-10-27,DZ,Algeria,AFRO,0,272173,0,6881,265292
2024-11-03,DZ,Algeria,AFRO,0,272173,0,6881,265292
2024-11-10,DZ,Algeria,AFRO,0,272173,0,6881,265292
2024-11-17,DZ,Algeria,AFRO,0,272173,0,6881,265292
2020-01-05,AS,American Samoa,WPRO,0,0,0,0,0
2020-01-12,AS,American Samoa,WPRO,0,0,0,0,0
2020-01-19,AS,American Samoa,WPRO,0,0,0,0,0
2020-01-26,AS,American Samoa,WPRO,0,0,0,0,0
2020-02-02,AS,American Samoa,WPRO,0,0,0,0,0
2020-02-09,AS,American Samoa,WPRO,0,0,0,0,0
2020-02-16,AS,American Samoa,WPRO,0,0,0,0,0
2020-02-23,AS,American Samoa,WPRO,0,0,0,0,0
2020-03-01,AS,American Samoa,WPRO,0,0,0,0,0
2020-03-08,AS,American Samoa,WPRO,0,0,0,0,0
2020-03-15,AS,American Samoa,WPRO,0,0,0,0,0
2020-03-22,AS,American Samoa,WPRO,0,0,0,0,0
2020-03-29,AS,American Samoa,WPRO,0,0,0,0,0
2020-04-05,AS,American Samoa,WPRO,0,0,0,0,0
2020-04-12,AS,American Samoa,WPRO,0,0,0,0,0
2020-04-19,AS,American Samoa,WPRO,0,0,0,0,0
2020-04-26,AS,American Samoa,WPRO,0,0,0,0,0
2020-05-03,AS,American Samoa,WPRO,0,0,0,0,0
2020-05-10,AS,American Samoa,WPRO,0,0,0,0,0
2020-05-17,AS,American Samoa,WPRO,0,0,0,0,0
2020-05-24,AS,American Samoa,WPRO,0,0,0,0,0
2020-05-31,AS,American Samoa,WPRO,0,0,0,0,0
2020-06-07,AS,American Samoa,WPRO,0,0,0,0,0
2020-06-14,AS,American Samoa,WPRO,0,0,0,0,0
2020-06-21,AS,American Samoa,WPRO,0,0,0,0,0
2020-06-28,AS,American Samoa,WPRO,0,0,0,0,0
2020-07-05,AS,American Samoa,WPRO,0,0,0,0,0
2020-07-12,AS,American Samoa,WPRO,0,0,0,0,0
2020-07-19,AS,American Samoa,WPRO,0,0,0,0,0
2020-07-26,AS,American Samoa,WPRO,0,0,0,0,0
2020-08-02,AS,American Samoa,WPRO,0,0,0,0,0
2020-08-09,AS,American Samoa,WPRO,0,0,0,0,0
2020-08-16,AS,American Samoa,WPRO,0,0,0,0,0
2020-08-23,AS,American Samoa,WPRO,0,0,0,0,0
2020-08-30,AS,American Samoa,WPRO,0,0,0,0,0
2020-09-06,AS,American Samoa,WPRO,0,0,0,0,0
2020-09-13,AS,American Samoa,WPRO,0,0,0,0,0
2020-09-20,AS,American Samoa,WPRO,0,0,0,0,0
2020-09-27,AS,American Samoa,WPRO,0,0,0,0,0
2020-10-04,AS,American Samoa,WPRO,0,0,0,0,0
2020-10-11,AS,American Samoa,WPRO,0,0,0,0,0
2020-10-18,AS,American Samoa,WPRO,0,0,0,0,0
2020-10-25,AS,American Samoa,WPRO,0,0,0,0,0
2020-11-01,AS,American Samoa,WPRO,0,0,0,0,0
2020-11-08,AS,American Samoa,WPRO,0,0,0,0,0
2020-11-15,AS,American Samoa,WPRO,0,0,0,0,0
2020-11-22,AS,American Samoa,WPRO,0,0,0,0,0
2020-11-29,AS,American Samoa,WPRO,0,0,0,0,0
2020-12-06,AS,American Samoa,WPRO,0,0,0,0,0
2020-12-13,AS,American Samoa,WPRO,0,0,0,0,0
2020-12-20,AS,American Samoa,WPRO,0,0,0,0,0
2020-12-27,AS,American Samoa,WPRO,0,0,0,0,0
2021-01-03,AS,American Samoa,WPRO,0,0,0,0,0
2021-01-10,AS,American Samoa,WPRO,0,0,0,0,0
2021-01-17,AS,American Samoa,WPRO,0,0,0,0,0
2021-01-24,AS,American Samoa,WPRO,0,0,0,0,0
2021-01-31,AS,American Samoa,WPRO,0,0,0,0,0
2021-02-07,AS,American Samoa,WPRO,0,0,0,0,0
2021-02-14,AS,American Samoa,WPRO,0,0,0,0,0
2021-02-21,AS,American Samoa,WPRO,0,0,0,0,0
2021-02-28,AS,American Samoa,WPRO,0,0,0,0,0
2021-03-07,AS,American Samoa,WPRO,0,0,0,0,0
2021-03-14,AS,American Samoa,WPRO,0,0,0,0,0
2021-03-21,AS,American Samoa,WPRO,0,0,0,0,0
2021-03-28,AS,American Samoa,WPRO,0,0,0,0,0
2021-04-04,AS,American Samoa,WPRO,0,0,0,0,0
2021-04-11,AS,American Samoa,WPRO,0,0,0,0,0
2021-04-18,AS,American Samoa,WPRO,0,0,0,0,0
2021-04-25,AS,American Samoa,WPRO,0,0,0,0,0
2021-05-02,AS,American Samoa,WPRO,0,0,0,0,0
2021-05-09,AS,American Samoa,WPRO,0,0,0,0,0
2021-05-16,AS,American Samoa,WPRO,0,0,0,0,0
2021-05-23,AS,American Samoa,WPRO,0,0,0,0,0
2021-05-30,AS,American Samoa,WPRO,0,0,0,0,0
2021-06-06,AS,American Samoa,WPRO,0,0,0,0,0
2021-06-13,AS,American Samoa,WPRO,0,0,0,0,0
2021-06-20,AS,American Samoa,WPRO,0,0,0,0,0
2021-06-27,AS,American Samoa,WPRO,0,0,0,0,0
2021-07-04,AS,American Samoa,WPRO,0,0,0,0,0
2021-07-11,AS,American Samoa,WPRO,0,0,0,0,0
2021-07-18,AS,American Samoa,WPRO,0,0,0,0,0
2021-07-25,AS,American Samoa,WPRO,0,0,0,0,0
2021-08-01,AS,American Samoa,WPRO,0,0,0,0,0
2021-08-08,AS,American Samoa,WPRO,0,0,0,0,0
2021-08-15,AS,American Samoa,WPRO,0,0,0,0,0
2021-08-22,AS,American Samoa,WPRO,0,0,0,0,0
2021-08-29,AS,American Samoa,WPRO,0,0,0,0,0
2021-09-05,AS,American Samoa,WPRO,0,0,0,0,0
2021-09-12,AS,American Samoa,WPRO,0,0,0,0,0
2021-09-19,AS,American Samoa,WPRO,1,1,0,0,1
2021-09-26,AS,American Samoa,WPRO,0,1,0,0,1
2021-10-03,AS,American Samoa,WPRO,0,1,0,0,1
2021-10-10,AS,American Samoa,WPRO,2,3,0,0,3
2021-10-17,AS,American Samoa,WPRO,0,3,0,0,3
2021-10-24,AS,American Samoa,WPRO,1,4,0,0,4
2021-10-31,AS,American Samoa,WPRO,0,4,0,0,4
2021-11-07,AS,American Samoa,WPRO,0,4,0,0,4
2021-11-14,AS,American Samoa,WPRO,1,5,0,0,5
2021-11-21,AS,American Samoa,WPRO,0,5,0,0,5
2021-11-28,AS,American Samoa,WPRO,0,5,0,0,5
2021-12-05,AS,American Samoa,WPRO,5,10,0,0,10
2021-12-12,AS,American Samoa,WPRO,1,11,0,0,11
2021-12-19,AS,American Samoa,WPRO,0,11,0,0,11
2021-12-26,AS,American Samoa,WPRO,0,11,0,0,11
2022-01-02,AS,American Samoa,WPRO,0,11,0,0,11
2022-01-09,AS,American Samoa,WPRO,7,18,0,0,18
2022-01-16,AS,American Samoa,WPRO,0,18,0,0,18
2022-01-23,AS,American Samoa,WPRO,0,18,0,0,18
2022-01-30,AS,American Samoa,WPRO,0,18,0,0,18
2022-02-06,AS,American Samoa,WPRO,31,49,0,0,49
2022-02-13,AS,American Samoa,WPRO,8,57,0,0,57
2022-02-20,AS,American Samoa,WPRO,0,57,0,0,57
2022-02-27,AS,American Samoa,WPRO,27,84,0,0,84
2022-03-06,AS,American Samoa,WPRO,208,292,0,0,292
2022-03-13,AS,American Samoa,WPRO,263,555,0,0,555
2022-03-20,AS,American Samoa,WPRO,842,1397,0,0,1397
2022-03-27,AS,American Samoa,WPRO,1881,3278,2,2,3276
2022-04-03,AS,American Samoa,WPRO,1378,4656,5,7,4649
2022-04-10,AS,American Samoa,WPRO,746,5402,4,11,5391
2022-04-17,AS,American Samoa,WPRO,133,5535,7,18,5517
2022-04-24,AS,American Samoa,WPRO,230,5765,5,23,5742
2022-05-01,AS,American Samoa,WPRO,92,5857,3,26,5831
2022-05-08,AS,American Samoa,WPRO,98,5955,3,29,5926
2022-05-15,AS,American Samoa,WPRO,63,6018,1,30,5988
2022-05-22,AS,American Samoa,WPRO,65,6083,0,30,6053
2022-05-29,AS,American Samoa,WPRO,62,6145,1,31,6114
2022-06-05,AS,American Samoa,WPRO,124,6269,0,31,6238
2022-06-12,AS,American Samoa,WPRO,73,6342,0,31,6311
2022-06-19,AS,American Samoa,WPRO,72,6414,0,31,6383
2022-06-26,AS,American Samoa,WPRO,91,6505,0,31,6474
2022-07-03,AS,American Samoa,WPRO,0,6505,0,31,6474
2022-07-10,AS,American Samoa,WPRO,0,6505,0,31,6474
2022-07-17,AS,American Samoa,WPRO,963,7468,2,33,7435
2022-07-24,AS,American Samoa,WPRO,0,7468,0,33,7435
2022-07-31,AS,American Samoa,WPRO,298,7766,0,33,7733
2022-08-07,AS,American Samoa,WPRO,186,7952,0,33,7919
2022-08-14,AS,American Samoa,WPRO,90,8042,0,33,8009
2022-08-21,AS,American Samoa,WPRO,0,8042,0,33,8009
2022-08-28,AS,American Samoa,WPRO,126,8168,1,34,8134
2022-09-04,AS,American Samoa,WPRO,0,8168,0,34,8134
2022-09-11,AS,American Samoa,WPRO,49,8217,0,34,8183
2022-09-18,AS,American Samoa,WPRO,18,8235,0,34,8201
2022-09-25,AS,American Samoa,WPRO,12,8247,0,34,8213
2022-10-02,AS,American Samoa,WPRO,3,8250,0,34,8216
2022-10-09,AS,American Samoa,WPRO,0,8250,0,34,8216
2022-10-16,AS,American Samoa,WPRO,1,8251,0,34,8217
2022-10-23,AS,American Samoa,WPRO,2,8253,0,34,8219
2022-10-30,AS,American Samoa,WPRO,4,8257,0,34,8223
2022-11-06,AS,American Samoa,WPRO,0,8257,0,34,8223
2022-11-13,AS,American Samoa,WPRO,5,8262,0,34,8228
2022-11-20,AS,American Samoa,WPRO,1,8263,0,34,8229
2022-11-27,AS,American Samoa,WPRO,1,8264,0,34,8230
2022-12-04,AS,American Samoa,WPRO,0,8264,0,34,8230
2022-12-11,AS,American Samoa,WPRO,1,8265,0,34,8231
2022-12-18,AS,American Samoa,WPRO,1,8266,0,34,8232
2022-12-25,AS,American Samoa,WPRO,0,8266,0,34,8232
2023-01-01,AS,American Samoa,WPRO,19,8285,0,34,8251
2023-01-08,AS,American Samoa,WPRO,17,8302,0,34,8268
2023-01-15,AS,American Samoa,WPRO,7,8309,0,34,8275
2023-01-22,AS,American Samoa,WPRO,8,8317,0,34,8283
2023-01-29,AS,American Samoa,WPRO,3,8320,0,34,8286
2023-02-05,AS,American Samoa,WPRO,0,8320,0,34,8286
2023-02-12,AS,American Samoa,WPRO,0,8320,0,34,8286
2023-02-19,AS,American Samoa,WPRO,0,8320,0,34,8286
2023-02-26,AS,American Samoa,WPRO,0,8320,0,34,8286
2023-03-05,AS,American Samoa,WPRO,0,8320,0,34,8286
2023-03-12,AS,American Samoa,WPRO,0,8320,0,34,8286
2023-03-19,AS,American Samoa,WPRO,1,8321,0,34,8287
2023-03-26,AS,American Samoa,WPRO,3,8324,0,34,8290
2023-04-02,AS,American Samoa,WPRO,2,8326,0,34,8292
2023-04-09,AS,American Samoa,WPRO,1,8327,0,34,8293
2023-04-16,AS,American Samoa,WPRO,2,8329,0,34,8295
2023-04-23,AS,American Samoa,WPRO,0,8329,0,34,8295
2023-04-30,AS,American Samoa,WPRO,0,8329,0,34,8295
2023-05-07,AS,American Samoa,WPRO,2,8331,0,34,8297
2023-05-14,AS,American Samoa,WPRO,0,8331,0,34,8297
2023-05-21,AS,American Samoa,WPRO,0,8331,0,34,8297
2023-05-28,AS,American Samoa,WPRO,0,8331,0,34,8297
2023-06-04,AS,American Samoa,WPRO,1,8332,0,34,8298
2023-06-11,AS,American Samoa,WPRO,0,8332,0,34,8298
2023-06-18,AS,American Samoa,WPRO,0,8332,0,34,8298
2023-06-25,AS,American Samoa,WPRO,0,8332,0,34,8298
2023-07-02,AS,American Samoa,WPRO,0,8332,0,34,8298
2023-07-09,AS,American Samoa,WPRO,9,8341,0,34,8307
2023-07-16,AS,American Samoa,WPRO,0,8341,0,34,8307
2023-07-23,AS,American Samoa,WPRO,0,8341,0,34,8307
2023-07-30,AS,American Samoa,WPRO,0,8341,0,34,8307
2023-08-06,AS,American Samoa,WPRO,0,8341,0,34,8307
2023-08-13,AS,American Samoa,WPRO,0,8341,0,34,8307
2023-08-20,AS,American Samoa,WPRO,0,8341,0,34,8307
2023-08-27,AS,American Samoa,WPRO,0,8341,0,34,8307
2023-09-03,AS,American Samoa,WPRO,0,8341,0,34,8307
2023-09-10,AS,American Samoa,WPRO,0,8341,0,34,8307
2023-09-17,AS,American Samoa,WPRO,18,8359,0,34,8325
2023-09-24,AS,American Samoa,WPRO,0,8359,0,34,8325
2023-10-01,AS,American Samoa,WPRO,0,8359,0,34,8325
2023-10-08,AS,American Samoa,WPRO,0,8359,0,34,8325
2023-10-15,AS,American Samoa,WPRO,0,8359,0,34,8325
2023-10-22,AS,American Samoa,WPRO,0,8359,0,34,8325
2023-10-29,AS,American Samoa,WPRO,0,8359,0,34,8325
2023-11-05,AS,American Samoa,WPRO,0,8359,0,34,8325
2023-11-12,AS,American Samoa,WPRO,0,8359,0,34,8325
2023-11-19,AS,American Samoa,WPRO,0,8359,0,34,8325
2023-11-26,AS,American Samoa,WPRO,0,8359,0,34,8325
2023-12-03,AS,American Samoa,WPRO,0,8359,0,34,8325
2023-12-10,AS,American Samoa,WPRO,0,8359,0,34,8325
2023-12-17,AS,American Samoa,WPRO,0,8359,0,34,8325
2023-12-24,AS,American Samoa,WPRO,0,8359,0,34,8325
2023-12-31,AS,American Samoa,WPRO,0,8359,0,34,8325
2024-01-07,AS,American Samoa,WPRO,0,8359,0,34,8325
2024-01-14,AS,American Samoa,WPRO,0,8359,0,34,8325
2024-01-21,AS,American Samoa,WPRO,0,8359,0,34,8325
2024-01-28,AS,American Samoa,WPRO,0,8359,0,34,8325
2024-02-04,AS,American Samoa,WPRO,0,8359,0,34,8325
2024-02-11,AS,American Samoa,WPRO,0,8359,0,34,8325
2024-02-18,AS,American Samoa,WPRO,0,8359,0,34,8325
2024-02-25,AS,American Samoa,WPRO,0,8359,0,34,8325
2024-03-03,AS,American Samoa,WPRO,0,8359,0,34,8325
2024-03-10,AS,American Samoa,WPRO,0,8359,0,34,8325
2024-03-17,AS,American Samoa,WPRO,0,8359,0,34,8325
2024-03-24,AS,American Samoa,WPRO,0,8359,0,34,8325
2024-03-31,AS,American Samoa,WPRO,0,8359,0,34,8325
2024-04-07,AS,American Samoa,WPRO,0,8359,0,34,8325
2024-04-14,AS,American Samoa,WPRO,0,8359,0,34,8325
2024-04-21,AS,American Samoa,WPRO,0,8359,0,34,8325
2024-04-28,AS,American Samoa,WPRO,0,8359,0,34,8325
2024-05-05,AS,American Samoa,WPRO,0,8359,0,34,8325
2024-05-12,AS,American Samoa,WPRO,0,8359,0,34,8325
2024-05-19,AS,American Samoa,WPRO,0,8359,0,34,8325
2024-05-26,AS,American Samoa,WPRO,0,8359,0,34,8325
2024-06-02,AS,American Samoa,WPRO,0,8359,0,34,8325
2024-06-09,AS,American Samoa,WPRO,0,8359,0,34,8325
2024-06-16,AS,American Samoa,WPRO,0,8359,0,34,8325
2024-06-23,AS,American Samoa,WPRO,0,8359,0,34,8325
2024-06-30,AS,American Samoa,WPRO,0,8359,0,34,8325
2024-07-07,AS,American Samoa,WPRO,0,8359,0,34,8325
2024-07-14,AS,American Samoa,WPRO,0,8359,0,34,8325
2024-07-21,AS,American Samoa,WPRO,0,8359,0,34,8325
2024-07-28,AS,American Samoa,WPRO,0,8359,0,34,8325
2024-08-04,AS,American Samoa,WPRO,0,8359,0,34,8325
2024-08-11,AS,American Samoa,WPRO,0,8359,0,34,8325
2024-08-18,AS,American Samoa,WPRO,0,8359,0,34,8325
2024-08-25,AS,American Samoa,WPRO,0,8359,0,34,8325
2024-09-01,AS,American Samoa,WPRO,0,8359,0,34,8325
2024-09-08,AS,American Samoa,WPRO,0,8359,0,34,8325
2024-09-15,AS,American Samoa,WPRO,0,8359,0,34,8325
2024-09-22,AS,American Samoa,WPRO,0,8359,0,34,8325
2024-09-29,AS,American Samoa,WPRO,0,8359,0,34,8325
2024-10-06,AS,American Samoa,WPRO,0,8359,0,34,8325
2024-10-13,AS,American Samoa,WPRO,0,8359,0,34,8325
2024-10-20,AS,American Samoa,WPRO,0,8359,0,34,8325
2024-10-27,AS,American Samoa,WPRO,0,8359,0,34,8325
2024-11-03,AS,American Samoa,WPRO,0,8359,0,34,8325
2024-11-10,AS,American Samoa,WPRO,0,8359,0,34,8325
2024-11-17,AS,American Samoa,WPRO,0,8359,0,34,8325
2020-01-05,AD,Andorra,EURO,0,0,0,0,0
2020-01-12,AD,Andorra,EURO,0,0,0,0,0
2020-01-19,AD,Andorra,EURO,0,0,0,0,0
2020-01-26,AD,Andorra,EURO,0,0,0,0,0
2020-02-02,AD,Andorra,EURO,0,0,0,0,0
2020-02-09,AD,Andorra,EURO,0,0,0,0,0
2020-02-16,AD,Andorra,EURO,0,0,0,0,0
2020-02-23,AD,Andorra,EURO,0,0,0,0,0
2020-03-01,AD,Andorra,EURO,0,0,0,0,0
2020-03-08,AD,Andorra,EURO,1,1,0,0,1
2020-03-15,AD,Andorra,EURO,1,2,0,0,2
2020-03-22,AD,Andorra,EURO,131,133,1,1,132
2020-03-29,AD,Andorra,EURO,208,341,5,6,335
2020-04-05,AD,Andorra,EURO,125,466,11,17,449
2020-04-12,AD,Andorra,EURO,156,622,11,28,594
2020-04-19,AD,Andorra,EURO,82,704,7,35,669
2020-04-26,AD,Andorra,EURO,34,738,5,40,698
2020-05-03,AD,Andorra,EURO,9,747,4,44,703
2020-05-10,AD,Andorra,EURO,7,754,4,48,706
2020-05-17,AD,Andorra,EURO,7,761,3,51,710
2020-05-24,AD,Andorra,EURO,2,763,0,51,712
2020-05-31,AD,Andorra,EURO,1,764,0,51,713
2020-06-07,AD,Andorra,EURO,88,852,0,51,801
2020-06-14,AD,Andorra,EURO,1,853,0,51,802
2020-06-21,AD,Andorra,EURO,2,855,1,52,803
2020-06-28,AD,Andorra,EURO,0,855,0,52,803
2020-07-05,AD,Andorra,EURO,0,855,0,52,803
2020-07-12,AD,Andorra,EURO,0,855,0,52,803
2020-07-19,AD,Andorra,EURO,25,880,0,52,828
2020-07-26,AD,Andorra,EURO,17,897,0,52,845
2020-08-02,AD,Andorra,EURO,33,930,0,52,878
2020-08-09,AD,Andorra,EURO,26,956,0,52,904
2020-08-16,AD,Andorra,EURO,41,997,1,53,944
2020-08-23,AD,Andorra,EURO,50,1047,0,53,994
2020-08-30,AD,Andorra,EURO,77,1124,0,53,1071
2020-09-06,AD,Andorra,EURO,91,1215,0,53,1162
2020-09-13,AD,Andorra,EURO,129,1344,0,53,1291
2020-09-20,AD,Andorra,EURO,220,1564,0,53,1511
2020-09-27,AD,Andorra,EURO,272,1836,0,53,1783
2020-10-04,AD,Andorra,EURO,274,2110,0,53,2057
2020-10-11,AD,Andorra,EURO,586,2696,2,55,2641
2020-10-18,AD,Andorra,EURO,681,3377,4,59,3318
2020-10-25,AD,Andorra,EURO,661,4038,10,69,3969
2020-11-01,AD,Andorra,EURO,718,4756,6,75,4681
2020-11-08,AD,Andorra,EURO,563,5319,0,75,5244
2020-11-15,AD,Andorra,EURO,406,5725,0,75,5650
2020-11-22,AD,Andorra,EURO,482,6207,1,76,6131
2020-11-29,AD,Andorra,EURO,403,6610,0,76,6534
2020-12-06,AD,Andorra,EURO,395,7005,2,78,6927
2020-12-13,AD,Andorra,EURO,283,7288,0,78,7210
2020-12-20,AD,Andorra,EURO,272,7560,2,80,7480
2020-12-27,AD,Andorra,EURO,246,7806,3,83,7723
2021-01-03,AD,Andorra,EURO,360,8166,1,84,8082
2021-01-10,AD,Andorra,EURO,420,8586,1,85,8501
2021-01-17,AD,Andorra,EURO,452,9038,6,91,8947
2021-01-24,AD,Andorra,EURO,461,9499,5,96,9403
2021-01-31,AD,Andorra,EURO,386,9885,5,101,9784
2021-02-07,AD,Andorra,EURO,321,10206,4,105,10101
2021-02-14,AD,Andorra,EURO,257,10463,2,107,10356
2021-02-21,AD,Andorra,EURO,209,10672,0,107,10565
2021-02-28,AD,Andorra,EURO,177,10849,3,110,10739
2021-03-07,AD,Andorra,EURO,170,11019,2,112,10907
2021-03-14,AD,Andorra,EURO,209,11228,0,112,11116
2021-03-21,AD,Andorra,EURO,253,11481,1,113,11368
2021-03-28,AD,Andorra,EURO,328,11809,2,115,11694
2021-04-04,AD,Andorra,EURO,365,12174,2,117,12057
2021-04-11,AD,Andorra,EURO,323,12497,3,120,12377
2021-04-18,AD,Andorra,EURO,274,12771,3,123,12648
2021-04-25,AD,Andorra,EURO,253,13024,1,124,12900
2021-05-02,AD,Andorra,EURO,208,13232,1,125,13107
2021-05-09,AD,Andorra,EURO,174,13406,2,127,13279
2021-05-16,AD,Andorra,EURO,104,13510,0,127,13383
2021-05-23,AD,Andorra,EURO,99,13609,0,127,13482
2021-05-30,AD,Andorra,EURO,84,13693,0,127,13566
2021-06-06,AD,Andorra,EURO,65,13758,0,127,13631
2021-06-13,AD,Andorra,EURO,55,13813,0,127,13686
2021-06-20,AD,Andorra,EURO,29,13842,0,127,13715
2021-06-27,AD,Andorra,EURO,40,13882,0,127,13755
2021-07-04,AD,Andorra,EURO,36,13918,0,127,13791
2021-07-11,AD,Andorra,EURO,157,14075,0,127,13948
2021-07-18,AD,Andorra,EURO,198,14273,0,127,14146
2021-07-25,AD,Andorra,EURO,225,14498,0,127,14371
2021-08-01,AD,Andorra,EURO,180,14678,1,128,14550
2021-08-08,AD,Andorra,EURO,158,14836,0,128,14708
2021-08-15,AD,Andorra,EURO,88,14924,1,129,14795
2021-08-22,AD,Andorra,EURO,64,14988,0,129,14859
2021-08-29,AD,Andorra,EURO,37,15025,1,130,14895
2021-09-05,AD,Andorra,EURO,30,15055,0,130,14925
2021-09-12,AD,Andorra,EURO,28,15083,0,130,14953
2021-09-19,AD,Andorra,EURO,41,15124,0,130,14994
2021-09-26,AD,Andorra,EURO,43,15167,0,130,15037
2021-10-03,AD,Andorra,EURO,55,15222,0,130,15092
2021-10-10,AD,Andorra,EURO,69,15291,0,130,15161
2021-10-17,AD,Andorra,EURO,47,15338,0,130,15208
2021-10-24,AD,Andorra,EURO,66,15404,0,130,15274
2021-10-31,AD,Andorra,EURO,112,15516,0,130,15386
2021-11-07,AD,Andorra,EURO,102,15618,0,130,15488
2021-11-14,AD,Andorra,EURO,201,15819,0,130,15689
2021-11-21,AD,Andorra,EURO,267,16086,0,130,15956
2021-11-28,AD,Andorra,EURO,626,16712,1,131,16581
2021-12-05,AD,Andorra,EURO,1298,18010,1,132,17878
2021-12-12,AD,Andorra,EURO,1430,19440,1,133,19307
2021-12-19,AD,Andorra,EURO,1109,20549,1,134,20415
2021-12-26,AD,Andorra,EURO,1181,21730,5,139,21591
2022-01-02,AD,Andorra,EURO,2010,23740,1,140,23600
2022-01-09,AD,Andorra,EURO,2668,26408,1,141,26267
2022-01-16,AD,Andorra,EURO,3480,29888,1,142,29746
2022-01-23,AD,Andorra,EURO,3137,33025,2,144,32881
2022-01-30,AD,Andorra,EURO,2531,35556,1,145,35411
2022-02-06,AD,Andorra,EURO,1043,36599,2,147,36452
2022-02-13,AD,Andorra,EURO,541,37140,1,148,36992
2022-02-20,AD,Andorra,EURO,449,37589,2,150,37439
2022-02-27,AD,Andorra,EURO,410,37999,1,151,37848
2022-03-06,AD,Andorra,EURO,435,38434,0,151,38283
2022-03-13,AD,Andorra,EURO,360,38794,1,152,38642
2022-03-20,AD,Andorra,EURO,440,39234,1,153,39081
2022-03-27,AD,Andorra,EURO,479,39713,0,153,39560
2022-04-03,AD,Andorra,EURO,311,40024,0,153,39871
2022-04-10,AD,Andorra,EURO,304,40328,0,153,40175
2022-04-17,AD,Andorra,EURO,381,40709,0,153,40556
2022-04-24,AD,Andorra,EURO,304,41013,0,153,40860
2022-05-01,AD,Andorra,EURO,336,41349,0,153,41196
2022-05-08,AD,Andorra,EURO,368,41717,0,153,41564
2022-05-15,AD,Andorra,EURO,439,42156,0,153,42003
2022-05-22,AD,Andorra,EURO,416,42572,0,153,42419
2022-05-29,AD,Andorra,EURO,322,42894,0,153,42741
2022-06-05,AD,Andorra,EURO,173,43067,0,153,42914
2022-06-12,AD,Andorra,EURO,157,43224,0,153,43071
2022-06-19,AD,Andorra,EURO,225,43449,0,153,43296
2022-06-26,AD,Andorra,EURO,325,43774,0,153,43621
2022-07-03,AD,Andorra,EURO,403,44177,0,153,44024
2022-07-10,AD,Andorra,EURO,494,44671,0,153,44518
2022-07-17,AD,Andorra,EURO,390,45061,0,153,44908
2022-07-24,AD,Andorra,EURO,265,45326,0,153,45173
2022-07-31,AD,Andorra,EURO,182,45508,0,153,45355
2022-08-07,AD,Andorra,EURO,285,45793,1,154,45639
2022-08-14,AD,Andorra,EURO,106,45899,0,154,45745
2022-08-21,AD,Andorra,EURO,76,45975,0,154,45821
2022-08-28,AD,Andorra,EURO,52,46027,0,154,45873
2022-09-04,AD,Andorra,EURO,0,46027,0,154,45873
2022-09-11,AD,Andorra,EURO,86,46113,1,155,45958
2022-09-18,AD,Andorra,EURO,34,46147,0,155,45992
2022-09-25,AD,Andorra,EURO,0,46147,0,155,45992
2022-10-02,AD,Andorra,EURO,80,46227,0,155,46072
2022-10-09,AD,Andorra,EURO,48,46275,0,155,46120
2022-10-16,AD,Andorra,EURO,91,46366,0,155,46211
2022-10-23,AD,Andorra,EURO,83,46449,0,155,46294
2022-10-30,AD,Andorra,EURO,86,46535,0,155,46380
2022-11-06,AD,Andorra,EURO,53,46588,0,155,46433
2022-11-13,AD,Andorra,EURO,76,46664,0,155,46509
2022-11-20,AD,Andorra,EURO,160,46824,1,156,46668
2022-11-27,AD,Andorra,EURO,0,46824,0,156,46668
2022-12-04,AD,Andorra,EURO,395,47219,1,157,47062
2022-12-11,AD,Andorra,EURO,227,47446,1,158,47288
2022-12-18,AD,Andorra,EURO,160,47606,0,158,47448
2022-12-25,AD,Andorra,EURO,80,47686,0,158,47528
2023-01-01,AD,Andorra,EURO,65,47751,0,158,47593
2023-01-08,AD,Andorra,EURO,30,47781,1,159,47622
2023-01-15,AD,Andorra,EURO,0,47781,0,159,47622
2023-01-22,AD,Andorra,EURO,39,47820,0,159,47661
2023-01-29,AD,Andorra,EURO,19,47839,0,159,47680
2023-02-05,AD,Andorra,EURO,11,47850,0,159,47691
2023-02-12,AD,Andorra,EURO,10,47860,0,159,47701
2023-02-19,AD,Andorra,EURO,6,47866,0,159,47707
2023-02-26,AD,Andorra,EURO,9,47875,0,159,47716
2023-03-05,AD,Andorra,EURO,15,47890,0,159,47731
2023-03-12,AD,Andorra,EURO,8,47898,0,159,47739
2023-03-19,AD,Andorra,EURO,10,47908,0,159,47749
2023-03-26,AD,Andorra,EURO,9,47917,0,159,47758
2023-04-02,AD,Andorra,EURO,13,47930,0,159,47771
2023-04-09,AD,Andorra,EURO,9,47939,0,159,47780
2023-04-16,AD,Andorra,EURO,6,47945,0,159,47786
2023-04-23,AD,Andorra,EURO,0,47945,0,159,47786
2023-04-30,AD,Andorra,EURO,29,47974,0,159,47815
2023-05-07,AD,Andorra,EURO,41,48015,0,159,47856
2023-05-14,AD,Andorra,EURO,0,48015,0,159,47856
2023-05-21,AD,Andorra,EURO,0,48015,0,159,47856
2023-05-28,AD,Andorra,EURO,0,48015,0,159,47856
2023-06-04,AD,Andorra,EURO,0,48015,0,159,47856
2023-06-11,AD,Andorra,EURO,0,48015,0,159,47856
2023-06-18,AD,Andorra,EURO,0,48015,0,159,47856
2023-06-25,AD,Andorra,EURO,0,48015,0,159,47856
2023-07-02,AD,Andorra,EURO,0,48015,0,159,47856
2023-07-09,AD,Andorra,EURO,0,48015,0,159,47856
2023-07-16,AD,Andorra,EURO,0,48015,0,159,47856
2023-07-23,AD,Andorra,EURO,0,48015,0,159,47856
2023-07-30,AD,Andorra,EURO,0,48015,0,159,47856
2023-08-06,AD,Andorra,EURO,0,48015,0,159,47856
2023-08-13,AD,Andorra,EURO,0,48015,0,159,47856
2023-08-20,AD,Andorra,EURO,0,48015,0,159,47856
2023-08-27,AD,Andorra,EURO,0,48015,0,159,47856
2023-09-03,AD,Andorra,EURO,0,48015,0,159,47856
2023-09-10,AD,Andorra,EURO,0,48015,0,159,47856
2023-09-17,AD,Andorra,EURO,0,48015,0,159,47856
2023-09-24,AD,Andorra,EURO,0,48015,0,159,47856
2023-10-01,AD,Andorra,EURO,0,48015,0,159,47856
2023-10-08,AD,Andorra,EURO,0,48015,0,159,47856
2023-10-15,AD,Andorra,EURO,0,48015,0,159,47856
2023-10-22,AD,Andorra,EURO,0,48015,0,159,47856
2023-10-29,AD,Andorra,EURO,0,48015,0,159,47856
2023-11-05,AD,Andorra,EURO,0,48015,0,159,47856
2023-11-12,AD,Andorra,EURO,0,48015,0,159,47856
2023-11-19,AD,Andorra,EURO,0,48015,0,159,47856
2023-11-26,AD,Andorra,EURO,0,48015,0,159,47856
2023-12-03,AD,Andorra,EURO,0,48015,0,159,47856
2023-12-10,AD,Andorra,EURO,0,48015,0,159,47856
2023-12-17,AD,Andorra,EURO,0,48015,0,159,47856
2023-12-24,AD,Andorra,EURO,0,48015,0,159,47856
2023-12-31,AD,Andorra,EURO,0,48015,0,159,47856
2024-01-07,AD,Andorra,EURO,0,48015,0,159,47856
2024-01-14,AD,Andorra,EURO,0,48015,0,159,47856
2024-01-21,AD,Andorra,EURO,0,48015,0,159,47856
2024-01-28,AD,Andorra,EURO,0,48015,0,159,47856
2024-02-04,AD,Andorra,EURO,0,48015,0,159,47856
2024-02-11,AD,Andorra,EURO,0,48015,0,159,47856
2024-02-18,AD,Andorra,EURO,0,48015,0,159,47856
2024-02-25,AD,Andorra,EURO,0,48015,0,159,47856
2024-03-03,AD,Andorra,EURO,0,48015,0,159,47856
2024-03-10,AD,Andorra,EURO,0,48015,0,159,47856
2024-03-17,AD,Andorra,EURO,0,48015,0,159,47856
2024-03-24,AD,Andorra,EURO,0,48015,0,159,47856
2024-03-31,AD,Andorra,EURO,0,48015,0,159,47856
2024-04-07,AD,Andorra,EURO,0,48015,0,159,47856
2024-04-14,AD,Andorra,EURO,0,48015,0,159,47856
2024-04-21,AD,Andorra,EURO,0,48015,0,159,47856
2024-04-28,AD,Andorra,EURO,0,48015,0,159,47856
2024-05-05,AD,Andorra,EURO,0,48015,0,159,47856
2024-05-12,AD,Andorra,EURO,0,48015,0,159,47856
2024-05-19,AD,Andorra,EURO,0,48015,0,159,47856
2024-05-26,AD,Andorra,EURO,0,48015,0,159,47856
2024-06-02,AD,Andorra,EURO,0,48015,0,159,47856
2024-06-09,AD,Andorra,EURO,0,48015,0,159,47856
2024-06-16,AD,Andorra,EURO,0,48015,0,159,47856
2024-06-23,AD,Andorra,EURO,0,48015,0,159,47856
2024-06-30,AD,Andorra,EURO,0,48015,0,159,47856
2024-07-07,AD,Andorra,EURO,0,48015,0,159,47856
2024-07-14,AD,Andorra,EURO,0,48015,0,159,47856
2024-07-21,AD,Andorra,EURO,0,48015,0,159,47856
2024-07-28,AD,Andorra,EURO,0,48015,0,159,47856
2024-08-04,AD,Andorra,EURO,0,48015,0,159,47856
2024-08-11,AD,Andorra,EURO,0,48015,0,159,47856
2024-08-18,AD,Andorra,EURO,0,48015,0,159,47856
2024-08-25,AD,Andorra,EURO,0,48015,0,159,47856
2024-09-01,AD,Andorra,EURO,0,48015,0,159,47856
2024-09-08,AD,Andorra,EURO,0,48015,0,159,47856
2024-09-15,AD,Andorra,EURO,0,48015,0,159,47856
2024-09-22,AD,Andorra,EURO,0,48015,0,159,47856
2024-09-29,AD,Andorra,EURO,0,48015,0,159,47856
2024-10-06,AD,Andorra,EURO,0,48015,0,159,47856
2024-10-13,AD,Andorra,EURO,0,48015,0,159,47856
2024-10-20,AD,Andorra,EURO,0,48015,0,159,47856
2024-10-27,AD,Andorra,EURO,0,48015,0,159,47856
2024-11-03,AD,Andorra,EURO,0,48015,0,159,47856
2024-11-10,AD,Andorra,EURO,0,48015,0,159,47856
2024-11-17,AD,Andorra,EURO,0,48015,0,159,47856
2020-01-05,AO,Angola,AFRO,0,0,0,0,0
2020-01-12,AO,Angola,AFRO,0,0,0,0,0
2020-01-19,AO,Angola,AFRO,0,0,0,0,0
2020-01-26,AO,Angola,AFRO,0,0,0,0,0
2020-02-02,AO,Angola,AFRO,0,0,0,0,0
2020-02-09,AO,Angola,AFRO,0,0,0,0,0
2020-02-16,AO,Angola,AFRO,0,0,0,0,0
2020-02-23,AO,Angola,AFRO,0,0,0,0,0
2020-03-01,AO,Angola,AFRO,0,0,0,0,0
2020-03-08,AO,Angola,AFRO,0,0,0,0,0
2020-03-15,AO,Angola,AFRO,0,0,0,0,0
2020-03-22,AO,Angola,AFRO,0,0,0,0,0
2020-03-29,AO,Angola,AFRO,0,0,0,0,0
2020-04-05,AO,Angola,AFRO,10,10,0,0,10
2020-04-12,AO,Angola,AFRO,9,19,0,0,19
2020-04-19,AO,Angola,AFRO,5,24,0,0,24
2020-04-26,AO,Angola,AFRO,1,25,0,0,25
2020-05-03,AO,Angola,AFRO,10,35,0,0,35
2020-05-10,AO,Angola,AFRO,8,43,0,0,43
2020-05-17,AO,Angola,AFRO,5,48,0,0,48
2020-05-24,AO,Angola,AFRO,13,61,3,3,58
2020-05-31,AO,Angola,AFRO,23,84,1,4,80
2020-06-07,AO,Angola,AFRO,4,88,0,4,84
2020-06-14,AO,Angola,AFRO,50,138,2,6,132
2020-06-21,AO,Angola,AFRO,34,172,2,8,164
2020-06-28,AO,Angola,AFRO,87,259,2,10,249
2020-07-05,AO,Angola,AFRO,87,346,9,19,327
2020-07-12,AO,Angola,AFRO,137,483,6,25,458
2020-07-19,AO,Angola,AFRO,204,687,4,29,658
2020-07-26,AO,Angola,AFRO,229,916,10,39,877
2020-08-02,AO,Angola,AFRO,248,1164,15,54,1110
2020-08-09,AO,Angola,AFRO,408,1572,16,70,1502
2020-08-16,AO,Angola,AFRO,307,1879,16,86,1793
2020-08-23,AO,Angola,AFRO,255,2134,8,94,2040
2020-08-30,AO,Angola,AFRO,417,2551,13,107,2444
2020-09-06,AO,Angola,AFRO,384,2935,10,117,2818
2020-09-13,AO,Angola,AFRO,400,3335,15,132,3203
2020-09-20,AO,Angola,AFRO,566,3901,15,147,3754
2020-09-27,AO,Angola,AFRO,771,4672,22,169,4503
2020-10-04,AO,Angola,AFRO,698,5370,19,188,5182
2020-10-11,AO,Angola,AFRO,876,6246,33,221,6025
2020-10-18,AO,Angola,AFRO,1216,7462,23,244,7218
2020-10-25,AO,Angola,AFRO,1564,9026,26,270,8756
2020-11-01,AO,Angola,AFRO,1779,10805,17,287,10518
2020-11-08,AO,Angola,AFRO,1530,12335,16,303,12032
2020-11-15,AO,Angola,AFRO,1039,13374,19,322,13052
2020-11-22,AO,Angola,AFRO,1039,14413,14,336,14077
2020-11-29,AO,Angola,AFRO,674,15087,9,345,14742
2020-12-06,AO,Angola,AFRO,449,15536,9,354,15182
2020-12-13,AO,Angola,AFRO,625,16161,12,366,15795
2020-12-20,AO,Angola,AFRO,465,16626,20,386,16240
2020-12-27,AO,Angola,AFRO,523,17149,14,400,16749
2021-01-03,AO,Angola,AFRO,459,17608,7,407,17201
2021-01-10,AO,Angola,AFRO,548,18156,9,416,17740
2021-01-17,AO,Angola,AFRO,609,18765,15,431,18334
2021-01-24,AO,Angola,AFRO,602,19367,26,457,18910
2021-01-31,AO,Angola,AFRO,415,19782,7,464,19318
2021-02-07,AO,Angola,AFRO,280,20062,11,475,19587
2021-02-14,AO,Angola,AFRO,267,20329,16,491,19838
2021-02-21,AO,Angola,AFRO,170,20499,7,498,20001
2021-02-28,AO,Angola,AFRO,283,20782,8,506,20276
2021-03-07,AO,Angola,AFRO,273,21055,6,512,20543
2021-03-14,AO,Angola,AFRO,268,21323,8,520,20803
2021-03-21,AO,Angola,AFRO,373,21696,6,526,21170
2021-03-28,AO,Angola,AFRO,335,22031,7,533,21498
2021-04-04,AO,Angola,AFRO,548,22579,7,540,22039
2021-04-11,AO,Angola,AFRO,752,23331,10,550,22781
2021-04-18,AO,Angola,AFRO,969,24300,11,561,23739
2021-04-25,AO,Angola,AFRO,1192,25492,16,577,24915
2021-05-02,AO,Angola,AFRO,1323,26815,23,600,26215
2021-05-09,AO,Angola,AFRO,1662,28477,30,630,27847
2021-05-16,AO,Angola,AFRO,1877,30354,25,655,29699
2021-05-23,AO,Angola,AFRO,1795,32149,60,715,31434
2021-05-30,AO,Angola,AFRO,2031,34180,42,757,33423
2021-06-06,AO,Angola,AFRO,1414,35594,37,794,34800
2021-06-13,AO,Angola,AFRO,1006,36600,31,825,35775
2021-06-20,AO,Angola,AFRO,1004,37604,31,856,36748
2021-06-27,AO,Angola,AFRO,924,38528,31,887,37641
2021-07-04,AO,Angola,AFRO,644,39172,23,910,38262
2021-07-11,AO,Angola,AFRO,709,39881,19,929,38952
2021-07-18,AO,Angola,AFRO,826,40707,25,954,39753
2021-07-25,AO,Angola,AFRO,1029,41736,28,982,40754
2021-08-01,AO,Angola,AFRO,1041,42777,29,1011,41766
2021-08-08,AO,Angola,AFRO,815,43592,33,1044,42548
2021-08-15,AO,Angola,AFRO,941,44533,42,1086,43447
2021-08-22,AO,Angola,AFRO,1284,45817,54,1140,44677
2021-08-29,AO,Angola,AFRO,1262,47079,52,1192,45887
2021-09-05,AO,Angola,AFRO,1396,48475,66,1258,47217
2021-09-12,AO,Angola,AFRO,1873,50348,69,1327,49021
2021-09-19,AO,Angola,AFRO,1959,52307,61,1388,50919
2021-09-26,AO,Angola,AFRO,2488,54795,99,1487,53308
2021-10-03,AO,Angola,AFRO,3808,58603,87,1574,57029
2021-10-10,AO,Angola,AFRO,2642,61245,44,1618,59627
2021-10-17,AO,Angola,AFRO,1544,62789,44,1662,61127
2021-10-24,AO,Angola,AFRO,986,63775,33,1695,62080
2021-10-31,AO,Angola,AFRO,599,64374,13,1708,62666
2021-11-07,AO,Angola,AFRO,280,64654,11,1719,62935
2021-11-14,AO,Angola,AFRO,245,64899,8,1727,63172
2021-11-21,AO,Angola,AFRO,112,65011,3,1730,63281
2021-11-28,AO,Angola,AFRO,128,65139,3,1733,63406
2021-12-05,AO,Angola,AFRO,105,65244,2,1735,63509
2021-12-12,AO,Angola,AFRO,153,65397,2,1737,63660
2021-12-19,AO,Angola,AFRO,471,65868,1,1738,64130
2021-12-26,AO,Angola,AFRO,5274,71142,8,1746,69396
2022-01-02,AO,Angola,AFRO,11256,82398,26,1772,80626
2022-01-09,AO,Angola,AFRO,6377,88775,37,1809,86966
2022-01-16,AO,Angola,AFRO,4749,93524,48,1857,91667
2022-01-23,AO,Angola,AFRO,2378,95902,29,1886,94016
2022-01-30,AO,Angola,AFRO,2155,98057,8,1894,96163
2022-02-06,AO,Angola,AFRO,294,98351,2,1896,96455
2022-02-13,AO,Angola,AFRO,163,98514,2,1898,96616
2022-02-20,AO,Angola,AFRO,103,98617,1,1899,96718
2022-02-27,AO,Angola,AFRO,84,98701,0,1899,96802
2022-03-06,AO,Angola,AFRO,101,98802,1,1900,96902
2022-03-13,AO,Angola,AFRO,107,98909,0,1900,97009
2022-03-20,AO,Angola,AFRO,101,99010,0,1900,97110
2022-03-27,AO,Angola,AFRO,96,99106,0,1900,97206
2022-04-03,AO,Angola,AFRO,88,99194,0,1900,97294
2022-04-10,AO,Angola,AFRO,0,99194,0,1900,97294
2022-04-17,AO,Angola,AFRO,93,99287,0,1900,97387
2022-04-24,AO,Angola,AFRO,31,99318,0,1900,97418
2022-05-01,AO,Angola,AFRO,5,99323,0,1900,97423
2022-05-08,AO,Angola,AFRO,90,99413,0,1900,97513
2022-05-15,AO,Angola,AFRO,68,99481,0,1900,97581
2022-05-22,AO,Angola,AFRO,46,99527,0,1900,97627
2022-05-29,AO,Angola,AFRO,234,99761,0,1900,97861
2022-06-05,AO,Angola,AFRO,78,99839,0,1900,97939
2022-06-12,AO,Angola,AFRO,0,99839,0,1900,97939
2022-06-19,AO,Angola,AFRO,987,100826,0,1900,98926
2022-06-26,AO,Angola,AFRO,431,101257,0,1900,99357
2022-07-03,AO,Angola,AFRO,343,101600,0,1900,99700
2022-07-10,AO,Angola,AFRO,383,101983,9,1909,100074
2022-07-17,AO,Angola,AFRO,226,102209,3,1912,100297
2022-07-24,AO,Angola,AFRO,92,102301,0,1912,100389
2022-07-31,AO,Angola,AFRO,174,102475,4,1916,100559
2022-08-07,AO,Angola,AFRO,161,102636,1,1917,100719
2022-08-14,AO,Angola,AFRO,107,102743,0,1917,100826
2022-08-21,AO,Angola,AFRO,182,102925,0,1917,101008
2022-08-28,AO,Angola,AFRO,97,103022,0,1917,101105
2022-09-04,AO,Angola,AFRO,107,103129,0,1917,101212
2022-09-11,AO,Angola,AFRO,2,103131,0,1917,101214
2022-09-18,AO,Angola,AFRO,0,103131,0,1917,101214
2022-09-25,AO,Angola,AFRO,0,103131,0,1917,101214
2022-10-02,AO,Angola,AFRO,99,103230,0,1917,101313
2022-10-09,AO,Angola,AFRO,27,103257,0,1917,101340
2022-10-16,AO,Angola,AFRO,42,103299,0,1917,101382
2022-10-23,AO,Angola,AFRO,115,103414,0,1917,101497
2022-10-30,AO,Angola,AFRO,184,103598,0,1917,101681
2022-11-06,AO,Angola,AFRO,350,103948,1,1918,102030
2022-11-13,AO,Angola,AFRO,279,104227,3,1921,102306
2022-11-20,AO,Angola,AFRO,259,104486,2,1923,102563
2022-11-27,AO,Angola,AFRO,173,104659,1,1924,102735
2022-12-04,AO,Angola,AFRO,149,104808,1,1925,102883
2022-12-11,AO,Angola,AFRO,138,104946,3,1928,103018
2022-12-18,AO,Angola,AFRO,88,105034,0,1928,103106
2022-12-25,AO,Angola,AFRO,36,105070,1,1929,103141
2023-01-01,AO,Angola,AFRO,25,105095,1,1930,103165
2023-01-08,AO,Angola,AFRO,45,105140,1,1931,103209
2023-01-15,AO,Angola,AFRO,21,105161,0,1931,103230
2023-01-22,AO,Angola,AFRO,22,105183,0,1931,103252
2023-01-29,AO,Angola,AFRO,1,105184,0,1931,103253
2023-02-05,AO,Angola,AFRO,21,105205,0,1931,103274
2023-02-12,AO,Angola,AFRO,19,105224,1,1932,103292
2023-02-19,AO,Angola,AFRO,19,105243,0,1932,103311
2023-02-26,AO,Angola,AFRO,12,105255,1,1933,103322
2023-03-05,AO,Angola,AFRO,22,105277,0,1933,103344
2023-03-12,AO,Angola,AFRO,11,105288,0,1933,103355
2023-03-19,AO,Angola,AFRO,10,105298,0,1933,103365
2023-03-26,AO,Angola,AFRO,18,105316,0,1933,103383
2023-04-02,AO,Angola,AFRO,15,105331,1,1934,103397
2023-04-09,AO,Angola,AFRO,13,105344,0,1934,103410
2023-04-16,AO,Angola,AFRO,9,105353,0,1934,103419
2023-04-23,AO,Angola,AFRO,31,105384,0,1934,103450
2023-04-30,AO,Angola,AFRO,0,105384,0,1934,103450
2023-05-07,AO,Angola,AFRO,177,105561,2,1936,103625
2023-05-14,AO,Angola,AFRO,120,105681,0,1936,103745
2023-05-21,AO,Angola,AFRO,89,105770,0,1936,103834
2023-05-28,AO,Angola,AFRO,49,105819,0,1936,103883
2023-06-04,AO,Angola,AFRO,32,105851,0,1936,103915
2023-06-11,AO,Angola,AFRO,33,105884,0,1936,103948
2023-06-18,AO,Angola,AFRO,13,105897,0,1936,103961
2023-06-25,AO,Angola,AFRO,7,105904,0,1936,103968
2023-07-02,AO,Angola,AFRO,2,105906,0,1936,103970
2023-07-09,AO,Angola,AFRO,15,105921,0,1936,103985
2023-07-16,AO,Angola,AFRO,4,105925,0,1936,103989
2023-07-23,AO,Angola,AFRO,1,105926,0,1936,103990
2023-07-30,AO,Angola,AFRO,5,105931,0,1936,103995
2023-08-06,AO,Angola,AFRO,2,105933,0,1936,103997
2023-08-13,AO,Angola,AFRO,1,105934,0,1936,103998
2023-08-20,AO,Angola,AFRO,0,105934,0,1936,103998
2023-08-27,AO,Angola,AFRO,3,105937,0,1936,104001
2023-09-03,AO,Angola,AFRO,7,105944,0,1936,104008
2023-09-10,AO,Angola,AFRO,8,105952,0,1936,104016
2023-09-17,AO,Angola,AFRO,8,105960,0,1936,104024
2023-09-24,AO,Angola,AFRO,2,105962,0,1936,104026
2023-10-01,AO,Angola,AFRO,6,105968,0,1936,104032
2023-10-08,AO,Angola,AFRO,4,105972,0,1936,104036
2023-10-15,AO,Angola,AFRO,3,105975,0,1936,104039
2023-10-22,AO,Angola,AFRO,1,105976,0,1936,104040
2023-10-29,AO,Angola,AFRO,0,105976,0,1936,104040
2023-11-05,AO,Angola,AFRO,2,105978,0,1936,104042
2023-11-12,AO,Angola,AFRO,9,105987,0,1936,104051
2023-11-19,AO,Angola,AFRO,15,106002,0,1936,104066
2023-11-26,AO,Angola,AFRO,122,106124,0,1936,104188
2023-12-03,AO,Angola,AFRO,92,106216,1,1937,104279
2023-12-10,AO,Angola,AFRO,87,106303,0,1937,104366
2023-12-17,AO,Angola,AFRO,45,106348,0,1937,104411
2023-12-24,AO,Angola,AFRO,372,106720,0,1937,104783
2023-12-31,AO,Angola,AFRO,208,106928,0,1937,104991
2024-01-07,AO,Angola,AFRO,205,107133,0,1937,105196
2024-01-14,AO,Angola,AFRO,100,107233,0,1937,105296
2024-01-21,AO,Angola,AFRO,38,107271,0,1937,105334
2024-01-28,AO,Angola,AFRO,21,107292,0,1937,105355
2024-02-04,AO,Angola,AFRO,30,107322,0,1937,105385
2024-02-11,AO,Angola,AFRO,1,107323,0,1937,105386
2024-02-18,AO,Angola,AFRO,2,107325,0,1937,105388
2024-02-25,AO,Angola,AFRO,1,107326,0,1937,105389
2024-03-03,AO,Angola,AFRO,1,107327,0,1937,105390
2024-03-10,AO,Angola,AFRO,0,107327,0,1937,105390
2024-03-17,AO,Angola,AFRO,0,107327,0,1937,105390
2024-03-24,AO,Angola,AFRO,28,107355,0,1937,105418
2024-03-31,AO,Angola,AFRO,2,107357,0,1937,105420
2024-04-07,AO,Angola,AFRO,8,107365,0,1937,105428
2024-04-14,AO,Angola,AFRO,0,107365,0,1937,105428
2024-04-21,AO,Angola,AFRO,6,107371,0,1937,105434
2024-04-28,AO,Angola,AFRO,23,107394,0,1937,105457
2024-05-05,AO,Angola,AFRO,29,107423,0,1937,105486
2024-05-12,AO,Angola,AFRO,20,107443,0,1937,105506
2024-05-19,AO,Angola,AFRO,8,107451,0,1937,105514
2024-05-26,AO,Angola,AFRO,3,107454,0,1937,105517
2024-06-02,AO,Angola,AFRO,9,107463,0,1937,105526
2024-06-09,AO,Angola,AFRO,5,107468,0,1937,105531
2024-06-16,AO,Angola,AFRO,1,107469,0,1937,105532
2024-06-23,AO,Angola,AFRO,2,107471,0,1937,105534
2024-06-30,AO,Angola,AFRO,1,107472,0,1937,105535
2024-07-07,AO,Angola,AFRO,3,107475,0,1937,105538
2024-07-14,AO,Angola,AFRO,4,107479,0,1937,105542
2024-07-21,AO,Angola,AFRO,2,107481,0,1937,105544
2024-07-28,AO,Angola,AFRO,0,107481,0,1937,105544
2024-08-04,AO,Angola,AFRO,0,107481,0,1937,105544
2024-08-11,AO,Angola,AFRO,0,107481,0,1937,105544
2024-08-18,AO,Angola,AFRO,0,107481,0,1937,105544
2024-08-25,AO,Angola,AFRO,0,107481,0,1937,105544
2024-09-01,AO,Angola,AFRO,0,107481,0,1937,105544
2024-09-08,AO,Angola,AFRO,0,107481,0,1937,105544
2024-09-15,AO,Angola,AFRO,0,107481,0,1937,105544
2024-09-22,AO,Angola,AFRO,0,107481,0,1937,105544
2024-09-29,AO,Angola,AFRO,1,107482,0,1937,105545
2024-10-06,AO,Angola,AFRO,0,107482,0,1937,105545
2024-10-13,AO,Angola,AFRO,0,107482,0,1937,105545
2024-10-20,AO,Angola,AFRO,0,107482,0,1937,105545
2024-10-27,AO,Angola,AFRO,0,107482,0,1937,105545
2024-11-03,AO,Angola,AFRO,0,107482,0,1937,105545
2024-11-10,AO,Angola,AFRO,0,107482,0,1937,105545
2024-11-17,AO,Angola,AFRO,0,107482,0,1937,105545
2020-01-05,AI,Anguilla,AMRO,0,0,0,0,0
2020-01-12,AI,Anguilla,AMRO,0,0,0,0,0
2020-01-19,AI,Anguilla,AMRO,0,0,0,0,0
2020-01-26,AI,Anguilla,AMRO,0,0,0,0,0
2020-02-02,AI,Anguilla,AMRO,0,0,0,0,0
2020-02-09,AI,Anguilla,AMRO,0,0,0,0,0
2020-02-16,AI,Anguilla,AMRO,0,0,0,0,0
2020-02-23,AI,Anguilla,AMRO,0,0,0,0,0
2020-03-01,AI,Anguilla,AMRO,0,0,0,0,0
2020-03-08,AI,Anguilla,AMRO,0,0,0,0,0
2020-03-15,AI,Anguilla,AMRO,0,0,0,0,0
2020-03-22,AI,Anguilla,AMRO,0,0,0,0,0
2020-03-29,AI,Anguilla,AMRO,2,2,0,0,2
2020-04-05,AI,Anguilla,AMRO,1,3,0,0,3
2020-04-12,AI,Anguilla,AMRO,0,3,0,0,3
2020-04-19,AI,Anguilla,AMRO,0,3,0,0,3
2020-04-26,AI,Anguilla,AMRO,0,3,0,0,3
2020-05-03,AI,Anguilla,AMRO,0,3,0,0,3
2020-05-10,AI,Anguilla,AMRO,0,3,0,0,3
2020-05-17,AI,Anguilla,AMRO,0,3,0,0,3
2020-05-24,AI,Anguilla,AMRO,0,3,0,0,3
2020-05-31,AI,Anguilla,AMRO,0,3,0,0,3
2020-06-07,AI,Anguilla,AMRO,0,3,0,0,3
2020-06-14,AI,Anguilla,AMRO,0,3,0,0,3
2020-06-21,AI,Anguilla,AMRO,0,3,0,0,3
2020-06-28,AI,Anguilla,AMRO,0,3,0,0,3
2020-07-05,AI,Anguilla,AMRO,0,3,0,0,3
2020-07-12,AI,Anguilla,AMRO,0,3,0,0,3
2020-07-19,AI,Anguilla,AMRO,0,3,0,0,3
2020-07-26,AI,Anguilla,AMRO,0,3,0,0,3
2020-08-02,AI,Anguilla,AMRO,0,3,0,0,3
2020-08-09,AI,Anguilla,AMRO,0,3,0,0,3
2020-08-16,AI,Anguilla,AMRO,0,3,0,0,3
2020-08-23,AI,Anguilla,AMRO,0,3,0,0,3
2020-08-30,AI,Anguilla,AMRO,0,3,0,0,3
2020-09-06,AI,Anguilla,AMRO,0,3,0,0,3
2020-09-13,AI,Anguilla,AMRO,0,3,0,0,3
2020-09-20,AI,Anguilla,AMRO,0,3,0,0,3
2020-09-27,AI,Anguilla,AMRO,0,3,0,0,3
2020-10-04,AI,Anguilla,AMRO,0,3,0,0,3
2020-10-11,AI,Anguilla,AMRO,0,3,0,0,3
2020-10-18,AI,Anguilla,AMRO,0,3,0,0,3
2020-10-25,AI,Anguilla,AMRO,0,3,0,0,3
2020-11-01,AI,Anguilla,AMRO,0,3,0,0,3
2020-11-08,AI,Anguilla,AMRO,0,3,0,0,3
2020-11-15,AI,Anguilla,AMRO,0,3,0,0,3
2020-11-22,AI,Anguilla,AMRO,0,3,0,0,3
2020-11-29,AI,Anguilla,AMRO,1,4,0,0,4
2020-12-06,AI,Anguilla,AMRO,3,7,0,0,7
2020-12-13,AI,Anguilla,AMRO,3,10,0,0,10
2020-12-20,AI,Anguilla,AMRO,0,10,0,0,10
2020-12-27,AI,Anguilla,AMRO,2,12,0,0,12
2021-01-03,AI,Anguilla,AMRO,3,15,0,0,15
2021-01-10,AI,Anguilla,AMRO,0,15,0,0,15
2021-01-17,AI,Anguilla,AMRO,0,15,0,0,15
2021-01-24,AI,Anguilla,AMRO,0,15,0,0,15
2021-01-31,AI,Anguilla,AMRO,2,17,0,0,17
2021-02-07,AI,Anguilla,AMRO,0,17,0,0,17
2021-02-14,AI,Anguilla,AMRO,1,18,0,0,18
2021-02-21,AI,Anguilla,AMRO,0,18,0,0,18
2021-02-28,AI,Anguilla,AMRO,0,18,0,0,18
2021-03-07,AI,Anguilla,AMRO,0,18,0,0,18
2021-03-14,AI,Anguilla,AMRO,3,21,0,0,21
2021-03-21,AI,Anguilla,AMRO,1,22,0,0,22
2021-03-28,AI,Anguilla,AMRO,1,23,0,0,23
2021-04-04,AI,Anguilla,AMRO,2,25,0,0,25
2021-04-11,AI,Anguilla,AMRO,4,29,0,0,29
2021-04-18,AI,Anguilla,AMRO,0,29,0,0,29
2021-04-25,AI,Anguilla,AMRO,29,58,0,0,58
2021-05-02,AI,Anguilla,AMRO,35,93,0,0,93
2021-05-09,AI,Anguilla,AMRO,6,99,0,0,99
2021-05-16,AI,Anguilla,AMRO,10,109,0,0,109
2021-05-23,AI,Anguilla,AMRO,0,109,0,0,109
2021-05-30,AI,Anguilla,AMRO,0,109,0,0,109
2021-06-06,AI,Anguilla,AMRO,0,109,0,0,109
2021-06-13,AI,Anguilla,AMRO,0,109,0,0,109
2021-06-20,AI,Anguilla,AMRO,0,109,0,0,109
2021-06-27,AI,Anguilla,AMRO,0,109,0,0,109
2021-07-04,AI,Anguilla,AMRO,2,111,0,0,111
2021-07-11,AI,Anguilla,AMRO,0,111,0,0,111
2021-07-18,AI,Anguilla,AMRO,1,112,0,0,112
2021-07-25,AI,Anguilla,AMRO,1,113,0,0,113
2021-08-01,AI,Anguilla,AMRO,1,114,0,0,114
2021-08-08,AI,Anguilla,AMRO,0,114,0,0,114
2021-08-15,AI,Anguilla,AMRO,13,127,0,0,127
2021-08-22,AI,Anguilla,AMRO,27,154,0,0,154
2021-08-29,AI,Anguilla,AMRO,40,194,0,0,194
2021-09-05,AI,Anguilla,AMRO,85,279,0,0,279
2021-09-12,AI,Anguilla,AMRO,33,312,0,0,312
2021-09-19,AI,Anguilla,AMRO,19,331,0,0,331
2021-09-26,AI,Anguilla,AMRO,33,364,1,1,363
2021-10-03,AI,Anguilla,AMRO,61,425,0,1,424
2021-10-10,AI,Anguilla,AMRO,119,544,0,1,543
2021-10-17,AI,Anguilla,AMRO,124,668,0,1,667
2021-10-24,AI,Anguilla,AMRO,125,793,0,1,792
2021-10-31,AI,Anguilla,AMRO,99,892,0,1,891
2021-11-07,AI,Anguilla,AMRO,147,1039,0,1,1038
2021-11-14,AI,Anguilla,AMRO,70,1109,2,3,1106
2021-11-21,AI,Anguilla,AMRO,159,1268,0,3,1265
2021-11-28,AI,Anguilla,AMRO,66,1334,0,3,1331
2021-12-05,AI,Anguilla,AMRO,80,1414,0,3,1411
2021-12-12,AI,Anguilla,AMRO,109,1523,1,4,1519
2021-12-19,AI,Anguilla,AMRO,69,1592,0,4,1588
2021-12-26,AI,Anguilla,AMRO,54,1646,1,5,1641
2022-01-02,AI,Anguilla,AMRO,28,1674,0,5,1669
2022-01-09,AI,Anguilla,AMRO,103,1777,1,6,1771
2022-01-16,AI,Anguilla,AMRO,263,2040,0,6,2034
2022-01-23,AI,Anguilla,AMRO,147,2187,1,7,2180
2022-01-30,AI,Anguilla,AMRO,137,2324,1,8,2316
2022-02-06,AI,Anguilla,AMRO,60,2384,0,8,2376
2022-02-13,AI,Anguilla,AMRO,74,2458,1,9,2449
2022-02-20,AI,Anguilla,AMRO,48,2506,0,9,2497
2022-02-27,AI,Anguilla,AMRO,22,2528,0,9,2519
2022-03-06,AI,Anguilla,AMRO,27,2555,0,9,2546
2022-03-13,AI,Anguilla,AMRO,19,2574,0,9,2565
2022-03-20,AI,Anguilla,AMRO,20,2594,0,9,2585
2022-03-27,AI,Anguilla,AMRO,39,2633,0,9,2624
2022-04-03,AI,Anguilla,AMRO,67,2700,0,9,2691
2022-04-10,AI,Anguilla,AMRO,17,2717,0,9,2708
2022-04-17,AI,Anguilla,AMRO,14,2731,0,9,2722
2022-04-24,AI,Anguilla,AMRO,0,2731,0,9,2722
2022-05-01,AI,Anguilla,AMRO,57,2788,0,9,2779
2022-05-08,AI,Anguilla,AMRO,0,2788,0,9,2779
2022-05-15,AI,Anguilla,AMRO,196,2984,0,9,2975
2022-05-22,AI,Anguilla,AMRO,132,3116,0,9,3107
2022-05-29,AI,Anguilla,AMRO,87,3203,0,9,3194
2022-06-05,AI,Anguilla,AMRO,91,3294,0,9,3285
2022-06-12,AI,Anguilla,AMRO,48,3342,0,9,3333
2022-06-19,AI,Anguilla,AMRO,32,3374,0,9,3365
2022-06-26,AI,Anguilla,AMRO,37,3411,0,9,3402
2022-07-03,AI,Anguilla,AMRO,45,3456,0,9,3447
2022-07-10,AI,Anguilla,AMRO,20,3476,0,9,3467
2022-07-17,AI,Anguilla,AMRO,20,3496,0,9,3487
2022-07-24,AI,Anguilla,AMRO,39,3535,0,9,3526
2022-07-31,AI,Anguilla,AMRO,45,3580,1,10,3570
2022-08-07,AI,Anguilla,AMRO,40,3620,0,10,3610
2022-08-14,AI,Anguilla,AMRO,0,3620,0,10,3610
2022-08-21,AI,Anguilla,AMRO,126,3746,0,10,3736
2022-08-28,AI,Anguilla,AMRO,59,3805,0,10,3795
2022-09-04,AI,Anguilla,AMRO,32,3837,1,11,3826
2022-09-11,AI,Anguilla,AMRO,14,3851,1,12,3839
2022-09-18,AI,Anguilla,AMRO,5,3856,0,12,3844
2022-09-25,AI,Anguilla,AMRO,2,3858,0,12,3846
2022-10-02,AI,Anguilla,AMRO,7,3865,0,12,3853
2022-10-09,AI,Anguilla,AMRO,1,3866,0,12,3854
2022-10-16,AI,Anguilla,AMRO,0,3866,0,12,3854
2022-10-23,AI,Anguilla,AMRO,0,3866,0,12,3854
2022-10-30,AI,Anguilla,AMRO,0,3866,0,12,3854
2022-11-06,AI,Anguilla,AMRO,0,3866,0,12,3854
2022-11-13,AI,Anguilla,AMRO,0,3866,0,12,3854
2022-11-20,AI,Anguilla,AMRO,0,3866,0,12,3854
2022-11-27,AI,Anguilla,AMRO,0,3866,0,12,3854
2022-12-04,AI,Anguilla,AMRO,38,3904,0,12,3892
2022-12-11,AI,Anguilla,AMRO,0,3904,0,12,3892
2022-12-18,AI,Anguilla,AMRO,0,3904,0,12,3892
2022-12-25,AI,Anguilla,AMRO,0,3904,0,12,3892
2023-01-01,AI,Anguilla,AMRO,0,3904,0,12,3892
2023-01-08,AI,Anguilla,AMRO,0,3904,0,12,3892
2023-01-15,AI,Anguilla,AMRO,0,3904,0,12,3892
2023-01-22,AI,Anguilla,AMRO,0,3904,0,12,3892
2023-01-29,AI,Anguilla,AMRO,0,3904,0,12,3892
2023-02-05,AI,Anguilla,AMRO,0,3904,0,12,3892
2023-02-12,AI,Anguilla,AMRO,0,3904,0,12,3892
2023-02-19,AI,Anguilla,AMRO,0,3904,0,12,3892
2023-02-26,AI,Anguilla,AMRO,0,3904,0,12,3892
2023-03-05,AI,Anguilla,AMRO,0,3904,0,12,3892
2023-03-12,AI,Anguilla,AMRO,0,3904,0,12,3892
2023-03-19,AI,Anguilla,AMRO,0,3904,0,12,3892
2023-03-26,AI,Anguilla,AMRO,0,3904,0,12,3892
2023-04-02,AI,Anguilla,AMRO,0,3904,0,12,3892
2023-04-09,AI,Anguilla,AMRO,0,3904,0,12,3892
2023-04-16,AI,Anguilla,AMRO,0,3904,0,12,3892
2023-04-23,AI,Anguilla,AMRO,0,3904,0,12,3892
2023-04-30,AI,Anguilla,AMRO,0,3904,0,12,3892
2023-05-07,AI,Anguilla,AMRO,0,3904,0,12,3892
2023-05-14,AI,Anguilla,AMRO,0,3904,0,12,3892
2023-05-21,AI,Anguilla,AMRO,0,3904,0,12,3892
2023-05-28,AI,Anguilla,AMRO,0,3904,0,12,3892
2023-06-04,AI,Anguilla,AMRO,0,3904,0,12,3892
2023-06-11,AI,Anguilla,AMRO,0,3904,0,12,3892
2023-06-18,AI,Anguilla,AMRO,0,3904,0,12,3892
2023-06-25,AI,Anguilla,AMRO,0,3904,0,12,3892
2023-07-02,AI,Anguilla,AMRO,0,3904,0,12,3892
2023-07-09,AI,Anguilla,AMRO,0,3904,0,12,3892
2023-07-16,AI,Anguilla,AMRO,0,3904,0,12,3892
2023-07-23,AI,Anguilla,AMRO,0,3904,0,12,3892
2023-07-30,AI,Anguilla,AMRO,0,3904,0,12,3892
2023-08-06,AI,Anguilla,AMRO,0,3904,0,12,3892
2023-08-13,AI,Anguilla,AMRO,0,3904,0,12,3892
2023-08-20,AI,Anguilla,AMRO,0,3904,0,12,3892
2023-08-27,AI,Anguilla,AMRO,0,3904,0,12,3892
2023-09-03,AI,Anguilla,AMRO,0,3904,0,12,3892
2023-09-10,AI,Anguilla,AMRO,0,3904,0,12,3892
2023-09-17,AI,Anguilla,AMRO,0,3904,0,12,3892
2023-09-24,AI,Anguilla,AMRO,0,3904,0,12,3892
2023-10-01,AI,Anguilla,AMRO,0,3904,0,12,3892
2023-10-08,AI,Anguilla,AMRO,0,3904,0,12,3892
2023-10-15,AI,Anguilla,AMRO,0,3904,0,12,3892
2023-10-22,AI,Anguilla,AMRO,0,3904,0,12,3892
2023-10-29,AI,Anguilla,AMRO,0,3904,0,12,3892
2023-11-05,AI,Anguilla,AMRO,0,3904,0,12,3892
2023-11-12,AI,Anguilla,AMRO,0,3904,0,12,3892
2023-11-19,AI,Anguilla,AMRO,0,3904,0,12,3892
2023-11-26,AI,Anguilla,AMRO,0,3904,0,12,3892
2023-12-03,AI,Anguilla,AMRO,0,3904,0,12,3892
2023-12-10,AI,Anguilla,AMRO,0,3904,0,12,3892
2023-12-17,AI,Anguilla,AMRO,0,3904,0,12,3892
2023-12-24,AI,Anguilla,AMRO,0,3904,0,12,3892
2023-12-31,AI,Anguilla,AMRO,0,3904,0,12,3892
2024-01-07,AI,Anguilla,AMRO,0,3904,0,12,3892
2024-01-14,AI,Anguilla,AMRO,0,3904,0,12,3892
2024-01-21,AI,Anguilla,AMRO,0,3904,0,12,3892
2024-01-28,AI,Anguilla,AMRO,0,3904,0,12,3892
2024-02-04,AI,Anguilla,AMRO,0,3904,0,12,3892
2024-02-11,AI,Anguilla,AMRO,0,3904,0,12,3892
2024-02-18,AI,Anguilla,AMRO,0,3904,0,12,3892
2024-02-25,AI,Anguilla,AMRO,0,3904,0,12,3892
2024-03-03,AI,Anguilla,AMRO,0,3904,0,12,3892
2024-03-10,AI,Anguilla,AMRO,0,3904,0,12,3892
2024-03-17,AI,Anguilla,AMRO,0,3904,0,12,3892
2024-03-24,AI,Anguilla,AMRO,0,3904,0,12,3892
2024-03-31,AI,Anguilla,AMRO,0,3904,0,12,3892
2024-04-07,AI,Anguilla,AMRO,0,3904,0,12,3892
2024-04-14,AI,Anguilla,AMRO,0,3904,0,12,3892
2024-04-21,AI,Anguilla,AMRO,0,3904,0,12,3892
2024-04-28,AI,Anguilla,AMRO,0,3904,0,12,3892
2024-05-05,AI,Anguilla,AMRO,0,3904,0,12,3892
2024-05-12,AI,Anguilla,AMRO,0,3904,0,12,3892
2024-05-19,AI,Anguilla,AMRO,0,3904,0,12,3892
2024-05-26,AI,Anguilla,AMRO,0,3904,0,12,3892
2024-06-02,AI,Anguilla,AMRO,0,3904,0,12,3892
2024-06-09,AI,Anguilla,AMRO,0,3904,0,12,3892
2024-06-16,AI,Anguilla,AMRO,0,3904,0,12,3892
2024-06-23,AI,Anguilla,AMRO,0,3904,0,12,3892
2024-06-30,AI,Anguilla,AMRO,0,3904,0,12,3892
2024-07-07,AI,Anguilla,AMRO,0,3904,0,12,3892
2024-07-14,AI,Anguilla,AMRO,0,3904,0,12,3892
2024-07-21,AI,Anguilla,AMRO,0,3904,0,12,3892
2024-07-28,AI,Anguilla,AMRO,0,3904,0,12,3892
2024-08-04,AI,Anguilla,AMRO,0,3904,0,12,3892
2024-08-11,AI,Anguilla,AMRO,0,3904,0,12,3892
2024-08-18,AI,Anguilla,AMRO,0,3904,0,12,3892
2024-08-25,AI,Anguilla,AMRO,0,3904,0,12,3892
2024-09-01,AI,Anguilla,AMRO,0,3904,0,12,3892
2024-09-08,AI,Anguilla,AMRO,0,3904,0,12,3892
2024-09-15,AI,Anguilla,AMRO,0,3904,0,12,3892
2024-09-22,AI,Anguilla,AMRO,0,3904,0,12,3892
2024-09-29,AI,Anguilla,AMRO,0,3904,0,12,3892
2024-10-06,AI,Anguilla,AMRO,0,3904,0,12,3892
2024-10-13,AI,Anguilla,AMRO,0,3904,0,12,3892
2024-10-20,AI,Anguilla,AMRO,0,3904,0,12,3892
2024-10-27,AI,Anguilla,AMRO,0,3904,0,12,3892
2024-11-03,AI,Anguilla,AMRO,0,3904,0,12,3892
2024-11-10,AI,Anguilla,AMRO,0,3904,0,12,3892
2024-11-17,AI,Anguilla,AMRO,0,3904,0,12,3892
2020-01-05,AG,Antigua and Barbuda,AMRO,0,0,0,0,0
2020-01-12,AG,Antigua and Barbuda,AMRO,0,0,0,0,0
2020-01-19,AG,Antigua and Barbuda,AMRO,0,0,0,0,0
2020-01-26,AG,Antigua and Barbuda,AMRO,0,0,0,0,0
2020-02-02,AG,Antigua and Barbuda,AMRO,0,0,0,0,0
2020-02-09,AG,Antigua and Barbuda,AMRO,0,0,0,0,0
2020-02-16,AG,Antigua and Barbuda,AMRO,0,0,0,0,0
2020-02-23,AG,Antigua and Barbuda,AMRO,0,0,0,0,0
2020-03-01,AG,Antigua and Barbuda,AMRO,0,0,0,0,0
2020-03-08,AG,Antigua and Barbuda,AMRO,0,0,0,0,0
2020-03-15,AG,Antigua and Barbuda,AMRO,1,1,0,0,1
2020-03-22,AG,Antigua and Barbuda,AMRO,0,1,0,0,1
2020-03-29,AG,Antigua and Barbuda,AMRO,6,7,0,0,7
2020-04-05,AG,Antigua and Barbuda,AMRO,0,7,0,0,7
2020-04-12,AG,Antigua and Barbuda,AMRO,14,21,2,2,19
2020-04-19,AG,Antigua and Barbuda,AMRO,2,23,0,2,21
2020-04-26,AG,Antigua and Barbuda,AMRO,1,24,1,3,21
2020-05-03,AG,Antigua and Barbuda,AMRO,0,24,0,3,21
2020-05-10,AG,Antigua and Barbuda,AMRO,1,25,0,3,22
2020-05-17,AG,Antigua and Barbuda,AMRO,0,25,0,3,22
2020-05-24,AG,Antigua and Barbuda,AMRO,0,25,0,3,22
2020-05-31,AG,Antigua and Barbuda,AMRO,0,25,0,3,22
2020-06-07,AG,Antigua and Barbuda,AMRO,0,25,0,3,22
2020-06-14,AG,Antigua and Barbuda,AMRO,1,26,0,3,23
2020-06-21,AG,Antigua and Barbuda,AMRO,0,26,0,3,23
2020-06-28,AG,Antigua and Barbuda,AMRO,39,65,0,3,62
2020-07-05,AG,Antigua and Barbuda,AMRO,3,68,0,3,65
2020-07-12,AG,Antigua and Barbuda,AMRO,6,74,0,3,71
2020-07-19,AG,Antigua and Barbuda,AMRO,2,76,0,3,73
2020-07-26,AG,Antigua and Barbuda,AMRO,6,82,0,3,79
2020-08-02,AG,Antigua and Barbuda,AMRO,9,91,0,3,88
2020-08-09,AG,Antigua and Barbuda,AMRO,1,92,0,3,89
2020-08-16,AG,Antigua and Barbuda,AMRO,1,93,0,3,90
2020-08-23,AG,Antigua and Barbuda,AMRO,1,94,0,3,91
2020-08-30,AG,Antigua and Barbuda,AMRO,0,94,0,3,91
2020-09-06,AG,Antigua and Barbuda,AMRO,1,95,0,3,92
2020-09-13,AG,Antigua and Barbuda,AMRO,0,95,0,3,92
2020-09-20,AG,Antigua and Barbuda,AMRO,0,95,0,3,92
2020-09-27,AG,Antigua and Barbuda,AMRO,3,98,0,3,95
2020-10-04,AG,Antigua and Barbuda,AMRO,8,106,0,3,103
2020-10-11,AG,Antigua and Barbuda,AMRO,5,111,0,3,108
2020-10-18,AG,Antigua and Barbuda,AMRO,2,113,0,3,110
2020-10-25,AG,Antigua and Barbuda,AMRO,9,122,0,3,119
2020-11-01,AG,Antigua and Barbuda,AMRO,5,127,0,3,124
2020-11-08,AG,Antigua and Barbuda,AMRO,3,130,0,3,127
2020-11-15,AG,Antigua and Barbuda,AMRO,3,133,1,4,129
2020-11-22,AG,Antigua and Barbuda,AMRO,6,139,0,4,135
2020-11-29,AG,Antigua and Barbuda,AMRO,2,141,0,4,137
2020-12-06,AG,Antigua and Barbuda,AMRO,3,144,0,4,140
2020-12-13,AG,Antigua and Barbuda,AMRO,3,147,0,4,143
2020-12-20,AG,Antigua and Barbuda,AMRO,5,152,1,5,147
2020-12-27,AG,Antigua and Barbuda,AMRO,3,155,0,5,150
2021-01-03,AG,Antigua and Barbuda,AMRO,4,159,0,5,154
2021-01-10,AG,Antigua and Barbuda,AMRO,10,169,0,5,164
2021-01-17,AG,Antigua and Barbuda,AMRO,18,187,1,6,181
2021-01-24,AG,Antigua and Barbuda,AMRO,8,195,0,6,189
2021-01-31,AG,Antigua and Barbuda,AMRO,23,218,1,7,211
2021-02-07,AG,Antigua and Barbuda,AMRO,59,277,0,7,270
2021-02-14,AG,Antigua and Barbuda,AMRO,150,427,2,9,418
2021-02-21,AG,Antigua and Barbuda,AMRO,171,598,2,11,587
2021-02-28,AG,Antigua and Barbuda,AMRO,128,726,3,14,712
2021-03-07,AG,Antigua and Barbuda,AMRO,87,813,7,21,792
2021-03-14,AG,Antigua and Barbuda,AMRO,149,962,6,27,935
2021-03-21,AG,Antigua and Barbuda,AMRO,71,1033,1,28,1005
2021-03-28,AG,Antigua and Barbuda,AMRO,89,1122,0,28,1094
2021-04-04,AG,Antigua and Barbuda,AMRO,48,1170,0,28,1142
2021-04-11,AG,Antigua and Barbuda,AMRO,12,1182,2,30,1152
2021-04-18,AG,Antigua and Barbuda,AMRO,31,1213,1,31,1182
2021-04-25,AG,Antigua and Barbuda,AMRO,14,1227,0,31,1196
2021-05-02,AG,Antigua and Barbuda,AMRO,2,1229,1,32,1197
2021-05-09,AG,Antigua and Barbuda,AMRO,8,1237,0,32,1205
2021-05-16,AG,Antigua and Barbuda,AMRO,14,1251,10,42,1209
2021-05-23,AG,Antigua and Barbuda,AMRO,4,1255,0,42,1213
2021-05-30,AG,Antigua and Barbuda,AMRO,4,1259,0,42,1217
2021-06-06,AG,Antigua and Barbuda,AMRO,4,1263,0,42,1221
2021-06-13,AG,Antigua and Barbuda,AMRO,0,1263,0,42,1221
2021-06-20,AG,Antigua and Barbuda,AMRO,0,1263,0,42,1221
2021-06-27,AG,Antigua and Barbuda,AMRO,0,1263,0,42,1221
2021-07-04,AG,Antigua and Barbuda,AMRO,1,1264,0,42,1222
2021-07-11,AG,Antigua and Barbuda,AMRO,2,1266,0,42,1224
2021-07-18,AG,Antigua and Barbuda,AMRO,2,1268,0,42,1226
2021-07-25,AG,Antigua and Barbuda,AMRO,12,1280,1,43,1237
2021-08-01,AG,Antigua and Barbuda,AMRO,23,1303,0,43,1260
2021-08-08,AG,Antigua and Barbuda,AMRO,25,1328,0,43,1285
2021-08-15,AG,Antigua and Barbuda,AMRO,44,1372,0,43,1329
2021-08-22,AG,Antigua and Barbuda,AMRO,118,1490,0,43,1447
2021-08-29,AG,Antigua and Barbuda,AMRO,148,1638,0,43,1595
2021-09-05,AG,Antigua and Barbuda,AMRO,121,1759,3,46,1713
2021-09-12,AG,Antigua and Barbuda,AMRO,394,2153,2,48,2105
2021-09-19,AG,Antigua and Barbuda,AMRO,450,2603,7,55,2548
2021-09-26,AG,Antigua and Barbuda,AMRO,299,2902,9,64,2838
2021-10-03,AG,Antigua and Barbuda,AMRO,501,3403,20,84,3319
2021-10-10,AG,Antigua and Barbuda,AMRO,335,3738,7,91,3647
2021-10-17,AG,Antigua and Barbuda,AMRO,150,3888,4,95,3793
2021-10-24,AG,Antigua and Barbuda,AMRO,122,4010,4,99,3911
2021-10-31,AG,Antigua and Barbuda,AMRO,30,4040,3,102,3938
2021-11-07,AG,Antigua and Barbuda,AMRO,38,4078,2,104,3974
2021-11-14,AG,Antigua and Barbuda,AMRO,40,4118,3,107,4011
2021-11-21,AG,Antigua and Barbuda,AMRO,15,4133,1,108,4025
2021-11-28,AG,Antigua and Barbuda,AMRO,8,4141,9,117,4024
2021-12-05,AG,Antigua and Barbuda,AMRO,6,4147,0,117,4030
2021-12-12,AG,Antigua and Barbuda,AMRO,12,4159,0,117,4042
2021-12-19,AG,Antigua and Barbuda,AMRO,39,4198,0,117,4081
2021-12-26,AG,Antigua and Barbuda,AMRO,31,4229,1,118,4111
2022-01-02,AG,Antigua and Barbuda,AMRO,182,4411,1,119,4292
2022-01-09,AG,Antigua and Barbuda,AMRO,433,4844,0,119,4725
2022-01-16,AG,Antigua and Barbuda,AMRO,477,5321,1,120,5201
2022-01-23,AG,Antigua and Barbuda,AMRO,610,5931,2,122,5809
2022-01-30,AG,Antigua and Barbuda,AMRO,627,6558,5,127,6431
2022-02-06,AG,Antigua and Barbuda,AMRO,174,6732,0,127,6605
2022-02-13,AG,Antigua and Barbuda,AMRO,599,7331,7,134,7197
2022-02-20,AG,Antigua and Barbuda,AMRO,77,7408,1,135,7273
2022-02-27,AG,Antigua and Barbuda,AMRO,29,7437,0,135,7302
2022-03-06,AG,Antigua and Barbuda,AMRO,18,7455,0,135,7320
2022-03-13,AG,Antigua and Barbuda,AMRO,11,7466,0,135,7331
2022-03-20,AG,Antigua and Barbuda,AMRO,4,7470,0,135,7335
2022-03-27,AG,Antigua and Barbuda,AMRO,12,7482,0,135,7347
2022-04-03,AG,Antigua and Barbuda,AMRO,11,7493,0,135,7358
2022-04-10,AG,Antigua and Barbuda,AMRO,18,7511,0,135,7376
2022-04-17,AG,Antigua and Barbuda,AMRO,24,7535,0,135,7400
2022-04-24,AG,Antigua and Barbuda,AMRO,36,7571,0,135,7436
2022-05-01,AG,Antigua and Barbuda,AMRO,55,7626,1,136,7490
2022-05-08,AG,Antigua and Barbuda,AMRO,37,7663,1,137,7526
2022-05-15,AG,Antigua and Barbuda,AMRO,58,7721,0,137,7584
2022-05-22,AG,Antigua and Barbuda,AMRO,221,7942,1,138,7804
2022-05-29,AG,Antigua and Barbuda,AMRO,177,8119,0,138,7981
2022-06-05,AG,Antigua and Barbuda,AMRO,213,8332,0,138,8194
2022-06-12,AG,Antigua and Barbuda,AMRO,160,8492,2,140,8352
2022-06-19,AG,Antigua and Barbuda,AMRO,89,8581,0,140,8441
2022-06-26,AG,Antigua and Barbuda,AMRO,44,8625,1,141,8484
2022-07-03,AG,Antigua and Barbuda,AMRO,31,8656,0,141,8515
2022-07-10,AG,Antigua and Barbuda,AMRO,30,8686,2,143,8543
2022-07-17,AG,Antigua and Barbuda,AMRO,18,8704,0,143,8561
2022-07-24,AG,Antigua and Barbuda,AMRO,32,8736,1,144,8592
2022-07-31,AG,Antigua and Barbuda,AMRO,37,8773,0,144,8629
2022-08-07,AG,Antigua and Barbuda,AMRO,14,8787,0,144,8643
2022-08-14,AG,Antigua and Barbuda,AMRO,33,8820,0,144,8676
2022-08-21,AG,Antigua and Barbuda,AMRO,75,8895,0,144,8751
2022-08-28,AG,Antigua and Barbuda,AMRO,54,8949,1,145,8804
2022-09-04,AG,Antigua and Barbuda,AMRO,25,8974,0,145,8829
2022-09-11,AG,Antigua and Barbuda,AMRO,0,8974,0,145,8829
2022-09-18,AG,Antigua and Barbuda,AMRO,34,9008,0,145,8863
2022-09-25,AG,Antigua and Barbuda,AMRO,81,9089,1,146,8943
2022-10-02,AG,Antigua and Barbuda,AMRO,9,9098,0,146,8952
2022-10-09,AG,Antigua and Barbuda,AMRO,8,9106,0,146,8960
2022-10-16,AG,Antigua and Barbuda,AMRO,0,9106,0,146,8960
2022-10-23,AG,Antigua and Barbuda,AMRO,0,9106,0,146,8960
2022-10-30,AG,Antigua and Barbuda,AMRO,0,9106,0,146,8960
2022-11-06,AG,Antigua and Barbuda,AMRO,0,9106,0,146,8960
2022-11-13,AG,Antigua and Barbuda,AMRO,0,9106,0,146,8960
2022-11-20,AG,Antigua and Barbuda,AMRO,0,9106,0,146,8960
2022-11-27,AG,Antigua and Barbuda,AMRO,0,9106,0,146,8960
2022-12-04,AG,Antigua and Barbuda,AMRO,0,9106,0,146,8960
2022-12-11,AG,Antigua and Barbuda,AMRO,0,9106,0,146,8960
2022-12-18,AG,Antigua and Barbuda,AMRO,0,9106,0,146,8960
2022-12-25,AG,Antigua and Barbuda,AMRO,0,9106,0,146,8960
2023-01-01,AG,Antigua and Barbuda,AMRO,0,9106,0,146,8960
2023-01-08,AG,Antigua and Barbuda,AMRO,0,9106,0,146,8960
2023-01-15,AG,Antigua and Barbuda,AMRO,0,9106,0,146,8960
2023-01-22,AG,Antigua and Barbuda,AMRO,0,9106,0,146,8960
2023-01-29,AG,Antigua and Barbuda,AMRO,0,9106,0,146,8960
2023-02-05,AG,Antigua and Barbuda,AMRO,0,9106,0,146,8960
2023-02-12,AG,Antigua and Barbuda,AMRO,0,9106,0,146,8960
2023-02-19,AG,Antigua and Barbuda,AMRO,0,9106,0,146,8960
2023-02-26,AG,Antigua and Barbuda,AMRO,0,9106,0,146,8960
2023-03-05,AG,Antigua and Barbuda,AMRO,0,9106,0,146,8960
2023-03-12,AG,Antigua and Barbuda,AMRO,0,9106,0,146,8960
2023-03-19,AG,Antigua and Barbuda,AMRO,0,9106,0,146,8960
2023-03-26,AG,Antigua and Barbuda,AMRO,0,9106,0,146,8960
2023-04-02,AG,Antigua and Barbuda,AMRO,0,9106,0,146,8960
2023-04-09,AG,Antigua and Barbuda,AMRO,0,9106,0,146,8960
2023-04-16,AG,Antigua and Barbuda,AMRO,0,9106,0,146,8960
2023-04-23,AG,Antigua and Barbuda,AMRO,0,9106,0,146,8960
2023-04-30,AG,Antigua and Barbuda,AMRO,0,9106,0,146,8960
2023-05-07,AG,Antigua and Barbuda,AMRO,0,9106,0,146,8960
2023-05-14,AG,Antigua and Barbuda,AMRO,0,9106,0,146,8960
2023-05-21,AG,Antigua and Barbuda,AMRO,0,9106,0,146,8960
2023-05-28,AG,Antigua and Barbuda,AMRO,0,9106,0,146,8960
2023-06-04,AG,Antigua and Barbuda,AMRO,0,9106,0,146,8960
2023-06-11,AG,Antigua and Barbuda,AMRO,0,9106,0,146,8960
2023-06-18,AG,Antigua and Barbuda,AMRO,0,9106,0,146,8960
2023-06-25,AG,Antigua and Barbuda,AMRO,0,9106,0,146,8960
2023-07-02,AG,Antigua and Barbuda,AMRO,0,9106,0,146,8960
2023-07-09,AG,Antigua and Barbuda,AMRO,0,9106,0,146,8960
2023-07-16,AG,Antigua and Barbuda,AMRO,0,9106,0,146,8960
2023-07-23,AG,Antigua and Barbuda,AMRO,0,9106,0,146,8960
2023-07-30,AG,Antigua and Barbuda,AMRO,0,9106,0,146,8960
2023-08-06,AG,Antigua and Barbuda,AMRO,0,9106,0,146,8960
2023-08-13,AG,Antigua and Barbuda,AMRO,0,9106,0,146,8960
2023-08-20,AG,Antigua and Barbuda,AMRO,0,9106,0,146,8960
2023-08-27,AG,Antigua and Barbuda,AMRO,0,9106,0,146,8960
2023-09-03,AG,Antigua and Barbuda,AMRO,0,9106,0,146,8960
2023-09-10,AG,Antigua and Barbuda,AMRO,0,9106,0,146,8960
2023-09-17,AG,Antigua and Barbuda,AMRO,0,9106,0,146,8960
2023-09-24,AG,Antigua and Barbuda,AMRO,0,9106,0,146,8960
2023-10-01,AG,Antigua and Barbuda,AMRO,0,9106,0,146,8960
2023-10-08,AG,Antigua and Barbuda,AMRO,0,9106,0,146,8960
2023-10-15,AG,Antigua and Barbuda,AMRO,0,9106,0,146,8960
2023-10-22,AG,Antigua and Barbuda,AMRO,0,9106,0,146,8960
2023-10-29,AG,Antigua and Barbuda,AMRO,0,9106,0,146,8960
2023-11-05,AG,Antigua and Barbuda,AMRO,0,9106,0,146,8960
2023-11-12,AG,Antigua and Barbuda,AMRO,0,9106,0,146,8960
2023-11-19,AG,Antigua and Barbuda,AMRO,0,9106,0,146,8960
2023-11-26,AG,Antigua and Barbuda,AMRO,0,9106,0,146,8960
2023-12-03,AG,Antigua and Barbuda,AMRO,0,9106,0,146,8960
2023-12-10,AG,Antigua and Barbuda,AMRO,0,9106,0,146,8960
2023-12-17,AG,Antigua and Barbuda,AMRO,0,9106,0,146,8960
2023-12-24,AG,Antigua and Barbuda,AMRO,0,9106,0,146,8960
2023-12-31,AG,Antigua and Barbuda,AMRO,0,9106,0,146,8960
2024-01-07,AG,Antigua and Barbuda,AMRO,0,9106,0,146,8960
2024-01-14,AG,Antigua and Barbuda,AMRO,0,9106,0,146,8960
2024-01-21,AG,Antigua and Barbuda,AMRO,0,9106,0,146,8960
2024-01-28,AG,Antigua and Barbuda,AMRO,0,9106,0,146,8960
2024-02-04,AG,Antigua and Barbuda,AMRO,0,9106,0,146,8960
2024-02-11,AG,Antigua and Barbuda,AMRO,0,9106,0,146,8960
2024-02-18,AG,Antigua and Barbuda,AMRO,0,9106,0,146,8960
2024-02-25,AG,Antigua and Barbuda,AMRO,0,9106,0,146,8960
2024-03-03,AG,Antigua and Barbuda,AMRO,0,9106,0,146,8960
2024-03-10,AG,Antigua and Barbuda,AMRO,0,9106,0,146,8960
2024-03-17,AG,Antigua and Barbuda,AMRO,0,9106,0,146,8960
2024-03-24,AG,Antigua and Barbuda,AMRO,0,9106,0,146,8960
2024-03-31,AG,Antigua and Barbuda,AMRO,0,9106,0,146,8960
2024-04-07,AG,Antigua and Barbuda,AMRO,0,9106,0,146,8960
2024-04-14,AG,Antigua and Barbuda,AMRO,0,9106,0,146,8960
2024-04-21,AG,Antigua and Barbuda,AMRO,0,9106,0,146,8960
2024-04-28,AG,Antigua and Barbuda,AMRO,0,9106,0,146,8960
2024-05-05,AG,Antigua and Barbuda,AMRO,0,9106,0,146,8960
2024-05-12,AG,Antigua and Barbuda,AMRO,0,9106,0,146,8960
2024-05-19,AG,Antigua and Barbuda,AMRO,0,9106,0,146,8960
2024-05-26,AG,Antigua and Barbuda,AMRO,0,9106,0,146,8960
2024-06-02,AG,Antigua and Barbuda,AMRO,0,9106,0,146,8960
2024-06-09,AG,Antigua and Barbuda,AMRO,0,9106,0,146,8960
2024-06-16,AG,Antigua and Barbuda,AMRO,0,9106,0,146,8960
2024-06-23,AG,Antigua and Barbuda,AMRO,0,9106,0,146,8960
2024-06-30,AG,Antigua and Barbuda,AMRO,0,9106,0,146,8960
2024-07-07,AG,Antigua and Barbuda,AMRO,0,9106,0,146,8960
2024-07-14,AG,Antigua and Barbuda,AMRO,0,9106,0,146,8960
2024-07-21,AG,Antigua and Barbuda,AMRO,0,9106,0,146,8960
2024-07-28,AG,Antigua and Barbuda,AMRO,0,9106,0,146,8960
2024-08-04,AG,Antigua and Barbuda,AMRO,0,9106,0,146,8960
2024-08-11,AG,Antigua and Barbuda,AMRO,0,9106,0,146,8960
2024-08-18,AG,Antigua and Barbuda,AMRO,0,9106,0,146,8960
2024-08-25,AG,Antigua and Barbuda,AMRO,0,9106,0,146,8960
2024-09-01,AG,Antigua and Barbuda,AMRO,0,9106,0,146,8960
2024-09-08,AG,Antigua and Barbuda,AMRO,0,9106,0,146,8960
2024-09-15,AG,Antigua and Barbuda,AMRO,0,9106,0,146,8960
2024-09-22,AG,Antigua and Barbuda,AMRO,0,9106,0,146,8960
2024-09-29,AG,Antigua and Barbuda,AMRO,0,9106,0,146,8960
2024-10-06,AG,Antigua and Barbuda,AMRO,0,9106,0,146,8960
2024-10-13,AG,Antigua and Barbuda,AMRO,0,9106,0,146,8960
2024-10-20,AG,Antigua and Barbuda,AMRO,0,9106,0,146,8960
2024-10-27,AG,Antigua and Barbuda,AMRO,0,9106,0,146,8960
2024-11-03,AG,Antigua and Barbuda,AMRO,0,9106,0,146,8960
2024-11-10,AG,Antigua and Barbuda,AMRO,0,9106,0,146,8960
2024-11-17,AG,Antigua and Barbuda,AMRO,0,9106,0,146,8960
2020-01-05,AR,Argentina,AMRO,0,0,0,0,0
2020-01-12,AR,Argentina,AMRO,0,0,0,0,0
2020-01-19,AR,Argentina,AMRO,0,0,0,0,0
2020-01-26,AR,Argentina,AMRO,0,0,0,0,0
2020-02-02,AR,Argentina,AMRO,0,0,0,0,0
2020-02-09,AR,Argentina,AMRO,0,0,0,0,0
2020-02-16,AR,Argentina,AMRO,0,0,0,0,0
2020-02-23,AR,Argentina,AMRO,0,0,0,0,0
2020-03-01,AR,Argentina,AMRO,0,0,0,0,0
2020-03-08,AR,Argentina,AMRO,22,22,1,1,21
2020-03-15,AR,Argentina,AMRO,109,131,8,9,122
2020-03-22,AR,Argentina,AMRO,405,536,11,20,516
2020-03-29,AR,Argentina,AMRO,746,1282,50,70,1212
2020-04-05,AR,Argentina,AMRO,791,2073,61,131,1942
2020-04-12,AR,Argentina,AMRO,917,2990,74,205,2785
2020-04-19,AR,Argentina,AMRO,1076,4066,74,279,3787
2020-04-26,AR,Argentina,AMRO,1398,5464,132,411,5053
2020-05-03,AR,Argentina,AMRO,1289,6753,115,526,6227
2020-05-10,AR,Argentina,AMRO,1897,8650,120,646,8004
2020-05-17,AR,Argentina,AMRO,2910,11560,144,790,10770
2020-05-24,AR,Argentina,AMRO,5061,16621,219,1009,15612
2020-05-31,AR,Argentina,AMRO,5785,22406,297,1306,21100
2020-06-07,AR,Argentina,AMRO,7297,29703,358,1664,28039
2020-06-14,AR,Argentina,AMRO,10685,40388,458,2122,38266
2020-06-21,AR,Argentina,AMRO,14050,54438,602,2724,51714
2020-06-28,AR,Argentina,AMRO,19007,73445,776,3500,69945
2020-07-05,AR,Argentina,AMRO,20195,93640,903,4403,89237
2020-07-12,AR,Argentina,AMRO,24971,118611,1153,5556,113055
2020-07-19,AR,Argentina,AMRO,31572,150183,1374,6930,143253
2020-07-26,AR,Argentina,AMRO,39247,189430,1544,8474,180956
2020-08-02,AR,Argentina,AMRO,41965,231395,1456,9930,221465
2020-08-09,AR,Argentina,AMRO,51641,283036,1762,11692,271344
2020-08-16,AR,Argentina,AMRO,48677,331713,1662,13354,318359
2020-08-23,AR,Argentina,AMRO,51183,382896,1877,15231,367665
2020-08-30,AR,Argentina,AMRO,68979,451875,2260,17491,434384
2020-09-06,AR,Argentina,AMRO,72320,524195,2324,19815,504380
2020-09-13,AR,Argentina,AMRO,78158,602353,2446,22261,580092
2020-09-20,AR,Argentina,AMRO,75330,677683,2340,24601,653082
2020-09-27,AR,Argentina,AMRO,81712,759395,2456,27057,732338
2020-10-04,AR,Argentina,AMRO,87054,846449,2523,29580,816869
2020-10-11,AR,Argentina,AMRO,96217,942666,2602,32182,910484
2020-10-18,AR,Argentina,AMRO,95982,1038648,2449,34631,1004017
2020-10-25,AR,Argentina,AMRO,97588,1136236,2348,36979,1099257
2020-11-01,AR,Argentina,AMRO,81504,1217740,1854,38833,1178907
2020-11-08,AR,Argentina,AMRO,70725,1288465,1683,40516,1247949
2020-11-15,AR,Argentina,AMRO,67129,1355594,1452,41968,1313626
2020-11-22,AR,Argentina,AMRO,57887,1413481,1170,43138,1370343
2020-11-29,AR,Argentina,AMRO,48034,1461515,943,44081,1417434
2020-12-06,AR,Argentina,AMRO,42762,1504277,862,44943,1459334
2020-12-13,AR,Argentina,AMRO,35314,1539591,795,45738,1493853
2020-12-20,AR,Argentina,AMRO,45454,1585045,910,46648,1538397
2020-12-27,AR,Argentina,AMRO,44863,1629908,859,47507,1582401
2021-01-03,AR,Argentina,AMRO,60464,1690372,1103,48610,1641762
2021-01-10,AR,Argentina,AMRO,84733,1775105,1415,50025,1725080
2021-01-17,AR,Argentina,AMRO,77946,1853051,1300,51325,1801726
2021-01-24,AR,Argentina,AMRO,79316,1932367,1260,52585,1879782
2021-01-31,AR,Argentina,AMRO,61185,1993552,1131,53716,1939836
2021-02-07,AR,Argentina,AMRO,51269,2044821,948,54664,1990157
2021-02-14,AR,Argentina,AMRO,50744,2095565,935,55599,2039966
2021-02-21,AR,Argentina,AMRO,42687,2138252,797,56396,2081856
2021-02-28,AR,Argentina,AMRO,44701,2182953,831,57227,2125726
2021-03-07,AR,Argentina,AMRO,43723,2226676,884,58111,2168565
2021-03-14,AR,Argentina,AMRO,50279,2276955,977,59088,2217867
2021-03-21,AR,Argentina,AMRO,51631,2328586,994,60082,2268504
2021-03-28,AR,Argentina,AMRO,71481,2400067,1259,61341,2338726
2021-04-04,AR,Argentina,AMRO,93977,2494044,1654,62995,2431049
2021-04-11,AR,Argentina,AMRO,153369,2647413,2619,65614,2581799
2021-04-18,AR,Argentina,AMRO,164523,2811936,3293,68907,2743029
2021-04-25,AR,Argentina,AMRO,165754,2977690,3470,72377,2905313
2021-05-02,AR,Argentina,AMRO,141493,3119183,3115,75492,3043691
2021-05-09,AR,Argentina,AMRO,144708,3263891,3189,78681,3185210
2021-05-16,AR,Argentina,AMRO,165989,3429880,3641,82322,3347558
2021-05-23,AR,Argentina,AMRO,234660,3664540,4516,86838,3577702
2021-05-30,AR,Argentina,AMRO,208332,3872872,4339,91177,3781695
2021-06-06,AR,Argentina,AMRO,195205,4068077,3978,95155,3972922
2021-06-13,AR,Argentina,AMRO,162769,4230846,3317,98472,4132374
2021-06-20,AR,Argentina,AMRO,137636,4368482,2694,101166,4267316
2021-06-27,AR,Argentina,AMRO,133147,4501629,2532,103698,4397931
2021-07-04,AR,Argentina,AMRO,125444,4627073,2169,105867,4521206
2021-07-11,AR,Argentina,AMRO,108881,4735954,1889,107756,4628198
2021-07-18,AR,Argentina,AMRO,105110,4841064,1782,109538,4731526
2021-07-25,AR,Argentina,AMRO,88348,4929412,1367,110905,4818507
2021-08-01,AR,Argentina,AMRO,87225,5016637,1205,112110,4904527
2021-08-08,AR,Argentina,AMRO,80437,5097074,1157,113267,4983807
2021-08-15,AR,Argentina,AMRO,62306,5159380,893,114160,5045220
2021-08-22,AR,Argentina,AMRO,47254,5206634,684,114844,5091790
2021-08-29,AR,Argentina,AMRO,38265,5244899,537,115381,5129518
2021-09-05,AR,Argentina,AMRO,28531,5273430,418,115799,5157631
2021-09-12,AR,Argentina,AMRO,19860,5293290,290,116089,5177201
2021-09-19,AR,Argentina,AMRO,14221,5307511,218,116307,5191204
2021-09-26,AR,Argentina,AMRO,10997,5318508,127,116434,5202074
2021-10-03,AR,Argentina,AMRO,9250,5327758,87,116521,5211237
2021-10-10,AR,Argentina,AMRO,6633,5334391,84,116605,5217786
2021-10-17,AR,Argentina,AMRO,7214,5341605,86,116691,5224914
2021-10-24,AR,Argentina,AMRO,8597,5350202,70,116761,5233441
2021-10-31,AR,Argentina,AMRO,9024,5359226,62,116823,5242403
2021-11-07,AR,Argentina,AMRO,8642,5367868,64,116887,5250981
2021-11-14,AR,Argentina,AMRO,9415,5377283,82,116969,5260314
2021-11-21,AR,Argentina,AMRO,10247,5387530,99,117068,5270462
2021-11-28,AR,Argentina,AMRO,11855,5399385,114,117182,5282203
2021-12-05,AR,Argentina,AMRO,15763,5415148,117,117299,5297849
2021-12-12,AR,Argentina,AMRO,20177,5435325,135,117434,5317891
2021-12-19,AR,Argentina,AMRO,37801,5473126,163,117597,5355529
2021-12-26,AR,Argentina,AMRO,86790,5559916,233,117830,5442086
2022-01-02,AR,Argentina,AMRO,262012,5821928,421,118251,5703677
2022-01-09,AR,Argentina,AMRO,647721,6469649,1003,119254,6350395
2022-01-16,AR,Argentina,AMRO,770687,7240336,1808,121062,7119274
2022-01-23,AR,Argentina,AMRO,727782,7968118,2464,123526,7844592
2022-01-30,AR,Argentina,AMRO,432304,8400422,1988,125514,8274908
2022-02-06,AR,Argentina,AMRO,226829,8627251,1212,126726,8500525
2022-02-13,AR,Argentina,AMRO,124665,8751916,628,127354,8624562
2022-02-20,AR,Argentina,AMRO,83236,8835152,454,127808,8707344
2022-02-27,AR,Argentina,AMRO,64211,8899363,223,128031,8771332
2022-03-06,AR,Argentina,AMRO,36613,8935976,113,128144,8807832
2022-03-13,AR,Argentina,AMRO,31940,8967916,71,128215,8839701
2022-03-20,AR,Argentina,AMRO,34029,9001945,51,128266,8873679
2022-03-27,AR,Argentina,AMRO,15927,9017872,33,128299,8889573
2022-04-03,AR,Argentina,AMRO,12994,9030866,31,128330,8902536
2022-04-10,AR,Argentina,AMRO,9837,9040703,11,128341,8912362
2022-04-17,AR,Argentina,AMRO,6695,9047398,3,128344,8919054
2022-04-24,AR,Argentina,AMRO,24832,9072230,198,128542,8943688
2022-05-01,AR,Argentina,AMRO,11443,9083673,111,128653,8955020
2022-05-08,AR,Argentina,AMRO,17646,9101319,76,128729,8972590
2022-05-15,AR,Argentina,AMRO,33989,9135308,47,128776,9006532
2022-05-22,AR,Argentina,AMRO,43487,9178795,49,128825,9049970
2022-05-29,AR,Argentina,AMRO,51778,9230573,64,128889,9101684
2022-06-05,AR,Argentina,AMRO,46045,9276618,84,128973,9147645
2022-06-12,AR,Argentina,AMRO,36835,9313453,21,128994,9184459
2022-06-19,AR,Argentina,AMRO,28039,9341492,22,129016,9212476
2022-06-26,AR,Argentina,AMRO,25680,9367172,54,129070,9238102
2022-07-03,AR,Argentina,AMRO,27154,9394326,39,129109,9265217
2022-07-10,AR,Argentina,AMRO,31845,9426171,36,129145,9297026
2022-07-17,AR,Argentina,AMRO,39656,9465827,57,129202,9336625
2022-07-24,AR,Argentina,AMRO,41735,9507562,76,129278,9378284
2022-07-31,AR,Argentina,AMRO,52745,9560307,91,129369,9430938
2022-08-07,AR,Argentina,AMRO,42227,9602534,71,129440,9473094
2022-08-14,AR,Argentina,AMRO,31198,9633732,126,129566,9504166
2022-08-21,AR,Argentina,AMRO,24659,9658391,80,129646,9528745
2022-08-28,AR,Argentina,AMRO,19834,9678225,65,129711,9548514
2022-09-04,AR,Argentina,AMRO,11636,9689861,58,129769,9560092
2022-09-11,AR,Argentina,AMRO,7902,9697763,61,129830,9567933
2022-09-18,AR,Argentina,AMRO,6175,9703938,25,129855,9574083
2022-09-25,AR,Argentina,AMRO,4482,9708420,42,129897,9578523
2022-10-02,AR,Argentina,AMRO,2935,9711355,40,129937,9581418
2022-10-09,AR,Argentina,AMRO,2239,9713594,21,129958,9583636
2022-10-16,AR,Argentina,AMRO,1870,9715464,12,129970,9585494
2022-10-23,AR,Argentina,AMRO,2082,9717546,9,129979,9587567
2022-10-30,AR,Argentina,AMRO,1329,9718875,12,129991,9588884
2022-11-06,AR,Argentina,AMRO,1357,9720232,12,130003,9590229
2022-11-13,AR,Argentina,AMRO,1486,9721718,8,130011,9591707
2022-11-20,AR,Argentina,AMRO,2206,9723924,6,130017,9593907
2022-11-27,AR,Argentina,AMRO,3323,9727247,8,130025,9597222
2022-12-04,AR,Argentina,AMRO,12609,9739856,9,130034,9609822
2022-12-11,AR,Argentina,AMRO,27119,9766975,7,130041,9636934
2022-12-18,AR,Argentina,AMRO,62261,9829236,39,130080,9699156
2022-12-25,AR,Argentina,AMRO,61903,9891139,44,130124,9761015
2023-01-01,AR,Argentina,AMRO,72558,9963697,47,130171,9833526
2023-01-08,AR,Argentina,AMRO,40982,10004679,78,130249,9874430
2023-01-15,AR,Argentina,AMRO,19416,10024095,89,130338,9893757
2023-01-22,AR,Argentina,AMRO,8614,10032709,56,130394,9902315
2023-01-29,AR,Argentina,AMRO,4426,10037135,27,130421,9906714
2023-02-05,AR,Argentina,AMRO,3194,10040329,16,130437,9909892
2023-02-12,AR,Argentina,AMRO,1807,10042136,11,130448,9911688
2023-02-19,AR,Argentina,AMRO,1172,10043308,10,130458,9912850
2023-02-26,AR,Argentina,AMRO,817,10044125,5,130463,9913662
2023-03-05,AR,Argentina,AMRO,832,10044957,9,130472,9914485
2023-03-12,AR,Argentina,AMRO,0,10044957,0,130472,9914485
2023-03-19,AR,Argentina,AMRO,0,10044957,0,130472,9914485
2023-03-26,AR,Argentina,AMRO,0,10044957,0,130472,9914485
2023-04-02,AR,Argentina,AMRO,0,10044957,0,130472,9914485
2023-04-09,AR,Argentina,AMRO,0,10044957,0,130472,9914485
2023-04-16,AR,Argentina,AMRO,0,10044957,0,130472,9914485
2023-04-23,AR,Argentina,AMRO,0,10044957,0,130472,9914485
2023-04-30,AR,Argentina,AMRO,0,10044957,0,130472,9914485
2023-05-07,AR,Argentina,AMRO,0,10044957,0,130472,9914485
2023-05-14,AR,Argentina,AMRO,0,10044957,0,130472,9914485
2023-05-21,AR,Argentina,AMRO,0,10044957,0,130472,9914485
2023-05-28,AR,Argentina,AMRO,0,10044957,0,130472,9914485
2023-06-04,AR,Argentina,AMRO,0,10044957,0,130472,9914485
2023-06-11,AR,Argentina,AMRO,0,10044957,0,130472,9914485
2023-06-18,AR,Argentina,AMRO,0,10044957,0,130472,9914485
2023-06-25,AR,Argentina,AMRO,0,10044957,0,130472,9914485
2023-07-02,AR,Argentina,AMRO,0,10044957,0,130472,9914485
2023-07-09,AR,Argentina,AMRO,0,10044957,0,130472,9914485
2023-07-16,AR,Argentina,AMRO,0,10044957,0,130472,9914485
2023-07-23,AR,Argentina,AMRO,0,10044957,0,130472,9914485
2023-07-30,AR,Argentina,AMRO,0,10044957,0,130472,9914485
2023-08-06,AR,Argentina,AMRO,0,10044957,0,130472,9914485
2023-08-13,AR,Argentina,AMRO,0,10044957,0,130472,9914485
2023-08-20,AR,Argentina,AMRO,0,10044957,0,130472,9914485
2023-08-27,AR,Argentina,AMRO,0,10044957,0,130472,9914485
2023-09-03,AR,Argentina,AMRO,0,10044957,0,130472,9914485
2023-09-10,AR,Argentina,AMRO,0,10044957,0,130472,9914485
2023-09-17,AR,Argentina,AMRO,0,10044957,0,130472,9914485
2023-09-24,AR,Argentina,AMRO,0,10044957,0,130472,9914485
2023-10-01,AR,Argentina,AMRO,0,10044957,0,130472,9914485
2023-10-08,AR,Argentina,AMRO,0,10044957,0,130472,9914485
2023-10-15,AR,Argentina,AMRO,0,10044957,0,130472,9914485
2023-10-22,AR,Argentina,AMRO,0,10044957,0,130472,9914485
2023-10-29,AR,Argentina,AMRO,0,10044957,0,130472,9914485
2023-11-05,AR,Argentina,AMRO,0,10044957,0,130472,9914485
2023-11-12,AR,Argentina,AMRO,0,10044957,0,130472,9914485
2023-11-19,AR,Argentina,AMRO,0,10044957,0,130472,9914485
2023-11-26,AR,Argentina,AMRO,0,10044957,0,130472,9914485
2023-12-03,AR,Argentina,AMRO,0,10044957,0,130472,9914485
2023-12-10,AR,Argentina,AMRO,0,10044957,0,130472,9914485
2023-12-17,AR,Argentina,AMRO,0,10044957,0,130472,9914485
2023-12-24,AR,Argentina,AMRO,0,10044957,0,130472,9914485
2023-12-31,AR,Argentina,AMRO,0,10044957,0,130472,9914485
2024-01-07,AR,Argentina,AMRO,2217,10047174,6,130478,9916696
2024-01-14,AR,Argentina,AMRO,4038,10051212,12,130490,9920722
2024-01-21,AR,Argentina,AMRO,6590,10057802,18,130508,9927294
2024-01-28,AR,Argentina,AMRO,9033,10066835,18,130526,9936309
2024-02-04,AR,Argentina,AMRO,8904,10075739,25,130551,9945188
2024-02-11,AR,Argentina,AMRO,6202,10081941,24,130575,9951366
2024-02-18,AR,Argentina,AMRO,3747,10085688,21,130596,9955092
2024-02-25,AR,Argentina,AMRO,4082,10089770,9,130605,9959165
2024-03-03,AR,Argentina,AMRO,3021,10092791,11,130616,9962175
2024-03-10,AR,Argentina,AMRO,2095,10094886,8,130624,9964262
2024-03-17,AR,Argentina,AMRO,1918,10096804,8,130632,9966172
2024-03-24,AR,Argentina,AMRO,1322,10098126,10,130642,9967484
2024-03-31,AR,Argentina,AMRO,678,10098804,6,130648,9968156
2024-04-07,AR,Argentina,AMRO,419,10099223,0,130648,9968575
2024-04-14,AR,Argentina,AMRO,279,10099502,1,130649,9968853
2024-04-21,AR,Argentina,AMRO,213,10099715,2,130651,9969064
2024-04-28,AR,Argentina,AMRO,152,10099867,0,130651,9969216
2024-05-05,AR,Argentina,AMRO,122,10099989,3,130654,9969335
2024-05-12,AR,Argentina,AMRO,80,10100069,0,130654,9969415
2024-05-19,AR,Argentina,AMRO,93,10100162,2,130656,9969506
2024-05-26,AR,Argentina,AMRO,117,10100279,3,130659,9969620
2024-06-02,AR,Argentina,AMRO,108,10100387,1,130660,9969727
2024-06-09,AR,Argentina,AMRO,132,10100519,3,130663,9969856
2024-06-16,AR,Argentina,AMRO,138,10100657,0,130663,9969994
2024-06-23,AR,Argentina,AMRO,124,10100781,2,130665,9970116
2024-06-30,AR,Argentina,AMRO,110,10100891,1,130666,9970225
2024-07-07,AR,Argentina,AMRO,85,10100976,1,130667,9970309
2024-07-14,AR,Argentina,AMRO,82,10101058,1,130668,9970390
2024-07-21,AR,Argentina,AMRO,97,10101155,0,130668,9970487
2024-07-28,AR,Argentina,AMRO,103,10101258,1,130669,9970589
2024-08-04,AR,Argentina,AMRO,127,10101385,2,130671,9970714
2024-08-11,AR,Argentina,AMRO,138,10101523,0,130671,9970852
2024-08-18,AR,Argentina,AMRO,156,10101679,1,130672,9971007
2024-08-25,AR,Argentina,AMRO,185,10101864,0,130672,9971192
2024-09-01,AR,Argentina,AMRO,203,10102067,4,130676,9971391
2024-09-08,AR,Argentina,AMRO,328,10102395,1,130677,9971718
2024-09-15,AR,Argentina,AMRO,377,10102772,6,130683,9972089
2024-09-22,AR,Argentina,AMRO,498,10103270,2,130685,9972585
2024-09-29,AR,Argentina,AMRO,534,10103804,3,130688,9973116
2024-10-06,AR,Argentina,AMRO,657,10104461,3,130691,9973770
2024-10-13,AR,Argentina,AMRO,759,10105220,2,130693,9974527
2024-10-20,AR,Argentina,AMRO,868,10106088,3,130696,9975392
2024-10-27,AR,Argentina,AMRO,767,10106855,4,130700,9976155
2024-11-03,AR,Argentina,AMRO,955,10107810,3,130703,9977107
2024-11-10,AR,Argentina,AMRO,921,10108731,1,130704,9978027
2024-11-17,AR,Argentina,AMRO,502,10109233,6,130710,9978523
2020-01-05,AM,Armenia,EURO,0,0,0,0,0
2020-01-12,AM,Armenia,EURO,0,0,0,0,0
2020-01-19,AM,Armenia,EURO,0,0,0,0,0
2020-01-26,AM,Armenia,EURO,0,0,0,0,0
2020-02-02,AM,Armenia,EURO,0,0,0,0,0
2020-02-09,AM,Armenia,EURO,0,0,0,0,0
2020-02-16,AM,Armenia,EURO,0,0,0,0,0
2020-02-23,AM,Armenia,EURO,0,0,0,0,0
2020-03-01,AM,Armenia,EURO,0,0,0,0,0
2020-03-08,AM,Armenia,EURO,1,1,0,0,1
2020-03-15,AM,Armenia,EURO,19,20,0,0,20
2020-03-22,AM,Armenia,EURO,170,190,0,0,190
2020-03-29,AM,Armenia,EURO,234,424,1,1,423
2020-04-05,AM,Armenia,EURO,398,822,6,7,815
2020-04-12,AM,Armenia,EURO,191,1013,6,13,1000
2020-04-19,AM,Armenia,EURO,278,1291,7,20,1271
2020-04-26,AM,Armenia,EURO,455,1746,8,28,1718
2020-05-03,AM,Armenia,EURO,640,2386,7,35,2351
2020-05-10,AM,Armenia,EURO,927,3313,10,45,3268
2020-05-17,AM,Armenia,EURO,1159,4472,15,60,4412
2020-05-24,AM,Armenia,EURO,2189,6661,21,81,6580
2020-05-31,AM,Armenia,EURO,2621,9282,50,131,9151
2020-06-07,AM,Armenia,EURO,3848,13130,69,200,12930
2020-06-14,AM,Armenia,EURO,3537,16667,69,269,16398
2020-06-21,AM,Armenia,EURO,3601,20268,81,350,19918
2020-06-28,AM,Armenia,EURO,4377,24645,76,426,24219
2020-07-05,AM,Armenia,EURO,3961,28606,58,484,28122
2020-07-12,AM,Armenia,EURO,3363,31969,81,565,31404
2020-07-19,AM,Armenia,EURO,2908,34877,76,641,34236
2020-07-26,AM,Armenia,EURO,2440,37317,64,705,36612
2020-08-02,AM,Armenia,EURO,1733,39050,49,754,38296
2020-08-09,AM,Armenia,EURO,1360,40410,37,791,39619
2020-08-16,AM,Armenia,EURO,1253,41663,27,818,40845
2020-08-23,AM,Armenia,EURO,1129,42792,34,852,41940
2020-08-30,AM,Armenia,EURO,958,43750,25,877,42873
2020-09-06,AM,Armenia,EURO,1033,44783,20,897,43886
2020-09-13,AM,Armenia,EURO,1079,45862,19,916,44946
2020-09-20,AM,Armenia,EURO,1569,47431,14,930,46501
2020-09-27,AM,Armenia,EURO,1969,49400,21,951,48449
2020-10-04,AM,Armenia,EURO,3096,52496,26,977,51519
2020-10-11,AM,Armenia,EURO,3955,56451,43,1020,55431
2020-10-18,AM,Armenia,EURO,8243,64694,61,1081,63613
2020-10-25,AM,Armenia,EURO,13143,77837,99,1180,76657
2020-11-01,AM,Armenia,EURO,14417,92254,183,1363,90891
2020-11-08,AM,Armenia,EURO,14170,106424,196,1559,104865
2020-11-15,AM,Armenia,EURO,10913,117337,204,1763,115574
2020-11-22,AM,Armenia,EURO,8887,126224,189,1952,124272
2020-11-29,AM,Armenia,EURO,8544,134768,190,2142,132626
2020-12-06,AM,Armenia,EURO,7169,141937,184,2326,139611
2020-12-13,AM,Armenia,EURO,6388,148325,160,2486,145839
2020-12-20,AM,Armenia,EURO,5500,153825,144,2630,151195
2020-12-27,AM,Armenia,EURO,4009,157834,138,2768,155066
2021-01-03,AM,Armenia,EURO,2193,160027,82,2850,157177
2021-01-10,AM,Armenia,EURO,2104,162131,79,2929,159202
2021-01-17,AM,Armenia,EURO,2455,164586,63,2992,161594
2021-01-24,AM,Armenia,EURO,1450,166036,47,3039,162997
2021-01-31,AM,Armenia,EURO,990,167026,41,3080,163946
2021-02-07,AM,Armenia,EURO,1062,168088,37,3117,164971
2021-02-14,AM,Armenia,EURO,1079,169167,24,3141,166026
2021-02-21,AM,Armenia,EURO,1235,170402,23,3164,167238
2021-02-28,AM,Armenia,EURO,1656,172058,28,3192,168866
2021-03-07,AM,Armenia,EURO,2621,174679,29,3221,171458
2021-03-14,AM,Armenia,EURO,3706,178385,34,3255,175130
2021-03-21,AM,Armenia,EURO,5328,183713,93,3348,180365
2021-03-28,AM,Armenia,EURO,6604,190317,116,3464,186853
2021-04-04,AM,Armenia,EURO,6317,196634,128,3592,193042
2021-04-11,AM,Armenia,EURO,6183,202817,143,3735,199082
2021-04-18,AM,Armenia,EURO,5703,208520,143,3878,204642
2021-04-25,AM,Armenia,EURO,4768,213288,140,4018,209270
2021-05-02,AM,Armenia,EURO,3575,216863,121,4139,212724
2021-05-09,AM,Armenia,EURO,2407,219270,95,4234,215036
2021-05-16,AM,Armenia,EURO,1590,220860,89,4323,216537
2021-05-23,AM,Armenia,EURO,1088,221948,69,4392,217556
2021-05-30,AM,Armenia,EURO,688,222636,40,4432,218204
2021-06-06,AM,Armenia,EURO,544,223180,26,4458,218722
2021-06-13,AM,Armenia,EURO,502,223682,26,4484,219198
2021-06-20,AM,Armenia,EURO,545,224227,14,4498,219729
2021-06-27,AM,Armenia,EURO,570,224797,10,4508,220289
2021-07-04,AM,Armenia,EURO,756,225553,18,4526,221027
2021-07-11,AM,Armenia,EURO,835,226388,18,4544,221844
2021-07-18,AM,Armenia,EURO,1042,227430,22,4566,222864
2021-07-25,AM,Armenia,EURO,1368,228798,21,4587,224211
2021-08-01,AM,Armenia,EURO,1541,230339,32,4619,225720
2021-08-08,AM,Armenia,EURO,1818,232157,31,4650,227507
2021-08-15,AM,Armenia,EURO,2401,234558,45,4695,229863
2021-08-22,AM,Armenia,EURO,3076,237634,57,4752,232882
2021-08-29,AM,Armenia,EURO,3702,241336,71,4823,236513
2021-09-05,AM,Armenia,EURO,3689,245025,88,4911,240114
2021-09-12,AM,Armenia,EURO,3825,248850,91,5002,243848
2021-09-19,AM,Armenia,EURO,4750,253600,129,5131,248469
2021-09-26,AM,Armenia,EURO,4945,258545,120,5251,253294
2021-10-03,AM,Armenia,EURO,6145,264690,121,5372,259318
2021-10-10,AM,Armenia,EURO,7666,272356,177,5549,266807
2021-10-17,AM,Armenia,EURO,9635,281991,229,5778,276213
2021-10-24,AM,Armenia,EURO,13377,295368,235,6013,289355
2021-10-31,AM,Armenia,EURO,12958,308326,315,6328,301998
2021-11-07,AM,Armenia,EURO,12107,320433,342,6670,313763
2021-11-14,AM,Armenia,EURO,8530,328963,346,7016,321947
2021-11-21,AM,Armenia,EURO,5112,334075,262,7278,326797
2021-11-28,AM,Armenia,EURO,3856,337931,236,7514,330417
2021-12-05,AM,Armenia,EURO,2792,340723,169,7683,333040
2021-12-12,AM,Armenia,EURO,1815,342538,119,7802,334736
2021-12-19,AM,Armenia,EURO,1098,343636,97,7899,335737
2021-12-26,AM,Armenia,EURO,845,344481,44,7943,336538
2022-01-02,AM,Armenia,EURO,526,345007,34,7977,337030
2022-01-09,AM,Armenia,EURO,848,345855,24,8001,337854
2022-01-16,AM,Armenia,EURO,1762,347617,18,8019,339598
2022-01-23,AM,Armenia,EURO,4094,351711,9,8028,343683
2022-01-30,AM,Armenia,EURO,14722,366433,18,8046,358387
2022-02-06,AM,Armenia,EURO,23524,389957,40,8086,381871
2022-02-13,AM,Armenia,EURO,16422,406379,81,8167,398212
2022-02-20,AM,Armenia,EURO,9085,415464,155,8322,407142
2022-02-27,AM,Armenia,EURO,4229,419693,127,8449,411244
2022-03-06,AM,Armenia,EURO,1648,421341,87,8536,412805
2022-03-13,AM,Armenia,EURO,663,422004,36,8572,413432
2022-03-20,AM,Armenia,EURO,303,422307,23,8595,413712
2022-03-27,AM,Armenia,EURO,151,422458,15,8610,413848
2022-04-03,AM,Armenia,EURO,116,422574,7,8617,413957
2022-04-10,AM,Armenia,EURO,103,422677,3,8620,414057
2022-04-17,AM,Armenia,EURO,85,422762,1,8621,414141
2022-04-24,AM,Armenia,EURO,63,422825,1,8622,414203
2022-05-01,AM,Armenia,EURO,46,422871,0,8622,414249
2022-05-08,AM,Armenia,EURO,21,422892,1,8623,414269
2022-05-15,AM,Armenia,EURO,25,422917,0,8623,414294
2022-05-22,AM,Armenia,EURO,18,422935,1,8624,414311
2022-05-29,AM,Armenia,EURO,25,422960,1,8625,414335
2022-06-05,AM,Armenia,EURO,3,422963,0,8625,414338
2022-06-12,AM,Armenia,EURO,43,423006,0,8625,414381
2022-06-19,AM,Armenia,EURO,38,423044,0,8625,414419
2022-06-26,AM,Armenia,EURO,60,423104,0,8625,414479
2022-07-03,AM,Armenia,EURO,139,423243,1,8626,414617
2022-07-10,AM,Armenia,EURO,174,423417,0,8626,414791
2022-07-17,AM,Armenia,EURO,354,423771,0,8626,415145
2022-07-24,AM,Armenia,EURO,629,424400,0,8626,415774
2022-07-31,AM,Armenia,EURO,965,425365,7,8633,416732
2022-08-07,AM,Armenia,EURO,1434,426799,2,8635,418164
2022-08-14,AM,Armenia,EURO,1849,428648,2,8637,420011
2022-08-21,AM,Armenia,EURO,1713,430361,6,8643,421718
2022-08-28,AM,Armenia,EURO,1913,432274,5,8648,423626
2022-09-04,AM,Armenia,EURO,2124,434398,7,8655,425743
2022-09-11,AM,Armenia,EURO,2329,436727,7,8662,428065
2022-09-18,AM,Armenia,EURO,2086,438813,7,8669,430144
2022-09-25,AM,Armenia,EURO,2142,440955,4,8673,432282
2022-10-02,AM,Armenia,EURO,1431,442386,4,8677,433709
2022-10-09,AM,Armenia,EURO,910,443296,8,8685,434611
2022-10-16,AM,Armenia,EURO,697,443993,9,8694,435299
2022-10-23,AM,Armenia,EURO,387,444380,6,8700,435680
2022-10-30,AM,Armenia,EURO,231,444611,0,8700,435911
2022-11-06,AM,Armenia,EURO,172,444783,3,8703,436080
2022-11-13,AM,Armenia,EURO,185,444968,0,8703,436265
2022-11-20,AM,Armenia,EURO,146,445114,0,8703,436411
2022-11-27,AM,Armenia,EURO,148,445262,0,8703,436559
2022-12-04,AM,Armenia,EURO,119,445381,1,8704,436677
2022-12-11,AM,Armenia,EURO,91,445472,2,8706,436766
2022-12-18,AM,Armenia,EURO,53,445525,0,8706,436819
2022-12-25,AM,Armenia,EURO,58,445583,2,8708,436875
2023-01-01,AM,Armenia,EURO,37,445620,2,8710,436910
2023-01-08,AM,Armenia,EURO,32,445652,1,8711,436941
2023-01-15,AM,Armenia,EURO,39,445691,2,8713,436978
2023-01-22,AM,Armenia,EURO,69,445760,0,8713,437047
2023-01-29,AM,Armenia,EURO,88,445848,0,8713,437135
2023-02-05,AM,Armenia,EURO,105,445953,0,8713,437240
2023-02-12,AM,Armenia,EURO,110,446063,2,8715,437348
2023-02-19,AM,Armenia,EURO,170,446233,1,8716,437517
2023-02-26,AM,Armenia,EURO,230,446463,2,8718,437745
2023-03-05,AM,Armenia,EURO,356,446819,3,8721,438098
2023-03-12,AM,Armenia,EURO,470,447289,6,8727,438562
2023-03-19,AM,Armenia,EURO,441,447730,5,8732,438998
2023-03-26,AM,Armenia,EURO,421,448151,7,8739,439412
2023-04-02,AM,Armenia,EURO,307,448458,4,8743,439715
2023-04-09,AM,Armenia,EURO,249,448707,0,8743,439964
2023-04-16,AM,Armenia,EURO,139,448846,2,8745,440101
2023-04-23,AM,Armenia,EURO,134,448980,1,8746,440234
2023-04-30,AM,Armenia,EURO,82,449062,1,8747,440315
2023-05-07,AM,Armenia,EURO,51,449113,2,8749,440364
2023-05-14,AM,Armenia,EURO,35,449148,0,8749,440399
2023-05-21,AM,Armenia,EURO,21,449169,1,8750,440419
2023-05-28,AM,Armenia,EURO,34,449203,0,8750,440453
2023-06-04,AM,Armenia,EURO,10,449213,0,8750,440463
2023-06-11,AM,Armenia,EURO,9,449222,0,8750,440472
2023-06-18,AM,Armenia,EURO,9,449231,0,8750,440481
2023-06-25,AM,Armenia,EURO,2,449233,1,8751,440482
2023-07-02,AM,Armenia,EURO,22,449255,0,8751,440504
2023-07-09,AM,Armenia,EURO,5,449260,0,8751,440509
2023-07-16,AM,Armenia,EURO,3,449263,0,8751,440512
2023-07-23,AM,Armenia,EURO,10,449273,0,8751,440522
2023-07-30,AM,Armenia,EURO,9,449282,0,8751,440531
2023-08-06,AM,Armenia,EURO,11,449293,0,8751,440542
2023-08-13,AM,Armenia,EURO,6,449299,0,8751,440548
2023-08-20,AM,Armenia,EURO,21,449320,0,8751,440569
2023-08-27,AM,Armenia,EURO,37,449357,0,8751,440606
2023-09-03,AM,Armenia,EURO,31,449388,0,8751,440637
2023-09-10,AM,Armenia,EURO,77,449465,0,8751,440714
2023-09-17,AM,Armenia,EURO,63,449528,0,8751,440777
2023-09-24,AM,Armenia,EURO,122,449650,0,8751,440899
2023-10-01,AM,Armenia,EURO,217,449867,2,8753,441114
2023-10-08,AM,Armenia,EURO,233,450100,3,8756,441344
2023-10-15,AM,Armenia,EURO,234,450334,6,8762,441572
2023-10-22,AM,Armenia,EURO,236,450570,3,8765,441805
2023-10-29,AM,Armenia,EURO,162,450732,2,8767,441965
2023-11-05,AM,Armenia,EURO,141,450873,2,8769,442104
2023-11-12,AM,Armenia,EURO,119,450992,0,8769,442223
2023-11-19,AM,Armenia,EURO,115,451107,0,8769,442338
2023-11-26,AM,Armenia,EURO,97,451204,1,8770,442434
2023-12-03,AM,Armenia,EURO,68,451272,0,8770,442502
2023-12-10,AM,Armenia,EURO,81,451353,1,8771,442582
2023-12-17,AM,Armenia,EURO,73,451426,4,8775,442651
2023-12-24,AM,Armenia,EURO,0,451426,0,8775,442651
2023-12-31,AM,Armenia,EURO,0,451426,0,8775,442651
2024-01-07,AM,Armenia,EURO,51,451477,0,8775,442702
2024-01-14,AM,Armenia,EURO,79,451556,0,8775,442781
2024-01-21,AM,Armenia,EURO,61,451617,0,8775,442842
2024-01-28,AM,Armenia,EURO,48,451665,0,8775,442890
2024-02-04,AM,Armenia,EURO,49,451714,1,8776,442938
2024-02-11,AM,Armenia,EURO,52,451766,0,8776,442990
2024-02-18,AM,Armenia,EURO,38,451804,0,8776,443028
2024-02-25,AM,Armenia,EURO,0,451804,0,8776,443028
2024-03-03,AM,Armenia,EURO,0,451804,0,8776,443028
2024-03-10,AM,Armenia,EURO,26,451830,0,8776,443054
2024-03-17,AM,Armenia,EURO,31,451861,0,8776,443085
2024-03-24,AM,Armenia,EURO,27,451888,0,8776,443112
2024-03-31,AM,Armenia,EURO,29,451917,0,8776,443141
2024-04-07,AM,Armenia,EURO,29,451946,0,8776,443170
2024-04-14,AM,Armenia,EURO,35,451981,1,8777,443204
2024-04-21,AM,Armenia,EURO,29,452010,0,8777,443233
2024-04-28,AM,Armenia,EURO,0,452010,0,8777,443233
2024-05-05,AM,Armenia,EURO,30,452040,0,8777,443263
2024-05-12,AM,Armenia,EURO,24,452064,0,8777,443287
2024-05-19,AM,Armenia,EURO,32,452096,0,8777,443319
2024-05-26,AM,Armenia,EURO,40,452136,0,8777,443359
2024-06-02,AM,Armenia,EURO,39,452175,0,8777,443398
2024-06-09,AM,Armenia,EURO,44,452219,0,8777,443442
2024-06-16,AM,Armenia,EURO,54,452273,0,8777,443496
2024-06-23,AM,Armenia,EURO,0,452273,0,8777,443496
2024-06-30,AM,Armenia,EURO,0,452273,0,8777,443496
2024-07-07,AM,Armenia,EURO,0,452273,0,8777,443496
2024-07-14,AM,Armenia,EURO,0,452273,0,8777,443496
2024-07-21,AM,Armenia,EURO,0,452273,0,8777,443496
2024-07-28,AM,Armenia,EURO,101,452374,0,8777,443597
2024-08-04,AM,Armenia,EURO,111,452485,0,8777,443708
2024-08-11,AM,Armenia,EURO,123,452608,0,8777,443831
2024-08-18,AM,Armenia,EURO,111,452719,0,8777,443942
2024-08-25,AM,Armenia,EURO,39,452758,0,8777,443981
2024-09-01,AM,Armenia,EURO,0,452758,0,8777,443981
2024-09-08,AM,Armenia,EURO,0,452758,0,8777,443981
2024-09-15,AM,Armenia,EURO,0,452758,0,8777,443981
2024-09-22,AM,Armenia,EURO,0,452758,0,8777,443981
2024-09-29,AM,Armenia,EURO,111,452869,0,8777,444092
2024-10-06,AM,Armenia,EURO,48,452917,0,8777,444140
2024-10-13,AM,Armenia,EURO,60,452977,1,8778,444199
2024-10-20,AM,Armenia,EURO,0,452977,0,8778,444199
2024-10-27,AM,Armenia,EURO,39,453016,0,8778,444238
2024-11-03,AM,Armenia,EURO,24,453040,1,8779,444261
2024-11-10,AM,Armenia,EURO,0,453040,0,8779,444261
2024-11-17,AM,Armenia,EURO,0,453040,0,8779,444261
2020-01-05,AW,Aruba,AMRO,0,0,0,0,0
2020-01-12,AW,Aruba,AMRO,0,0,0,0,0
2020-01-19,AW,Aruba,AMRO,0,0,0,0,0
2020-01-26,AW,Aruba,AMRO,0,0,0,0,0
2020-02-02,AW,Aruba,AMRO,0,0,0,0,0
2020-02-09,AW,Aruba,AMRO,0,0,0,0,0
2020-02-16,AW,Aruba,AMRO,0,0,0,0,0
2020-02-23,AW,Aruba,AMRO,0,0,0,0,0
2020-03-01,AW,Aruba,AMRO,0,0,0,0,0
2020-03-08,AW,Aruba,AMRO,0,0,0,0,0
2020-03-15,AW,Aruba,AMRO,0,0,0,0,0
2020-03-22,AW,Aruba,AMRO,5,5,0,0,5
2020-03-29,AW,Aruba,AMRO,41,46,0,0,46
2020-04-05,AW,Aruba,AMRO,18,64,0,0,64
2020-04-12,AW,Aruba,AMRO,28,92,0,0,92
2020-04-19,AW,Aruba,AMRO,4,96,2,2,94
2020-04-26,AW,Aruba,AMRO,4,100,0,2,98
2020-05-03,AW,Aruba,AMRO,0,100,0,2,98
2020-05-10,AW,Aruba,AMRO,1,101,1,3,98
2020-05-17,AW,Aruba,AMRO,0,101,0,3,98
2020-05-24,AW,Aruba,AMRO,0,101,0,3,98
2020-05-31,AW,Aruba,AMRO,0,101,0,3,98
2020-06-07,AW,Aruba,AMRO,0,101,0,3,98
2020-06-14,AW,Aruba,AMRO,0,101,0,3,98
2020-06-21,AW,Aruba,AMRO,0,101,0,3,98
2020-06-28,AW,Aruba,AMRO,0,101,0,3,98
2020-07-05,AW,Aruba,AMRO,3,104,0,3,101
2020-07-12,AW,Aruba,AMRO,1,105,0,3,102
2020-07-19,AW,Aruba,AMRO,3,108,0,3,105
2020-07-26,AW,Aruba,AMRO,9,117,0,3,114
2020-08-02,AW,Aruba,AMRO,3,120,0,3,117
2020-08-09,AW,Aruba,AMRO,143,263,0,3,260
2020-08-16,AW,Aruba,AMRO,631,894,1,4,890
2020-08-23,AW,Aruba,AMRO,493,1387,2,6,1381
2020-08-30,AW,Aruba,AMRO,461,1848,2,8,1840
2020-09-06,AW,Aruba,AMRO,444,2292,5,13,2279
2020-09-13,AW,Aruba,AMRO,527,2819,3,16,2803
2020-09-20,AW,Aruba,AMRO,563,3382,7,23,3359
2020-09-27,AW,Aruba,AMRO,374,3756,2,25,3731
2020-10-04,AW,Aruba,AMRO,242,3998,2,27,3971
2020-10-11,AW,Aruba,AMRO,152,4150,4,31,4119
2020-10-18,AW,Aruba,AMRO,135,4285,1,32,4253
2020-10-25,AW,Aruba,AMRO,104,4389,4,36,4353
2020-11-01,AW,Aruba,AMRO,83,4472,1,37,4435
2020-11-08,AW,Aruba,AMRO,92,4564,2,39,4525
2020-11-15,AW,Aruba,AMRO,75,4639,4,43,4596
2020-11-22,AW,Aruba,AMRO,54,4693,2,45,4648
2020-11-29,AW,Aruba,AMRO,98,4791,0,45,4746
2020-12-06,AW,Aruba,AMRO,132,4923,0,45,4878
2020-12-13,AW,Aruba,AMRO,88,5011,1,46,4965
2020-12-20,AW,Aruba,AMRO,113,5124,1,47,5077
2020-12-27,AW,Aruba,AMRO,104,5228,0,47,5181
2021-01-03,AW,Aruba,AMRO,214,5442,2,49,5393
2021-01-10,AW,Aruba,AMRO,441,5883,1,50,5833
2021-01-17,AW,Aruba,AMRO,413,6296,2,52,6244
2021-01-24,AW,Aruba,AMRO,327,6623,0,52,6571
2021-01-31,AW,Aruba,AMRO,235,6858,6,58,6800
2021-02-07,AW,Aruba,AMRO,276,7134,3,61,7073
2021-02-14,AW,Aruba,AMRO,204,7338,7,68,7270
2021-02-21,AW,Aruba,AMRO,215,7553,2,70,7483
2021-02-28,AW,Aruba,AMRO,251,7804,1,71,7733
2021-03-07,AW,Aruba,AMRO,205,8009,4,75,7934
2021-03-14,AW,Aruba,AMRO,263,8272,2,77,8195
2021-03-21,AW,Aruba,AMRO,352,8624,4,81,8543
2021-03-28,AW,Aruba,AMRO,449,9073,1,82,8991
2021-04-04,AW,Aruba,AMRO,430,9503,4,86,9417
2021-04-11,AW,Aruba,AMRO,393,9896,6,92,9804
2021-04-18,AW,Aruba,AMRO,323,10219,0,92,10127
2021-04-25,AW,Aruba,AMRO,250,10469,3,95,10374
2021-05-02,AW,Aruba,AMRO,139,10608,3,98,10510
2021-05-09,AW,Aruba,AMRO,129,10737,2,100,10637
2021-05-16,AW,Aruba,AMRO,89,10826,4,104,10722
2021-05-23,AW,Aruba,AMRO,66,10892,2,106,10786
2021-05-30,AW,Aruba,AMRO,65,10957,1,107,10850
2021-06-06,AW,Aruba,AMRO,61,11018,0,107,10911
2021-06-13,AW,Aruba,AMRO,51,11069,0,107,10962
2021-06-20,AW,Aruba,AMRO,30,11099,0,107,10992
2021-06-27,AW,Aruba,AMRO,26,11125,0,107,11018
2021-07-04,AW,Aruba,AMRO,15,11140,0,107,11033
2021-07-11,AW,Aruba,AMRO,21,11161,0,107,11054
2021-07-18,AW,Aruba,AMRO,37,11198,1,108,11090
2021-07-25,AW,Aruba,AMRO,94,11292,1,109,11183
2021-08-01,AW,Aruba,AMRO,292,11584,0,109,11475
2021-08-08,AW,Aruba,AMRO,544,12128,2,111,12017
2021-08-15,AW,Aruba,AMRO,801,12929,4,115,12814
2021-08-22,AW,Aruba,AMRO,790,13719,9,124,13595
2021-08-29,AW,Aruba,AMRO,599,14318,9,133,14185
2021-09-05,AW,Aruba,AMRO,401,14719,15,148,14571
2021-09-12,AW,Aruba,AMRO,272,14991,6,154,14837
2021-09-19,AW,Aruba,AMRO,186,15177,2,156,15021
2021-09-26,AW,Aruba,AMRO,174,15351,4,160,15191
2021-10-03,AW,Aruba,AMRO,149,15500,6,166,15334
2021-10-10,AW,Aruba,AMRO,87,15587,3,169,15418
2021-10-17,AW,Aruba,AMRO,105,15692,1,170,15522
2021-10-24,AW,Aruba,AMRO,87,15779,1,171,15608
2021-10-31,AW,Aruba,AMRO,103,15882,0,171,15711
2021-11-07,AW,Aruba,AMRO,67,15949,0,171,15778
2021-11-14,AW,Aruba,AMRO,108,16057,1,172,15885
2021-11-21,AW,Aruba,AMRO,92,16149,1,173,15976
2021-11-28,AW,Aruba,AMRO,114,16263,1,174,16089
2021-12-05,AW,Aruba,AMRO,129,16392,0,174,16218
2021-12-12,AW,Aruba,AMRO,139,16531,2,176,16355
2021-12-19,AW,Aruba,AMRO,185,16716,2,178,16538
2021-12-26,AW,Aruba,AMRO,449,17165,3,181,16984
2022-01-02,AW,Aruba,AMRO,2554,19719,0,181,19538
2022-01-09,AW,Aruba,AMRO,5535,25254,0,181,25073
2022-01-16,AW,Aruba,AMRO,4440,29694,3,184,29510
2022-01-23,AW,Aruba,AMRO,2141,31835,3,187,31648
2022-01-30,AW,Aruba,AMRO,883,32718,6,193,32525
2022-02-06,AW,Aruba,AMRO,482,33200,1,194,33006
2022-02-13,AW,Aruba,AMRO,236,33436,2,196,33240
2022-02-20,AW,Aruba,AMRO,132,33568,2,198,33370
2022-02-27,AW,Aruba,AMRO,87,33655,13,211,33444
2022-03-06,AW,Aruba,AMRO,29,33684,0,211,33473
2022-03-13,AW,Aruba,AMRO,48,33732,1,212,33520
2022-03-20,AW,Aruba,AMRO,85,33817,0,212,33605
2022-03-27,AW,Aruba,AMRO,26,33843,0,212,33631
2022-04-03,AW,Aruba,AMRO,123,33966,0,212,33754
2022-04-10,AW,Aruba,AMRO,123,34089,0,212,33877
2022-04-17,AW,Aruba,AMRO,175,34264,0,212,34052
2022-04-24,AW,Aruba,AMRO,182,34446,0,212,34234
2022-05-01,AW,Aruba,AMRO,247,34693,0,212,34481
2022-05-08,AW,Aruba,AMRO,272,34965,0,212,34753
2022-05-15,AW,Aruba,AMRO,369,35334,0,212,35122
2022-05-22,AW,Aruba,AMRO,586,35920,1,213,35707
2022-05-29,AW,Aruba,AMRO,644,36564,0,213,36351
2022-06-05,AW,Aruba,AMRO,788,37352,0,213,37139
2022-06-12,AW,Aruba,AMRO,949,38301,3,216,38085
2022-06-19,AW,Aruba,AMRO,1038,39339,3,219,39120
2022-06-26,AW,Aruba,AMRO,840,40179,2,221,39958
2022-07-03,AW,Aruba,AMRO,539,40718,0,221,40497
2022-07-10,AW,Aruba,AMRO,282,41000,1,222,40778
2022-07-17,AW,Aruba,AMRO,445,41445,2,224,41221
2022-07-24,AW,Aruba,AMRO,342,41787,0,224,41563
2022-07-31,AW,Aruba,AMRO,293,42080,0,224,41856
2022-08-07,AW,Aruba,AMRO,206,42286,2,226,42060
2022-08-14,AW,Aruba,AMRO,192,42478,0,226,42252
2022-08-21,AW,Aruba,AMRO,160,42638,1,227,42411
2022-08-28,AW,Aruba,AMRO,112,42750,0,227,42523
2022-09-04,AW,Aruba,AMRO,98,42848,0,227,42621
2022-09-11,AW,Aruba,AMRO,122,42970,1,228,42742
2022-09-18,AW,Aruba,AMRO,0,42970,0,228,42742
2022-09-25,AW,Aruba,AMRO,0,42970,0,228,42742
2022-10-02,AW,Aruba,AMRO,175,43145,2,230,42915
2022-10-09,AW,Aruba,AMRO,66,43211,1,231,42980
2022-10-16,AW,Aruba,AMRO,40,43251,1,232,43019
2022-10-23,AW,Aruba,AMRO,40,43291,0,232,43059
2022-10-30,AW,Aruba,AMRO,43,43334,0,232,43102
2022-11-06,AW,Aruba,AMRO,45,43379,1,233,43146
2022-11-13,AW,Aruba,AMRO,44,43423,1,234,43189
2022-11-20,AW,Aruba,AMRO,71,43494,1,235,43259
2022-11-27,AW,Aruba,AMRO,74,43568,1,236,43332
2022-12-04,AW,Aruba,AMRO,73,43641,0,236,43405
2022-12-11,AW,Aruba,AMRO,52,43693,44,280,43413
2022-12-18,AW,Aruba,AMRO,0,43693,0,280,43413
2022-12-25,AW,Aruba,AMRO,59,43752,0,280,43472
2023-01-01,AW,Aruba,AMRO,108,43860,0,280,43580
2023-01-08,AW,Aruba,AMRO,0,43860,0,280,43580
2023-01-15,AW,Aruba,AMRO,76,43936,1,281,43655
2023-01-22,AW,Aruba,AMRO,29,43965,0,281,43684
2023-01-29,AW,Aruba,AMRO,28,43993,0,281,43712
2023-02-05,AW,Aruba,AMRO,0,43993,0,281,43712
2023-02-12,AW,Aruba,AMRO,33,44026,1,282,43744
2023-02-19,AW,Aruba,AMRO,0,44026,0,282,43744
2023-02-26,AW,Aruba,AMRO,18,44044,0,282,43762
2023-03-05,AW,Aruba,AMRO,22,44066,4,286,43780
2023-03-12,AW,Aruba,AMRO,16,44082,0,286,43796
2023-03-19,AW,Aruba,AMRO,9,44091,1,287,43804
2023-03-26,AW,Aruba,AMRO,8,44099,0,287,43812
2023-04-02,AW,Aruba,AMRO,15,44114,0,287,43827
2023-04-09,AW,Aruba,AMRO,0,44114,0,287,43827
2023-04-16,AW,Aruba,AMRO,0,44114,0,287,43827
2023-04-23,AW,Aruba,AMRO,0,44114,0,287,43827
2023-04-30,AW,Aruba,AMRO,0,44114,0,287,43827
2023-05-07,AW,Aruba,AMRO,66,44180,1,288,43892
2023-05-14,AW,Aruba,AMRO,0,44180,0,288,43892
2023-05-21,AW,Aruba,AMRO,0,44180,0,288,43892
2023-05-28,AW,Aruba,AMRO,0,44180,0,288,43892
2023-06-04,AW,Aruba,AMRO,20,44200,2,290,43910
2023-06-11,AW,Aruba,AMRO,0,44200,0,290,43910
2023-06-18,AW,Aruba,AMRO,0,44200,0,290,43910
2023-06-25,AW,Aruba,AMRO,0,44200,0,290,43910
2023-07-02,AW,Aruba,AMRO,24,44224,2,292,43932
2023-07-09,AW,Aruba,AMRO,0,44224,0,292,43932
2023-07-16,AW,Aruba,AMRO,0,44224,0,292,43932
2023-07-23,AW,Aruba,AMRO,0,44224,0,292,43932
2023-07-30,AW,Aruba,AMRO,0,44224,0,292,43932
2023-08-06,AW,Aruba,AMRO,0,44224,0,292,43932
2023-08-13,AW,Aruba,AMRO,0,44224,0,292,43932
2023-08-20,AW,Aruba,AMRO,0,44224,0,292,43932
2023-08-27,AW,Aruba,AMRO,0,44224,0,292,43932
2023-09-03,AW,Aruba,AMRO,0,44224,0,292,43932
2023-09-10,AW,Aruba,AMRO,0,44224,0,292,43932
2023-09-17,AW,Aruba,AMRO,0,44224,0,292,43932
2023-09-24,AW,Aruba,AMRO,0,44224,0,292,43932
2023-10-01,AW,Aruba,AMRO,0,44224,0,292,43932
2023-10-08,AW,Aruba,AMRO,0,44224,0,292,43932
2023-10-15,AW,Aruba,AMRO,0,44224,0,292,43932
2023-10-22,AW,Aruba,AMRO,0,44224,0,292,43932
2023-10-29,AW,Aruba,AMRO,0,44224,0,292,43932
2023-11-05,AW,Aruba,AMRO,0,44224,0,292,43932
2023-11-12,AW,Aruba,AMRO,0,44224,0,292,43932
2023-11-19,AW,Aruba,AMRO,0,44224,0,292,43932
2023-11-26,AW,Aruba,AMRO,0,44224,0,292,43932
2023-12-03,AW,Aruba,AMRO,0,44224,0,292,43932
2023-12-10,AW,Aruba,AMRO,0,44224,0,292,43932
2023-12-17,AW,Aruba,AMRO,0,44224,0,292,43932
2023-12-24,AW,Aruba,AMRO,0,44224,0,292,43932
2023-12-31,AW,Aruba,AMRO,0,44224,0,292,43932
2024-01-07,AW,Aruba,AMRO,0,44224,0,292,43932
2024-01-14,AW,Aruba,AMRO,0,44224,0,292,43932
2024-01-21,AW,Aruba,AMRO,0,44224,0,292,43932
2024-01-28,AW,Aruba,AMRO,0,44224,0,292,43932
2024-02-04,AW,Aruba,AMRO,0,44224,0,292,43932
2024-02-11,AW,Aruba,AMRO,0,44224,0,292,43932
2024-02-18,AW,Aruba,AMRO,0,44224,0,292,43932
2024-02-25,AW,Aruba,AMRO,0,44224,0,292,43932
2024-03-03,AW,Aruba,AMRO,0,44224,0,292,43932
2024-03-10,AW,Aruba,AMRO,0,44224,0,292,43932
2024-03-17,AW,Aruba,AMRO,0,44224,0,292,43932
2024-03-24,AW,Aruba,AMRO,0,44224,0,292,43932
2024-03-31,AW,Aruba,AMRO,0,44224,0,292,43932
2024-04-07,AW,Aruba,AMRO,0,44224,0,292,43932
2024-04-14,AW,Aruba,AMRO,0,44224,0,292,43932
2024-04-21,AW,Aruba,AMRO,0,44224,0,292,43932
2024-04-28,AW,Aruba,AMRO,0,44224,0,292,43932
2024-05-05,AW,Aruba,AMRO,0,44224,0,292,43932
2024-05-12,AW,Aruba,AMRO,0,44224,0,292,43932
2024-05-19,AW,Aruba,AMRO,0,44224,0,292,43932
2024-05-26,AW,Aruba,AMRO,0,44224,0,292,43932
2024-06-02,AW,Aruba,AMRO,0,44224,0,292,43932
2024-06-09,AW,Aruba,AMRO,0,44224,0,292,43932
2024-06-16,AW,Aruba,AMRO,0,44224,0,292,43932
2024-06-23,AW,Aruba,AMRO,0,44224,0,292,43932
2024-06-30,AW,Aruba,AMRO,0,44224,0,292,43932
2024-07-07,AW,Aruba,AMRO,0,44224,0,292,43932
2024-07-14,AW,Aruba,AMRO,0,44224,0,292,43932
2024-07-21,AW,Aruba,AMRO,0,44224,0,292,43932
2024-07-28,AW,Aruba,AMRO,0,44224,0,292,43932
2024-08-04,AW,Aruba,AMRO,0,44224,0,292,43932
2024-08-11,AW,Aruba,AMRO,0,44224,0,292,43932
2024-08-18,AW,Aruba,AMRO,0,44224,0,292,43932
2024-08-25,AW,Aruba,AMRO,0,44224,0,292,43932
2024-09-01,AW,Aruba,AMRO,0,44224,0,292,43932
2024-09-08,AW,Aruba,AMRO,0,44224,0,292,43932
2024-09-15,AW,Aruba,AMRO,0,44224,0,292,43932
2024-09-22,AW,Aruba,AMRO,0,44224,0,292,43932
2024-09-29,AW,Aruba,AMRO,0,44224,0,292,43932
2024-10-06,AW,Aruba,AMRO,0,44224,0,292,43932
2024-10-13,AW,Aruba,AMRO,0,44224,0,292,43932
2024-10-20,AW,Aruba,AMRO,0,44224,0,292,43932
2024-10-27,AW,Aruba,AMRO,0,44224,0,292,43932
2024-11-03,AW,Aruba,AMRO,0,44224,0,292,43932
2024-11-10,AW,Aruba,AMRO,0,44224,0,292,43932
2024-11-17,AW,Aruba,AMRO,0,44224,0,292,43932
2020-01-05,AU,Australia,WPRO,0,0,0,0,0
2020-01-12,AU,Australia,WPRO,0,0,0,0,0
2020-01-19,AU,Australia,WPRO,0,0,0,0,0
2020-01-26,AU,Australia,WPRO,4,4,0,0,4
2020-02-02,AU,Australia,WPRO,8,12,0,0,12
2020-02-09,AU,Australia,WPRO,3,15,0,0,15
2020-02-16,AU,Australia,WPRO,0,15,0,0,15
2020-02-23,AU,Australia,WPRO,7,22,0,0,22
2020-03-01,AU,Australia,WPRO,3,25,0,0,25
2020-03-08,AU,Australia,WPRO,45,70,4,4,66
2020-03-15,AU,Australia,WPRO,179,249,3,7,242
2020-03-22,AU,Australia,WPRO,832,1081,2,9,1072
2020-03-29,AU,Australia,WPRO,2728,3809,7,16,3793
2020-04-05,AU,Australia,WPRO,1826,5635,20,36,5599
2020-04-12,AU,Australia,WPRO,654,6289,25,61,6228
2020-04-19,AU,Australia,WPRO,297,6586,12,73,6513
2020-04-26,AU,Australia,WPRO,117,6703,12,85,6618
2020-05-03,AU,Australia,WPRO,80,6783,14,99,6684
2020-05-10,AU,Australia,WPRO,146,6929,2,101,6828
2020-05-17,AU,Australia,WPRO,107,7036,2,103,6933
2020-05-24,AU,Australia,WPRO,70,7106,4,107,6999
2020-05-31,AU,Australia,WPRO,79,7185,0,107,7078
2020-06-07,AU,Australia,WPRO,70,7255,0,107,7148
2020-06-14,AU,Australia,WPRO,47,7302,0,107,7195
2020-06-21,AU,Australia,WPRO,134,7436,0,107,7329
2020-06-28,AU,Australia,WPRO,205,7641,1,108,7533
2020-07-05,AU,Australia,WPRO,721,8362,1,109,8253
2020-07-12,AU,Australia,WPRO,1191,9553,4,113,9440
2020-07-19,AU,Australia,WPRO,1888,11441,16,129,11312
2020-07-26,AU,Australia,WPRO,2509,13950,45,174,13776
2020-08-02,AU,Australia,WPRO,3332,17282,95,269,17013
2020-08-09,AU,Australia,WPRO,3416,20698,106,375,20323
2020-08-16,AU,Australia,WPRO,2337,23035,138,513,22522
2020-08-23,AU,Australia,WPRO,1567,24602,114,627,23975
2020-08-30,AU,Australia,WPRO,945,25547,97,724,24823
2020-09-06,AU,Australia,WPRO,660,26207,58,782,25425
2020-09-13,AU,Australia,WPRO,400,26607,46,828,25779
2020-09-20,AU,Australia,WPRO,278,26885,36,864,26021
2020-09-27,AU,Australia,WPRO,131,27016,23,887,26129
2020-10-04,AU,Australia,WPRO,105,27121,19,906,26215
2020-10-11,AU,Australia,WPRO,123,27244,5,911,26333
2020-10-18,AU,Australia,WPRO,139,27383,1,912,26471
2020-10-25,AU,Australia,WPRO,116,27499,2,914,26585
2020-11-01,AU,Australia,WPRO,91,27590,0,914,26676
2020-11-08,AU,Australia,WPRO,62,27652,0,914,26738
2020-11-15,AU,Australia,WPRO,59,27711,3,917,26794
2020-11-22,AU,Australia,WPRO,96,27807,0,917,26890
2020-11-29,AU,Australia,WPRO,78,27885,1,918,26967
2020-12-06,AU,Australia,WPRO,71,27956,1,919,27037
2020-12-13,AU,Australia,WPRO,69,28025,0,919,27106
2020-12-20,AU,Australia,WPRO,103,28128,0,919,27209
2020-12-27,AU,Australia,WPRO,168,28296,1,920,27376
2021-01-03,AU,Australia,WPRO,187,28483,2,922,27561
2021-01-10,AU,Australia,WPRO,112,28595,0,922,27673
2021-01-17,AU,Australia,WPRO,113,28708,1,923,27785
2021-01-24,AU,Australia,WPRO,58,28766,0,923,27843
2021-01-31,AU,Australia,WPRO,45,28811,0,923,27888
2021-02-07,AU,Australia,WPRO,39,28850,0,923,27927
2021-02-14,AU,Australia,WPRO,48,28898,0,923,27975
2021-02-21,AU,Australia,WPRO,28,28926,1,924,28002
2021-02-28,AU,Australia,WPRO,44,28970,0,924,28046
2021-03-07,AU,Australia,WPRO,67,29037,0,924,28113
2021-03-14,AU,Australia,WPRO,80,29117,1,925,28192
2021-03-21,AU,Australia,WPRO,79,29196,0,925,28271
2021-03-28,AU,Australia,WPRO,64,29260,0,925,28335
2021-04-04,AU,Australia,WPRO,88,29348,1,926,28422
2021-04-11,AU,Australia,WPRO,57,29405,0,926,28479
2021-04-18,AU,Australia,WPRO,114,29519,2,928,28591
2021-04-25,AU,Australia,WPRO,147,29666,0,928,28738
2021-05-02,AU,Australia,WPRO,160,29826,0,928,28898
2021-05-09,AU,Australia,WPRO,97,29923,0,928,28995
2021-05-16,AU,Australia,WPRO,52,29975,0,928,29047
2021-05-23,AU,Australia,WPRO,36,30011,0,928,29083
2021-05-30,AU,Australia,WPRO,87,30098,0,928,29170
2021-06-06,AU,Australia,WPRO,357,30455,0,928,29527
2021-06-13,AU,Australia,WPRO,58,30513,0,928,29585
2021-06-20,AU,Australia,WPRO,87,30600,0,928,29672
2021-06-27,AU,Australia,WPRO,235,30835,0,928,29907
2021-07-04,AU,Australia,WPRO,276,31111,0,928,30183
2021-07-11,AU,Australia,WPRO,549,31660,2,930,30730
2021-07-18,AU,Australia,WPRO,875,32535,5,935,31600
2021-07-25,AU,Australia,WPRO,1260,33795,5,940,32855
2021-08-01,AU,Australia,WPRO,1667,35462,7,947,34515
2021-08-08,AU,Australia,WPRO,2313,37775,16,963,36812
2021-08-15,AU,Australia,WPRO,3613,41388,27,990,40398
2021-08-22,AU,Australia,WPRO,6133,47521,22,1012,46509
2021-08-29,AU,Australia,WPRO,8140,55661,20,1032,54629
2021-09-05,AU,Australia,WPRO,11094,66755,52,1084,65671
2021-09-12,AU,Australia,WPRO,12596,79351,56,1140,78211
2021-09-19,AU,Australia,WPRO,12301,91652,77,1217,90435
2021-09-26,AU,Australia,WPRO,12498,104150,95,1312,102838
2021-10-03,AU,Australia,WPRO,15401,119551,110,1422,118129
2021-10-10,AU,Australia,WPRO,15281,134832,119,1541,133291
2021-10-17,AU,Australia,WPRO,15347,150179,105,1646,148533
2021-10-24,AU,Australia,WPRO,13759,163938,108,1754,162184
2021-10-31,AU,Australia,WPRO,10046,173984,112,1866,172118
2021-11-07,AU,Australia,WPRO,9666,183650,97,1963,181687
2021-11-14,AU,Australia,WPRO,8701,192351,66,2029,190322
2021-11-21,AU,Australia,WPRO,9330,201681,81,2110,199571
2021-11-28,AU,Australia,WPRO,9744,211425,56,2166,209259
2021-12-05,AU,Australia,WPRO,10526,221951,52,2218,219733
2021-12-12,AU,Australia,WPRO,13403,235354,36,2254,233100
2021-12-19,AU,Australia,WPRO,31489,266843,54,2308,264535
2021-12-26,AU,Australia,WPRO,99764,366607,69,2377,364230
2022-01-02,AU,Australia,WPRO,289614,656221,103,2480,653741
2022-01-09,AU,Australia,WPRO,588813,1245034,219,2699,1242335
2022-01-16,AU,Australia,WPRO,462325,1707359,440,3139,1704220
2022-01-23,AU,Australia,WPRO,347960,2055319,660,3799,2051520
2022-01-30,AU,Australia,WPRO,267817,2323136,670,4469,2318667
2022-02-06,AU,Australia,WPRO,201112,2524248,581,5050,2519198
2022-02-13,AU,Australia,WPRO,171754,2696002,436,5486,2690516
2022-02-20,AU,Australia,WPRO,160429,2856431,324,5810,2850621
2022-02-27,AU,Australia,WPRO,160402,3016833,242,6052,3010781
2022-03-06,AU,Australia,WPRO,195717,3212550,151,6203,3206347
2022-03-13,AU,Australia,WPRO,241848,3454398,140,6343,3448055
2022-03-20,AU,Australia,WPRO,327240,3781638,139,6482,3775156
2022-03-27,AU,Australia,WPRO,385762,4167400,149,6631,4160769
2022-04-03,AU,Australia,WPRO,395982,4563382,200,6831,4556551
2022-04-10,AU,Australia,WPRO,359765,4923147,198,7029,4916118
2022-04-17,AU,Australia,WPRO,306184,5229331,250,7279,5222052
2022-04-24,AU,Australia,WPRO,289282,5518613,315,7594,5511019
2022-05-01,AU,Australia,WPRO,272054,5790667,295,7889,5782778
2022-05-08,AU,Australia,WPRO,304061,6094728,315,8204,6086524
2022-05-15,AU,Australia,WPRO,350375,6445103,339,8543,6436560
2022-05-22,AU,Australia,WPRO,311716,6756819,317,8860,6747959
2022-05-29,AU,Australia,WPRO,240429,6997248,344,9204,6988044
2022-06-05,AU,Australia,WPRO,199964,7197212,375,9579,7187633
2022-06-12,AU,Australia,WPRO,184472,7381684,331,9910,7371774
2022-06-19,AU,Australia,WPRO,191043,7572727,344,10254,7562473
2022-06-26,AU,Australia,WPRO,204308,7777035,324,10578,7766457
2022-07-03,AU,Australia,WPRO,0,7777035,344,10922,7766113
2022-07-10,AU,Australia,WPRO,243697,8020732,400,11322,8009410
2022-07-17,AU,Australia,WPRO,271605,8292337,451,11773,8280564
2022-07-24,AU,Australia,WPRO,303029,8595366,607,12380,8582986
2022-07-31,AU,Australia,WPRO,319779,8915145,618,12998,8902147
2022-08-07,AU,Australia,WPRO,259334,9174479,603,13601,9160878
2022-08-14,AU,Australia,WPRO,200397,9374876,526,14127,9360749
2022-08-21,AU,Australia,WPRO,139178,9514054,375,14502,9499552
2022-08-28,AU,Australia,WPRO,103184,9617238,329,14831,9602407
2022-09-04,AU,Australia,WPRO,79985,9697223,240,15071,9682152
2022-09-11,AU,Australia,WPRO,63392,9760615,214,15285,9745330
2022-09-18,AU,Australia,WPRO,51273,9811888,184,15469,9796419
2022-09-25,AU,Australia,WPRO,43401,9855289,147,15616,9839673
2022-10-02,AU,Australia,WPRO,37578,9892867,113,15729,9877138
2022-10-09,AU,Australia,WPRO,38674,9931541,102,15831,9915710
2022-10-16,AU,Australia,WPRO,31327,9962868,74,15905,9946963
2022-10-23,AU,Australia,WPRO,29620,9992488,103,16008,9976480
2022-10-30,AU,Australia,WPRO,30363,10022851,85,16093,10006758
2022-11-06,AU,Australia,WPRO,35763,10058614,111,16204,10042410
2022-11-13,AU,Australia,WPRO,52310,10110924,116,16320,10094604
2022-11-20,AU,Australia,WPRO,73573,10184497,154,16474,10168023
2022-11-27,AU,Australia,WPRO,83407,10267904,178,16652,10251252
2022-12-04,AU,Australia,WPRO,97897,10365801,259,16911,10348890
2022-12-11,AU,Australia,WPRO,107902,10473703,272,17183,10456520
2022-12-18,AU,Australia,WPRO,112016,10585719,299,17482,10568237
2022-12-25,AU,Australia,WPRO,108322,10694041,334,17816,10676225
2023-01-01,AU,Australia,WPRO,91518,10785559,1094,18910,10766649
2023-01-08,AU,Australia,WPRO,86989,10872548,0,18910,10853638
2023-01-15,AU,Australia,WPRO,46003,10918551,0,18910,10899641
2023-01-22,AU,Australia,WPRO,30909,10949460,0,18910,10930550
2023-01-29,AU,Australia,WPRO,22041,10971501,0,18910,10952591
2023-02-05,AU,Australia,WPRO,18922,10990423,1161,20071,10970352
2023-02-12,AU,Australia,WPRO,17067,11007490,96,20167,10987323
2023-02-19,AU,Australia,WPRO,17927,11025417,89,20256,11005161
2023-02-26,AU,Australia,WPRO,17814,11043231,90,20346,11022885
2023-03-05,AU,Australia,WPRO,18262,11061493,78,20424,11041069
2023-03-12,AU,Australia,WPRO,19780,11081273,78,20502,11060771
2023-03-19,AU,Australia,WPRO,21681,11102954,88,20590,11082364
2023-03-26,AU,Australia,WPRO,23014,11125968,93,20683,11105285
2023-04-02,AU,Australia,WPRO,25521,11151489,103,20786,11130703
2023-04-09,AU,Australia,WPRO,27650,11179139,123,20909,11158230
2023-04-16,AU,Australia,WPRO,27055,11206194,131,21040,11185154
2023-04-23,AU,Australia,WPRO,29966,11236160,146,21186,11214974
2023-04-30,AU,Australia,WPRO,29431,11265591,155,21341,11244250
2023-05-07,AU,Australia,WPRO,29663,11295254,173,21514,11273740
2023-05-14,AU,Australia,WPRO,31859,11327113,173,21687,11305426
2023-05-21,AU,Australia,WPRO,37720,11364833,170,21857,11342976
2023-05-28,AU,Australia,WPRO,41012,11405845,213,22070,11383775
2023-06-04,AU,Australia,WPRO,39051,11444896,232,22302,11422594
2023-06-11,AU,Australia,WPRO,33125,11478021,226,22528,11455493
2023-06-18,AU,Australia,WPRO,22769,11500790,183,22711,11478079
2023-06-25,AU,Australia,WPRO,16822,11517612,59,22770,11494842
2023-07-02,AU,Australia,WPRO,13551,11531163,0,22770,11508393
2023-07-09,AU,Australia,WPRO,10511,11541674,0,22770,11518904
2023-07-16,AU,Australia,WPRO,7826,11549500,0,22770,11526730
2023-07-23,AU,Australia,WPRO,6495,11555995,-76,22694,11533301
2023-07-30,AU,Australia,WPRO,5525,11561520,85,22779,11538741
2023-08-06,AU,Australia,WPRO,5410,11566930,60,22839,11544091
2023-08-13,AU,Australia,WPRO,5116,11572046,67,22906,11549140
2023-08-20,AU,Australia,WPRO,5194,11577240,56,22962,11554278
2023-08-27,AU,Australia,WPRO,5176,11582416,53,23015,11559401
2023-09-03,AU,Australia,WPRO,5491,11587907,39,23054,11564853
2023-09-10,AU,Australia,WPRO,5033,11592940,40,23094,11569846
2023-09-17,AU,Australia,WPRO,5017,11597957,38,23132,11574825
2023-09-24,AU,Australia,WPRO,5189,11603146,37,23169,11579977
2023-10-01,AU,Australia,WPRO,5393,11608539,33,23202,11585337
2023-10-08,AU,Australia,WPRO,5561,11614100,78,23280,11590820
2023-10-15,AU,Australia,WPRO,4691,11618791,45,23325,11595466
2023-10-22,AU,Australia,WPRO,5358,11624149,52,23377,11600772
2023-10-29,AU,Australia,WPRO,6347,11630496,72,23449,11607047
2023-11-05,AU,Australia,WPRO,7687,11638183,51,23500,11614683
2023-11-12,AU,Australia,WPRO,10293,11648476,113,23613,11624863
2023-11-19,AU,Australia,WPRO,10799,11659275,91,23704,11635571
2023-11-26,AU,Australia,WPRO,10282,11669557,89,23793,11645764
2023-12-03,AU,Australia,WPRO,9620,11679177,152,23945,11655232
2023-12-10,AU,Australia,WPRO,9981,11689158,172,24117,11665041
2023-12-17,AU,Australia,WPRO,10497,11699655,92,24209,11675446
2023-12-24,AU,Australia,WPRO,11146,11710801,64,24273,11686528
2023-12-31,AU,Australia,WPRO,10734,11721535,71,24344,11697191
2024-01-07,AU,Australia,WPRO,9818,11731353,63,24407,11706946
2024-01-14,AU,Australia,WPRO,11054,11742407,60,24467,11717940
2024-01-21,AU,Australia,WPRO,10792,11753199,137,24604,11728595
2024-01-28,AU,Australia,WPRO,9043,11762242,53,24657,11737585
2024-02-04,AU,Australia,WPRO,7918,11770160,53,24710,11745450
2024-02-11,AU,Australia,WPRO,8100,11778260,75,24785,11753475
2024-02-18,AU,Australia,WPRO,7461,11785721,58,24843,11760878
2024-02-25,AU,Australia,WPRO,7398,11793119,40,24883,11768236
2024-03-03,AU,Australia,WPRO,7388,11800507,42,24925,11775582
2024-03-10,AU,Australia,WPRO,6719,11807226,33,24958,11782268
2024-03-17,AU,Australia,WPRO,6514,11813740,0,24958,11788782
2024-03-24,AU,Australia,WPRO,5201,11818941,47,25005,11793936
2024-03-31,AU,Australia,WPRO,4698,11823639,34,25039,11798600
2024-04-07,AU,Australia,WPRO,4281,11827920,51,25090,11802830
2024-04-14,AU,Australia,WPRO,4522,11832442,41,25131,11807311
2024-04-21,AU,Australia,WPRO,4424,11836866,34,25165,11811701
2024-04-28,AU,Australia,WPRO,4657,11841523,21,25186,11816337
2024-05-05,AU,Australia,WPRO,4866,11846389,16,25202,11821187
2024-05-12,AU,Australia,WPRO,6769,11853158,18,25220,11827938
2024-05-19,AU,Australia,WPRO,8003,11861161,16,25236,11835925
2024-05-26,AU,Australia,WPRO,0,11861161,0,25236,11835925
2024-06-02,AU,Australia,WPRO,0,11861161,0,25236,11835925
2024-06-09,AU,Australia,WPRO,0,11861161,0,25236,11835925
2024-06-16,AU,Australia,WPRO,0,11861161,0,25236,11835925
2024-06-23,AU,Australia,WPRO,0,11861161,0,25236,11835925
2024-06-30,AU,Australia,WPRO,0,11861161,0,25236,11835925
2024-07-07,AU,Australia,WPRO,0,11861161,0,25236,11835925
2024-07-14,AU,Australia,WPRO,0,11861161,0,25236,11835925
2024-07-21,AU,Australia,WPRO,0,11861161,0,25236,11835925
2024-07-28,AU,Australia,WPRO,0,11861161,0,25236,11835925
2024-08-04,AU,Australia,WPRO,0,11861161,0,25236,11835925
2024-08-11,AU,Australia,WPRO,0,11861161,0,25236,11835925
2024-08-18,AU,Australia,WPRO,0,11861161,0,25236,11835925
2024-08-25,AU,Australia,WPRO,0,11861161,0,25236,11835925
2024-09-01,AU,Australia,WPRO,0,11861161,0,25236,11835925
2024-09-08,AU,Australia,WPRO,0,11861161,0,25236,11835925
2024-09-15,AU,Australia,WPRO,0,11861161,0,25236,11835925
2024-09-22,AU,Australia,WPRO,0,11861161,0,25236,11835925
2024-09-29,AU,Australia,WPRO,0,11861161,0,25236,11835925
2024-10-06,AU,Australia,WPRO,0,11861161,0,25236,11835925
2024-10-13,AU,Australia,WPRO,0,11861161,0,25236,11835925
2024-10-20,AU,Australia,WPRO,0,11861161,0,25236,11835925
2024-10-27,AU,Australia,WPRO,0,11861161,0,25236,11835925
2024-11-03,AU,Australia,WPRO,0,11861161,0,25236,11835925
2024-11-10,AU,Australia,WPRO,0,11861161,0,25236,11835925
2024-11-17,AU,Australia,WPRO,0,11861161,0,25236,11835925
2020-01-05,AT,Austria,EURO,0,0,0,0,0
2020-01-12,AT,Austria,EURO,0,0,0,0,0
2020-01-19,AT,Austria,EURO,0,0,0,0,0
2020-01-26,AT,Austria,EURO,0,0,0,0,0
2020-02-02,AT,Austria,EURO,0,0,0,0,0
2020-02-09,AT,Austria,EURO,0,0,0,0,0
2020-02-16,AT,Austria,EURO,0,0,0,0,0
2020-02-23,AT,Austria,EURO,0,0,0,0,0
2020-03-01,AT,Austria,EURO,7,7,0,0,7
2020-03-08,AT,Austria,EURO,68,75,0,0,75
2020-03-15,AT,Austria,EURO,513,588,1,1,587
2020-03-22,AT,Austria,EURO,544,1132,14,15,1117
2020-03-29,AT,Austria,EURO,3814,4946,51,66,4880
2020-04-05,AT,Austria,EURO,3753,8699,103,169,8530
2020-04-12,AT,Austria,EURO,1942,10641,151,320,10321
2020-04-19,AT,Austria,EURO,889,11530,111,431,11099
2020-04-26,AT,Austria,EURO,450,11980,85,516,11464
2020-05-03,AT,Austria,EURO,366,12346,60,576,11770
2020-05-10,AT,Austria,EURO,259,12605,33,609,11996
2020-05-17,AT,Austria,EURO,329,12934,20,629,12305
2020-05-24,AT,Austria,EURO,249,13183,17,646,12537
2020-05-31,AT,Austria,EURO,213,13396,12,658,12738
2020-06-07,AT,Austria,EURO,208,13604,16,674,12930
2020-06-14,AT,Austria,EURO,188,13792,12,686,13106
2020-06-21,AT,Austria,EURO,227,14019,17,703,13316
2020-06-28,AT,Austria,EURO,288,14307,16,719,13588
2020-07-05,AT,Austria,EURO,565,14872,11,730,14142
2020-07-12,AT,Austria,EURO,636,15508,5,735,14773
2020-07-19,AT,Austria,EURO,758,16266,9,744,15522
2020-07-26,AT,Austria,EURO,827,17093,10,754,16339
2020-08-02,AT,Austria,EURO,876,17969,13,767,17202
2020-08-09,AT,Austria,EURO,676,18645,13,780,17865
2020-08-16,AT,Austria,EURO,1310,19955,11,791,19164
2020-08-23,AT,Austria,EURO,1812,21767,11,802,20965
2020-08-30,AT,Austria,EURO,1904,23671,10,812,22859
2020-09-06,AT,Austria,EURO,2141,25812,13,825,24987
2020-09-13,AT,Austria,EURO,3750,29562,13,838,28724
2020-09-20,AT,Austria,EURO,4906,34468,20,858,33610
2020-09-27,AT,Austria,EURO,4661,39129,31,889,38240
2020-10-04,AT,Austria,EURO,5291,44420,36,925,43495
2020-10-11,AT,Austria,EURO,7102,51522,63,988,50534
2020-10-18,AT,Austria,EURO,9059,60581,62,1050,59531
2020-10-25,AT,Austria,EURO,15533,76114,112,1162,74952
2020-11-01,AT,Austria,EURO,27818,103932,214,1376,102556
2020-11-08,AT,Austria,EURO,42962,146894,353,1729,145165
2020-11-15,AT,Austria,EURO,49191,196085,571,2300,193785
2020-11-22,AT,Austria,EURO,42797,238882,727,3027,235855
2020-11-29,AT,Austria,EURO,32574,271456,822,3849,267607
2020-12-06,AT,Austria,EURO,24249,295705,957,4806,290899
2020-12-13,AT,Austria,EURO,18476,314181,871,5677,308504
2020-12-20,AT,Austria,EURO,17130,331311,729,6406,324905
2020-12-27,AT,Austria,EURO,13421,344732,643,7049,337683
2021-01-03,AT,Austria,EURO,14212,358944,550,7599,351345
2021-01-10,AT,Austria,EURO,15104,374048,453,8052,365996
2021-01-17,AT,Austria,EURO,11470,385518,438,8490,377028
2021-01-24,AT,Austria,EURO,10528,396046,401,8891,387155
2021-01-31,AT,Austria,EURO,9512,405558,387,9278,396280
2021-02-07,AT,Austria,EURO,9181,414739,321,9599,405140
2021-02-14,AT,Austria,EURO,9273,424012,268,9867,414145
2021-02-21,AT,Austria,EURO,11105,435117,217,10084,425033
2021-02-28,AT,Austria,EURO,13481,448598,225,10309,438289
2021-03-07,AT,Austria,EURO,15679,464277,196,10505,453772
2021-03-14,AT,Austria,EURO,17980,482257,208,10713,471544
2021-03-21,AT,Austria,EURO,20380,502637,243,10956,491681
2021-03-28,AT,Austria,EURO,21544,524181,219,11175,513006
2021-04-04,AT,Austria,EURO,21501,545682,249,11424,534258
2021-04-11,AT,Austria,EURO,18730,564412,264,11688,552724
2021-04-18,AT,Austria,EURO,16783,581195,250,11938,569257
2021-04-25,AT,Austria,EURO,15655,596850,221,12159,584691
2021-05-02,AT,Austria,EURO,13512,610362,178,12337,598025
2021-05-09,AT,Austria,EURO,9651,620013,180,12517,607496
2021-05-16,AT,Austria,EURO,6321,626334,117,12634,613700
2021-05-23,AT,Austria,EURO,4502,630836,80,12714,618122
2021-05-30,AT,Austria,EURO,3299,634135,75,12789,621346
2021-06-06,AT,Austria,EURO,2499,636634,55,12844,623790
2021-06-13,AT,Austria,EURO,2011,638645,39,12883,625762
2021-06-20,AT,Austria,EURO,1088,639733,31,12914,626819
2021-06-27,AT,Austria,EURO,765,640498,26,12940,627558
2021-07-04,AT,Austria,EURO,630,641128,22,12962,628166
2021-07-11,AT,Austria,EURO,895,642023,16,12978,629045
2021-07-18,AT,Austria,EURO,1940,643963,14,12992,630971
2021-07-25,AT,Austria,EURO,2481,646444,13,13005,633439
2021-08-01,AT,Austria,EURO,3134,649578,13,13018,636560
2021-08-08,AT,Austria,EURO,3433,653011,23,13041,639970
2021-08-15,AT,Austria,EURO,5269,658280,13,13054,645226
2021-08-22,AT,Austria,EURO,7609,665889,14,13068,652821
2021-08-29,AT,Austria,EURO,9095,674984,27,13095,661889
2021-09-05,AT,Austria,EURO,10736,685720,38,13133,672587
2021-09-12,AT,Austria,EURO,13822,699542,59,13192,686350
2021-09-19,AT,Austria,EURO,14233,713775,68,13260,700515
2021-09-26,AT,Austria,EURO,11737,725512,78,13338,712174
2021-10-03,AT,Austria,EURO,12441,737953,77,13415,724538
2021-10-10,AT,Austria,EURO,12820,750773,77,13492,737281
2021-10-17,AT,Austria,EURO,14078,764851,88,13580,751271
2021-10-24,AT,Austria,EURO,21646,786497,111,13691,772806
2021-10-31,AT,Austria,EURO,30465,816962,137,13828,803134
2021-11-07,AT,Austria,EURO,50720,867682,192,14020,853662
2021-11-14,AT,Austria,EURO,72220,939902,287,14307,925595
2021-11-21,AT,Austria,EURO,93928,1033830,386,14693,1019137
2021-11-28,AT,Austria,EURO,90679,1124509,467,15160,1109349
2021-12-05,AT,Austria,EURO,58797,1183306,483,15643,1167663
2021-12-12,AT,Austria,EURO,32187,1215493,443,16086,1199407
2021-12-19,AT,Austria,EURO,21481,1236974,303,16389,1220585
2021-12-26,AT,Austria,EURO,15114,1252088,198,16587,1235501
2022-01-02,AT,Austria,EURO,19925,1272013,154,16741,1255272
2022-01-09,AT,Austria,EURO,47142,1319155,89,16830,1302325
2022-01-16,AT,Austria,EURO,101269,1420424,72,16902,1403522
2022-01-23,AT,Austria,EURO,158635,1579059,71,16973,1562086
2022-01-30,AT,Austria,EURO,220484,1799543,106,17079,1782464
2022-02-06,AT,Austria,EURO,231714,2031257,127,17206,2014051
2022-02-13,AT,Austria,EURO,223088,2254345,170,17376,2236969
2022-02-20,AT,Austria,EURO,200933,2455278,201,17577,2437701
2022-02-27,AT,Austria,EURO,185138,2640416,213,17790,2622626
2022-03-06,AT,Austria,EURO,206248,2846664,228,18018,2828646
2022-03-13,AT,Austria,EURO,281597,3128261,192,18210,3110051
2022-03-20,AT,Austria,EURO,319108,3447369,226,18436,3428933
2022-03-27,AT,Austria,EURO,270232,3717601,288,18724,3698877
2022-04-03,AT,Austria,EURO,172589,3890190,289,19013,3871177
2022-04-10,AT,Austria,EURO,103990,3994180,226,19239,3974941
2022-04-17,AT,Austria,EURO,68173,4062353,179,19418,4042935
2022-04-24,AT,Austria,EURO,52197,4114550,138,19556,4094994
2022-05-01,AT,Austria,EURO,41690,4156240,100,19656,4136584
2022-05-08,AT,Austria,EURO,37988,4194228,76,19732,4174496
2022-05-15,AT,Austria,EURO,31290,4225518,61,19793,4205725
2022-05-22,AT,Austria,EURO,22565,4248083,34,19827,4228256
2022-05-29,AT,Austria,EURO,15151,4263234,39,19866,4243368
2022-06-05,AT,Austria,EURO,18678,4281912,21,19887,4262025
2022-06-12,AT,Austria,EURO,23968,4305880,22,19909,4285971
2022-06-19,AT,Austria,EURO,35416,4341296,28,19937,4321359
2022-06-26,AT,Austria,EURO,58037,4399333,33,19970,4379363
2022-07-03,AT,Austria,EURO,68562,4467895,53,20023,4447872
2022-07-10,AT,Austria,EURO,74223,4542118,58,20081,4522037
2022-07-17,AT,Austria,EURO,80557,4622675,57,20138,4602537
2022-07-24,AT,Austria,EURO,82554,4705229,89,20227,4685002
2022-07-31,AT,Austria,EURO,60380,4765609,104,20331,4745278
2022-08-07,AT,Austria,EURO,44332,4809941,76,20407,4789534
2022-08-14,AT,Austria,EURO,39284,4849225,83,20490,4828735
2022-08-21,AT,Austria,EURO,37611,4886836,57,20547,4866289
2022-08-28,AT,Austria,EURO,34819,4921655,55,20602,4901053
2022-09-04,AT,Austria,EURO,30154,4951809,32,20634,4931175
2022-09-11,AT,Austria,EURO,28946,4980755,52,20686,4960069
2022-09-18,AT,Austria,EURO,33920,5014675,34,20720,4993955
2022-09-25,AT,Austria,EURO,47759,5062434,33,20753,5041681
2022-10-02,AT,Austria,EURO,77655,5140089,51,20804,5119285
2022-10-09,AT,Austria,EURO,96821,5236910,86,20890,5216020
2022-10-16,AT,Austria,EURO,90835,5327745,93,20983,5306762
2022-10-23,AT,Austria,EURO,64550,5392295,69,21052,5371243
2022-10-30,AT,Austria,EURO,39248,5431543,91,21143,5410400
2022-11-06,AT,Austria,EURO,30833,5462376,57,21200,5441176
2022-11-13,AT,Austria,EURO,25591,5487967,49,21249,5466718
2022-11-20,AT,Austria,EURO,26519,5514486,61,21310,5493176
2022-11-27,AT,Austria,EURO,29327,5543813,41,21351,5522462
2022-12-04,AT,Austria,EURO,33020,5576833,50,21401,5555432
2022-12-11,AT,Austria,EURO,31822,5608655,43,21444,5587211
2022-12-18,AT,Austria,EURO,36251,5644906,52,21496,5623410
2022-12-25,AT,Austria,EURO,33439,5678345,75,21571,5656774
2023-01-01,AT,Austria,EURO,26728,5705073,73,21644,5683429
2023-01-08,AT,Austria,EURO,19106,5724179,64,21708,5702471
2023-01-15,AT,Austria,EURO,16350,5740529,66,21774,5718755
2023-01-22,AT,Austria,EURO,13499,5754028,42,21816,5732212
2023-01-29,AT,Austria,EURO,18243,5772271,42,21858,5750413
2023-02-05,AT,Austria,EURO,26105,5798376,54,21912,5776464
2023-02-12,AT,Austria,EURO,27763,5826139,37,21949,5804190
2023-02-19,AT,Austria,EURO,33324,5859463,34,21983,5837480
2023-02-26,AT,Austria,EURO,37763,5897226,60,22043,5875183
2023-03-05,AT,Austria,EURO,39473,5936699,54,22097,5914602
2023-03-12,AT,Austria,EURO,34418,5971117,72,22169,5948948
2023-03-19,AT,Austria,EURO,28347,5999464,47,22216,5977248
2023-03-26,AT,Austria,EURO,22317,6021781,58,22274,5999507
2023-04-02,AT,Austria,EURO,14310,6036091,41,22315,6013776
2023-04-09,AT,Austria,EURO,9089,6045180,38,22353,6022827
2023-04-16,AT,Austria,EURO,7508,6052688,36,22389,6030299
2023-04-23,AT,Austria,EURO,6676,6059364,29,22418,6036946
2023-04-30,AT,Austria,EURO,5463,6064827,33,22451,6042376
2023-05-07,AT,Austria,EURO,4026,6068853,20,22471,6046382
2023-05-14,AT,Austria,EURO,3061,6071914,13,22484,6049430
2023-05-21,AT,Austria,EURO,2145,6074059,12,22496,6051563
2023-05-28,AT,Austria,EURO,2345,6076404,12,22508,6053896
2023-06-04,AT,Austria,EURO,1468,6077872,12,22520,6055352
2023-06-11,AT,Austria,EURO,1018,6078890,5,22525,6056365
2023-06-18,AT,Austria,EURO,1057,6079947,7,22532,6057415
2023-06-25,AT,Austria,EURO,828,6080775,2,22534,6058241
2023-07-02,AT,Austria,EURO,512,6081287,0,22534,6058753
2023-07-09,AT,Austria,EURO,0,6081287,0,22534,6058753
2023-07-16,AT,Austria,EURO,0,6081287,0,22534,6058753
2023-07-23,AT,Austria,EURO,0,6081287,0,22534,6058753
2023-07-30,AT,Austria,EURO,0,6081287,0,22534,6058753
2023-08-06,AT,Austria,EURO,0,6081287,0,22534,6058753
2023-08-13,AT,Austria,EURO,0,6081287,0,22534,6058753
2023-08-20,AT,Austria,EURO,0,6081287,0,22534,6058753
2023-08-27,AT,Austria,EURO,0,6081287,0,22534,6058753
2023-09-03,AT,Austria,EURO,0,6081287,0,22534,6058753
2023-09-10,AT,Austria,EURO,0,6081287,0,22534,6058753
2023-09-17,AT,Austria,EURO,0,6081287,0,22534,6058753
2023-09-24,AT,Austria,EURO,0,6081287,0,22534,6058753
2023-10-01,AT,Austria,EURO,0,6081287,0,22534,6058753
2023-10-08,AT,Austria,EURO,0,6081287,0,22534,6058753
2023-10-15,AT,Austria,EURO,0,6081287,0,22534,6058753
2023-10-22,AT,Austria,EURO,0,6081287,0,22534,6058753
2023-10-29,AT,Austria,EURO,0,6081287,0,22534,6058753
2023-11-05,AT,Austria,EURO,63,6081350,0,22534,6058816
2023-11-12,AT,Austria,EURO,87,6081437,0,22534,6058903
2023-11-19,AT,Austria,EURO,76,6081513,0,22534,6058979
2023-11-26,AT,Austria,EURO,104,6081617,0,22534,6059083
2023-12-03,AT,Austria,EURO,131,6081748,0,22534,6059214
2023-12-10,AT,Austria,EURO,102,6081850,0,22534,6059316
2023-12-17,AT,Austria,EURO,148,6081998,0,22534,6059464
2023-12-24,AT,Austria,EURO,126,6082124,0,22534,6059590
2023-12-31,AT,Austria,EURO,46,6082170,0,22534,6059636
2024-01-07,AT,Austria,EURO,50,6082220,0,22534,6059686
2024-01-14,AT,Austria,EURO,35,6082255,0,22534,6059721
2024-01-21,AT,Austria,EURO,24,6082279,0,22534,6059745
2024-01-28,AT,Austria,EURO,13,6082292,0,22534,6059758
2024-02-04,AT,Austria,EURO,15,6082307,0,22534,6059773
2024-02-11,AT,Austria,EURO,16,6082323,0,22534,6059789
2024-02-18,AT,Austria,EURO,4,6082327,0,22534,6059793
2024-02-25,AT,Austria,EURO,3,6082330,0,22534,6059796
2024-03-03,AT,Austria,EURO,4,6082334,0,22534,6059800
2024-03-10,AT,Austria,EURO,2,6082336,0,22534,6059802
2024-03-17,AT,Austria,EURO,1,6082337,0,22534,6059803
2024-03-24,AT,Austria,EURO,2,6082339,0,22534,6059805
2024-03-31,AT,Austria,EURO,2,6082341,0,22534,6059807
2024-04-07,AT,Austria,EURO,0,6082341,0,22534,6059807
2024-04-14,AT,Austria,EURO,1,6082342,0,22534,6059808
2024-04-21,AT,Austria,EURO,1,6082343,0,22534,6059809
2024-04-28,AT,Austria,EURO,2,6082345,0,22534,6059811
2024-05-05,AT,Austria,EURO,2,6082347,0,22534,6059813
2024-05-12,AT,Austria,EURO,0,6082347,0,22534,6059813
2024-05-19,AT,Austria,EURO,1,6082348,0,22534,6059814
2024-05-26,AT,Austria,EURO,0,6082348,0,22534,6059814
2024-06-02,AT,Austria,EURO,3,6082351,0,22534,6059817
2024-06-09,AT,Austria,EURO,3,6082354,0,22534,6059820
2024-06-16,AT,Austria,EURO,2,6082356,0,22534,6059822
2024-06-23,AT,Austria,EURO,9,6082365,0,22534,6059831
2024-06-30,AT,Austria,EURO,8,6082373,0,22534,6059839
2024-07-07,AT,Austria,EURO,17,6082390,0,22534,6059856
2024-07-14,AT,Austria,EURO,12,6082402,0,22534,6059868
2024-07-21,AT,Austria,EURO,12,6082414,0,22534,6059880
2024-07-28,AT,Austria,EURO,15,6082429,0,22534,6059895
2024-08-04,AT,Austria,EURO,15,6082444,0,22534,6059910
2024-08-11,AT,Austria,EURO,21,6082465,0,22534,6059931
2024-08-18,AT,Austria,EURO,14,6082479,0,22534,6059945
2024-08-25,AT,Austria,EURO,14,6082493,0,22534,6059959
2024-09-01,AT,Austria,EURO,15,6082508,0,22534,6059974
2024-09-08,AT,Austria,EURO,8,6082516,0,22534,6059982
2024-09-15,AT,Austria,EURO,24,6082540,0,22534,6060006
2024-09-22,AT,Austria,EURO,42,6082582,0,22534,6060048
2024-09-29,AT,Austria,EURO,74,6082656,0,22534,6060122
2024-10-06,AT,Austria,EURO,50,6082706,0,22534,6060172
2024-10-13,AT,Austria,EURO,59,6082765,0,22534,6060231
2024-10-20,AT,Austria,EURO,56,6082821,0,22534,6060287
2024-10-27,AT,Austria,EURO,39,6082860,0,22534,6060326
2024-11-03,AT,Austria,EURO,17,6082877,0,22534,6060343
2024-11-10,AT,Austria,EURO,27,6082904,0,22534,6060370
2024-11-17,AT,Austria,EURO,18,6082922,0,22534,6060388
2020-01-05,AZ,Azerbaijan,EURO,0,0,0,0,0
2020-01-12,AZ,Azerbaijan,EURO,0,0,0,0,0
2020-01-19,AZ,Azerbaijan,EURO,0,0,0,0,0
2020-01-26,AZ,Azerbaijan,EURO,0,0,0,0,0
2020-02-02,AZ,Azerbaijan,EURO,0,0,0,0,0
2020-02-09,AZ,Azerbaijan,EURO,0,0,0,0,0
2020-02-16,AZ,Azerbaijan,EURO,0,0,0,0,0
2020-02-23,AZ,Azerbaijan,EURO,0,0,0,0,0
2020-03-01,AZ,Azerbaijan,EURO,3,3,0,0,3
2020-03-08,AZ,Azerbaijan,EURO,6,9,0,0,9
2020-03-15,AZ,Azerbaijan,EURO,2,11,0,0,11
2020-03-22,AZ,Azerbaijan,EURO,42,53,1,1,52
2020-03-29,AZ,Azerbaijan,EURO,94,147,2,3,144
2020-04-05,AZ,Azerbaijan,EURO,296,443,2,5,438
2020-04-12,AZ,Azerbaijan,EURO,548,991,5,10,981
2020-04-19,AZ,Azerbaijan,EURO,349,1340,5,15,1325
2020-04-26,AZ,Azerbaijan,EURO,252,1592,6,21,1571
2020-05-03,AZ,Azerbaijan,EURO,262,1854,4,25,1829
2020-05-10,AZ,Azerbaijan,EURO,425,2279,3,28,2251
2020-05-17,AZ,Azerbaijan,EURO,701,2980,8,36,2944
2020-05-24,AZ,Azerbaijan,EURO,875,3855,10,46,3809
2020-05-31,AZ,Azerbaijan,EURO,1134,4989,12,58,4931
2020-06-07,AZ,Azerbaijan,EURO,1871,6860,24,82,6778
2020-06-14,AZ,Azerbaijan,EURO,2358,9218,31,113,9105
2020-06-21,AZ,Azerbaijan,EURO,2549,11767,30,143,11624
2020-06-28,AZ,Azerbaijan,EURO,3602,15369,44,187,15182
2020-07-05,AZ,Azerbaijan,EURO,3898,19267,48,235,19032
2020-07-12,AZ,Azerbaijan,EURO,3723,22990,57,292,22698
2020-07-19,AZ,Azerbaijan,EURO,3646,26636,49,341,26295
2020-07-26,AZ,Azerbaijan,EURO,2676,29312,59,400,28912
2020-08-02,AZ,Azerbaijan,EURO,2566,31878,48,448,31430
2020-08-09,AZ,Azerbaijan,EURO,1498,33376,35,483,32893
2020-08-16,AZ,Azerbaijan,EURO,642,34018,21,504,33514
2020-08-23,AZ,Azerbaijan,EURO,903,34921,8,512,34409
2020-08-30,AZ,Azerbaijan,EURO,1065,35986,15,527,35459
2020-09-06,AZ,Azerbaijan,EURO,1045,37031,16,543,36488
2020-09-13,AZ,Azerbaijan,EURO,1006,38037,14,557,37480
2020-09-20,AZ,Azerbaijan,EURO,857,38894,15,572,38322
2020-09-27,AZ,Azerbaijan,EURO,893,39787,11,583,39204
2020-10-04,AZ,Azerbaijan,EURO,666,40453,11,594,39859
2020-10-11,AZ,Azerbaijan,EURO,1066,41519,11,605,40914
2020-10-18,AZ,Azerbaijan,EURO,2270,43789,16,621,43168
2020-10-25,AZ,Azerbaijan,EURO,4432,48221,35,656,47565
2020-11-01,AZ,Azerbaijan,EURO,5953,54174,62,718,53456
2020-11-08,AZ,Azerbaijan,EURO,8164,62338,93,811,61527
2020-11-15,AZ,Azerbaijan,EURO,9242,71580,116,927,70653
2020-11-22,AZ,Azerbaijan,EURO,15583,87163,152,1079,86084
2020-11-29,AZ,Azerbaijan,EURO,22650,109813,212,1291,108522
2020-12-06,AZ,Azerbaijan,EURO,28187,138000,260,1551,136449
2020-12-13,AZ,Azerbaijan,EURO,29155,167155,289,1840,165315
2020-12-20,AZ,Azerbaijan,EURO,28267,195422,293,2133,193289
2020-12-27,AZ,Azerbaijan,EURO,16342,211764,283,2416,209348
2021-01-03,AZ,Azerbaijan,EURO,7277,219041,254,2670,216371
2021-01-10,AZ,Azerbaijan,EURO,4376,223417,199,2869,220548
2021-01-17,AZ,Azerbaijan,EURO,3132,226549,114,2983,223566
2021-01-24,AZ,Azerbaijan,EURO,1977,228526,81,3064,225462
2021-01-31,AZ,Azerbaijan,EURO,1409,229935,55,3119,226816
2021-02-07,AZ,Azerbaijan,EURO,972,230907,34,3153,227754
2021-02-14,AZ,Azerbaijan,EURO,933,231840,20,3173,228667
2021-02-21,AZ,Azerbaijan,EURO,989,232829,20,3193,229636
2021-02-28,AZ,Azerbaijan,EURO,1160,233989,20,3213,230776
2021-03-07,AZ,Azerbaijan,EURO,2376,236365,25,3238,233127
2021-03-14,AZ,Azerbaijan,EURO,3327,239692,38,3276,236416
2021-03-21,AZ,Azerbaijan,EURO,5798,245490,63,3339,242151
2021-03-28,AZ,Azerbaijan,EURO,8880,254370,125,3464,250906
2021-04-04,AZ,Azerbaijan,EURO,14344,268714,184,3648,265066
2021-04-11,AZ,Azerbaijan,EURO,14865,283579,231,3879,279700
2021-04-18,AZ,Azerbaijan,EURO,14943,298522,228,4107,294415
2021-04-25,AZ,Azerbaijan,EURO,12943,311465,235,4342,307123
2021-05-02,AZ,Azerbaijan,EURO,8857,320322,196,4538,315784
2021-05-09,AZ,Azerbaijan,EURO,5734,326056,128,4666,321390
2021-05-16,AZ,Azerbaijan,EURO,3315,329371,102,4768,324603
2021-05-23,AZ,Azerbaijan,EURO,2864,332235,83,4851,327384
2021-05-30,AZ,Azerbaijan,EURO,1488,333723,52,4903,328820
2021-06-06,AZ,Azerbaijan,EURO,924,334647,33,4936,329711
2021-06-13,AZ,Azerbaijan,EURO,479,335126,17,4953,330173
2021-06-20,AZ,Azerbaijan,EURO,311,335437,8,4961,330476
2021-06-27,AZ,Azerbaijan,EURO,359,335796,6,4967,330829
2021-07-04,AZ,Azerbaijan,EURO,522,336318,10,4977,331341
2021-07-11,AZ,Azerbaijan,EURO,780,337098,7,4984,332114
2021-07-18,AZ,Azerbaijan,EURO,1085,338183,7,4991,333192
2021-07-25,AZ,Azerbaijan,EURO,1874,340057,11,5002,335055
2021-08-01,AZ,Azerbaijan,EURO,3792,343849,21,5023,338826
2021-08-08,AZ,Azerbaijan,EURO,6756,350605,33,5056,345549
2021-08-15,AZ,Azerbaijan,EURO,14404,365009,82,5138,359871
2021-08-22,AZ,Azerbaijan,EURO,23428,388437,141,5279,383158
2021-08-29,AZ,Azerbaijan,EURO,25549,413986,233,5512,408474
2021-09-05,AZ,Azerbaijan,EURO,25576,439562,288,5800,433762
2021-09-12,AZ,Azerbaijan,EURO,15482,455044,231,6031,449013
2021-09-19,AZ,Azerbaijan,EURO,15941,470985,249,6280,464705
2021-09-26,AZ,Azerbaijan,EURO,8829,479814,153,6433,473381
2021-10-03,AZ,Azerbaijan,EURO,5461,485275,126,6559,478716
2021-10-10,AZ,Azerbaijan,EURO,5872,491147,95,6654,484493
2021-10-17,AZ,Azerbaijan,EURO,9164,500311,92,6746,493565
2021-10-24,AZ,Azerbaijan,EURO,13978,514289,123,6869,507420
2021-10-31,AZ,Azerbaijan,EURO,14820,529109,180,7049,522060
2021-11-07,AZ,Azerbaijan,EURO,15541,544650,192,7241,537409
2021-11-14,AZ,Azerbaijan,EURO,13781,558431,175,7416,551015
2021-11-21,AZ,Azerbaijan,EURO,13654,572085,183,7599,564486
2021-11-28,AZ,Azerbaijan,EURO,12036,584121,190,7789,576332
2021-12-05,AZ,Azerbaijan,EURO,10873,594994,158,7947,587047
2021-12-12,AZ,Azerbaijan,EURO,8369,603363,123,8070,595293
2021-12-19,AZ,Azerbaijan,EURO,6034,609397,112,8182,601215
2021-12-26,AZ,Azerbaijan,EURO,4722,614119,102,8284,605835
2022-01-02,AZ,Azerbaijan,EURO,3192,617311,81,8365,608946
2022-01-09,AZ,Azerbaijan,EURO,3368,620679,72,8437,612242
2022-01-16,AZ,Azerbaijan,EURO,4239,624918,73,8510,616408
2022-01-23,AZ,Azerbaijan,EURO,7116,632034,87,8597,623437
2022-01-30,AZ,Azerbaijan,EURO,19307,651341,103,8700,642641
2022-02-06,AZ,Azerbaijan,EURO,39839,691180,146,8846,682334
2022-02-13,AZ,Azerbaijan,EURO,47148,738328,181,9027,729301
2022-02-20,AZ,Azerbaijan,EURO,33381,771709,184,9211,762498
2022-02-27,AZ,Azerbaijan,EURO,12551,784260,167,9378,774882
2022-03-06,AZ,Azerbaijan,EURO,4698,788958,122,9500,779458
2022-03-13,AZ,Azerbaijan,EURO,1617,790575,99,9599,780976
2022-03-20,AZ,Azerbaijan,EURO,829,791404,52,9651,781753
2022-03-27,AZ,Azerbaijan,EURO,291,791695,28,9679,782016
2022-04-03,AZ,Azerbaijan,EURO,324,792019,18,9697,782322
2022-04-10,AZ,Azerbaijan,EURO,197,792216,6,9703,782513
2022-04-17,AZ,Azerbaijan,EURO,133,792349,2,9705,782644
2022-04-24,AZ,Azerbaijan,EURO,127,792476,2,9707,782769
2022-05-01,AZ,Azerbaijan,EURO,86,792562,2,9709,782853
2022-05-08,AZ,Azerbaijan,EURO,56,792618,0,9709,782909
2022-05-15,AZ,Azerbaijan,EURO,50,792668,0,9709,782959
2022-05-22,AZ,Azerbaijan,EURO,40,792708,1,9710,782998
2022-05-29,AZ,Azerbaijan,EURO,49,792757,2,9712,783045
2022-06-05,AZ,Azerbaijan,EURO,47,792804,1,9713,783091
2022-06-12,AZ,Azerbaijan,EURO,66,792870,2,9715,783155
2022-06-19,AZ,Azerbaijan,EURO,115,792985,1,9716,783269
2022-06-26,AZ,Azerbaijan,EURO,155,793140,1,9717,783423
2022-07-03,AZ,Azerbaijan,EURO,195,793335,0,9717,783618
2022-07-10,AZ,Azerbaijan,EURO,360,793695,2,9719,783976
2022-07-17,AZ,Azerbaijan,EURO,703,794398,4,9723,784675
2022-07-24,AZ,Azerbaijan,EURO,1743,796141,12,9735,786406
2022-07-31,AZ,Azerbaijan,EURO,2263,798404,12,9747,788657
2022-08-07,AZ,Azerbaijan,EURO,3066,801470,13,9760,791710
2022-08-14,AZ,Azerbaijan,EURO,3115,804585,13,9773,794812
2022-08-21,AZ,Azerbaijan,EURO,3399,807984,11,9784,798200
2022-08-28,AZ,Azerbaijan,EURO,3575,811559,21,9805,801754
2022-09-04,AZ,Azerbaijan,EURO,3488,815047,17,9822,805225
2022-09-11,AZ,Azerbaijan,EURO,2549,817596,30,9852,807744
2022-09-18,AZ,Azerbaijan,EURO,1742,819338,32,9884,809454
2022-09-25,AZ,Azerbaijan,EURO,1324,820662,19,9903,810759
2022-10-02,AZ,Azerbaijan,EURO,870,821532,16,9919,811613
2022-10-09,AZ,Azerbaijan,EURO,572,822104,8,9927,812177
2022-10-16,AZ,Azerbaijan,EURO,434,822538,4,9931,812607
2022-10-23,AZ,Azerbaijan,EURO,370,822908,6,9937,812971
2022-10-30,AZ,Azerbaijan,EURO,294,823202,7,9944,813258
2022-11-06,AZ,Azerbaijan,EURO,294,823496,11,9955,813541
2022-11-13,AZ,Azerbaijan,EURO,192,823688,6,9961,813727
2022-11-20,AZ,Azerbaijan,EURO,235,823923,11,9972,813951
2022-11-27,AZ,Azerbaijan,EURO,270,824193,4,9976,814217
2022-12-04,AZ,Azerbaijan,EURO,259,824452,7,9983,814469
2022-12-11,AZ,Azerbaijan,EURO,350,824802,3,9986,814816
2022-12-18,AZ,Azerbaijan,EURO,535,825337,7,9993,815344
2022-12-25,AZ,Azerbaijan,EURO,556,825893,13,10006,815887
2023-01-01,AZ,Azerbaijan,EURO,508,826401,2,10008,816393
2023-01-08,AZ,Azerbaijan,EURO,402,826803,9,10017,816786
2023-01-15,AZ,Azerbaijan,EURO,497,827300,28,10045,817255
2023-01-22,AZ,Azerbaijan,EURO,338,827638,23,10068,817570
2023-01-29,AZ,Azerbaijan,EURO,242,827880,13,10081,817799
2023-02-05,AZ,Azerbaijan,EURO,184,828064,14,10095,817969
2023-02-12,AZ,Azerbaijan,EURO,146,828210,3,10098,818112
2023-02-19,AZ,Azerbaijan,EURO,128,828338,5,10103,818235
2023-02-26,AZ,Azerbaijan,EURO,154,828492,13,10116,818376
2023-03-05,AZ,Azerbaijan,EURO,190,828682,11,10127,818555
2023-03-12,AZ,Azerbaijan,EURO,224,828906,16,10143,818763
2023-03-19,AZ,Azerbaijan,EURO,311,829217,10,10153,819064
2023-03-26,AZ,Azerbaijan,EURO,128,829345,7,10160,819185
2023-04-02,AZ,Azerbaijan,EURO,454,829799,24,10184,819615
2023-04-09,AZ,Azerbaijan,EURO,502,830301,13,10197,820104
2023-04-16,AZ,Azerbaijan,EURO,479,830780,15,10212,820568
2023-04-23,AZ,Azerbaijan,EURO,315,831095,10,10222,820873
2023-04-30,AZ,Azerbaijan,EURO,259,831354,19,10241,821113
2023-05-07,AZ,Azerbaijan,EURO,186,831540,16,10257,821283
2023-05-14,AZ,Azerbaijan,EURO,108,831648,11,10268,821380
2023-05-21,AZ,Azerbaijan,EURO,79,831727,4,10272,821455
2023-05-28,AZ,Azerbaijan,EURO,85,831812,1,10273,821539
2023-06-04,AZ,Azerbaijan,EURO,47,831859,4,10277,821582
2023-06-11,AZ,Azerbaijan,EURO,19,831878,3,10280,821598
2023-06-18,AZ,Azerbaijan,EURO,12,831890,1,10281,821609
2023-06-25,AZ,Azerbaijan,EURO,6,831896,0,10281,821615
2023-07-02,AZ,Azerbaijan,EURO,42,831938,1,10282,821656
2023-07-09,AZ,Azerbaijan,EURO,12,831950,1,10283,821667
2023-07-16,AZ,Azerbaijan,EURO,12,831962,2,10285,821677
2023-07-23,AZ,Azerbaijan,EURO,21,831983,3,10288,821695
2023-07-30,AZ,Azerbaijan,EURO,21,832004,1,10289,821715
2023-08-06,AZ,Azerbaijan,EURO,17,832021,1,10290,821731
2023-08-13,AZ,Azerbaijan,EURO,15,832036,3,10293,821743
2023-08-20,AZ,Azerbaijan,EURO,8,832044,2,10295,821749
2023-08-27,AZ,Azerbaijan,EURO,27,832071,0,10295,821776
2023-09-03,AZ,Azerbaijan,EURO,241,832312,7,10302,822010
2023-09-10,AZ,Azerbaijan,EURO,126,832438,0,10302,822136
2023-09-17,AZ,Azerbaijan,EURO,142,832580,0,10302,822278
2023-09-24,AZ,Azerbaijan,EURO,229,832809,19,10321,822488
2023-10-01,AZ,Azerbaijan,EURO,380,833189,11,10332,822857
2023-10-08,AZ,Azerbaijan,EURO,361,833550,5,10337,823213
2023-10-15,AZ,Azerbaijan,EURO,249,833799,10,10347,823452
2023-10-22,AZ,Azerbaijan,EURO,156,833955,6,10353,823602
2023-10-29,AZ,Azerbaijan,EURO,0,833955,0,10353,823602
2023-11-05,AZ,Azerbaijan,EURO,43,833998,0,10353,823645
2023-11-12,AZ,Azerbaijan,EURO,19,834017,0,10353,823664
2023-11-19,AZ,Azerbaijan,EURO,21,834038,0,10353,823685
2023-11-26,AZ,Azerbaijan,EURO,12,834050,0,10353,823697
2023-12-03,AZ,Azerbaijan,EURO,20,834070,0,10353,823717
2023-12-10,AZ,Azerbaijan,EURO,95,834165,0,10353,823812
2023-12-17,AZ,Azerbaijan,EURO,18,834183,0,10353,823830
2023-12-24,AZ,Azerbaijan,EURO,39,834222,0,10353,823869
2023-12-31,AZ,Azerbaijan,EURO,32,834254,0,10353,823901
2024-01-07,AZ,Azerbaijan,EURO,33,834287,0,10353,823934
2024-01-14,AZ,Azerbaijan,EURO,49,834336,0,10353,823983
2024-01-21,AZ,Azerbaijan,EURO,35,834371,0,10353,824018
2024-01-28,AZ,Azerbaijan,EURO,99,834470,0,10353,824117
2024-02-04,AZ,Azerbaijan,EURO,75,834545,0,10353,824192
2024-02-11,AZ,Azerbaijan,EURO,104,834649,0,10353,824296
2024-02-18,AZ,Azerbaijan,EURO,136,834785,0,10353,824432
2024-02-25,AZ,Azerbaijan,EURO,131,834916,0,10353,824563
2024-03-03,AZ,Azerbaijan,EURO,115,835031,0,10353,824678
2024-03-10,AZ,Azerbaijan,EURO,105,835136,0,10353,824783
2024-03-17,AZ,Azerbaijan,EURO,83,835219,0,10353,824866
2024-03-24,AZ,Azerbaijan,EURO,15,835234,0,10353,824881
2024-03-31,AZ,Azerbaijan,EURO,38,835272,0,10353,824919
2024-04-07,AZ,Azerbaijan,EURO,46,835318,0,10353,824965
2024-04-14,AZ,Azerbaijan,EURO,9,835327,0,10353,824974
2024-04-21,AZ,Azerbaijan,EURO,0,835327,0,10353,824974
2024-04-28,AZ,Azerbaijan,EURO,22,835349,0,10353,824996
2024-05-05,AZ,Azerbaijan,EURO,22,835371,0,10353,825018
2024-05-12,AZ,Azerbaijan,EURO,23,835394,0,10353,825041
2024-05-19,AZ,Azerbaijan,EURO,16,835410,0,10353,825057
2024-05-26,AZ,Azerbaijan,EURO,14,835424,0,10353,825071
2024-06-02,AZ,Azerbaijan,EURO,10,835434,0,10353,825081
2024-06-09,AZ,Azerbaijan,EURO,17,835451,0,10353,825098
2024-06-16,AZ,Azerbaijan,EURO,17,835468,0,10353,825115
2024-06-23,AZ,Azerbaijan,EURO,21,835489,0,10353,825136
2024-06-30,AZ,Azerbaijan,EURO,26,835515,0,10353,825162
2024-07-07,AZ,Azerbaijan,EURO,27,835542,0,10353,825189
2024-07-14,AZ,Azerbaijan,EURO,0,835542,0,10353,825189
2024-07-21,AZ,Azerbaijan,EURO,94,835636,0,10353,825283
2024-07-28,AZ,Azerbaijan,EURO,58,835694,0,10353,825341
2024-08-04,AZ,Azerbaijan,EURO,63,835757,0,10353,825404
2024-08-11,AZ,Azerbaijan,EURO,81,835838,0,10353,825485
2024-08-18,AZ,Azerbaijan,EURO,46,835884,0,10353,825531
2024-08-25,AZ,Azerbaijan,EURO,77,835961,0,10353,825608
2024-09-01,AZ,Azerbaijan,EURO,80,836041,0,10353,825688
2024-09-08,AZ,Azerbaijan,EURO,106,836147,0,10353,825794
2024-09-15,AZ,Azerbaijan,EURO,66,836213,0,10353,825860
2024-09-22,AZ,Azerbaijan,EURO,72,836285,0,10353,825932
2024-09-29,AZ,Azerbaijan,EURO,68,836353,0,10353,826000
2024-10-06,AZ,Azerbaijan,EURO,51,836404,0,10353,826051
2024-10-13,AZ,Azerbaijan,EURO,39,836443,0,10353,826090
2024-10-20,AZ,Azerbaijan,EURO,19,836462,0,10353,826109
2024-10-27,AZ,Azerbaijan,EURO,12,836474,0,10353,826121
2024-11-03,AZ,Azerbaijan,EURO,10,836484,0,10353,826131
2024-11-10,AZ,Azerbaijan,EURO,3,836487,0,10353,826134
2024-11-17,AZ,Azerbaijan,EURO,2,836489,0,10353,826136
2020-01-05,BS,Bahamas,AMRO,0,0,0,0,0
2020-01-12,BS,Bahamas,AMRO,0,0,0,0,0
2020-01-19,BS,Bahamas,AMRO,0,0,0,0,0
2020-01-26,BS,Bahamas,AMRO,0,0,0,0,0
2020-02-02,BS,Bahamas,AMRO,0,0,0,0,0
2020-02-09,BS,Bahamas,AMRO,0,0,0,0,0
2020-02-16,BS,Bahamas,AMRO,0,0,0,0,0
2020-02-23,BS,Bahamas,AMRO,0,0,0,0,0
2020-03-01,BS,Bahamas,AMRO,0,0,0,0,0
2020-03-08,BS,Bahamas,AMRO,0,0,0,0,0
2020-03-15,BS,Bahamas,AMRO,0,0,0,0,0
2020-03-22,BS,Bahamas,AMRO,4,4,0,0,4
2020-03-29,BS,Bahamas,AMRO,5,9,0,0,9
2020-04-05,BS,Bahamas,AMRO,15,24,3,3,21
2020-04-12,BS,Bahamas,AMRO,18,42,5,8,34
2020-04-19,BS,Bahamas,AMRO,12,54,1,9,45
2020-04-26,BS,Bahamas,AMRO,18,72,2,11,61
2020-05-03,BS,Bahamas,AMRO,10,82,0,11,71
2020-05-10,BS,Bahamas,AMRO,10,92,0,11,81
2020-05-17,BS,Bahamas,AMRO,4,96,0,11,85
2020-05-24,BS,Bahamas,AMRO,1,97,0,11,86
2020-05-31,BS,Bahamas,AMRO,4,101,0,11,90
2020-06-07,BS,Bahamas,AMRO,2,103,0,11,92
2020-06-14,BS,Bahamas,AMRO,0,103,0,11,92
2020-06-21,BS,Bahamas,AMRO,1,104,0,11,93
2020-06-28,BS,Bahamas,AMRO,0,104,0,11,93
2020-07-05,BS,Bahamas,AMRO,0,104,0,11,93
2020-07-12,BS,Bahamas,AMRO,4,108,0,11,97
2020-07-19,BS,Bahamas,AMRO,21,129,0,11,118
2020-07-26,BS,Bahamas,AMRO,187,316,0,11,305
2020-08-02,BS,Bahamas,AMRO,192,508,3,14,494
2020-08-09,BS,Bahamas,AMRO,322,830,0,14,816
2020-08-16,BS,Bahamas,AMRO,289,1119,3,17,1102
2020-08-23,BS,Bahamas,AMRO,584,1703,10,27,1676
2020-08-30,BS,Bahamas,AMRO,354,2057,13,40,2017
2020-09-06,BS,Bahamas,AMRO,419,2476,15,55,2421
2020-09-13,BS,Bahamas,AMRO,398,2874,12,67,2807
2020-09-20,BS,Bahamas,AMRO,303,3177,2,69,3108
2020-09-27,BS,Bahamas,AMRO,613,3790,20,89,3701
2020-10-04,BS,Bahamas,AMRO,542,4332,7,96,4236
2020-10-11,BS,Bahamas,AMRO,623,4955,10,106,4849
2020-10-18,BS,Bahamas,AMRO,673,5628,10,116,5512
2020-10-25,BS,Bahamas,AMRO,724,6352,16,132,6220
2020-11-01,BS,Bahamas,AMRO,362,6714,12,144,6570
2020-11-08,BS,Bahamas,AMRO,233,6947,8,152,6795
2020-11-15,BS,Bahamas,AMRO,216,7163,3,155,7008
2020-11-22,BS,Bahamas,AMRO,232,7395,8,163,7232
2020-11-29,BS,Bahamas,AMRO,101,7496,0,163,7333
2020-12-06,BS,Bahamas,AMRO,74,7570,0,163,7407
2020-12-13,BS,Bahamas,AMRO,89,7659,0,163,7496
2020-12-20,BS,Bahamas,AMRO,74,7733,1,164,7569
2020-12-27,BS,Bahamas,AMRO,55,7788,5,169,7619
2021-01-03,BS,Bahamas,AMRO,111,7899,2,171,7728
2021-01-10,BS,Bahamas,AMRO,78,7977,4,175,7802
2021-01-17,BS,Bahamas,AMRO,62,8039,0,175,7864
2021-01-24,BS,Bahamas,AMRO,71,8110,0,175,7935
2021-01-31,BS,Bahamas,AMRO,73,8183,1,176,8007
2021-02-07,BS,Bahamas,AMRO,87,8270,0,176,8094
2021-02-14,BS,Bahamas,AMRO,89,8359,3,179,8180
2021-02-21,BS,Bahamas,AMRO,94,8453,0,179,8274
2021-02-28,BS,Bahamas,AMRO,89,8542,1,180,8362
2021-03-07,BS,Bahamas,AMRO,74,8616,2,182,8434
2021-03-14,BS,Bahamas,AMRO,106,8722,3,185,8537
2021-03-21,BS,Bahamas,AMRO,162,8884,1,186,8698
2021-03-28,BS,Bahamas,AMRO,150,9034,2,188,8846
2021-04-04,BS,Bahamas,AMRO,200,9234,1,189,9045
2021-04-11,BS,Bahamas,AMRO,183,9417,0,189,9228
2021-04-18,BS,Bahamas,AMRO,279,9696,5,194,9502
2021-04-25,BS,Bahamas,AMRO,354,10050,2,196,9854
2021-05-02,BS,Bahamas,AMRO,469,10519,3,199,10320
2021-05-09,BS,Bahamas,AMRO,311,10830,13,212,10618
2021-05-16,BS,Bahamas,AMRO,304,11134,6,218,10916
2021-05-23,BS,Bahamas,AMRO,365,11499,7,225,11274
2021-05-30,BS,Bahamas,AMRO,261,11760,5,230,11530
2021-06-06,BS,Bahamas,AMRO,227,11987,2,232,11755
2021-06-13,BS,Bahamas,AMRO,172,12159,5,237,11922
2021-06-20,BS,Bahamas,AMRO,168,12327,6,243,12084
2021-06-27,BS,Bahamas,AMRO,177,12504,2,245,12259
2021-07-04,BS,Bahamas,AMRO,337,12841,5,250,12591
2021-07-11,BS,Bahamas,AMRO,273,13114,4,254,12860
2021-07-18,BS,Bahamas,AMRO,352,13466,19,273,13193
2021-07-25,BS,Bahamas,AMRO,591,14057,9,282,13775
2021-08-01,BS,Bahamas,AMRO,783,14840,5,287,14553
2021-08-08,BS,Bahamas,AMRO,697,15537,17,304,15233
2021-08-15,BS,Bahamas,AMRO,893,16430,9,313,16117
2021-08-22,BS,Bahamas,AMRO,848,17278,20,333,16945
2021-08-29,BS,Bahamas,AMRO,753,18031,21,354,17677
2021-09-05,BS,Bahamas,AMRO,735,18766,70,424,18342
2021-09-12,BS,Bahamas,AMRO,674,19440,30,454,18986
2021-09-19,BS,Bahamas,AMRO,675,20115,52,506,19609
2021-09-26,BS,Bahamas,AMRO,590,20705,16,522,20183
2021-10-03,BS,Bahamas,AMRO,560,21265,33,555,20710
2021-10-10,BS,Bahamas,AMRO,361,21626,39,594,21032
2021-10-17,BS,Bahamas,AMRO,328,21954,32,626,21328
2021-10-24,BS,Bahamas,AMRO,273,22227,16,642,21585
2021-10-31,BS,Bahamas,AMRO,169,22396,1,643,21753
2021-11-07,BS,Bahamas,AMRO,117,22513,18,661,21852
2021-11-14,BS,Bahamas,AMRO,59,22572,4,665,21907
2021-11-21,BS,Bahamas,AMRO,86,22658,6,671,21987
2021-11-28,BS,Bahamas,AMRO,93,22751,0,671,22080
2021-12-05,BS,Bahamas,AMRO,76,22827,30,701,22126
2021-12-12,BS,Bahamas,AMRO,69,22896,7,708,22188
2021-12-19,BS,Bahamas,AMRO,175,23071,5,713,22358
2021-12-26,BS,Bahamas,AMRO,559,23630,0,713,22917
2022-01-02,BS,Bahamas,AMRO,1655,25285,4,717,24568
2022-01-09,BS,Bahamas,AMRO,1837,27122,0,717,26405
2022-01-16,BS,Bahamas,AMRO,3132,30254,2,719,29535
2022-01-23,BS,Bahamas,AMRO,1661,31915,7,726,31189
2022-01-30,BS,Bahamas,AMRO,571,32486,19,745,31741
2022-02-06,BS,Bahamas,AMRO,194,32680,3,748,31932
2022-02-13,BS,Bahamas,AMRO,245,32925,9,757,32168
2022-02-20,BS,Bahamas,AMRO,116,33041,13,770,32271
2022-02-27,BS,Bahamas,AMRO,80,33121,1,771,32350
2022-03-06,BS,Bahamas,AMRO,50,33171,0,771,32400
2022-03-13,BS,Bahamas,AMRO,23,33194,0,771,32423
2022-03-20,BS,Bahamas,AMRO,25,33219,16,787,32432
2022-03-27,BS,Bahamas,AMRO,35,33254,1,788,32466
2022-04-03,BS,Bahamas,AMRO,41,33295,0,788,32507
2022-04-10,BS,Bahamas,AMRO,51,33346,1,789,32557
2022-04-17,BS,Bahamas,AMRO,45,33391,0,789,32602
2022-04-24,BS,Bahamas,AMRO,72,33463,0,789,32674
2022-05-01,BS,Bahamas,AMRO,95,33558,9,798,32760
2022-05-08,BS,Bahamas,AMRO,137,33695,0,798,32897
2022-05-15,BS,Bahamas,AMRO,176,33871,3,801,33070
2022-05-22,BS,Bahamas,AMRO,341,34212,9,810,33402
2022-05-29,BS,Bahamas,AMRO,414,34626,0,810,33816
2022-06-05,BS,Bahamas,AMRO,384,35010,0,810,34200
2022-06-12,BS,Bahamas,AMRO,276,35286,2,812,34474
2022-06-19,BS,Bahamas,AMRO,317,35603,3,815,34788
2022-06-26,BS,Bahamas,AMRO,211,35814,1,816,34998
2022-07-03,BS,Bahamas,AMRO,215,36029,2,818,35211
2022-07-10,BS,Bahamas,AMRO,216,36245,4,822,35423
2022-07-17,BS,Bahamas,AMRO,181,36426,0,822,35604
2022-07-24,BS,Bahamas,AMRO,142,36568,0,822,35746
2022-07-31,BS,Bahamas,AMRO,148,36716,0,822,35894
2022-08-07,BS,Bahamas,AMRO,96,36812,0,822,35990
2022-08-14,BS,Bahamas,AMRO,93,36905,1,823,36082
2022-08-21,BS,Bahamas,AMRO,78,36983,0,823,36160
2022-08-28,BS,Bahamas,AMRO,69,37052,0,823,36229
2022-09-04,BS,Bahamas,AMRO,46,37098,0,823,36275
2022-09-11,BS,Bahamas,AMRO,48,37146,7,830,36316
2022-09-18,BS,Bahamas,AMRO,57,37203,3,833,36370
2022-09-25,BS,Bahamas,AMRO,64,37267,0,833,36434
2022-10-02,BS,Bahamas,AMRO,42,37309,0,833,36476
2022-10-09,BS,Bahamas,AMRO,9,37318,0,833,36485
2022-10-16,BS,Bahamas,AMRO,16,37334,0,833,36501
2022-10-23,BS,Bahamas,AMRO,30,37364,0,833,36531
2022-10-30,BS,Bahamas,AMRO,22,37386,0,833,36553
2022-11-06,BS,Bahamas,AMRO,33,37419,0,833,36586
2022-11-13,BS,Bahamas,AMRO,16,37435,0,833,36602
2022-11-20,BS,Bahamas,AMRO,18,37453,0,833,36620
2022-11-27,BS,Bahamas,AMRO,23,37476,0,833,36643
2022-12-04,BS,Bahamas,AMRO,15,37491,0,833,36658
2022-12-11,BS,Bahamas,AMRO,0,37491,0,833,36658
2022-12-18,BS,Bahamas,AMRO,0,37491,0,833,36658
2022-12-25,BS,Bahamas,AMRO,0,37491,0,833,36658
2023-01-01,BS,Bahamas,AMRO,0,37491,0,833,36658
2023-01-08,BS,Bahamas,AMRO,0,37491,0,833,36658
2023-01-15,BS,Bahamas,AMRO,0,37491,0,833,36658
2023-01-22,BS,Bahamas,AMRO,0,37491,0,833,36658
2023-01-29,BS,Bahamas,AMRO,0,37491,0,833,36658
2023-02-05,BS,Bahamas,AMRO,0,37491,0,833,36658
2023-02-12,BS,Bahamas,AMRO,0,37491,0,833,36658
2023-02-19,BS,Bahamas,AMRO,0,37491,0,833,36658
2023-02-26,BS,Bahamas,AMRO,0,37491,0,833,36658
2023-03-05,BS,Bahamas,AMRO,0,37491,0,833,36658
2023-03-12,BS,Bahamas,AMRO,0,37491,0,833,36658
2023-03-19,BS,Bahamas,AMRO,0,37491,0,833,36658
2023-03-26,BS,Bahamas,AMRO,0,37491,0,833,36658
2023-04-02,BS,Bahamas,AMRO,0,37491,0,833,36658
2023-04-09,BS,Bahamas,AMRO,0,37491,0,833,36658
2023-04-16,BS,Bahamas,AMRO,512,38003,11,844,37159
2023-04-23,BS,Bahamas,AMRO,81,38084,0,844,37240
2023-04-30,BS,Bahamas,AMRO,0,38084,0,844,37240
2023-05-07,BS,Bahamas,AMRO,0,38084,0,844,37240
2023-05-14,BS,Bahamas,AMRO,0,38084,0,844,37240
2023-05-21,BS,Bahamas,AMRO,0,38084,0,844,37240
2023-05-28,BS,Bahamas,AMRO,0,38084,0,844,37240
2023-06-04,BS,Bahamas,AMRO,0,38084,0,844,37240
2023-06-11,BS,Bahamas,AMRO,0,38084,0,844,37240
2023-06-18,BS,Bahamas,AMRO,0,38084,0,844,37240
2023-06-25,BS,Bahamas,AMRO,0,38084,0,844,37240
2023-07-02,BS,Bahamas,AMRO,0,38084,0,844,37240
2023-07-09,BS,Bahamas,AMRO,0,38084,0,844,37240
2023-07-16,BS,Bahamas,AMRO,0,38084,0,844,37240
2023-07-23,BS,Bahamas,AMRO,0,38084,0,844,37240
2023-07-30,BS,Bahamas,AMRO,0,38084,0,844,37240
2023-08-06,BS,Bahamas,AMRO,0,38084,0,844,37240
2023-08-13,BS,Bahamas,AMRO,0,38084,0,844,37240
2023-08-20,BS,Bahamas,AMRO,0,38084,0,844,37240
2023-08-27,BS,Bahamas,AMRO,0,38084,0,844,37240
2023-09-03,BS,Bahamas,AMRO,0,38084,0,844,37240
2023-09-10,BS,Bahamas,AMRO,0,38084,0,844,37240
2023-09-17,BS,Bahamas,AMRO,0,38084,0,844,37240
2023-09-24,BS,Bahamas,AMRO,0,38084,0,844,37240
2023-10-01,BS,Bahamas,AMRO,0,38084,0,844,37240
2023-10-08,BS,Bahamas,AMRO,0,38084,0,844,37240
2023-10-15,BS,Bahamas,AMRO,3,38087,0,844,37243
2023-10-22,BS,Bahamas,AMRO,6,38093,1,845,37248
2023-10-29,BS,Bahamas,AMRO,6,38099,0,845,37254
2023-11-05,BS,Bahamas,AMRO,3,38102,0,845,37257
2023-11-12,BS,Bahamas,AMRO,2,38104,0,845,37259
2023-11-19,BS,Bahamas,AMRO,7,38111,0,845,37266
2023-11-26,BS,Bahamas,AMRO,4,38115,1,846,37269
2023-12-03,BS,Bahamas,AMRO,0,38115,0,846,37269
2023-12-10,BS,Bahamas,AMRO,3,38118,0,846,37272
2023-12-17,BS,Bahamas,AMRO,15,38133,0,846,37287
2023-12-24,BS,Bahamas,AMRO,5,38138,0,846,37292
2023-12-31,BS,Bahamas,AMRO,9,38147,0,846,37301
2024-01-07,BS,Bahamas,AMRO,15,38162,1,847,37315
2024-01-14,BS,Bahamas,AMRO,52,38214,1,848,37366
2024-01-21,BS,Bahamas,AMRO,48,38262,0,848,37414
2024-01-28,BS,Bahamas,AMRO,38,38300,0,848,37452
2024-02-04,BS,Bahamas,AMRO,26,38326,0,848,37478
2024-02-11,BS,Bahamas,AMRO,31,38357,0,848,37509
2024-02-18,BS,Bahamas,AMRO,34,38391,0,848,37543
2024-02-25,BS,Bahamas,AMRO,34,38425,0,848,37577
2024-03-03,BS,Bahamas,AMRO,37,38462,0,848,37614
2024-03-10,BS,Bahamas,AMRO,31,38493,0,848,37645
2024-03-17,BS,Bahamas,AMRO,17,38510,0,848,37662
2024-03-24,BS,Bahamas,AMRO,12,38522,0,848,37674
2024-03-31,BS,Bahamas,AMRO,10,38532,0,848,37684
2024-04-07,BS,Bahamas,AMRO,5,38537,0,848,37689
2024-04-14,BS,Bahamas,AMRO,8,38545,0,848,37697
2024-04-21,BS,Bahamas,AMRO,8,38553,0,848,37705
2024-04-28,BS,Bahamas,AMRO,1,38554,0,848,37706
2024-05-05,BS,Bahamas,AMRO,9,38563,0,848,37715
2024-05-12,BS,Bahamas,AMRO,15,38578,0,848,37730
2024-05-19,BS,Bahamas,AMRO,11,38589,0,848,37741
2024-05-26,BS,Bahamas,AMRO,10,38599,0,848,37751
2024-06-02,BS,Bahamas,AMRO,5,38604,0,848,37756
2024-06-09,BS,Bahamas,AMRO,16,38620,0,848,37772
2024-06-16,BS,Bahamas,AMRO,18,38638,0,848,37790
2024-06-23,BS,Bahamas,AMRO,42,38680,0,848,37832
2024-06-30,BS,Bahamas,AMRO,100,38780,0,848,37932
2024-07-07,BS,Bahamas,AMRO,105,38885,0,848,38037
2024-07-14,BS,Bahamas,AMRO,107,38992,1,849,38143
2024-07-21,BS,Bahamas,AMRO,72,39064,0,849,38215
2024-07-28,BS,Bahamas,AMRO,63,39127,0,849,38278
2024-08-04,BS,Bahamas,AMRO,0,39127,0,849,38278
2024-08-11,BS,Bahamas,AMRO,0,39127,0,849,38278
2024-08-18,BS,Bahamas,AMRO,0,39127,0,849,38278
2024-08-25,BS,Bahamas,AMRO,0,39127,0,849,38278
2024-09-01,BS,Bahamas,AMRO,0,39127,0,849,38278
2024-09-08,BS,Bahamas,AMRO,0,39127,0,849,38278
2024-09-15,BS,Bahamas,AMRO,0,39127,0,849,38278
2024-09-22,BS,Bahamas,AMRO,0,39127,0,849,38278
2024-09-29,BS,Bahamas,AMRO,0,39127,0,849,38278
2024-10-06,BS,Bahamas,AMRO,0,39127,0,849,38278
2024-10-13,BS,Bahamas,AMRO,0,39127,0,849,38278
2024-10-20,BS,Bahamas,AMRO,0,39127,0,849,38278
2024-10-27,BS,Bahamas,AMRO,0,39127,0,849,38278
2024-11-03,BS,Bahamas,AMRO,0,39127,0,849,38278
2024-11-10,BS,Bahamas,AMRO,0,39127,0,849,38278
2024-11-17,BS,Bahamas,AMRO,0,39127,0,849,38278
2020-01-05,BH,Bahrain,EMRO,0,0,0,0,0
2020-01-12,BH,Bahrain,EMRO,0,0,0,0,0
2020-01-19,BH,Bahrain,EMRO,0,0,0,0,0
2020-01-26,BH,Bahrain,EMRO,0,0,0,0,0
2020-02-02,BH,Bahrain,EMRO,0,0,0,0,0
2020-02-09,BH,Bahrain,EMRO,0,0,0,0,0
2020-02-16,BH,Bahrain,EMRO,0,0,0,0,0
2020-02-23,BH,Bahrain,EMRO,0,0,0,0,0
2020-03-01,BH,Bahrain,EMRO,41,41,0,0,41
2020-03-08,BH,Bahrain,EMRO,22,63,0,0,63
2020-03-15,BH,Bahrain,EMRO,148,211,0,0,211
2020-03-22,BH,Bahrain,EMRO,100,311,1,1,310
2020-03-29,BH,Bahrain,EMRO,165,476,3,4,472
2020-04-05,BH,Bahrain,EMRO,212,688,0,4,684
2020-04-12,BH,Bahrain,EMRO,352,1040,2,6,1034
2020-04-19,BH,Bahrain,EMRO,733,1773,1,7,1766
2020-04-26,BH,Bahrain,EMRO,816,2589,1,8,2581
2020-05-03,BH,Bahrain,EMRO,695,3284,0,8,3276
2020-05-10,BH,Bahrain,EMRO,1490,4774,0,8,4766
2020-05-17,BH,Bahrain,EMRO,1973,6747,4,12,6735
2020-05-24,BH,Bahrain,EMRO,2055,8802,1,13,8789
2020-05-31,BH,Bahrain,EMRO,1991,10793,4,17,10776
2020-06-07,BH,Bahrain,EMRO,3590,14383,7,24,14359
2020-06-14,BH,Bahrain,EMRO,3844,18227,15,39,18188
2020-06-21,BH,Bahrain,EMRO,3104,21331,21,60,21271
2020-06-28,BH,Bahrain,EMRO,3936,25267,18,78,25189
2020-07-05,BH,Bahrain,EMRO,3590,28857,18,96,28761
2020-07-12,BH,Bahrain,EMRO,3613,32470,8,104,32366
2020-07-19,BH,Bahrain,EMRO,3534,36004,20,124,35880
2020-07-26,BH,Bahrain,EMRO,2743,38747,13,137,38610
2020-08-02,BH,Bahrain,EMRO,2443,41190,10,147,41043
2020-08-09,BH,Bahrain,EMRO,2439,43629,14,161,43468
2020-08-16,BH,Bahrain,EMRO,2801,46430,9,170,46260
2020-08-23,BH,Bahrain,EMRO,2608,49038,13,183,48855
2020-08-30,BH,Bahrain,EMRO,2353,51391,6,189,51202
2020-09-06,BH,Bahrain,EMRO,3380,54771,7,196,54575
2020-09-13,BH,Bahrain,EMRO,4815,59586,16,212,59374
2020-09-20,BH,Bahrain,EMRO,4913,64499,9,221,64278
2020-09-27,BH,Bahrain,EMRO,4276,68775,18,239,68536
2020-10-04,BH,Bahrain,EMRO,3535,72310,19,258,72052
2020-10-11,BH,Bahrain,EMRO,2977,75287,15,273,75014
2020-10-18,BH,Bahrain,EMRO,2284,77571,20,293,77278
2020-10-25,BH,Bahrain,EMRO,2404,79975,19,312,79663
2020-11-01,BH,Bahrain,EMRO,1670,81645,9,321,81324
2020-11-08,BH,Bahrain,EMRO,1619,83264,8,329,82935
2020-11-15,BH,Bahrain,EMRO,1259,84523,4,333,84190
2020-11-22,BH,Bahrain,EMRO,1068,85591,5,338,85253
2020-11-29,BH,Bahrain,EMRO,1054,86645,3,341,86304
2020-12-06,BH,Bahrain,EMRO,1087,87732,0,341,87391
2020-12-13,BH,Bahrain,EMRO,1233,88965,7,348,88617
2020-12-20,BH,Bahrain,EMRO,1097,90062,1,349,89713
2020-12-27,BH,Bahrain,EMRO,1456,91518,2,351,91167
2021-01-03,BH,Bahrain,EMRO,1666,93184,1,352,92832
2021-01-10,BH,Bahrain,EMRO,2133,95317,3,355,94962
2021-01-17,BH,Bahrain,EMRO,1951,97268,3,358,96910
2021-01-24,BH,Bahrain,EMRO,2188,99456,9,367,99089
2021-01-31,BH,Bahrain,EMRO,3170,102626,5,372,102254
2021-02-07,BH,Bahrain,EMRO,4087,106713,7,379,106334
2021-02-14,BH,Bahrain,EMRO,5389,112102,19,398,111704
2021-02-21,BH,Bahrain,EMRO,5132,117234,22,420,116814
2021-02-28,BH,Bahrain,EMRO,4544,121778,24,444,121334
2021-03-07,BH,Bahrain,EMRO,4348,126126,25,469,125657
2021-03-14,BH,Bahrain,EMRO,4278,130404,12,481,129923
2021-03-21,BH,Bahrain,EMRO,4922,135326,17,498,134828
2021-03-28,BH,Bahrain,EMRO,5492,140818,15,513,140305
2021-04-04,BH,Bahrain,EMRO,6952,147770,18,531,147239
2021-04-11,BH,Bahrain,EMRO,7632,155402,23,554,154848
2021-04-18,BH,Bahrain,EMRO,7711,163113,34,588,162525
2021-04-25,BH,Bahrain,EMRO,7222,170335,32,620,169715
2021-05-02,BH,Bahrain,EMRO,7662,177997,28,648,177349
2021-05-09,BH,Bahrain,EMRO,9908,187905,30,678,187227
2021-05-16,BH,Bahrain,EMRO,11188,199093,59,737,198356
2021-05-23,BH,Bahrain,EMRO,15777,214870,72,809,214061
2021-05-30,BH,Bahrain,EMRO,20829,235699,130,939,234760
2021-06-06,BH,Bahrain,EMRO,13883,249582,152,1091,248491
2021-06-13,BH,Bahrain,EMRO,8270,257852,115,1206,256646
2021-06-20,BH,Bahrain,EMRO,4575,262427,91,1297,261130
2021-06-27,BH,Bahrain,EMRO,2568,264995,44,1341,263654
2021-07-04,BH,Bahrain,EMRO,1291,266286,17,1358,264928
2021-07-11,BH,Bahrain,EMRO,826,267112,18,1376,265736
2021-07-18,BH,Bahrain,EMRO,684,267796,4,1380,266416
2021-07-25,BH,Bahrain,EMRO,617,268413,2,1382,267031
2021-08-01,BH,Bahrain,EMRO,773,269186,2,1384,267802
2021-08-08,BH,Bahrain,EMRO,763,269949,0,1384,268565
2021-08-15,BH,Bahrain,EMRO,867,270816,0,1384,269432
2021-08-22,BH,Bahrain,EMRO,718,271534,2,1386,270148
2021-08-29,BH,Bahrain,EMRO,712,272246,2,1388,270858
2021-09-05,BH,Bahrain,EMRO,670,272916,0,1388,271528
2021-09-12,BH,Bahrain,EMRO,706,273622,0,1388,272234
2021-09-19,BH,Bahrain,EMRO,557,274179,0,1388,272791
2021-09-26,BH,Bahrain,EMRO,566,274745,1,1389,273356
2021-10-03,BH,Bahrain,EMRO,430,275175,0,1389,273786
2021-10-10,BH,Bahrain,EMRO,422,275597,1,1390,274207
2021-10-17,BH,Bahrain,EMRO,433,276030,1,1391,274639
2021-10-24,BH,Bahrain,EMRO,496,276526,2,1393,275133
2021-10-31,BH,Bahrain,EMRO,268,276794,0,1393,275401
2021-11-07,BH,Bahrain,EMRO,247,277041,0,1393,275648
2021-11-14,BH,Bahrain,EMRO,160,277201,0,1393,275808
2021-11-21,BH,Bahrain,EMRO,147,277348,1,1394,275954
2021-11-28,BH,Bahrain,EMRO,204,277552,0,1394,276158
2021-12-05,BH,Bahrain,EMRO,251,277803,0,1394,276409
2021-12-12,BH,Bahrain,EMRO,234,278037,0,1394,276643
2021-12-19,BH,Bahrain,EMRO,373,278410,0,1394,277016
2021-12-26,BH,Bahrain,EMRO,1108,279518,0,1394,278124
2022-01-02,BH,Bahrain,EMRO,3159,282677,0,1394,281283
2022-01-09,BH,Bahrain,EMRO,8201,290878,3,1397,289481
2022-01-16,BH,Bahrain,EMRO,14536,305414,1,1398,304016
2022-01-23,BH,Bahrain,EMRO,22052,327466,1,1399,326067
2022-01-30,BH,Bahrain,EMRO,34556,362022,5,1404,360618
2022-02-06,BH,Bahrain,EMRO,51350,413372,7,1411,411961
2022-02-13,BH,Bahrain,EMRO,45167,458539,14,1425,457114
2022-02-20,BH,Bahrain,EMRO,29884,488423,12,1437,486986
2022-02-27,BH,Bahrain,EMRO,20967,509390,13,1450,507940
2022-03-06,BH,Bahrain,EMRO,15781,525171,8,1458,523713
2022-03-13,BH,Bahrain,EMRO,11070,536241,4,1462,534779
2022-03-20,BH,Bahrain,EMRO,7594,543835,3,1465,542370
2022-03-27,BH,Bahrain,EMRO,6527,550362,3,1468,548894
2022-04-03,BH,Bahrain,EMRO,5198,555560,3,1471,554089
2022-04-10,BH,Bahrain,EMRO,3871,559431,1,1472,557959
2022-04-17,BH,Bahrain,EMRO,3328,562759,1,1473,561286
2022-04-24,BH,Bahrain,EMRO,3071,565830,2,1475,564355
2022-05-01,BH,Bahrain,EMRO,2876,568706,0,1475,567231
2022-05-08,BH,Bahrain,EMRO,3376,572082,2,1477,570605
2022-05-15,BH,Bahrain,EMRO,4915,576997,2,1479,575518
2022-05-22,BH,Bahrain,EMRO,3800,580797,1,1480,579317
2022-05-29,BH,Bahrain,EMRO,3187,583984,7,1487,582497
2022-06-05,BH,Bahrain,EMRO,4086,588070,1,1488,586582
2022-06-12,BH,Bahrain,EMRO,6551,594621,1,1489,593132
2022-06-19,BH,Bahrain,EMRO,9227,603848,2,1491,602357
2022-06-26,BH,Bahrain,EMRO,12740,616588,1,1492,615096
2022-07-03,BH,Bahrain,EMRO,12155,628743,2,1494,627249
2022-07-10,BH,Bahrain,EMRO,9732,638475,4,1498,636977
2022-07-17,BH,Bahrain,EMRO,9460,647935,7,1505,646430
2022-07-24,BH,Bahrain,EMRO,6938,654873,1,1506,653367
2022-07-31,BH,Bahrain,EMRO,4351,659224,3,1509,657715
2022-08-07,BH,Bahrain,EMRO,3182,662406,2,1511,660895
2022-08-14,BH,Bahrain,EMRO,3967,666373,1,1512,664861
2022-08-21,BH,Bahrain,EMRO,3019,669392,1,1513,667879
2022-08-28,BH,Bahrain,EMRO,1462,670854,0,1513,669341
2022-09-04,BH,Bahrain,EMRO,1391,672245,2,1515,670730
2022-09-11,BH,Bahrain,EMRO,1448,673693,3,1518,672175
2022-09-18,BH,Bahrain,EMRO,2048,675741,2,1520,674221
2022-09-25,BH,Bahrain,EMRO,2539,678280,0,1520,676760
2022-10-02,BH,Bahrain,EMRO,2525,680805,0,1520,679285
2022-10-09,BH,Bahrain,EMRO,2437,683242,0,1520,681722
2022-10-16,BH,Bahrain,EMRO,2027,685269,1,1521,683748
2022-10-23,BH,Bahrain,EMRO,2084,687353,3,1524,685829
2022-10-30,BH,Bahrain,EMRO,2127,689480,3,1527,687953
2022-11-06,BH,Bahrain,EMRO,2029,691509,2,1529,689980
2022-11-13,BH,Bahrain,EMRO,1752,693261,2,1531,691730
2022-11-20,BH,Bahrain,EMRO,1479,694740,2,1533,693207
2022-11-27,BH,Bahrain,EMRO,1026,695766,3,1536,694230
2022-12-04,BH,Bahrain,EMRO,848,696614,0,1536,695078
2022-12-11,BH,Bahrain,EMRO,0,696614,0,1536,695078
2022-12-18,BH,Bahrain,EMRO,0,696614,0,1536,695078
2022-12-25,BH,Bahrain,EMRO,0,696614,0,1536,695078
2023-01-01,BH,Bahrain,EMRO,0,696614,0,1536,695078
2023-01-08,BH,Bahrain,EMRO,0,696614,0,1536,695078
2023-01-15,BH,Bahrain,EMRO,0,696614,0,1536,695078
2023-01-22,BH,Bahrain,EMRO,0,696614,0,1536,695078
2023-01-29,BH,Bahrain,EMRO,0,696614,0,1536,695078
2023-02-05,BH,Bahrain,EMRO,0,696614,0,1536,695078
2023-02-12,BH,Bahrain,EMRO,0,696614,0,1536,695078
2023-02-19,BH,Bahrain,EMRO,0,696614,0,1536,695078
2023-02-26,BH,Bahrain,EMRO,0,696614,0,1536,695078
2023-03-05,BH,Bahrain,EMRO,0,696614,0,1536,695078
2023-03-12,BH,Bahrain,EMRO,0,696614,0,1536,695078
2023-03-19,BH,Bahrain,EMRO,0,696614,0,1536,695078
2023-03-26,BH,Bahrain,EMRO,0,696614,0,1536,695078
2023-04-02,BH,Bahrain,EMRO,0,696614,0,1536,695078
2023-04-09,BH,Bahrain,EMRO,0,696614,0,1536,695078
2023-04-16,BH,Bahrain,EMRO,0,696614,0,1536,695078
2023-04-23,BH,Bahrain,EMRO,0,696614,0,1536,695078
2023-04-30,BH,Bahrain,EMRO,0,696614,0,1536,695078
2023-05-07,BH,Bahrain,EMRO,0,696614,0,1536,695078
2023-05-14,BH,Bahrain,EMRO,0,696614,0,1536,695078
2023-05-21,BH,Bahrain,EMRO,0,696614,0,1536,695078
2023-05-28,BH,Bahrain,EMRO,0,696614,0,1536,695078
2023-06-04,BH,Bahrain,EMRO,0,696614,0,1536,695078
2023-06-11,BH,Bahrain,EMRO,0,696614,0,1536,695078
2023-06-18,BH,Bahrain,EMRO,0,696614,0,1536,695078
2023-06-25,BH,Bahrain,EMRO,0,696614,0,1536,695078
2023-07-02,BH,Bahrain,EMRO,0,696614,0,1536,695078
2023-07-09,BH,Bahrain,EMRO,0,696614,0,1536,695078
2023-07-16,BH,Bahrain,EMRO,0,696614,0,1536,695078
2023-07-23,BH,Bahrain,EMRO,0,696614,0,1536,695078
2023-07-30,BH,Bahrain,EMRO,0,696614,0,1536,695078
2023-08-06,BH,Bahrain,EMRO,0,696614,0,1536,695078
2023-08-13,BH,Bahrain,EMRO,0,696614,0,1536,695078
2023-08-20,BH,Bahrain,EMRO,0,696614,0,1536,695078
2023-08-27,BH,Bahrain,EMRO,0,696614,0,1536,695078
2023-09-03,BH,Bahrain,EMRO,0,696614,0,1536,695078
2023-09-10,BH,Bahrain,EMRO,0,696614,0,1536,695078
2023-09-17,BH,Bahrain,EMRO,0,696614,0,1536,695078
2023-09-24,BH,Bahrain,EMRO,0,696614,0,1536,695078
2023-10-01,BH,Bahrain,EMRO,0,696614,0,1536,695078
2023-10-08,BH,Bahrain,EMRO,0,696614,0,1536,695078
2023-10-15,BH,Bahrain,EMRO,0,696614,0,1536,695078
2023-10-22,BH,Bahrain,EMRO,0,696614,0,1536,695078
2023-10-29,BH,Bahrain,EMRO,0,696614,0,1536,695078
2023-11-05,BH,Bahrain,EMRO,0,696614,0,1536,695078
2023-11-12,BH,Bahrain,EMRO,0,696614,0,1536,695078
2023-11-19,BH,Bahrain,EMRO,0,696614,0,1536,695078
2023-11-26,BH,Bahrain,EMRO,0,696614,0,1536,695078
2023-12-03,BH,Bahrain,EMRO,0,696614,0,1536,695078
2023-12-10,BH,Bahrain,EMRO,0,696614,0,1536,695078
2023-12-17,BH,Bahrain,EMRO,0,696614,0,1536,695078
2023-12-24,BH,Bahrain,EMRO,0,696614,0,1536,695078
2023-12-31,BH,Bahrain,EMRO,0,696614,0,1536,695078
2024-01-07,BH,Bahrain,EMRO,0,696614,0,1536,695078
2024-01-14,BH,Bahrain,EMRO,0,696614,0,1536,695078
2024-01-21,BH,Bahrain,EMRO,0,696614,0,1536,695078
2024-01-28,BH,Bahrain,EMRO,0,696614,0,1536,695078
2024-02-04,BH,Bahrain,EMRO,0,696614,0,1536,695078
2024-02-11,BH,Bahrain,EMRO,0,696614,0,1536,695078
2024-02-18,BH,Bahrain,EMRO,0,696614,0,1536,695078
2024-02-25,BH,Bahrain,EMRO,0,696614,0,1536,695078
2024-03-03,BH,Bahrain,EMRO,0,696614,0,1536,695078
2024-03-10,BH,Bahrain,EMRO,0,696614,0,1536,695078
2024-03-17,BH,Bahrain,EMRO,0,696614,0,1536,695078
2024-03-24,BH,Bahrain,EMRO,0,696614,0,1536,695078
2024-03-31,BH,Bahrain,EMRO,0,696614,0,1536,695078
2024-04-07,BH,Bahrain,EMRO,0,696614,0,1536,695078
2024-04-14,BH,Bahrain,EMRO,0,696614,0,1536,695078
2024-04-21,BH,Bahrain,EMRO,0,696614,0,1536,695078
2024-04-28,BH,Bahrain,EMRO,0,696614,0,1536,695078
2024-05-05,BH,Bahrain,EMRO,0,696614,0,1536,695078
2024-05-12,BH,Bahrain,EMRO,0,696614,0,1536,695078
2024-05-19,BH,Bahrain,EMRO,0,696614,0,1536,695078
2024-05-26,BH,Bahrain,EMRO,0,696614,0,1536,695078
2024-06-02,BH,Bahrain,EMRO,0,696614,0,1536,695078
2024-06-09,BH,Bahrain,EMRO,0,696614,0,1536,695078
2024-06-16,BH,Bahrain,EMRO,0,696614,0,1536,695078
2024-06-23,BH,Bahrain,EMRO,0,696614,0,1536,695078
2024-06-30,BH,Bahrain,EMRO,0,696614,0,1536,695078
2024-07-07,BH,Bahrain,EMRO,0,696614,0,1536,695078
2024-07-14,BH,Bahrain,EMRO,0,696614,0,1536,695078
2024-07-21,BH,Bahrain,EMRO,0,696614,0,1536,695078
2024-07-28,BH,Bahrain,EMRO,0,696614,0,1536,695078
2024-08-04,BH,Bahrain,EMRO,0,696614,0,1536,695078
2024-08-11,BH,Bahrain,EMRO,0,696614,0,1536,695078
2024-08-18,BH,Bahrain,EMRO,0,696614,0,1536,695078
2024-08-25,BH,Bahrain,EMRO,0,696614,0,1536,695078
2024-09-01,BH,Bahrain,EMRO,0,696614,0,1536,695078
2024-09-08,BH,Bahrain,EMRO,0,696614,0,1536,695078
2024-09-15,BH,Bahrain,EMRO,0,696614,0,1536,695078
2024-09-22,BH,Bahrain,EMRO,0,696614,0,1536,695078
2024-09-29,BH,Bahrain,EMRO,0,696614,0,1536,695078
2024-10-06,BH,Bahrain,EMRO,0,696614,0,1536,695078
2024-10-13,BH,Bahrain,EMRO,0,696614,0,1536,695078
2024-10-20,BH,Bahrain,EMRO,0,696614,0,1536,695078
2024-10-27,BH,Bahrain,EMRO,0,696614,0,1536,695078
2024-11-03,BH,Bahrain,EMRO,0,696614,0,1536,695078
2024-11-10,BH,Bahrain,EMRO,0,696614,0,1536,695078
2024-11-17,BH,Bahrain,EMRO,0,696614,0,1536,695078
2020-01-05,BD,Bangladesh,SEARO,0,0,0,0,0
2020-01-12,BD,Bangladesh,SEARO,0,0,0,0,0
2020-01-19,BD,Bangladesh,SEARO,0,0,0,0,0
2020-01-26,BD,Bangladesh,SEARO,0,0,0,0,0
2020-02-02,BD,Bangladesh,SEARO,0,0,0,0,0
2020-02-09,BD,Bangladesh,SEARO,0,0,0,0,0
2020-02-16,BD,Bangladesh,SEARO,0,0,0,0,0
2020-02-23,BD,Bangladesh,SEARO,0,0,0,0,0
2020-03-01,BD,Bangladesh,SEARO,0,0,0,0,0
2020-03-08,BD,Bangladesh,SEARO,3,3,0,0,3
2020-03-15,BD,Bangladesh,SEARO,4,7,0,0,7
2020-03-22,BD,Bangladesh,SEARO,17,24,2,2,22
2020-03-29,BD,Bangladesh,SEARO,24,48,3,5,43
2020-04-05,BD,Bangladesh,SEARO,40,88,3,8,80
2020-04-12,BD,Bangladesh,SEARO,533,621,26,34,587
2020-04-19,BD,Bangladesh,SEARO,1835,2456,57,91,2365
2020-04-26,BD,Bangladesh,SEARO,2960,5416,54,145,5271
2020-05-03,BD,Bangladesh,SEARO,4039,9455,32,177,9278
2020-05-10,BD,Bangladesh,SEARO,5202,14657,51,228,14429
2020-05-17,BD,Bangladesh,SEARO,7611,22268,100,328,21940
2020-05-24,BD,Bangladesh,SEARO,11342,33610,152,480,33130
2020-05-31,BD,Bangladesh,SEARO,13543,47153,170,650,46503
2020-06-07,BD,Bangladesh,SEARO,18616,65769,238,888,64881
2020-06-14,BD,Bangladesh,SEARO,21751,87520,283,1171,86349
2020-06-21,BD,Bangladesh,SEARO,24786,112306,293,1464,110842
2020-06-28,BD,Bangladesh,SEARO,25481,137787,274,1738,136049
2020-07-05,BD,Bangladesh,SEARO,24630,162417,314,2052,160365
2020-07-12,BD,Bangladesh,SEARO,21378,183795,300,2352,181443
2020-07-19,BD,Bangladesh,SEARO,20730,204525,266,2618,201907
2020-07-26,BD,Bangladesh,SEARO,18928,223453,310,2928,220525
2020-08-02,BD,Bangladesh,SEARO,17293,240746,226,3154,237592
2020-08-09,BD,Bangladesh,SEARO,16854,257600,245,3399,254201
2020-08-16,BD,Bangladesh,SEARO,18949,276549,258,3657,272892
2020-08-23,BD,Bangladesh,SEARO,18049,294598,284,3941,290657
2020-08-30,BD,Bangladesh,SEARO,16224,310822,307,4248,306574
2020-09-06,BD,Bangladesh,SEARO,14335,325157,231,4479,320678
2020-09-13,BD,Bangladesh,SEARO,12363,337520,254,4733,332787
2020-09-20,BD,Bangladesh,SEARO,11396,348916,206,4939,343977
2020-09-27,BD,Bangladesh,SEARO,10232,359148,222,5161,353987
2020-10-04,BD,Bangladesh,SEARO,9542,368690,187,5348,363342
2020-10-11,BD,Bangladesh,SEARO,9576,378266,176,5524,372742
2020-10-18,BD,Bangladesh,SEARO,10303,388569,136,5660,382909
2020-10-25,BD,Bangladesh,SEARO,10246,398815,143,5803,393012
2020-11-01,BD,Bangladesh,SEARO,10437,409252,138,5941,403311
2020-11-08,BD,Bangladesh,SEARO,10986,420238,126,6067,414171
2020-11-15,BD,Bangladesh,SEARO,12095,432333,127,6194,426139
2020-11-22,BD,Bangladesh,SEARO,15008,447341,194,6388,440953
2020-11-29,BD,Bangladesh,SEARO,15066,462407,221,6609,455798
2020-12-06,BD,Bangladesh,SEARO,15138,477545,229,6838,470707
2020-12-13,BD,Bangladesh,SEARO,12988,490533,214,7052,483481
2020-12-20,BD,Bangladesh,SEARO,10180,500713,228,7280,493433
2020-12-27,BD,Bangladesh,SEARO,8435,509148,172,7452,501696
2021-01-03,BD,Bangladesh,SEARO,6871,516019,174,7626,508393
2021-01-10,BD,Bangladesh,SEARO,6434,522453,155,7781,514672
2021-01-17,BD,Bangladesh,SEARO,5179,527632,125,7906,519726
2021-01-24,BD,Bangladesh,SEARO,4167,531799,117,8023,523776
2021-01-31,BD,Bangladesh,SEARO,3340,535139,104,8127,527012
2021-02-07,BD,Bangladesh,SEARO,2923,538062,78,8205,529857
2021-02-14,BD,Bangladesh,SEARO,2530,540592,69,8274,532318
2021-02-21,BD,Bangladesh,SEARO,2759,543351,75,8349,535002
2021-02-28,BD,Bangladesh,SEARO,2865,546216,59,8408,537808
2021-03-07,BD,Bangladesh,SEARO,4114,550330,54,8462,541868
2021-03-14,BD,Bangladesh,SEARO,7065,557395,83,8545,548850
2021-03-21,BD,Bangladesh,SEARO,13483,570878,145,8690,562188
2021-03-28,BD,Bangladesh,SEARO,24836,595714,214,8904,586810
2021-04-04,BD,Bangladesh,SEARO,41650,637364,362,9266,628098
2021-04-11,BD,Bangladesh,SEARO,47392,684756,473,9739,675017
2021-04-18,BD,Bangladesh,SEARO,34194,718950,646,10385,708565
2021-04-25,BD,Bangladesh,SEARO,26372,745322,668,11053,734269
2021-05-02,BD,Bangladesh,SEARO,16621,761943,526,11579,750364
2021-05-09,BD,Bangladesh,SEARO,11570,773513,355,11934,761579
2021-05-16,BD,Bangladesh,SEARO,6646,780159,215,12149,768010
2021-05-23,BD,Bangladesh,SEARO,8921,789080,227,12376,776704
2021-05-30,BD,Bangladesh,SEARO,9750,798830,207,12583,786247
2021-06-06,BD,Bangladesh,SEARO,12160,810990,256,12839,798151
2021-06-13,BD,Bangladesh,SEARO,15932,826922,279,13118,813804
2021-06-20,BD,Bangladesh,SEARO,24746,851668,430,13548,838120
2021-06-27,BD,Bangladesh,SEARO,36738,888406,624,14172,874234
2021-07-04,BD,Bangladesh,SEARO,56511,944917,893,15065,929852
2021-07-11,BD,Bangladesh,SEARO,76272,1021189,1354,16419,1004770
2021-07-18,BD,Bangladesh,SEARO,82800,1103989,1475,17894,1086095
2021-07-25,BD,Bangladesh,SEARO,60646,1164635,1380,19274,1145361
2021-08-01,BD,Bangladesh,SEARO,99693,1264328,1642,20916,1243412
2021-08-08,BD,Bangladesh,SEARO,89367,1353695,1736,22652,1331043
2021-08-15,BD,Bangladesh,SEARO,65207,1418902,1523,24175,1394727
2021-08-22,BD,Bangladesh,SEARO,43096,1461998,1107,25282,1436716
2021-08-29,BD,Bangladesh,SEARO,31539,1493537,733,26015,1467522
2021-09-05,BD,Bangladesh,SEARO,20919,1514456,548,26563,1487893
2021-09-12,BD,Bangladesh,SEARO,15957,1530413,368,26931,1503482
2021-09-19,BD,Bangladesh,SEARO,12270,1542683,294,27225,1515458
2021-09-26,BD,Bangladesh,SEARO,8668,1551351,189,27414,1523937
2021-10-03,BD,Bangladesh,SEARO,6613,1557964,159,27573,1530391
2021-10-10,BD,Bangladesh,SEARO,4395,1562359,115,27688,1534671
2021-10-17,BD,Bangladesh,SEARO,3129,1565488,80,27768,1537720
2021-10-24,BD,Bangladesh,SEARO,2204,1567692,55,27823,1539869
2021-10-31,BD,Bangladesh,SEARO,1847,1569539,45,27868,1541671
2021-11-07,BD,Bangladesh,SEARO,1474,1571013,27,27895,1543118
2021-11-14,BD,Bangladesh,SEARO,1488,1572501,27,27922,1544579
2021-11-21,BD,Bangladesh,SEARO,1587,1574088,31,27953,1546135
2021-11-28,BD,Bangladesh,SEARO,1696,1575784,25,27978,1547806
2021-12-05,BD,Bangladesh,SEARO,1659,1577443,23,28001,1549442
2021-12-12,BD,Bangladesh,SEARO,1882,1579325,27,28028,1551297
2021-12-19,BD,Bangladesh,SEARO,1758,1581083,20,28048,1553035
2021-12-26,BD,Bangladesh,SEARO,2170,1583253,12,28060,1555193
2022-01-02,BD,Bangladesh,SEARO,3213,1586466,17,28077,1558389
2022-01-09,BD,Bangladesh,SEARO,7234,1593700,25,28102,1565598
2022-01-16,BD,Bangladesh,SEARO,24011,1617711,42,28144,1589567
2022-01-23,BD,Bangladesh,SEARO,67425,1685136,79,28223,1656913
2022-01-30,BD,Bangladesh,SEARO,100196,1785332,140,28363,1756969
2022-02-06,BD,Bangladesh,SEARO,76200,1861532,226,28589,1832943
2022-02-13,BD,Bangladesh,SEARO,48132,1909664,230,28819,1880845
2022-02-20,BD,Bangladesh,SEARO,23627,1933291,146,28965,1904326
2022-02-27,BD,Bangladesh,SEARO,9389,1942680,68,29033,1913647
2022-03-06,BD,Bangladesh,SEARO,4586,1947266,52,29085,1918181
2022-03-13,BD,Bangladesh,SEARO,2220,1949486,26,29111,1920375
2022-03-20,BD,Bangladesh,SEARO,1123,1950609,6,29117,1921492
2022-03-27,BD,Bangladesh,SEARO,673,1951282,1,29118,1922164
2022-04-03,BD,Bangladesh,SEARO,488,1951770,4,29122,1922648
2022-04-10,BD,Bangladesh,SEARO,295,1952065,1,29123,1922942
2022-04-17,BD,Bangladesh,SEARO,261,1952326,1,29124,1923202
2022-04-24,BD,Bangladesh,SEARO,230,1952556,3,29127,1923429
2022-05-01,BD,Bangladesh,SEARO,160,1952716,0,29127,1923589
2022-05-08,BD,Bangladesh,SEARO,83,1952799,0,29127,1923672
2022-05-15,BD,Bangladesh,SEARO,213,1953012,0,29127,1923885
2022-05-22,BD,Bangladesh,SEARO,192,1953204,1,29128,1924076
2022-05-29,BD,Bangladesh,SEARO,203,1953407,2,29130,1924277
2022-06-05,BD,Bangladesh,SEARO,216,1953623,1,29131,1924492
2022-06-12,BD,Bangladesh,SEARO,492,1954115,0,29131,1924984
2022-06-19,BD,Bangladesh,SEARO,2212,1956327,0,29131,1927196
2022-06-26,BD,Bangladesh,SEARO,8846,1965173,9,29140,1936033
2022-07-03,BD,Bangladesh,SEARO,13516,1978689,22,29162,1949527
2022-07-10,BD,Bangladesh,SEARO,11165,1989854,38,29200,1960654
2022-07-17,BD,Bangladesh,SEARO,6486,1996340,34,29234,1967106
2022-07-24,BD,Bangladesh,SEARO,5435,2001775,32,29266,1972509
2022-07-31,BD,Bangladesh,SEARO,3482,2005257,25,29291,1975966
2022-08-07,BD,Bangladesh,SEARO,2078,2007335,13,29304,1978031
2022-08-14,BD,Bangladesh,SEARO,1535,2008870,9,29313,1979557
2022-08-21,BD,Bangladesh,SEARO,1100,2009970,2,29315,1980655
2022-08-28,BD,Bangladesh,SEARO,1347,2011317,8,29323,1981994
2022-09-04,BD,Bangladesh,SEARO,1444,2012761,5,29328,1983433
2022-09-11,BD,Bangladesh,SEARO,2126,2014887,6,29334,1985553
2022-09-18,BD,Bangladesh,SEARO,2727,2017614,5,29339,1988275
2022-09-25,BD,Bangladesh,SEARO,4076,2021690,14,29353,1992337
2022-10-02,BD,Bangladesh,SEARO,4522,2026212,16,29369,1996843
2022-10-09,BD,Bangladesh,SEARO,3511,2029723,12,29381,2000342
2022-10-16,BD,Bangladesh,SEARO,2720,2032443,20,29401,2003042
2022-10-23,BD,Bangladesh,SEARO,1698,2034141,12,29413,2004728
2022-10-30,BD,Bangladesh,SEARO,1011,2035152,10,29423,2005729
2022-11-06,BD,Bangladesh,SEARO,676,2035828,3,29426,2006402
2022-11-13,BD,Bangladesh,SEARO,338,2036166,1,29427,2006739
2022-11-20,BD,Bangladesh,SEARO,201,2036367,3,29430,2006937
2022-11-27,BD,Bangladesh,SEARO,160,2036527,1,29431,2007096
2022-12-04,BD,Bangladesh,SEARO,110,2036637,3,29434,2007203
2022-12-11,BD,Bangladesh,SEARO,169,2036806,2,29436,2007370
2022-12-18,BD,Bangladesh,SEARO,122,2036928,2,29438,2007490
2022-12-25,BD,Bangladesh,SEARO,96,2037024,1,29439,2007585
2023-01-01,BD,Bangladesh,SEARO,118,2037142,1,29440,2007702
2023-01-08,BD,Bangladesh,SEARO,125,2037267,0,29440,2007827
2023-01-15,BD,Bangladesh,SEARO,101,2037368,1,29441,2007927
2023-01-22,BD,Bangladesh,SEARO,76,2037444,0,29441,2008003
2023-01-29,BD,Bangladesh,SEARO,88,2037532,1,29442,2008090
2023-02-05,BD,Bangladesh,SEARO,77,2037609,1,29443,2008166
2023-02-12,BD,Bangladesh,SEARO,70,2037679,1,29444,2008235
2023-02-19,BD,Bangladesh,SEARO,71,2037750,1,29445,2008305
2023-02-26,BD,Bangladesh,SEARO,58,2037808,0,29445,2008363
2023-03-05,BD,Bangladesh,SEARO,57,2037865,0,29445,2008420
2023-03-12,BD,Bangladesh,SEARO,57,2037922,0,29445,2008477
2023-03-19,BD,Bangladesh,SEARO,47,2037969,0,29445,2008524
2023-03-26,BD,Bangladesh,SEARO,32,2038001,0,29445,2008556
2023-04-02,BD,Bangladesh,SEARO,37,2038038,1,29446,2008592
2023-04-09,BD,Bangladesh,SEARO,40,2038078,0,29446,2008632
2023-04-16,BD,Bangladesh,SEARO,38,2038116,0,29446,2008670
2023-04-23,BD,Bangladesh,SEARO,38,2038154,0,29446,2008708
2023-04-30,BD,Bangladesh,SEARO,78,2038232,0,29446,2008786
2023-05-07,BD,Bangladesh,SEARO,106,2038338,0,29446,2008892
2023-05-14,BD,Bangladesh,SEARO,140,2038478,0,29446,2009032
2023-05-21,BD,Bangladesh,SEARO,148,2038626,0,29446,2009180
2023-05-28,BD,Bangladesh,SEARO,345,2038971,0,29446,2009525
2023-06-04,BD,Bangladesh,SEARO,668,2039639,2,29448,2010191
2023-06-11,BD,Bangladesh,SEARO,831,2040470,3,29451,2011019
2023-06-18,BD,Bangladesh,SEARO,1000,2041470,6,29457,2012013
2023-06-25,BD,Bangladesh,SEARO,782,2042252,4,29461,2012791
2023-07-02,BD,Bangladesh,SEARO,450,2042702,1,29462,2013240
2023-07-09,BD,Bangladesh,SEARO,459,2043161,0,29462,2013699
2023-07-16,BD,Bangladesh,SEARO,416,2043577,2,29464,2014113
2023-07-23,BD,Bangladesh,SEARO,394,2043971,4,29468,2014503
2023-07-30,BD,Bangladesh,SEARO,439,2044410,4,29472,2014938
2023-08-06,BD,Bangladesh,SEARO,369,2044779,2,29474,2015305
2023-08-13,BD,Bangladesh,SEARO,218,2044997,2,29476,2015521
2023-08-20,BD,Bangladesh,SEARO,162,2045159,0,29476,2015683
2023-08-27,BD,Bangladesh,SEARO,127,2045286,0,29476,2015810
2023-09-03,BD,Bangladesh,SEARO,122,2045408,1,29477,2015931
2023-09-10,BD,Bangladesh,SEARO,109,2045517,0,29477,2016040
2023-09-17,BD,Bangladesh,SEARO,85,2045602,0,29477,2016125
2023-09-24,BD,Bangladesh,SEARO,69,2045671,0,29477,2016194
2023-10-01,BD,Bangladesh,SEARO,63,2045734,0,29477,2016257
2023-10-08,BD,Bangladesh,SEARO,55,2045789,0,29477,2016312
2023-10-15,BD,Bangladesh,SEARO,54,2045843,0,29477,2016366
2023-10-22,BD,Bangladesh,SEARO,49,2045892,0,29477,2016415
2023-10-29,BD,Bangladesh,SEARO,31,2045923,0,29477,2016446
2023-11-05,BD,Bangladesh,SEARO,35,2045958,0,29477,2016481
2023-11-12,BD,Bangladesh,SEARO,34,2045992,0,29477,2016515
2023-11-19,BD,Bangladesh,SEARO,34,2046026,0,29477,2016549
2023-11-26,BD,Bangladesh,SEARO,34,2046060,0,29477,2016583
2023-12-03,BD,Bangladesh,SEARO,30,2046090,0,29477,2016613
2023-12-10,BD,Bangladesh,SEARO,43,2046133,0,29477,2016656
2023-12-17,BD,Bangladesh,SEARO,32,2046165,0,29477,2016688
2023-12-24,BD,Bangladesh,SEARO,42,2046207,0,29477,2016730
2023-12-31,BD,Bangladesh,SEARO,85,2046292,0,29477,2016815
2024-01-07,BD,Bangladesh,SEARO,117,2046409,0,29477,2016932
2024-01-14,BD,Bangladesh,SEARO,190,2046599,2,29479,2017120
2024-01-21,BD,Bangladesh,SEARO,159,2046758,1,29480,2017278
2024-01-28,BD,Bangladesh,SEARO,240,2046998,1,29481,2017517
2024-02-04,BD,Bangladesh,SEARO,299,2047297,1,29482,2017815
2024-02-11,BD,Bangladesh,SEARO,255,2047552,1,29483,2018069
2024-02-18,BD,Bangladesh,SEARO,335,2047887,3,29486,2018401
2024-02-25,BD,Bangladesh,SEARO,345,2048232,3,29489,2018743
2024-03-03,BD,Bangladesh,SEARO,356,2048588,2,29491,2019097
2024-03-10,BD,Bangladesh,SEARO,326,2048914,1,29492,2019422
2024-03-17,BD,Bangladesh,SEARO,241,2049155,0,29492,2019663
2024-03-24,BD,Bangladesh,SEARO,222,2049377,1,29493,2019884
2024-03-31,BD,Bangladesh,SEARO,142,2049519,0,29493,2020026
2024-04-07,BD,Bangladesh,SEARO,126,2049645,0,29493,2020152
2024-04-14,BD,Bangladesh,SEARO,83,2049728,0,29493,2020235
2024-04-21,BD,Bangladesh,SEARO,122,2049850,1,29494,2020356
2024-04-28,BD,Bangladesh,SEARO,120,2049970,0,29494,2020476
2024-05-05,BD,Bangladesh,SEARO,90,2050060,0,29494,2020566
2024-05-12,BD,Bangladesh,SEARO,96,2050156,0,29494,2020662
2024-05-19,BD,Bangladesh,SEARO,87,2050243,1,29495,2020748
2024-05-26,BD,Bangladesh,SEARO,124,2050367,0,29495,2020872
2024-06-02,BD,Bangladesh,SEARO,144,2050511,0,29495,2021016
2024-06-09,BD,Bangladesh,SEARO,192,2050703,0,29495,2021208
2024-06-16,BD,Bangladesh,SEARO,131,2050834,1,29496,2021338
2024-06-23,BD,Bangladesh,SEARO,66,2050900,1,29497,2021403
2024-06-30,BD,Bangladesh,SEARO,109,2051009,1,29498,2021511
2024-07-07,BD,Bangladesh,SEARO,121,2051130,0,29498,2021632
2024-07-14,BD,Bangladesh,SEARO,102,2051232,0,29498,2021734
2024-07-21,BD,Bangladesh,SEARO,40,2051272,0,29498,2021774
2024-07-28,BD,Bangladesh,SEARO,36,2051308,1,29499,2021809
2024-08-04,BD,Bangladesh,SEARO,40,2051348,0,29499,2021849
2024-08-11,BD,Bangladesh,SEARO,15,2051363,0,29499,2021864
2024-08-18,BD,Bangladesh,SEARO,9,2051372,0,29499,2021873
2024-08-25,BD,Bangladesh,SEARO,8,2051380,0,29499,2021881
2024-09-01,BD,Bangladesh,SEARO,9,2051389,0,29499,2021890
2024-09-08,BD,Bangladesh,SEARO,10,2051399,0,29499,2021900
2024-09-15,BD,Bangladesh,SEARO,10,2051409,0,29499,2021910
2024-09-22,BD,Bangladesh,SEARO,8,2051417,0,29499,2021918
2024-09-29,BD,Bangladesh,SEARO,9,2051426,0,29499,2021927
2024-10-06,BD,Bangladesh,SEARO,11,2051437,0,29499,2021938
2024-10-13,BD,Bangladesh,SEARO,9,2051446,0,29499,2021947
2024-10-20,BD,Bangladesh,SEARO,9,2051455,0,29499,2021956
2024-10-27,BD,Bangladesh,SEARO,8,2051463,0,29499,2021964
2024-11-03,BD,Bangladesh,SEARO,13,2051476,0,29499,2021977
2024-11-10,BD,Bangladesh,SEARO,10,2051486,0,29499,2021987
2024-11-17,BD,Bangladesh,SEARO,8,2051494,0,29499,2021995
2020-01-05,BB,Barbados,AMRO,0,0,0,0,0
2020-01-12,BB,Barbados,AMRO,0,0,0,0,0
2020-01-19,BB,Barbados,AMRO,0,0,0,0,0
2020-01-26,BB,Barbados,AMRO,0,0,0,0,0
2020-02-02,BB,Barbados,AMRO,0,0,0,0,0
2020-02-09,BB,Barbados,AMRO,0,0,0,0,0
2020-02-16,BB,Barbados,AMRO,0,0,0,0,0
2020-02-23,BB,Barbados,AMRO,0,0,0,0,0
2020-03-01,BB,Barbados,AMRO,0,0,0,0,0
2020-03-08,BB,Barbados,AMRO,0,0,0,0,0
2020-03-15,BB,Barbados,AMRO,0,0,0,0,0
2020-03-22,BB,Barbados,AMRO,5,5,0,0,5
2020-03-29,BB,Barbados,AMRO,19,24,0,0,24
2020-04-05,BB,Barbados,AMRO,27,51,0,0,51
2020-04-12,BB,Barbados,AMRO,16,67,4,4,63
2020-04-19,BB,Barbados,AMRO,8,75,1,5,70
2020-04-26,BB,Barbados,AMRO,2,77,1,6,71
2020-05-03,BB,Barbados,AMRO,4,81,1,7,74
2020-05-10,BB,Barbados,AMRO,1,82,0,7,75
2020-05-17,BB,Barbados,AMRO,3,85,0,7,78
2020-05-24,BB,Barbados,AMRO,5,90,0,7,83
2020-05-31,BB,Barbados,AMRO,2,92,0,7,85
2020-06-07,BB,Barbados,AMRO,0,92,0,7,85
2020-06-14,BB,Barbados,AMRO,4,96,0,7,89
2020-06-21,BB,Barbados,AMRO,1,97,0,7,90
2020-06-28,BB,Barbados,AMRO,0,97,0,7,90
2020-07-05,BB,Barbados,AMRO,0,97,0,7,90
2020-07-12,BB,Barbados,AMRO,1,98,0,7,91
2020-07-19,BB,Barbados,AMRO,6,104,0,7,97
2020-07-26,BB,Barbados,AMRO,4,108,0,7,101
2020-08-02,BB,Barbados,AMRO,2,110,0,7,103
2020-08-09,BB,Barbados,AMRO,28,138,0,7,131
2020-08-16,BB,Barbados,AMRO,10,148,0,7,141
2020-08-23,BB,Barbados,AMRO,9,157,0,7,150
2020-08-30,BB,Barbados,AMRO,9,166,0,7,159
2020-09-06,BB,Barbados,AMRO,12,178,0,7,171
2020-09-13,BB,Barbados,AMRO,2,180,0,7,173
2020-09-20,BB,Barbados,AMRO,5,185,0,7,178
2020-09-27,BB,Barbados,AMRO,5,190,0,7,183
2020-10-04,BB,Barbados,AMRO,6,196,0,7,189
2020-10-11,BB,Barbados,AMRO,9,205,0,7,198
2020-10-18,BB,Barbados,AMRO,14,219,0,7,212
2020-10-25,BB,Barbados,AMRO,8,227,0,7,220
2020-11-01,BB,Barbados,AMRO,9,236,0,7,229
2020-11-08,BB,Barbados,AMRO,6,242,0,7,235
2020-11-15,BB,Barbados,AMRO,7,249,0,7,242
2020-11-22,BB,Barbados,AMRO,4,253,0,7,246
2020-11-29,BB,Barbados,AMRO,17,270,0,7,263
2020-12-06,BB,Barbados,AMRO,15,285,0,7,278
2020-12-13,BB,Barbados,AMRO,7,292,0,7,285
2020-12-20,BB,Barbados,AMRO,15,307,0,7,300
2020-12-27,BB,Barbados,AMRO,40,347,0,7,340
2021-01-03,BB,Barbados,AMRO,48,395,0,7,388
2021-01-10,BB,Barbados,AMRO,413,808,0,7,801
2021-01-17,BB,Barbados,AMRO,228,1036,0,7,1029
2021-01-24,BB,Barbados,AMRO,305,1341,2,9,1332
2021-01-31,BB,Barbados,AMRO,157,1498,3,12,1486
2021-02-07,BB,Barbados,AMRO,178,1676,6,18,1658
2021-02-14,BB,Barbados,AMRO,271,1947,5,23,1924
2021-02-21,BB,Barbados,AMRO,730,2677,7,30,2647
2021-02-28,BB,Barbados,AMRO,317,2994,3,33,2961
2021-03-07,BB,Barbados,AMRO,223,3217,4,37,3180
2021-03-14,BB,Barbados,AMRO,174,3391,0,37,3354
2021-03-21,BB,Barbados,AMRO,121,3512,2,39,3473
2021-03-28,BB,Barbados,AMRO,91,3603,2,41,3562
2021-04-04,BB,Barbados,AMRO,62,3665,1,42,3623
2021-04-11,BB,Barbados,AMRO,43,3708,2,44,3664
2021-04-18,BB,Barbados,AMRO,65,3773,0,44,3729
2021-04-25,BB,Barbados,AMRO,47,3820,0,44,3776
2021-05-02,BB,Barbados,AMRO,43,3863,0,44,3819
2021-05-09,BB,Barbados,AMRO,68,3931,1,45,3886
2021-05-16,BB,Barbados,AMRO,30,3961,1,46,3915
2021-05-23,BB,Barbados,AMRO,24,3985,1,47,3938
2021-05-30,BB,Barbados,AMRO,24,4009,0,47,3962
2021-06-06,BB,Barbados,AMRO,20,4029,0,47,3982
2021-06-13,BB,Barbados,AMRO,4,4033,0,47,3986
2021-06-20,BB,Barbados,AMRO,7,4040,0,47,3993
2021-06-27,BB,Barbados,AMRO,26,4066,0,47,4019
2021-07-04,BB,Barbados,AMRO,16,4082,0,47,4035
2021-07-11,BB,Barbados,AMRO,54,4136,0,47,4089
2021-07-18,BB,Barbados,AMRO,105,4241,1,48,4193
2021-07-25,BB,Barbados,AMRO,89,4330,0,48,4282
2021-08-01,BB,Barbados,AMRO,49,4379,0,48,4331
2021-08-08,BB,Barbados,AMRO,76,4455,0,48,4407
2021-08-15,BB,Barbados,AMRO,60,4515,0,48,4467
2021-08-22,BB,Barbados,AMRO,113,4628,0,48,4580
2021-08-29,BB,Barbados,AMRO,161,4789,0,48,4741
2021-09-05,BB,Barbados,AMRO,394,5183,3,51,5132
2021-09-12,BB,Barbados,AMRO,576,5759,0,51,5708
2021-09-19,BB,Barbados,AMRO,599,6358,6,57,6301
2021-09-26,BB,Barbados,AMRO,1043,7401,6,63,7338
2021-10-03,BB,Barbados,AMRO,1208,8609,15,78,8531
2021-10-10,BB,Barbados,AMRO,1774,10383,10,88,10295
2021-10-17,BB,Barbados,AMRO,1722,12105,20,108,11997
2021-10-24,BB,Barbados,AMRO,2648,14753,16,124,14629
2021-10-31,BB,Barbados,AMRO,2712,17465,28,152,17313
2021-11-07,BB,Barbados,AMRO,2051,19516,18,170,19346
2021-11-14,BB,Barbados,AMRO,2361,21877,21,191,21686
2021-11-21,BB,Barbados,AMRO,1549,23426,15,206,23220
2021-11-28,BB,Barbados,AMRO,1497,24923,17,223,24700
2021-12-05,BB,Barbados,AMRO,1041,25964,11,234,25730
2021-12-12,BB,Barbados,AMRO,776,26740,17,251,26489
2021-12-19,BB,Barbados,AMRO,429,27169,5,256,26913
2021-12-26,BB,Barbados,AMRO,460,27629,4,260,27369
2022-01-02,BB,Barbados,AMRO,1181,28810,2,262,28548
2022-01-09,BB,Barbados,AMRO,2194,31004,3,265,30739
2022-01-16,BB,Barbados,AMRO,3687,34691,4,269,34422
2022-01-23,BB,Barbados,AMRO,3895,38586,5,274,38312
2022-01-30,BB,Barbados,AMRO,4265,42851,3,277,42574
2022-02-06,BB,Barbados,AMRO,4273,47124,9,286,46838
2022-02-13,BB,Barbados,AMRO,3756,50880,5,291,50589
2022-02-20,BB,Barbados,AMRO,2628,53508,17,308,53200
2022-02-27,BB,Barbados,AMRO,1394,54902,5,313,54589
2022-03-06,BB,Barbados,AMRO,961,55863,3,316,55547
2022-03-13,BB,Barbados,AMRO,942,56805,7,323,56482
2022-03-20,BB,Barbados,AMRO,743,57548,3,326,57222
2022-03-27,BB,Barbados,AMRO,722,58270,4,330,57940
2022-04-03,BB,Barbados,AMRO,1225,59495,45,375,59120
2022-04-10,BB,Barbados,AMRO,1772,61267,4,379,60888
2022-04-17,BB,Barbados,AMRO,2910,64177,2,381,63796
2022-04-24,BB,Barbados,AMRO,2633,66810,7,388,66422
2022-05-01,BB,Barbados,AMRO,2752,69562,4,392,69170
2022-05-08,BB,Barbados,AMRO,3181,72743,11,403,72340
2022-05-15,BB,Barbados,AMRO,3102,75845,29,432,75413
2022-05-22,BB,Barbados,AMRO,2603,78448,4,436,78012
2022-05-29,BB,Barbados,AMRO,1590,80038,8,444,79594
2022-06-05,BB,Barbados,AMRO,1136,81174,18,462,80712
2022-06-12,BB,Barbados,AMRO,897,82071,5,467,81604
2022-06-19,BB,Barbados,AMRO,659,82730,4,471,82259
2022-06-26,BB,Barbados,AMRO,794,83524,2,473,83051
2022-07-03,BB,Barbados,AMRO,1038,84562,4,477,84085
2022-07-10,BB,Barbados,AMRO,1117,85679,1,478,85201
2022-07-17,BB,Barbados,AMRO,1784,87463,1,479,86984
2022-07-24,BB,Barbados,AMRO,1876,89339,3,482,88857
2022-07-31,BB,Barbados,AMRO,2254,91593,10,492,91101
2022-08-07,BB,Barbados,AMRO,2500,94093,6,498,93595
2022-08-14,BB,Barbados,AMRO,3011,97104,17,515,96589
2022-08-21,BB,Barbados,AMRO,2100,99204,14,529,98675
2022-08-28,BB,Barbados,AMRO,1322,100526,8,537,99989
2022-09-04,BB,Barbados,AMRO,689,101215,7,544,100671
2022-09-11,BB,Barbados,AMRO,594,101809,12,556,101253
2022-09-18,BB,Barbados,AMRO,351,102160,3,559,101601
2022-09-25,BB,Barbados,AMRO,223,102383,0,559,101824
2022-10-02,BB,Barbados,AMRO,226,102609,1,560,102049
2022-10-09,BB,Barbados,AMRO,0,102609,0,560,102049
2022-10-16,BB,Barbados,AMRO,405,103014,0,560,102454
2022-10-23,BB,Barbados,AMRO,0,103014,0,560,102454
2022-10-30,BB,Barbados,AMRO,410,103424,0,560,102864
2022-11-06,BB,Barbados,AMRO,0,103424,0,560,102864
2022-11-13,BB,Barbados,AMRO,121,103545,4,564,102981
2022-11-20,BB,Barbados,AMRO,0,103545,0,564,102981
2022-11-27,BB,Barbados,AMRO,871,104416,3,567,103849
2022-12-04,BB,Barbados,AMRO,0,104416,0,567,103849
2022-12-11,BB,Barbados,AMRO,528,104944,1,568,104376
2022-12-18,BB,Barbados,AMRO,0,104944,0,568,104376
2022-12-25,BB,Barbados,AMRO,571,105515,0,568,104947
2023-01-01,BB,Barbados,AMRO,0,105515,0,568,104947
2023-01-08,BB,Barbados,AMRO,390,105905,1,569,105336
2023-01-15,BB,Barbados,AMRO,0,105905,0,569,105336
2023-01-22,BB,Barbados,AMRO,252,106157,2,571,105586
2023-01-29,BB,Barbados,AMRO,0,106157,0,571,105586
2023-02-05,BB,Barbados,AMRO,277,106434,2,573,105861
2023-02-12,BB,Barbados,AMRO,0,106434,0,573,105861
2023-02-19,BB,Barbados,AMRO,211,106645,2,575,106070
2023-02-26,BB,Barbados,AMRO,0,106645,0,575,106070
2023-03-05,BB,Barbados,AMRO,153,106798,4,579,106219
2023-03-12,BB,Barbados,AMRO,0,106798,0,579,106219
2023-03-19,BB,Barbados,AMRO,0,106798,0,579,106219
2023-03-26,BB,Barbados,AMRO,0,106798,0,579,106219
2023-04-02,BB,Barbados,AMRO,534,107332,3,582,106750
2023-04-09,BB,Barbados,AMRO,0,107332,0,582,106750
2023-04-16,BB,Barbados,AMRO,0,107332,0,582,106750
2023-04-23,BB,Barbados,AMRO,134,107466,6,588,106878
2023-04-30,BB,Barbados,AMRO,0,107466,0,588,106878
2023-05-07,BB,Barbados,AMRO,100,107566,1,589,106977
2023-05-14,BB,Barbados,AMRO,228,107794,4,593,107201
2023-05-21,BB,Barbados,AMRO,0,107794,0,593,107201
2023-05-28,BB,Barbados,AMRO,0,107794,0,593,107201
2023-06-04,BB,Barbados,AMRO,0,107794,0,593,107201
2023-06-11,BB,Barbados,AMRO,0,107794,0,593,107201
2023-06-18,BB,Barbados,AMRO,0,107794,0,593,107201
2023-06-25,BB,Barbados,AMRO,0,107794,0,593,107201
2023-07-02,BB,Barbados,AMRO,0,107794,0,593,107201
2023-07-09,BB,Barbados,AMRO,0,107794,0,593,107201
2023-07-16,BB,Barbados,AMRO,0,107794,0,593,107201
2023-07-23,BB,Barbados,AMRO,0,107794,0,593,107201
2023-07-30,BB,Barbados,AMRO,0,107794,0,593,107201
2023-08-06,BB,Barbados,AMRO,0,107794,0,593,107201
2023-08-13,BB,Barbados,AMRO,0,107794,0,593,107201
2023-08-20,BB,Barbados,AMRO,0,107794,0,593,107201
2023-08-27,BB,Barbados,AMRO,0,107794,0,593,107201
2023-09-03,BB,Barbados,AMRO,0,107794,0,593,107201
2023-09-10,BB,Barbados,AMRO,0,107794,0,593,107201
2023-09-17,BB,Barbados,AMRO,0,107794,0,593,107201
2023-09-24,BB,Barbados,AMRO,0,107794,0,593,107201
2023-10-01,BB,Barbados,AMRO,0,107794,0,593,107201
2023-10-08,BB,Barbados,AMRO,0,107794,0,593,107201
2023-10-15,BB,Barbados,AMRO,0,107794,0,593,107201
2023-10-22,BB,Barbados,AMRO,0,107794,0,593,107201
2023-10-29,BB,Barbados,AMRO,0,107794,0,593,107201
2023-11-05,BB,Barbados,AMRO,0,107794,0,593,107201
2023-11-12,BB,Barbados,AMRO,0,107794,0,593,107201
2023-11-19,BB,Barbados,AMRO,0,107794,0,593,107201
2023-11-26,BB,Barbados,AMRO,0,107794,0,593,107201
2023-12-03,BB,Barbados,AMRO,0,107794,0,593,107201
2023-12-10,BB,Barbados,AMRO,0,107794,0,593,107201
2023-12-17,BB,Barbados,AMRO,0,107794,0,593,107201
2023-12-24,BB,Barbados,AMRO,0,107794,0,593,107201
2023-12-31,BB,Barbados,AMRO,0,107794,0,593,107201
2024-01-07,BB,Barbados,AMRO,32,107826,0,593,107233
2024-01-14,BB,Barbados,AMRO,60,107886,0,593,107293
2024-01-21,BB,Barbados,AMRO,66,107952,0,593,107359
2024-01-28,BB,Barbados,AMRO,43,107995,0,593,107402
2024-02-04,BB,Barbados,AMRO,10,108005,0,593,107412
2024-02-11,BB,Barbados,AMRO,20,108025,0,593,107432
2024-02-18,BB,Barbados,AMRO,22,108047,0,593,107454
2024-02-25,BB,Barbados,AMRO,11,108058,0,593,107465
2024-03-03,BB,Barbados,AMRO,6,108064,0,593,107471
2024-03-10,BB,Barbados,AMRO,4,108068,0,593,107475
2024-03-17,BB,Barbados,AMRO,7,108075,0,593,107482
2024-03-24,BB,Barbados,AMRO,13,108088,0,593,107495
2024-03-31,BB,Barbados,AMRO,2,108090,0,593,107497
2024-04-07,BB,Barbados,AMRO,7,108097,0,593,107504
2024-04-14,BB,Barbados,AMRO,4,108101,0,593,107508
2024-04-21,BB,Barbados,AMRO,1,108102,0,593,107509
2024-04-28,BB,Barbados,AMRO,3,108105,0,593,107512
2024-05-05,BB,Barbados,AMRO,20,108125,0,593,107532
2024-05-12,BB,Barbados,AMRO,38,108163,0,593,107570
2024-05-19,BB,Barbados,AMRO,27,108190,0,593,107597
2024-05-26,BB,Barbados,AMRO,27,108217,0,593,107624
2024-06-02,BB,Barbados,AMRO,38,108255,0,593,107662
2024-06-09,BB,Barbados,AMRO,41,108296,0,593,107703
2024-06-16,BB,Barbados,AMRO,17,108313,0,593,107720
2024-06-23,BB,Barbados,AMRO,11,108324,0,593,107731
2024-06-30,BB,Barbados,AMRO,14,108338,0,593,107745
2024-07-07,BB,Barbados,AMRO,43,108381,0,593,107788
2024-07-14,BB,Barbados,AMRO,52,108433,0,593,107840
2024-07-21,BB,Barbados,AMRO,40,108473,0,593,107880
2024-07-28,BB,Barbados,AMRO,52,108525,0,593,107932
2024-08-04,BB,Barbados,AMRO,57,108582,0,593,107989
2024-08-11,BB,Barbados,AMRO,60,108642,0,593,108049
2024-08-18,BB,Barbados,AMRO,74,108716,0,593,108123
2024-08-25,BB,Barbados,AMRO,34,108750,0,593,108157
2024-09-01,BB,Barbados,AMRO,32,108782,0,593,108189
2024-09-08,BB,Barbados,AMRO,16,108798,0,593,108205
2024-09-15,BB,Barbados,AMRO,9,108807,0,593,108214
2024-09-22,BB,Barbados,AMRO,8,108815,0,593,108222
2024-09-29,BB,Barbados,AMRO,14,108829,0,593,108236
2024-10-06,BB,Barbados,AMRO,3,108832,0,593,108239
2024-10-13,BB,Barbados,AMRO,2,108834,0,593,108241
2024-10-20,BB,Barbados,AMRO,1,108835,0,593,108242
2024-10-27,BB,Barbados,AMRO,0,108835,0,593,108242
2024-11-03,BB,Barbados,AMRO,0,108835,0,593,108242
2024-11-10,BB,Barbados,AMRO,1,108836,0,593,108243
2024-11-17,BB,Barbados,AMRO,0,108836,0,593,108243
2020-01-05,BY,Belarus,EURO,0,0,0,0,0
2020-01-12,BY,Belarus,EURO,0,0,0,0,0
2020-01-19,BY,Belarus,EURO,0,0,0,0,0
2020-01-26,BY,Belarus,EURO,0,0,0,0,0
2020-02-02,BY,Belarus,EURO,0,0,0,0,0
2020-02-09,BY,Belarus,EURO,0,0,0,0,0
2020-02-16,BY,Belarus,EURO,0,0,0,0,0
2020-02-23,BY,Belarus,EURO,0,0,0,0,0
2020-03-01,BY,Belarus,EURO,1,1,0,0,1
2020-03-08,BY,Belarus,EURO,5,6,0,0,6
2020-03-15,BY,Belarus,EURO,15,21,0,0,21
2020-03-22,BY,Belarus,EURO,55,76,0,0,76
2020-03-29,BY,Belarus,EURO,18,94,0,0,94
2020-04-05,BY,Belarus,EURO,346,440,4,4,436
2020-04-12,BY,Belarus,EURO,1786,2226,19,23,2203
2020-04-19,BY,Belarus,EURO,3063,5289,22,45,5244
2020-04-26,BY,Belarus,EURO,4301,9590,22,67,9523
2020-05-03,BY,Belarus,EURO,6238,15828,30,97,15731
2020-05-10,BY,Belarus,EURO,7145,22973,34,131,22842
2020-05-17,BY,Belarus,EURO,5708,28681,29,160,28521
2020-05-24,BY,Belarus,EURO,6563,35244,34,194,35050
2020-05-31,BY,Belarus,EURO,6414,41658,35,229,41429
2020-06-07,BY,Belarus,EURO,5210,46868,30,259,46609
2020-06-14,BY,Belarus,EURO,6373,53241,44,303,52938
2020-06-21,BY,Belarus,EURO,4695,57936,40,343,57593
2020-06-28,BY,Belarus,EURO,3159,61095,34,377,60718
2020-07-05,BY,Belarus,EURO,2175,63270,41,418,62852
2020-07-12,BY,Belarus,EURO,1494,64764,41,459,64305
2020-07-19,BY,Belarus,EURO,1189,65953,36,495,65458
2020-07-26,BY,Belarus,EURO,1049,67002,35,530,66472
2020-08-02,BY,Belarus,EURO,944,67946,33,563,67383
2020-08-09,BY,Belarus,EURO,792,68738,22,585,68153
2020-08-16,BY,Belarus,EURO,686,69424,22,607,68817
2020-08-23,BY,Belarus,EURO,861,70285,30,637,69648
2020-08-30,BY,Belarus,EURO,1238,71523,34,671,70852
2020-09-06,BY,Belarus,EURO,1140,72663,34,705,71958
2020-09-13,BY,Belarus,EURO,1312,73975,39,744,73231
2020-09-20,BY,Belarus,EURO,1486,75461,32,776,74685
2020-09-27,BY,Belarus,EURO,1828,77289,37,813,76476
2020-10-04,BY,Belarus,EURO,2563,79852,38,851,79001
2020-10-11,BY,Belarus,EURO,3171,83023,40,891,82132
2020-10-18,BY,Belarus,EURO,4040,87063,34,925,86138
2020-10-25,BY,Belarus,EURO,4104,91167,20,945,90222
2020-11-01,BY,Belarus,EURO,8292,99459,40,985,98474
2020-11-08,BY,Belarus,EURO,5824,105283,19,1004,104279
2020-11-15,BY,Belarus,EURO,7587,112870,35,1039,111831
2020-11-22,BY,Belarus,EURO,9565,122435,50,1089,121346
2020-11-29,BY,Belarus,EURO,10889,133324,54,1143,132181
2020-12-06,BY,Belarus,EURO,11955,145279,55,1198,144081
2020-12-13,BY,Belarus,EURO,13055,158334,56,1254,157080
2020-12-20,BY,Belarus,EURO,13245,171579,62,1316,170263
2020-12-27,BY,Belarus,EURO,13343,184922,60,1376,183546
2021-01-03,BY,Belarus,EURO,13203,198125,66,1442,196683
2021-01-10,BY,Belarus,EURO,12243,210368,65,1507,208861
2021-01-17,BY,Belarus,EURO,13169,223537,66,1573,221964
2021-01-24,BY,Belarus,EURO,12322,235859,66,1639,234220
2021-01-31,BY,Belarus,EURO,10711,246570,69,1708,244862
2021-02-07,BY,Belarus,EURO,10389,256959,65,1773,255186
2021-02-14,BY,Belarus,EURO,10070,267029,67,1840,265189
2021-02-21,BY,Belarus,EURO,9961,276990,63,1903,275087
2021-02-28,BY,Belarus,EURO,8969,285959,63,1966,283993
2021-03-07,BY,Belarus,EURO,8473,294432,63,2029,292403
2021-03-14,BY,Belarus,EURO,6896,301328,58,2087,299241
2021-03-21,BY,Belarus,EURO,7965,309293,61,2148,307145
2021-03-28,BY,Belarus,EURO,8338,317631,63,2211,315420
2021-04-04,BY,Belarus,EURO,8434,326065,65,2276,323789
2021-04-11,BY,Belarus,EURO,8798,334863,68,2344,332519
2021-04-18,BY,Belarus,EURO,8060,342923,69,2413,340510
2021-04-25,BY,Belarus,EURO,8751,351674,70,2483,349191
2021-05-02,BY,Belarus,EURO,8308,359982,69,2552,357430
2021-05-09,BY,Belarus,EURO,7692,367674,70,2622,365052
2021-05-16,BY,Belarus,EURO,7040,374714,69,2691,372023
2021-05-23,BY,Belarus,EURO,10059,384773,70,2761,382012
2021-05-30,BY,Belarus,EURO,6864,391637,60,2821,388816
2021-06-06,BY,Belarus,EURO,7272,398909,79,2900,396009
2021-06-13,BY,Belarus,EURO,5831,404740,69,2969,401771
2021-06-20,BY,Belarus,EURO,5356,410096,66,3035,407061
2021-06-27,BY,Belarus,EURO,4634,414730,68,3103,411627
2021-07-04,BY,Belarus,EURO,5676,420406,72,3175,417231
2021-07-11,BY,Belarus,EURO,6480,426886,72,3247,423639
2021-07-18,BY,Belarus,EURO,6523,433409,69,3316,430093
2021-07-25,BY,Belarus,EURO,6419,439828,69,3385,436443
2021-08-01,BY,Belarus,EURO,6212,446040,69,3454,442586
2021-08-08,BY,Belarus,EURO,6913,452953,69,3523,449430
2021-08-15,BY,Belarus,EURO,7045,459998,70,3593,456405
2021-08-22,BY,Belarus,EURO,8417,468415,77,3670,464745
2021-08-29,BY,Belarus,EURO,9486,477901,75,3745,474156
2021-09-05,BY,Belarus,EURO,11062,488963,81,3826,485137
2021-09-12,BY,Belarus,EURO,12203,501166,79,3905,497261
2021-09-19,BY,Belarus,EURO,13280,514446,86,3991,510455
2021-09-26,BY,Belarus,EURO,13783,528229,90,4081,524148
2021-10-03,BY,Belarus,EURO,13749,541978,92,4173,537805
2021-10-10,BY,Belarus,EURO,13815,555793,102,4275,551518
2021-10-17,BY,Belarus,EURO,14213,570006,111,4386,565620
2021-10-24,BY,Belarus,EURO,14184,584190,113,4499,579691
2021-10-31,BY,Belarus,EURO,13942,598132,115,4614,593518
2021-11-07,BY,Belarus,EURO,13883,612015,116,4730,607285
2021-11-14,BY,Belarus,EURO,13577,625592,104,4834,620758
2021-11-21,BY,Belarus,EURO,12810,638402,98,4932,633470
2021-11-28,BY,Belarus,EURO,11766,650168,109,5041,645127
2021-12-05,BY,Belarus,EURO,11888,662056,106,5147,656909
2021-12-12,BY,Belarus,EURO,11213,673269,114,5261,668008
2021-12-19,BY,Belarus,EURO,9903,683172,110,5371,677801
2021-12-26,BY,Belarus,EURO,9429,692601,113,5484,687117
2022-01-02,BY,Belarus,EURO,7820,700421,110,5594,694827
2022-01-09,BY,Belarus,EURO,7293,707714,105,5699,702015
2022-01-16,BY,Belarus,EURO,6581,714295,109,5808,708487
2022-01-23,BY,Belarus,EURO,10608,724903,108,5916,718987
2022-01-30,BY,Belarus,EURO,13698,738601,108,6024,732577
2022-02-06,BY,Belarus,EURO,30475,769076,108,6132,762944
2022-02-13,BY,Belarus,EURO,53969,823045,105,6237,816808
2022-02-20,BY,Belarus,EURO,52889,875934,111,6348,869586
2022-02-27,BY,Belarus,EURO,37399,913333,106,6454,906879
2022-03-06,BY,Belarus,EURO,16007,929340,96,6550,922790
2022-03-13,BY,Belarus,EURO,10174,939514,97,6647,932867
2022-03-20,BY,Belarus,EURO,10480,949994,69,6716,943278
2022-03-27,BY,Belarus,EURO,8498,958492,52,6768,951724
2022-04-03,BY,Belarus,EURO,6185,964677,68,6836,957841
2022-04-10,BY,Belarus,EURO,4939,969616,36,6872,962744
2022-04-17,BY,Belarus,EURO,4430,974046,27,6899,967147
2022-04-24,BY,Belarus,EURO,3388,977434,23,6922,970512
2022-05-01,BY,Belarus,EURO,2911,980345,25,6947,973398
2022-05-08,BY,Belarus,EURO,1986,982331,22,6969,975362
2022-05-15,BY,Belarus,EURO,536,982867,9,6978,975889
2022-05-22,BY,Belarus,EURO,0,982867,0,6978,975889
2022-05-29,BY,Belarus,EURO,0,982867,0,6978,975889
2022-06-05,BY,Belarus,EURO,0,982867,0,6978,975889
2022-06-12,BY,Belarus,EURO,0,982867,0,6978,975889
2022-06-19,BY,Belarus,EURO,0,982867,0,6978,975889
2022-06-26,BY,Belarus,EURO,0,982867,0,6978,975889
2022-07-03,BY,Belarus,EURO,11170,994037,140,7118,986919
2022-07-10,BY,Belarus,EURO,0,994037,0,7118,986919
2022-07-17,BY,Belarus,EURO,0,994037,0,7118,986919
2022-07-24,BY,Belarus,EURO,0,994037,0,7118,986919
2022-07-31,BY,Belarus,EURO,0,994037,0,7118,986919
2022-08-07,BY,Belarus,EURO,0,994037,0,7118,986919
2022-08-14,BY,Belarus,EURO,0,994037,0,7118,986919
2022-08-21,BY,Belarus,EURO,0,994037,0,7118,986919
2022-08-28,BY,Belarus,EURO,0,994037,0,7118,986919
2022-09-04,BY,Belarus,EURO,0,994037,0,7118,986919
2022-09-11,BY,Belarus,EURO,0,994037,0,7118,986919
2022-09-18,BY,Belarus,EURO,0,994037,0,7118,986919
2022-09-25,BY,Belarus,EURO,0,994037,0,7118,986919
2022-10-02,BY,Belarus,EURO,0,994037,0,7118,986919
2022-10-09,BY,Belarus,EURO,0,994037,0,7118,986919
2022-10-16,BY,Belarus,EURO,0,994037,0,7118,986919
2022-10-23,BY,Belarus,EURO,0,994037,0,7118,986919
2022-10-30,BY,Belarus,EURO,0,994037,0,7118,986919
2022-11-06,BY,Belarus,EURO,0,994037,0,7118,986919
2022-11-13,BY,Belarus,EURO,0,994037,0,7118,986919
2022-11-20,BY,Belarus,EURO,0,994037,0,7118,986919
2022-11-27,BY,Belarus,EURO,0,994037,0,7118,986919
2022-12-04,BY,Belarus,EURO,0,994037,0,7118,986919
2022-12-11,BY,Belarus,EURO,0,994037,0,7118,986919
2022-12-18,BY,Belarus,EURO,0,994037,0,7118,986919
2022-12-25,BY,Belarus,EURO,0,994037,0,7118,986919
2023-01-01,BY,Belarus,EURO,0,994037,0,7118,986919
2023-01-08,BY,Belarus,EURO,0,994037,0,7118,986919
2023-01-15,BY,Belarus,EURO,0,994037,0,7118,986919
2023-01-22,BY,Belarus,EURO,0,994037,0,7118,986919
2023-01-29,BY,Belarus,EURO,0,994037,0,7118,986919
2023-02-05,BY,Belarus,EURO,0,994037,0,7118,986919
2023-02-12,BY,Belarus,EURO,0,994037,0,7118,986919
2023-02-19,BY,Belarus,EURO,0,994037,0,7118,986919
2023-02-26,BY,Belarus,EURO,0,994037,0,7118,986919
2023-03-05,BY,Belarus,EURO,0,994037,0,7118,986919
2023-03-12,BY,Belarus,EURO,0,994037,0,7118,986919
2023-03-19,BY,Belarus,EURO,0,994037,0,7118,986919
2023-03-26,BY,Belarus,EURO,0,994037,0,7118,986919
2023-04-02,BY,Belarus,EURO,0,994037,0,7118,986919
2023-04-09,BY,Belarus,EURO,0,994037,0,7118,986919
2023-04-16,BY,Belarus,EURO,0,994037,0,7118,986919
2023-04-23,BY,Belarus,EURO,0,994037,0,7118,986919
2023-04-30,BY,Belarus,EURO,0,994037,0,7118,986919
2023-05-07,BY,Belarus,EURO,0,994037,0,7118,986919
2023-05-14,BY,Belarus,EURO,0,994037,0,7118,986919
2023-05-21,BY,Belarus,EURO,0,994037,0,7118,986919
2023-05-28,BY,Belarus,EURO,0,994037,0,7118,986919
2023-06-04,BY,Belarus,EURO,0,994037,0,7118,986919
2023-06-11,BY,Belarus,EURO,0,994037,0,7118,986919
2023-06-18,BY,Belarus,EURO,0,994037,0,7118,986919
2023-06-25,BY,Belarus,EURO,0,994037,0,7118,986919
2023-07-02,BY,Belarus,EURO,0,994037,0,7118,986919
2023-07-09,BY,Belarus,EURO,0,994037,0,7118,986919
2023-07-16,BY,Belarus,EURO,0,994037,0,7118,986919
2023-07-23,BY,Belarus,EURO,0,994037,0,7118,986919
2023-07-30,BY,Belarus,EURO,0,994037,0,7118,986919
2023-08-06,BY,Belarus,EURO,0,994037,0,7118,986919
2023-08-13,BY,Belarus,EURO,0,994037,0,7118,986919
2023-08-20,BY,Belarus,EURO,0,994037,0,7118,986919
2023-08-27,BY,Belarus,EURO,0,994037,0,7118,986919
2023-09-03,BY,Belarus,EURO,0,994037,0,7118,986919
2023-09-10,BY,Belarus,EURO,0,994037,0,7118,986919
2023-09-17,BY,Belarus,EURO,0,994037,0,7118,986919
2023-09-24,BY,Belarus,EURO,0,994037,0,7118,986919
2023-10-01,BY,Belarus,EURO,0,994037,0,7118,986919
2023-10-08,BY,Belarus,EURO,0,994037,0,7118,986919
2023-10-15,BY,Belarus,EURO,0,994037,0,7118,986919
2023-10-22,BY,Belarus,EURO,0,994037,0,7118,986919
2023-10-29,BY,Belarus,EURO,0,994037,0,7118,986919
2023-11-05,BY,Belarus,EURO,0,994037,0,7118,986919
2023-11-12,BY,Belarus,EURO,0,994037,0,7118,986919
2023-11-19,BY,Belarus,EURO,0,994037,0,7118,986919
2023-11-26,BY,Belarus,EURO,0,994037,0,7118,986919
2023-12-03,BY,Belarus,EURO,0,994037,0,7118,986919
2023-12-10,BY,Belarus,EURO,0,994037,0,7118,986919
2023-12-17,BY,Belarus,EURO,0,994037,0,7118,986919
2023-12-24,BY,Belarus,EURO,0,994037,0,7118,986919
2023-12-31,BY,Belarus,EURO,0,994037,0,7118,986919
2024-01-07,BY,Belarus,EURO,0,994037,0,7118,986919
2024-01-14,BY,Belarus,EURO,0,994037,0,7118,986919
2024-01-21,BY,Belarus,EURO,0,994037,0,7118,986919
2024-01-28,BY,Belarus,EURO,0,994037,0,7118,986919
2024-02-04,BY,Belarus,EURO,0,994037,0,7118,986919
2024-02-11,BY,Belarus,EURO,0,994037,0,7118,986919
2024-02-18,BY,Belarus,EURO,0,994037,0,7118,986919
2024-02-25,BY,Belarus,EURO,0,994037,0,7118,986919
2024-03-03,BY,Belarus,EURO,0,994037,0,7118,986919
2024-03-10,BY,Belarus,EURO,0,994037,0,7118,986919
2024-03-17,BY,Belarus,EURO,0,994037,0,7118,986919
2024-03-24,BY,Belarus,EURO,0,994037,0,7118,986919
2024-03-31,BY,Belarus,EURO,0,994037,0,7118,986919
2024-04-07,BY,Belarus,EURO,0,994037,0,7118,986919
2024-04-14,BY,Belarus,EURO,0,994037,0,7118,986919
2024-04-21,BY,Belarus,EURO,0,994037,0,7118,986919
2024-04-28,BY,Belarus,EURO,0,994037,0,7118,986919
2024-05-05,BY,Belarus,EURO,0,994037,0,7118,986919
2024-05-12,BY,Belarus,EURO,0,994037,0,7118,986919
2024-05-19,BY,Belarus,EURO,0,994037,0,7118,986919
2024-05-26,BY,Belarus,EURO,0,994037,0,7118,986919
2024-06-02,BY,Belarus,EURO,0,994037,0,7118,986919
2024-06-09,BY,Belarus,EURO,0,994037,0,7118,986919
2024-06-16,BY,Belarus,EURO,0,994037,0,7118,986919
2024-06-23,BY,Belarus,EURO,0,994037,0,7118,986919
2024-06-30,BY,Belarus,EURO,0,994037,0,7118,986919
2024-07-07,BY,Belarus,EURO,0,994037,0,7118,986919
2024-07-14,BY,Belarus,EURO,0,994037,0,7118,986919
2024-07-21,BY,Belarus,EURO,0,994037,0,7118,986919
2024-07-28,BY,Belarus,EURO,0,994037,0,7118,986919
2024-08-04,BY,Belarus,EURO,0,994037,0,7118,986919
2024-08-11,BY,Belarus,EURO,0,994037,0,7118,986919
2024-08-18,BY,Belarus,EURO,0,994037,0,7118,986919
2024-08-25,BY,Belarus,EURO,0,994037,0,7118,986919
2024-09-01,BY,Belarus,EURO,0,994037,0,7118,986919
2024-09-08,BY,Belarus,EURO,0,994037,0,7118,986919
2024-09-15,BY,Belarus,EURO,0,994037,0,7118,986919
2024-09-22,BY,Belarus,EURO,1,994038,0,7118,986920
2024-09-29,BY,Belarus,EURO,0,994038,0,7118,986920
2024-10-06,BY,Belarus,EURO,0,994038,0,7118,986920
2024-10-13,BY,Belarus,EURO,0,994038,0,7118,986920
2024-10-20,BY,Belarus,EURO,0,994038,0,7118,986920
2024-10-27,BY,Belarus,EURO,0,994038,0,7118,986920
2024-11-03,BY,Belarus,EURO,0,994038,0,7118,986920
2024-11-10,BY,Belarus,EURO,0,994038,0,7118,986920
2024-11-17,BY,Belarus,EURO,0,994038,0,7118,986920
2020-01-05,BE,Belgium,EURO,0,0,0,0,0
2020-01-12,BE,Belgium,EURO,0,0,0,0,0
2020-01-19,BE,Belgium,EURO,0,0,0,0,0
2020-01-26,BE,Belgium,EURO,0,0,0,0,0
2020-02-02,BE,Belgium,EURO,0,0,0,0,0
2020-02-09,BE,Belgium,EURO,1,1,0,0,1
2020-02-16,BE,Belgium,EURO,0,1,0,0,1
2020-02-23,BE,Belgium,EURO,0,1,0,0,1
2020-03-01,BE,Belgium,EURO,0,1,0,0,1
2020-03-08,BE,Belgium,EURO,315,316,0,0,316
2020-03-15,BE,Belgium,EURO,1046,1362,9,9,1353
2020-03-22,BE,Belgium,EURO,3111,4473,140,149,4324
2020-03-29,BE,Belgium,EURO,7558,12031,602,751,11280
2020-04-05,BE,Belgium,EURO,9634,21665,1357,2108,19557
2020-04-12,BE,Belgium,EURO,11209,32874,1938,4046,28828
2020-04-19,BE,Belgium,EURO,8351,41225,1820,5866,35359
2020-04-26,BE,Belgium,EURO,6275,47500,1285,7151,40349
2020-05-03,BE,Belgium,EURO,3262,50762,830,7981,42781
2020-05-10,BE,Belgium,EURO,3119,53881,571,8552,45329
2020-05-17,BE,Belgium,EURO,2201,56082,414,8966,47116
2020-05-24,BE,Belgium,EURO,1540,57622,246,9212,48410
2020-05-31,BE,Belgium,EURO,1232,58854,181,9393,49461
2020-06-07,BE,Belgium,EURO,835,59689,141,9534,50155
2020-06-14,BE,Belgium,EURO,722,60411,79,9613,50798
2020-06-21,BE,Belgium,EURO,669,61080,44,9657,51423
2020-06-28,BE,Belgium,EURO,612,61692,40,9697,51995
2020-07-05,BE,Belgium,EURO,614,62306,33,9730,52576
2020-07-12,BE,Belgium,EURO,687,62993,13,9743,53250
2020-07-19,BE,Belgium,EURO,1296,64289,22,9765,54524
2020-07-26,BE,Belgium,EURO,2270,66559,17,9782,56777
2020-08-02,BE,Belgium,EURO,3715,70274,20,9802,60472
2020-08-09,BE,Belgium,EURO,4371,74645,34,9836,64809
2020-08-16,BE,Belgium,EURO,3882,78527,67,9903,68624
2020-08-23,BE,Belgium,EURO,3430,81957,53,9956,72001
2020-08-30,BE,Belgium,EURO,3127,85084,31,9987,75097
2020-09-06,BE,Belgium,EURO,3490,88574,22,10009,78565
2020-09-13,BE,Belgium,EURO,5717,94291,21,10030,84261
2020-09-20,BE,Belgium,EURO,9672,103963,20,10050,93913
2020-09-27,BE,Belgium,EURO,11145,115108,33,10083,105025
2020-10-04,BE,Belgium,EURO,17885,132993,76,10159,122834
2020-10-11,BE,Belgium,EURO,35324,168317,125,10284,158033
2020-10-18,BE,Belgium,EURO,67672,235989,237,10521,225468
2020-10-25,BE,Belgium,EURO,101847,337836,366,10887,326949
2020-11-01,BE,Belgium,EURO,106752,444588,915,11802,432786
2020-11-08,BE,Belgium,EURO,58229,502817,1354,13156,489661
2020-11-15,BE,Belgium,EURO,34794,537611,1381,14537,523074
2020-11-22,BE,Belgium,EURO,23781,561392,1224,15761,545631
2020-11-29,BE,Belgium,EURO,16348,577740,924,16685,561055
2020-12-06,BE,Belgium,EURO,14990,592730,773,17458,575272
2020-12-13,BE,Belgium,EURO,15997,608727,663,18121,590606
2020-12-20,BE,Belgium,EURO,17504,626231,655,18776,607455
2020-12-27,BE,Belgium,EURO,12529,638760,598,19374,619386
2021-01-03,BE,Belgium,EURO,10587,649347,478,19852,629495
2021-01-10,BE,Belgium,EURO,13335,662682,387,20239,642443
2021-01-17,BE,Belgium,EURO,13362,676044,364,20603,655441
2021-01-24,BE,Belgium,EURO,14307,690351,360,20963,669388
2021-01-31,BE,Belgium,EURO,16127,706478,345,21308,685170
2021-02-07,BE,Belgium,EURO,15414,721892,287,21595,700297
2021-02-14,BE,Belgium,EURO,12643,734535,279,21874,712661
2021-02-21,BE,Belgium,EURO,14680,749215,252,22126,727089
2021-02-28,BE,Belgium,EURO,16796,766011,165,22291,743720
2021-03-07,BE,Belgium,EURO,16333,782344,192,22483,759861
2021-03-14,BE,Belgium,EURO,20001,802345,174,22657,779688
2021-03-21,BE,Belgium,EURO,28468,830813,180,22837,807976
2021-03-28,BE,Belgium,EURO,33670,864483,187,23024,841459
2021-04-04,BE,Belgium,EURO,30410,894893,232,23256,871637
2021-04-11,BE,Belgium,EURO,24742,919635,301,23557,896078
2021-04-18,BE,Belgium,EURO,24408,944043,275,23832,920211
2021-04-25,BE,Belgium,EURO,25035,969078,272,24104,944974
2021-05-02,BE,Belgium,EURO,21346,990424,273,24377,966047
2021-05-09,BE,Belgium,EURO,20880,1011304,247,24624,986680
2021-05-16,BE,Belgium,EURO,15229,1026533,179,24803,1001730
2021-05-23,BE,Belgium,EURO,16785,1043318,140,24943,1018375
2021-05-30,BE,Belgium,EURO,12669,1055987,95,25038,1030949
2021-06-06,BE,Belgium,EURO,9742,1065729,99,25137,1040592
2021-06-13,BE,Belgium,EURO,5708,1071437,60,25197,1046240
2021-06-20,BE,Belgium,EURO,3192,1074629,44,25241,1049388
2021-06-27,BE,Belgium,EURO,2393,1077022,32,25273,1051749
2021-07-04,BE,Belgium,EURO,3624,1080646,22,25295,1055351
2021-07-11,BE,Belgium,EURO,6617,1087263,13,25308,1061955
2021-07-18,BE,Belgium,EURO,9384,1096647,12,25320,1071327
2021-07-25,BE,Belgium,EURO,10389,1107036,11,25331,1081705
2021-08-01,BE,Belgium,EURO,10985,1118021,24,25355,1092666
2021-08-08,BE,Belgium,EURO,12286,1130307,24,25379,1104928
2021-08-15,BE,Belgium,EURO,13436,1143743,23,25402,1118341
2021-08-22,BE,Belgium,EURO,13713,1157456,36,25438,1132018
2021-08-29,BE,Belgium,EURO,14154,1171610,40,25478,1146132
2021-09-05,BE,Belgium,EURO,13996,1185606,37,25515,1160091
2021-09-12,BE,Belgium,EURO,13755,1199361,56,25571,1173790
2021-09-19,BE,Belgium,EURO,14553,1213914,42,25613,1188301
2021-09-26,BE,Belgium,EURO,13625,1227539,56,25669,1201870
2021-10-03,BE,Belgium,EURO,13444,1240983,58,25727,1215256
2021-10-10,BE,Belgium,EURO,14524,1255507,66,25793,1229714
2021-10-17,BE,Belgium,EURO,21273,1276780,82,25875,1250905
2021-10-24,BE,Belgium,EURO,37375,1314155,98,25973,1288182
2021-10-31,BE,Belgium,EURO,53380,1367535,154,26127,1341408
2021-11-07,BE,Belgium,EURO,55358,1422893,146,26273,1396620
2021-11-14,BE,Belgium,EURO,70372,1493265,197,26470,1466795
2021-11-21,BE,Belgium,EURO,109038,1602303,240,26710,1575593
2021-11-28,BE,Belgium,EURO,125241,1727544,281,26991,1700553
2021-12-05,BE,Belgium,EURO,120571,1848115,346,27337,1820778
2021-12-12,BE,Belgium,EURO,93713,1941828,328,27665,1914163
2021-12-19,BE,Belgium,EURO,60686,2002514,273,27938,1974576
2021-12-26,BE,Belgium,EURO,45596,2048110,254,28192,2019918
2022-01-02,BE,Belgium,EURO,76996,2125106,170,28362,2096744
2022-01-09,BE,Belgium,EURO,142541,2267647,131,28493,2239154
2022-01-16,BE,Belgium,EURO,189412,2457059,150,28643,2428416
2022-01-23,BE,Belgium,EURO,334758,2791817,171,28814,2763003
2022-01-30,BE,Belgium,EURO,336348,3128165,210,29024,3099141
2022-02-06,BE,Belgium,EURO,202844,3331009,287,29311,3301698
2022-02-13,BE,Belgium,EURO,110136,3441145,325,29636,3411509
2022-02-20,BE,Belgium,EURO,67474,3508619,292,29928,3478691
2022-02-27,BE,Belgium,EURO,46661,3555280,174,30102,3525178
2022-03-06,BE,Belgium,EURO,42733,3598013,139,30241,3567772
2022-03-13,BE,Belgium,EURO,56086,3654099,142,30383,3623716
2022-03-20,BE,Belgium,EURO,71510,3725609,130,30513,3695096
2022-03-27,BE,Belgium,EURO,79185,3804794,152,30665,3774129
2022-04-03,BE,Belgium,EURO,73163,3877957,169,30834,3847123
2022-04-10,BE,Belgium,EURO,64176,3942133,176,31010,3911123
2022-04-17,BE,Belgium,EURO,53684,3995817,164,31174,3964643
2022-04-24,BE,Belgium,EURO,42050,4037867,138,31312,4006555
2022-05-01,BE,Belgium,EURO,33693,4071560,111,31423,4040137
2022-05-08,BE,Belgium,EURO,31079,4102639,107,31530,4071109
2022-05-15,BE,Belgium,EURO,26107,4128746,64,31594,4097152
2022-05-22,BE,Belgium,EURO,16893,4145639,58,31652,4113987
2022-05-29,BE,Belgium,EURO,9459,4155098,48,31700,4123398
2022-06-05,BE,Belgium,EURO,11121,4166219,43,31743,4134476
2022-06-12,BE,Belgium,EURO,13293,4179512,44,31787,4147725
2022-06-19,BE,Belgium,EURO,19471,4198983,38,31825,4167158
2022-06-26,BE,Belgium,EURO,27121,4226104,33,31858,4194246
2022-07-03,BE,Belgium,EURO,39113,4265217,57,31915,4233302
2022-07-10,BE,Belgium,EURO,54259,4319476,54,31969,4287507
2022-07-17,BE,Belgium,EURO,50068,4369544,79,32048,4337496
2022-07-24,BE,Belgium,EURO,30244,4399788,77,32125,4367663
2022-07-31,BE,Belgium,EURO,28023,4427811,99,32224,4395587
2022-08-07,BE,Belgium,EURO,20468,4448279,71,32295,4415984
2022-08-14,BE,Belgium,EURO,15148,4463427,69,32364,4431063
2022-08-21,BE,Belgium,EURO,12031,4475458,65,32429,4443029
2022-08-28,BE,Belgium,EURO,10917,4486375,50,32479,4453896
2022-09-04,BE,Belgium,EURO,10473,4496848,40,32519,4464329
2022-09-11,BE,Belgium,EURO,11341,4508189,35,32554,4475635
2022-09-18,BE,Belgium,EURO,13019,4521208,46,32600,4488608
2022-09-25,BE,Belgium,EURO,15764,4536972,20,32620,4504352
2022-10-02,BE,Belgium,EURO,20014,4556986,27,32647,4524339
2022-10-09,BE,Belgium,EURO,22321,4579307,50,32697,4546610
2022-10-16,BE,Belgium,EURO,19437,4598744,69,32766,4565978
2022-10-23,BE,Belgium,EURO,13434,4612178,65,32831,4579347
2022-10-30,BE,Belgium,EURO,8326,4620504,50,32881,4587623
2022-11-06,BE,Belgium,EURO,4596,4625100,40,32921,4592179
2022-11-13,BE,Belgium,EURO,4600,4629700,33,32954,4596746
2022-11-20,BE,Belgium,EURO,5268,4634968,38,32992,4601976
2022-11-27,BE,Belgium,EURO,6650,4641618,27,33019,4608599
2022-12-04,BE,Belgium,EURO,8170,4649788,21,33040,4616748
2022-12-11,BE,Belgium,EURO,9710,4659498,45,33085,4626413
2022-12-18,BE,Belgium,EURO,10121,4669619,70,33155,4636464
2022-12-25,BE,Belgium,EURO,9853,4679472,85,33240,4646232
2023-01-01,BE,Belgium,EURO,6375,4685847,96,33336,4652511
2023-01-08,BE,Belgium,EURO,4684,4690531,72,33408,4657123
2023-01-15,BE,Belgium,EURO,3088,4693619,62,33470,4660149
2023-01-22,BE,Belgium,EURO,2442,4696061,36,33506,4662555
2023-01-29,BE,Belgium,EURO,3167,4699228,31,33537,4665691
2023-02-05,BE,Belgium,EURO,4830,4704058,21,33558,4670500
2023-02-12,BE,Belgium,EURO,6208,4710266,48,33606,4676660
2023-02-19,BE,Belgium,EURO,8813,4719079,48,33654,4685425
2023-02-26,BE,Belgium,EURO,9732,4728811,59,33713,4695098
2023-03-05,BE,Belgium,EURO,10777,4739588,57,33770,4705818
2023-03-12,BE,Belgium,EURO,12484,4752072,57,33827,4718245
2023-03-19,BE,Belgium,EURO,11577,4763649,77,33904,4729745
2023-03-26,BE,Belgium,EURO,9908,4773557,84,33988,4739569
2023-04-02,BE,Belgium,EURO,7120,4780677,69,34057,4746620
2023-04-09,BE,Belgium,EURO,5044,4785721,52,34109,4751612
2023-04-16,BE,Belgium,EURO,3691,4789412,35,34144,4755268
2023-04-23,BE,Belgium,EURO,3194,4792606,30,34174,4758432
2023-04-30,BE,Belgium,EURO,2492,4795098,43,34217,4760881
2023-05-07,BE,Belgium,EURO,1717,4796815,31,34248,4762567
2023-05-14,BE,Belgium,EURO,1361,4798176,19,34267,4763909
2023-05-21,BE,Belgium,EURO,956,4799132,23,34290,4764842
2023-05-28,BE,Belgium,EURO,873,4800005,17,34307,4765698
2023-06-04,BE,Belgium,EURO,547,4800552,10,34317,4766235
2023-06-11,BE,Belgium,EURO,532,4801084,7,34324,4766760
2023-06-18,BE,Belgium,EURO,332,4801416,8,34332,4767084
2023-06-25,BE,Belgium,EURO,236,4801652,6,34338,4767314
2023-07-02,BE,Belgium,EURO,180,4801832,1,34339,4767493
2023-07-09,BE,Belgium,EURO,160,4801992,0,34339,4767653
2023-07-16,BE,Belgium,EURO,225,4802217,0,34339,4767878
2023-07-23,BE,Belgium,EURO,193,4802410,0,34339,4768071
2023-07-30,BE,Belgium,EURO,330,4802740,0,34339,4768401
2023-08-06,BE,Belgium,EURO,513,4803253,0,34339,4768914
2023-08-13,BE,Belgium,EURO,820,4804073,0,34339,4769734
2023-08-20,BE,Belgium,EURO,1232,4805305,0,34339,4770966
2023-08-27,BE,Belgium,EURO,1622,4806927,0,34339,4772588
2023-09-03,BE,Belgium,EURO,2006,4808933,0,34339,4774594
2023-09-10,BE,Belgium,EURO,2729,4811662,0,34339,4777323
2023-09-17,BE,Belgium,EURO,2546,4814208,0,34339,4779869
2023-09-24,BE,Belgium,EURO,2348,4816556,0,34339,4782217
2023-10-01,BE,Belgium,EURO,2373,4818929,0,34339,4784590
2023-10-08,BE,Belgium,EURO,2220,4821149,0,34339,4786810
2023-10-15,BE,Belgium,EURO,2045,4823194,0,34339,4788855
2023-10-22,BE,Belgium,EURO,1780,4824974,0,34339,4790635
2023-10-29,BE,Belgium,EURO,1756,4826730,0,34339,4792391
2023-11-05,BE,Belgium,EURO,1350,4828080,0,34339,4793741
2023-11-12,BE,Belgium,EURO,1389,4829469,0,34339,4795130
2023-11-19,BE,Belgium,EURO,1463,4830932,0,34339,4796593
2023-11-26,BE,Belgium,EURO,1671,4832603,0,34339,4798264
2023-12-03,BE,Belgium,EURO,2219,4834822,0,34339,4800483
2023-12-10,BE,Belgium,EURO,3270,4838092,0,34339,4803753
2023-12-17,BE,Belgium,EURO,3991,4842083,0,34339,4807744
2023-12-24,BE,Belgium,EURO,3739,4845822,0,34339,4811483
2023-12-31,BE,Belgium,EURO,2923,4848745,0,34339,4814406
2024-01-07,BE,Belgium,EURO,2285,4851030,0,34339,4816691
2024-01-14,BE,Belgium,EURO,1702,4852732,0,34339,4818393
2024-01-21,BE,Belgium,EURO,1747,4854479,0,34339,4820140
2024-01-28,BE,Belgium,EURO,1667,4856146,0,34339,4821807
2024-02-04,BE,Belgium,EURO,1306,4857452,0,34339,4823113
2024-02-11,BE,Belgium,EURO,1052,4858504,0,34339,4824165
2024-02-18,BE,Belgium,EURO,722,4859226,0,34339,4824887
2024-02-25,BE,Belgium,EURO,539,4859765,0,34339,4825426
2024-03-03,BE,Belgium,EURO,369,4860134,0,34339,4825795
2024-03-10,BE,Belgium,EURO,292,4860426,0,34339,4826087
2024-03-17,BE,Belgium,EURO,278,4860704,0,34339,4826365
2024-03-24,BE,Belgium,EURO,209,4860913,0,34339,4826574
2024-03-31,BE,Belgium,EURO,192,4861105,0,34339,4826766
2024-04-07,BE,Belgium,EURO,158,4861263,0,34339,4826924
2024-04-14,BE,Belgium,EURO,106,4861369,0,34339,4827030
2024-04-21,BE,Belgium,EURO,131,4861500,0,34339,4827161
2024-04-28,BE,Belgium,EURO,159,4861659,0,34339,4827320
2024-05-05,BE,Belgium,EURO,162,4861821,0,34339,4827482
2024-05-12,BE,Belgium,EURO,147,4861968,0,34339,4827629
2024-05-19,BE,Belgium,EURO,214,4862182,0,34339,4827843
2024-05-26,BE,Belgium,EURO,214,4862396,0,34339,4828057
2024-06-02,BE,Belgium,EURO,254,4862650,0,34339,4828311
2024-06-09,BE,Belgium,EURO,418,4863068,0,34339,4828729
2024-06-16,BE,Belgium,EURO,656,4863724,0,34339,4829385
2024-06-23,BE,Belgium,EURO,986,4864710,0,34339,4830371
2024-06-30,BE,Belgium,EURO,1115,4865825,0,34339,4831486
2024-07-07,BE,Belgium,EURO,1093,4866918,0,34339,4832579
2024-07-14,BE,Belgium,EURO,1548,4868466,0,34339,4834127
2024-07-21,BE,Belgium,EURO,1697,4870163,0,34339,4835824
2024-07-28,BE,Belgium,EURO,1395,4871558,0,34339,4837219
2024-08-04,BE,Belgium,EURO,1285,4872843,0,34339,4838504
2024-08-11,BE,Belgium,EURO,1115,4873958,0,34339,4839619
2024-08-18,BE,Belgium,EURO,928,4874886,0,34339,4840547
2024-08-25,BE,Belgium,EURO,939,4875825,0,34339,4841486
2024-09-01,BE,Belgium,EURO,1155,4876980,0,34339,4842641
2024-09-08,BE,Belgium,EURO,1326,4878306,0,34339,4843967
2024-09-15,BE,Belgium,EURO,1393,4879699,0,34339,4845360
2024-09-22,BE,Belgium,EURO,2136,4881835,0,34339,4847496
2024-09-29,BE,Belgium,EURO,1842,4883677,0,34339,4849338
2024-10-06,BE,Belgium,EURO,1705,4885382,0,34339,4851043
2024-10-13,BE,Belgium,EURO,1642,4887024,0,34339,4852685
2024-10-20,BE,Belgium,EURO,1311,4888335,0,34339,4853996
2024-10-27,BE,Belgium,EURO,908,4889243,0,34339,4854904
2024-11-03,BE,Belgium,EURO,652,4889895,0,34339,4855556
2024-11-10,BE,Belgium,EURO,575,4890470,0,34339,4856131
2024-11-17,BE,Belgium,EURO,479,4890949,0,34339,4856610
2020-01-05,BZ,Belize,AMRO,0,0,0,0,0
2020-01-12,BZ,Belize,AMRO,0,0,0,0,0
2020-01-19,BZ,Belize,AMRO,0,0,0,0,0
2020-01-26,BZ,Belize,AMRO,0,0,0,0,0
2020-02-02,BZ,Belize,AMRO,0,0,0,0,0
2020-02-09,BZ,Belize,AMRO,0,0,0,0,0
2020-02-16,BZ,Belize,AMRO,0,0,0,0,0
2020-02-23,BZ,Belize,AMRO,0,0,0,0,0
2020-03-01,BZ,Belize,AMRO,0,0,0,0,0
2020-03-08,BZ,Belize,AMRO,0,0,0,0,0
2020-03-15,BZ,Belize,AMRO,0,0,0,0,0
2020-03-22,BZ,Belize,AMRO,0,0,0,0,0
2020-03-29,BZ,Belize,AMRO,2,2,0,0,2
2020-04-05,BZ,Belize,AMRO,2,4,0,0,4
2020-04-12,BZ,Belize,AMRO,6,10,2,2,8
2020-04-19,BZ,Belize,AMRO,8,18,0,2,16
2020-04-26,BZ,Belize,AMRO,0,18,0,2,16
2020-05-03,BZ,Belize,AMRO,0,18,0,2,16
2020-05-10,BZ,Belize,AMRO,0,18,0,2,16
2020-05-17,BZ,Belize,AMRO,0,18,0,2,16
2020-05-24,BZ,Belize,AMRO,0,18,0,2,16
2020-05-31,BZ,Belize,AMRO,0,18,0,2,16
2020-06-07,BZ,Belize,AMRO,1,19,0,2,17
2020-06-14,BZ,Belize,AMRO,1,20,0,2,18
2020-06-21,BZ,Belize,AMRO,2,22,0,2,20
2020-06-28,BZ,Belize,AMRO,2,24,0,2,22
2020-07-05,BZ,Belize,AMRO,6,30,0,2,28
2020-07-12,BZ,Belize,AMRO,7,37,0,2,35
2020-07-19,BZ,Belize,AMRO,3,40,0,2,38
2020-07-26,BZ,Belize,AMRO,8,48,0,2,46
2020-08-02,BZ,Belize,AMRO,0,48,0,2,46
2020-08-09,BZ,Belize,AMRO,98,146,0,2,144
2020-08-16,BZ,Belize,AMRO,242,388,1,3,385
2020-08-23,BZ,Belize,AMRO,260,648,2,5,643
2020-08-30,BZ,Belize,AMRO,222,870,7,12,858
2020-09-06,BZ,Belize,AMRO,282,1152,3,15,1137
2020-09-13,BZ,Belize,AMRO,283,1435,4,19,1416
2020-09-20,BZ,Belize,AMRO,155,1590,1,20,1570
2020-09-27,BZ,Belize,AMRO,218,1808,3,23,1785
2020-10-04,BZ,Belize,AMRO,272,2080,5,28,2052
2020-10-11,BZ,Belize,AMRO,347,2427,7,35,2392
2020-10-18,BZ,Belize,AMRO,301,2728,8,43,2685
2020-10-25,BZ,Belize,AMRO,322,3050,4,47,3003
2020-11-01,BZ,Belize,AMRO,412,3462,11,58,3404
2020-11-08,BZ,Belize,AMRO,554,4016,9,67,3949
2020-11-15,BZ,Belize,AMRO,699,4715,18,85,4630
2020-11-22,BZ,Belize,AMRO,341,5056,22,107,4949
2020-11-29,BZ,Belize,AMRO,531,5587,34,141,5446
2020-12-06,BZ,Belize,AMRO,1796,7383,29,170,7213
2020-12-13,BZ,Belize,AMRO,1582,8965,15,185,8780
2020-12-20,BZ,Belize,AMRO,964,9929,30,215,9714
2020-12-27,BZ,Belize,AMRO,561,10490,13,228,10262
2021-01-03,BZ,Belize,AMRO,317,10807,21,249,10558
2021-01-10,BZ,Belize,AMRO,395,11202,22,271,10931
2021-01-17,BZ,Belize,AMRO,327,11529,10,281,11248
2021-01-24,BZ,Belize,AMRO,171,11700,9,290,11410
2021-01-31,BZ,Belize,AMRO,177,11877,11,301,11576
2021-02-07,BZ,Belize,AMRO,136,12013,5,306,11707
2021-02-14,BZ,Belize,AMRO,121,12134,7,313,11821
2021-02-21,BZ,Belize,AMRO,93,12227,1,314,11913
2021-02-28,BZ,Belize,AMRO,66,12293,0,314,11979
2021-03-07,BZ,Belize,AMRO,42,12335,1,315,12020
2021-03-14,BZ,Belize,AMRO,35,12370,1,316,12054
2021-03-21,BZ,Belize,AMRO,30,12400,0,316,12084
2021-03-28,BZ,Belize,AMRO,15,12415,1,317,12098
2021-04-04,BZ,Belize,AMRO,41,12456,0,317,12139
2021-04-11,BZ,Belize,AMRO,31,12487,1,318,12169
2021-04-18,BZ,Belize,AMRO,51,12538,0,318,12220
2021-04-25,BZ,Belize,AMRO,61,12599,3,321,12278
2021-05-02,BZ,Belize,AMRO,69,12668,2,323,12345
2021-05-09,BZ,Belize,AMRO,18,12686,0,323,12363
2021-05-16,BZ,Belize,AMRO,28,12714,0,323,12391
2021-05-23,BZ,Belize,AMRO,50,12764,0,323,12441
2021-05-30,BZ,Belize,AMRO,27,12791,1,324,12467
2021-06-06,BZ,Belize,AMRO,70,12861,1,325,12536
2021-06-13,BZ,Belize,AMRO,77,12938,0,325,12613
2021-06-20,BZ,Belize,AMRO,66,13004,3,328,12676
2021-06-27,BZ,Belize,AMRO,133,13137,1,329,12808
2021-07-04,BZ,Belize,AMRO,206,13343,1,330,13013
2021-07-11,BZ,Belize,AMRO,175,13518,0,330,13188
2021-07-18,BZ,Belize,AMRO,165,13683,2,332,13351
2021-07-25,BZ,Belize,AMRO,234,13917,0,332,13585
2021-08-01,BZ,Belize,AMRO,246,14163,5,337,13826
2021-08-08,BZ,Belize,AMRO,275,14438,2,339,14099
2021-08-15,BZ,Belize,AMRO,409,14847,5,344,14503
2021-08-22,BZ,Belize,AMRO,568,15415,7,351,15064
2021-08-29,BZ,Belize,AMRO,597,16012,5,356,15656
2021-09-05,BZ,Belize,AMRO,738,16750,7,363,16387
2021-09-12,BZ,Belize,AMRO,655,17405,10,373,17032
2021-09-19,BZ,Belize,AMRO,1127,18532,16,389,18143
2021-09-26,BZ,Belize,AMRO,1068,19600,13,402,19198
2021-10-03,BZ,Belize,AMRO,1403,21003,16,418,20585
2021-10-10,BZ,Belize,AMRO,1184,22187,13,431,21756
2021-10-17,BZ,Belize,AMRO,1803,23990,30,461,23529
2021-10-24,BZ,Belize,AMRO,1455,25445,12,473,24972
2021-10-31,BZ,Belize,AMRO,1353,26798,18,491,26307
2021-11-07,BZ,Belize,AMRO,1096,27894,18,509,27385
2021-11-14,BZ,Belize,AMRO,1005,28899,25,534,28365
2021-11-21,BZ,Belize,AMRO,602,29501,24,558,28943
2021-11-28,BZ,Belize,AMRO,664,30165,12,570,29595
2021-12-05,BZ,Belize,AMRO,515,30680,9,579,30101
2021-12-12,BZ,Belize,AMRO,353,31033,7,586,30447
2021-12-19,BZ,Belize,AMRO,213,31246,3,589,30657
2021-12-26,BZ,Belize,AMRO,257,31503,3,592,30911
2022-01-02,BZ,Belize,AMRO,1337,32840,10,602,32238
2022-01-09,BZ,Belize,AMRO,2962,35802,3,605,35197
2022-01-16,BZ,Belize,AMRO,4810,40612,3,608,40004
2022-01-23,BZ,Belize,AMRO,5141,45753,8,616,45137
2022-01-30,BZ,Belize,AMRO,4734,50487,9,625,49862
2022-02-06,BZ,Belize,AMRO,3057,53544,4,629,52915
2022-02-13,BZ,Belize,AMRO,1639,55183,2,631,54552
2022-02-20,BZ,Belize,AMRO,896,56079,10,641,55438
2022-02-27,BZ,Belize,AMRO,518,56597,9,650,55947
2022-03-06,BZ,Belize,AMRO,279,56876,1,651,56225
2022-03-13,BZ,Belize,AMRO,158,57034,1,652,56382
2022-03-20,BZ,Belize,AMRO,109,57143,2,654,56489
2022-03-27,BZ,Belize,AMRO,88,57231,0,654,56577
2022-04-03,BZ,Belize,AMRO,58,57289,2,656,56633
2022-04-10,BZ,Belize,AMRO,0,57287,8,664,56623
2022-04-17,BZ,Belize,AMRO,44,57331,8,672,56659
2022-04-24,BZ,Belize,AMRO,88,57419,4,676,56743
2022-05-01,BZ,Belize,AMRO,72,57491,0,676,56815
2022-05-08,BZ,Belize,AMRO,121,57612,0,676,56936
2022-05-15,BZ,Belize,AMRO,284,57896,0,676,57220
2022-05-22,BZ,Belize,AMRO,523,58419,1,677,57742
2022-05-29,BZ,Belize,AMRO,630,59049,0,677,58372
2022-06-05,BZ,Belize,AMRO,739,59788,1,678,59110
2022-06-12,BZ,Belize,AMRO,1075,60863,0,678,60185
2022-06-19,BZ,Belize,AMRO,1055,61918,0,678,61240
2022-06-26,BZ,Belize,AMRO,1119,63037,1,679,62358
2022-07-03,BZ,Belize,AMRO,1101,64138,1,680,63458
2022-07-10,BZ,Belize,AMRO,810,64948,0,680,64268
2022-07-17,BZ,Belize,AMRO,1046,65994,0,680,65314
2022-07-24,BZ,Belize,AMRO,627,66621,0,680,65941
2022-07-31,BZ,Belize,AMRO,490,67111,0,680,66431
2022-08-07,BZ,Belize,AMRO,313,67424,0,680,66744
2022-08-14,BZ,Belize,AMRO,206,67630,0,680,66950
2022-08-21,BZ,Belize,AMRO,261,67891,0,680,67211
2022-08-28,BZ,Belize,AMRO,296,68187,0,680,67507
2022-09-04,BZ,Belize,AMRO,163,68350,0,680,67670
2022-09-11,BZ,Belize,AMRO,123,68473,0,680,67793
2022-09-18,BZ,Belize,AMRO,231,68704,0,680,68024
2022-09-25,BZ,Belize,AMRO,80,68784,3,683,68101
2022-10-02,BZ,Belize,AMRO,70,68854,3,686,68168
2022-10-09,BZ,Belize,AMRO,30,68884,0,686,68198
2022-10-16,BZ,Belize,AMRO,25,68909,0,686,68223
2022-10-23,BZ,Belize,AMRO,17,68926,1,687,68239
2022-10-30,BZ,Belize,AMRO,17,68943,0,687,68256
2022-11-06,BZ,Belize,AMRO,14,68957,0,687,68270
2022-11-13,BZ,Belize,AMRO,15,68972,0,687,68285
2022-11-20,BZ,Belize,AMRO,16,68988,0,687,68301
2022-11-27,BZ,Belize,AMRO,24,69012,1,688,68324
2022-12-04,BZ,Belize,AMRO,36,69048,0,688,68360
2022-12-11,BZ,Belize,AMRO,69,69117,0,688,68429
2022-12-18,BZ,Belize,AMRO,259,69376,0,688,68688
2022-12-25,BZ,Belize,AMRO,299,69675,0,688,68987
2023-01-01,BZ,Belize,AMRO,271,69946,0,688,69258
2023-01-08,BZ,Belize,AMRO,228,70174,0,688,69486
2023-01-15,BZ,Belize,AMRO,223,70397,0,688,69709
2023-01-22,BZ,Belize,AMRO,158,70555,0,688,69867
2023-01-29,BZ,Belize,AMRO,55,70610,0,688,69922
2023-02-05,BZ,Belize,AMRO,50,70660,0,688,69972
2023-02-12,BZ,Belize,AMRO,37,70697,0,688,70009
2023-02-19,BZ,Belize,AMRO,24,70721,0,688,70033
2023-02-26,BZ,Belize,AMRO,19,70740,0,688,70052
2023-03-05,BZ,Belize,AMRO,17,70757,0,688,70069
2023-03-12,BZ,Belize,AMRO,25,70782,0,688,70094
2023-03-19,BZ,Belize,AMRO,0,70782,0,688,70094
2023-03-26,BZ,Belize,AMRO,0,70782,0,688,70094
2023-04-02,BZ,Belize,AMRO,0,70782,0,688,70094
2023-04-09,BZ,Belize,AMRO,0,70782,0,688,70094
2023-04-16,BZ,Belize,AMRO,0,70782,0,688,70094
2023-04-23,BZ,Belize,AMRO,0,70782,0,688,70094
2023-04-30,BZ,Belize,AMRO,0,70782,0,688,70094
2023-05-07,BZ,Belize,AMRO,0,70782,0,688,70094
2023-05-14,BZ,Belize,AMRO,0,70782,0,688,70094
2023-05-21,BZ,Belize,AMRO,10,70792,0,688,70104
2023-05-28,BZ,Belize,AMRO,11,70803,0,688,70115
2023-06-04,BZ,Belize,AMRO,7,70810,0,688,70122
2023-06-11,BZ,Belize,AMRO,28,70838,0,688,70150
2023-06-18,BZ,Belize,AMRO,28,70866,0,688,70178
2023-06-25,BZ,Belize,AMRO,29,70895,0,688,70207
2023-07-02,BZ,Belize,AMRO,33,70928,0,688,70240
2023-07-09,BZ,Belize,AMRO,20,70948,0,688,70260
2023-07-16,BZ,Belize,AMRO,41,70989,0,688,70301
2023-07-23,BZ,Belize,AMRO,21,71010,0,688,70322
2023-07-30,BZ,Belize,AMRO,42,71052,0,688,70364
2023-08-06,BZ,Belize,AMRO,53,71105,0,688,70417
2023-08-13,BZ,Belize,AMRO,59,71164,0,688,70476
2023-08-20,BZ,Belize,AMRO,88,71252,0,688,70564
2023-08-27,BZ,Belize,AMRO,20,71272,0,688,70584
2023-09-03,BZ,Belize,AMRO,52,71324,0,688,70636
2023-09-10,BZ,Belize,AMRO,29,71353,0,688,70665
2023-09-17,BZ,Belize,AMRO,18,71371,0,688,70683
2023-09-24,BZ,Belize,AMRO,12,71383,0,688,70695
2023-10-01,BZ,Belize,AMRO,0,71383,0,688,70695
2023-10-08,BZ,Belize,AMRO,0,71383,0,688,70695
2023-10-15,BZ,Belize,AMRO,0,71383,0,688,70695
2023-10-22,BZ,Belize,AMRO,0,71383,0,688,70695
2023-10-29,BZ,Belize,AMRO,0,71383,0,688,70695
2023-11-05,BZ,Belize,AMRO,0,71383,0,688,70695
2023-11-12,BZ,Belize,AMRO,0,71383,0,688,70695
2023-11-19,BZ,Belize,AMRO,0,71383,0,688,70695
2023-11-26,BZ,Belize,AMRO,0,71383,0,688,70695
2023-12-03,BZ,Belize,AMRO,0,71383,0,688,70695
2023-12-10,BZ,Belize,AMRO,0,71383,0,688,70695
2023-12-17,BZ,Belize,AMRO,0,71383,0,688,70695
2023-12-24,BZ,Belize,AMRO,0,71383,0,688,70695
2023-12-31,BZ,Belize,AMRO,0,71383,0,688,70695
2024-01-07,BZ,Belize,AMRO,3,71386,0,688,70698
2024-01-14,BZ,Belize,AMRO,1,71387,0,688,70699
2024-01-21,BZ,Belize,AMRO,1,71388,0,688,70700
2024-01-28,BZ,Belize,AMRO,3,71391,0,688,70703
2024-02-04,BZ,Belize,AMRO,6,71397,0,688,70709
2024-02-11,BZ,Belize,AMRO,3,71400,0,688,70712
2024-02-18,BZ,Belize,AMRO,3,71403,0,688,70715
2024-02-25,BZ,Belize,AMRO,2,71405,0,688,70717
2024-03-03,BZ,Belize,AMRO,2,71407,0,688,70719
2024-03-10,BZ,Belize,AMRO,2,71409,0,688,70721
2024-03-17,BZ,Belize,AMRO,0,71409,0,688,70721
2024-03-24,BZ,Belize,AMRO,0,71409,0,688,70721
2024-03-31,BZ,Belize,AMRO,0,71409,0,688,70721
2024-04-07,BZ,Belize,AMRO,0,71409,0,688,70721
2024-04-14,BZ,Belize,AMRO,0,71409,0,688,70721
2024-04-21,BZ,Belize,AMRO,0,71409,0,688,70721
2024-04-28,BZ,Belize,AMRO,0,71409,0,688,70721
2024-05-05,BZ,Belize,AMRO,0,71409,0,688,70721
2024-05-12,BZ,Belize,AMRO,0,71409,0,688,70721
2024-05-19,BZ,Belize,AMRO,0,71409,0,688,70721
2024-05-26,BZ,Belize,AMRO,0,71409,0,688,70721
2024-06-02,BZ,Belize,AMRO,0,71409,0,688,70721
2024-06-09,BZ,Belize,AMRO,0,71409,0,688,70721
2024-06-16,BZ,Belize,AMRO,1,71410,0,688,70722
2024-06-23,BZ,Belize,AMRO,0,71410,0,688,70722
2024-06-30,BZ,Belize,AMRO,1,71411,0,688,70723
2024-07-07,BZ,Belize,AMRO,0,71411,0,688,70723
2024-07-14,BZ,Belize,AMRO,1,71412,0,688,70724
2024-07-21,BZ,Belize,AMRO,1,71413,0,688,70725
2024-07-28,BZ,Belize,AMRO,1,71414,0,688,70726
2024-08-04,BZ,Belize,AMRO,1,71415,0,688,70727
2024-08-11,BZ,Belize,AMRO,1,71416,0,688,70728
2024-08-18,BZ,Belize,AMRO,0,71416,0,688,70728
2024-08-25,BZ,Belize,AMRO,0,71416,0,688,70728
2024-09-01,BZ,Belize,AMRO,0,71416,0,688,70728
2024-09-08,BZ,Belize,AMRO,0,71416,0,688,70728
2024-09-15,BZ,Belize,AMRO,0,71416,0,688,70728
2024-09-22,BZ,Belize,AMRO,0,71416,0,688,70728
2024-09-29,BZ,Belize,AMRO,13,71429,0,688,70741
2024-10-06,BZ,Belize,AMRO,1,71430,0,688,70742
2024-10-13,BZ,Belize,AMRO,0,71430,0,688,70742
2024-10-20,BZ,Belize,AMRO,0,71430,0,688,70742
2024-10-27,BZ,Belize,AMRO,0,71430,0,688,70742
2024-11-03,BZ,Belize,AMRO,0,71430,0,688,70742
2024-11-10,BZ,Belize,AMRO,0,71430,0,688,70742
2024-11-17,BZ,Belize,AMRO,0,71430,0,688,70742
2020-01-05,BJ,Benin,AFRO,0,0,0,0,0
2020-01-12,BJ,Benin,AFRO,0,0,0,0,0
2020-01-19,BJ,Benin,AFRO,0,0,0,0,0
2020-01-26,BJ,Benin,AFRO,0,0,0,0,0
2020-02-02,BJ,Benin,AFRO,0,0,0,0,0
2020-02-09,BJ,Benin,AFRO,0,0,0,0,0
2020-02-16,BJ,Benin,AFRO,0,0,0,0,0
2020-02-23,BJ,Benin,AFRO,0,0,0,0,0
2020-03-01,BJ,Benin,AFRO,0,0,0,0,0
2020-03-08,BJ,Benin,AFRO,0,0,0,0,0
2020-03-15,BJ,Benin,AFRO,0,0,0,0,0
2020-03-22,BJ,Benin,AFRO,2,2,0,0,2
2020-03-29,BJ,Benin,AFRO,1,3,0,0,3
2020-04-05,BJ,Benin,AFRO,10,13,0,0,13
2020-04-12,BJ,Benin,AFRO,22,35,0,0,35
2020-04-19,BJ,Benin,AFRO,19,54,0,0,54
2020-04-26,BJ,Benin,AFRO,6,60,0,0,60
2020-05-03,BJ,Benin,AFRO,30,90,2,2,88
2020-05-10,BJ,Benin,AFRO,21,111,0,2,109
2020-05-17,BJ,Benin,AFRO,20,131,0,2,129
2020-05-24,BJ,Benin,AFRO,6,137,1,3,134
2020-05-31,BJ,Benin,AFRO,102,239,0,3,236
2020-06-07,BJ,Benin,AFRO,29,268,1,4,264
2020-06-14,BJ,Benin,AFRO,202,470,2,6,464
2020-06-21,BJ,Benin,AFRO,295,765,7,13,752
2020-06-28,BJ,Benin,AFRO,384,1149,3,16,1133
2020-07-05,BJ,Benin,AFRO,50,1199,5,21,1178
2020-07-12,BJ,Benin,AFRO,179,1378,5,26,1352
2020-07-19,BJ,Benin,AFRO,224,1602,5,31,1571
2020-07-26,BJ,Benin,AFRO,168,1770,4,35,1735
2020-08-02,BJ,Benin,AFRO,139,1909,3,38,1871
2020-08-09,BJ,Benin,AFRO,27,1936,0,38,1898
2020-08-16,BJ,Benin,AFRO,127,2063,1,39,2024
2020-08-23,BJ,Benin,AFRO,52,2115,0,39,2076
2020-08-30,BJ,Benin,AFRO,30,2145,1,40,2105
2020-09-06,BJ,Benin,AFRO,68,2213,0,40,2173
2020-09-13,BJ,Benin,AFRO,29,2242,0,40,2202
2020-09-20,BJ,Benin,AFRO,38,2280,0,40,2240
2020-09-27,BJ,Benin,AFRO,45,2325,0,40,2285
2020-10-04,BJ,Benin,AFRO,32,2357,1,41,2316
2020-10-11,BJ,Benin,AFRO,54,2411,0,41,2370
2020-10-18,BJ,Benin,AFRO,85,2496,0,41,2455
2020-10-25,BJ,Benin,AFRO,61,2557,0,41,2516
2020-11-01,BJ,Benin,AFRO,86,2643,0,41,2602
2020-11-08,BJ,Benin,AFRO,102,2745,2,43,2702
2020-11-15,BJ,Benin,AFRO,99,2844,0,43,2801
2020-11-22,BJ,Benin,AFRO,72,2916,0,43,2873
2020-11-29,BJ,Benin,AFRO,58,2974,0,43,2931
2020-12-06,BJ,Benin,AFRO,81,3055,1,44,3011
2020-12-13,BJ,Benin,AFRO,35,3090,0,44,3046
2020-12-20,BJ,Benin,AFRO,62,3152,0,44,3108
2020-12-27,BJ,Benin,AFRO,53,3205,0,44,3161
2021-01-03,BJ,Benin,AFRO,46,3251,0,44,3207
2021-01-10,BJ,Benin,AFRO,53,3304,0,44,3260
2021-01-17,BJ,Benin,AFRO,109,3413,2,46,3367
2021-01-24,BJ,Benin,AFRO,230,3643,2,48,3595
2021-01-31,BJ,Benin,AFRO,143,3786,0,48,3738
2021-02-07,BJ,Benin,AFRO,407,4193,7,55,4138
2021-02-14,BJ,Benin,AFRO,367,4560,1,56,4504
2021-02-21,BJ,Benin,AFRO,583,5143,9,65,5078
2021-02-28,BJ,Benin,AFRO,491,5634,5,70,5564
2021-03-07,BJ,Benin,AFRO,437,6071,5,75,5996
2021-03-14,BJ,Benin,AFRO,430,6501,6,81,6420
2021-03-21,BJ,Benin,AFRO,317,6818,9,90,6728
2021-03-28,BJ,Benin,AFRO,282,7100,0,90,7010
2021-04-04,BJ,Benin,AFRO,213,7313,3,93,7220
2021-04-11,BJ,Benin,AFRO,202,7515,0,93,7422
2021-04-18,BJ,Benin,AFRO,96,7611,3,96,7515
2021-04-25,BJ,Benin,AFRO,109,7720,1,97,7623
2021-05-02,BJ,Benin,AFRO,101,7821,2,99,7722
2021-05-09,BJ,Benin,AFRO,74,7895,1,100,7795
2021-05-16,BJ,Benin,AFRO,89,7984,1,101,7883
2021-05-23,BJ,Benin,AFRO,41,8025,0,101,7924
2021-05-30,BJ,Benin,AFRO,33,8058,0,101,7957
2021-06-06,BJ,Benin,AFRO,24,8082,1,102,7980
2021-06-13,BJ,Benin,AFRO,27,8109,0,102,8007
2021-06-20,BJ,Benin,AFRO,31,8140,1,103,8037
2021-06-27,BJ,Benin,AFRO,30,8170,1,104,8066
2021-07-04,BJ,Benin,AFRO,29,8199,0,104,8095
2021-07-11,BJ,Benin,AFRO,28,8227,1,105,8122
2021-07-18,BJ,Benin,AFRO,17,8244,2,107,8137
2021-07-25,BJ,Benin,AFRO,80,8324,0,107,8217
2021-08-01,BJ,Benin,AFRO,70,8394,1,108,8286
2021-08-08,BJ,Benin,AFRO,214,8608,2,110,8498
2021-08-15,BJ,Benin,AFRO,457,9065,3,113,8952
2021-08-22,BJ,Benin,AFRO,1118,10183,6,119,10064
2021-08-29,BJ,Benin,AFRO,2309,12492,8,127,12365
2021-09-05,BJ,Benin,AFRO,4454,16946,8,135,16811
2021-09-12,BJ,Benin,AFRO,2344,19290,6,141,19149
2021-09-19,BJ,Benin,AFRO,2160,21450,5,146,21304
2021-09-26,BJ,Benin,AFRO,1508,22958,8,154,22804
2021-10-03,BJ,Benin,AFRO,932,23890,5,159,23731
2021-10-10,BJ,Benin,AFRO,445,24335,0,159,24176
2021-10-17,BJ,Benin,AFRO,225,24560,2,161,24399
2021-10-24,BJ,Benin,AFRO,118,24678,0,161,24517
2021-10-31,BJ,Benin,AFRO,71,24749,0,161,24588
2021-11-07,BJ,Benin,AFRO,55,24804,0,161,24643
2021-11-14,BJ,Benin,AFRO,23,24827,0,161,24666
2021-11-21,BJ,Benin,AFRO,19,24846,0,161,24685
2021-11-28,BJ,Benin,AFRO,4,24850,0,161,24689
2021-12-05,BJ,Benin,AFRO,13,24863,0,161,24702
2021-12-12,BJ,Benin,AFRO,34,24897,0,161,24736
2021-12-19,BJ,Benin,AFRO,10,24907,0,161,24746
2021-12-26,BJ,Benin,AFRO,28,24935,0,161,24774
2022-01-02,BJ,Benin,AFRO,109,25044,0,161,24883
2022-01-09,BJ,Benin,AFRO,478,25522,0,161,25361
2022-01-16,BJ,Benin,AFRO,514,26036,1,162,25874
2022-01-23,BJ,Benin,AFRO,273,26309,1,163,26146
2022-01-30,BJ,Benin,AFRO,141,26450,0,163,26287
2022-02-06,BJ,Benin,AFRO,48,26498,0,163,26335
2022-02-13,BJ,Benin,AFRO,54,26552,0,163,26389
2022-02-20,BJ,Benin,AFRO,15,26567,0,163,26404
2022-02-27,BJ,Benin,AFRO,0,26567,0,163,26404
2022-03-06,BJ,Benin,AFRO,8,26575,0,163,26412
2022-03-13,BJ,Benin,AFRO,0,26575,0,163,26412
2022-03-20,BJ,Benin,AFRO,18,26593,0,163,26430
2022-03-27,BJ,Benin,AFRO,0,26593,0,163,26430
2022-04-03,BJ,Benin,AFRO,2,26595,0,163,26432
2022-04-10,BJ,Benin,AFRO,0,26595,0,163,26432
2022-04-17,BJ,Benin,AFRO,10,26605,0,163,26442
2022-04-24,BJ,Benin,AFRO,0,26605,0,163,26442
2022-05-01,BJ,Benin,AFRO,0,26605,0,163,26442
2022-05-08,BJ,Benin,AFRO,5,26610,0,163,26447
2022-05-15,BJ,Benin,AFRO,0,26610,0,163,26447
2022-05-22,BJ,Benin,AFRO,60,26670,0,163,26507
2022-05-29,BJ,Benin,AFRO,119,26789,0,163,26626
2022-06-05,BJ,Benin,AFRO,125,26914,0,163,26751
2022-06-12,BJ,Benin,AFRO,128,27042,0,163,26879
2022-06-19,BJ,Benin,AFRO,80,27122,0,163,26959
2022-06-26,BJ,Benin,AFRO,38,27160,0,163,26997
2022-07-03,BJ,Benin,AFRO,56,27216,0,163,27053
2022-07-10,BJ,Benin,AFRO,30,27246,0,163,27083
2022-07-17,BJ,Benin,AFRO,25,27271,0,163,27108
2022-07-24,BJ,Benin,AFRO,24,27295,0,163,27132
2022-07-31,BJ,Benin,AFRO,21,27316,0,163,27153
2022-08-07,BJ,Benin,AFRO,0,27316,0,163,27153
2022-08-14,BJ,Benin,AFRO,0,27316,0,163,27153
2022-08-21,BJ,Benin,AFRO,0,27316,0,163,27153
2022-08-28,BJ,Benin,AFRO,174,27490,0,163,27327
2022-09-04,BJ,Benin,AFRO,45,27535,0,163,27372
2022-09-11,BJ,Benin,AFRO,103,27638,0,163,27475
2022-09-18,BJ,Benin,AFRO,89,27727,0,163,27564
2022-09-25,BJ,Benin,AFRO,55,27782,0,163,27619
2022-10-02,BJ,Benin,AFRO,0,27782,0,163,27619
2022-10-09,BJ,Benin,AFRO,0,27782,0,163,27619
2022-10-16,BJ,Benin,AFRO,0,27782,0,163,27619
2022-10-23,BJ,Benin,AFRO,0,27782,0,163,27619
2022-10-30,BJ,Benin,AFRO,130,27912,0,163,27749
2022-11-06,BJ,Benin,AFRO,3,27915,0,163,27752
2022-11-13,BJ,Benin,AFRO,7,27922,0,163,27759
2022-11-20,BJ,Benin,AFRO,53,27975,0,163,27812
2022-11-27,BJ,Benin,AFRO,5,27980,0,163,27817
2022-12-04,BJ,Benin,AFRO,1,27981,0,163,27818
2022-12-11,BJ,Benin,AFRO,1,27982,0,163,27819
2022-12-18,BJ,Benin,AFRO,0,27982,0,163,27819
2022-12-25,BJ,Benin,AFRO,3,27985,0,163,27822
2023-01-01,BJ,Benin,AFRO,1,27986,0,163,27823
2023-01-08,BJ,Benin,AFRO,0,27986,0,163,27823
2023-01-15,BJ,Benin,AFRO,3,27989,0,163,27826
2023-01-22,BJ,Benin,AFRO,1,27990,0,163,27827
2023-01-29,BJ,Benin,AFRO,0,27990,0,163,27827
2023-02-05,BJ,Benin,AFRO,1,27991,0,163,27828
2023-02-12,BJ,Benin,AFRO,3,27994,0,163,27831
2023-02-19,BJ,Benin,AFRO,5,27999,0,163,27836
2023-02-26,BJ,Benin,AFRO,0,27999,0,163,27836
2023-03-05,BJ,Benin,AFRO,8,28007,0,163,27844
2023-03-12,BJ,Benin,AFRO,2,28009,0,163,27846
2023-03-19,BJ,Benin,AFRO,3,28012,0,163,27849
2023-03-26,BJ,Benin,AFRO,1,28013,0,163,27850
2023-04-02,BJ,Benin,AFRO,1,28014,0,163,27851
2023-04-09,BJ,Benin,AFRO,0,28014,0,163,27851
2023-04-16,BJ,Benin,AFRO,0,28014,0,163,27851
2023-04-23,BJ,Benin,AFRO,0,28014,0,163,27851
2023-04-30,BJ,Benin,AFRO,0,28014,0,163,27851
2023-05-07,BJ,Benin,AFRO,0,28014,0,163,27851
2023-05-14,BJ,Benin,AFRO,0,28014,0,163,27851
2023-05-21,BJ,Benin,AFRO,0,28014,0,163,27851
2023-05-28,BJ,Benin,AFRO,0,28014,0,163,27851
2023-06-04,BJ,Benin,AFRO,0,28014,0,163,27851
2023-06-11,BJ,Benin,AFRO,0,28014,0,163,27851
2023-06-18,BJ,Benin,AFRO,0,28014,0,163,27851
2023-06-25,BJ,Benin,AFRO,0,28014,0,163,27851
2023-07-02,BJ,Benin,AFRO,0,28014,0,163,27851
2023-07-09,BJ,Benin,AFRO,0,28014,0,163,27851
2023-07-16,BJ,Benin,AFRO,0,28014,0,163,27851
2023-07-23,BJ,Benin,AFRO,0,28014,0,163,27851
2023-07-30,BJ,Benin,AFRO,0,28014,0,163,27851
2023-08-06,BJ,Benin,AFRO,0,28014,0,163,27851
2023-08-13,BJ,Benin,AFRO,0,28014,0,163,27851
2023-08-20,BJ,Benin,AFRO,17,28031,0,163,27868
2023-08-27,BJ,Benin,AFRO,0,28031,0,163,27868
2023-09-03,BJ,Benin,AFRO,2,28033,0,163,27870
2023-09-10,BJ,Benin,AFRO,0,28033,0,163,27870
2023-09-17,BJ,Benin,AFRO,0,28033,0,163,27870
2023-09-24,BJ,Benin,AFRO,3,28036,0,163,27873
2023-10-01,BJ,Benin,AFRO,0,28036,0,163,27873
2023-10-08,BJ,Benin,AFRO,0,28036,0,163,27873
2023-10-15,BJ,Benin,AFRO,0,28036,0,163,27873
2023-10-22,BJ,Benin,AFRO,0,28036,0,163,27873
2023-10-29,BJ,Benin,AFRO,0,28036,0,163,27873
2023-11-05,BJ,Benin,AFRO,0,28036,0,163,27873
2023-11-12,BJ,Benin,AFRO,0,28036,0,163,27873
2023-11-19,BJ,Benin,AFRO,0,28036,0,163,27873
2023-11-26,BJ,Benin,AFRO,0,28036,0,163,27873
2023-12-03,BJ,Benin,AFRO,0,28036,0,163,27873
2023-12-10,BJ,Benin,AFRO,0,28036,0,163,27873
2023-12-17,BJ,Benin,AFRO,0,28036,0,163,27873
2023-12-24,BJ,Benin,AFRO,0,28036,0,163,27873
2023-12-31,BJ,Benin,AFRO,0,28036,0,163,27873
2024-01-07,BJ,Benin,AFRO,0,28036,0,163,27873
2024-01-14,BJ,Benin,AFRO,0,28036,0,163,27873
2024-01-21,BJ,Benin,AFRO,0,28036,0,163,27873
2024-01-28,BJ,Benin,AFRO,0,28036,0,163,27873
2024-02-04,BJ,Benin,AFRO,0,28036,0,163,27873
2024-02-11,BJ,Benin,AFRO,0,28036,0,163,27873
2024-02-18,BJ,Benin,AFRO,0,28036,0,163,27873
2024-02-25,BJ,Benin,AFRO,0,28036,0,163,27873
2024-03-03,BJ,Benin,AFRO,0,28036,0,163,27873
2024-03-10,BJ,Benin,AFRO,0,28036,0,163,27873
2024-03-17,BJ,Benin,AFRO,0,28036,0,163,27873
2024-03-24,BJ,Benin,AFRO,0,28036,0,163,27873
2024-03-31,BJ,Benin,AFRO,0,28036,0,163,27873
2024-04-07,BJ,Benin,AFRO,0,28036,0,163,27873
2024-04-14,BJ,Benin,AFRO,0,28036,0,163,27873
2024-04-21,BJ,Benin,AFRO,0,28036,0,163,27873
2024-04-28,BJ,Benin,AFRO,0,28036,0,163,27873
2024-05-05,BJ,Benin,AFRO,0,28036,0,163,27873
2024-05-12,BJ,Benin,AFRO,0,28036,0,163,27873
2024-05-19,BJ,Benin,AFRO,0,28036,0,163,27873
2024-05-26,BJ,Benin,AFRO,0,28036,0,163,27873
2024-06-02,BJ,Benin,AFRO,0,28036,0,163,27873
2024-06-09,BJ,Benin,AFRO,0,28036,0,163,27873
2024-06-16,BJ,Benin,AFRO,0,28036,0,163,27873
2024-06-23,BJ,Benin,AFRO,0,28036,0,163,27873
2024-06-30,BJ,Benin,AFRO,0,28036,0,163,27873
2024-07-07,BJ,Benin,AFRO,0,28036,0,163,27873
2024-07-14,BJ,Benin,AFRO,0,28036,0,163,27873
2024-07-21,BJ,Benin,AFRO,0,28036,0,163,27873
2024-07-28,BJ,Benin,AFRO,0,28036,0,163,27873
2024-08-04,BJ,Benin,AFRO,0,28036,0,163,27873
2024-08-11,BJ,Benin,AFRO,0,28036,0,163,27873
2024-08-18,BJ,Benin,AFRO,0,28036,0,163,27873
2024-08-25,BJ,Benin,AFRO,0,28036,0,163,27873
2024-09-01,BJ,Benin,AFRO,0,28036,0,163,27873
2024-09-08,BJ,Benin,AFRO,0,28036,0,163,27873
2024-09-15,BJ,Benin,AFRO,0,28036,0,163,27873
2024-09-22,BJ,Benin,AFRO,0,28036,0,163,27873
2024-09-29,BJ,Benin,AFRO,0,28036,0,163,27873
2024-10-06,BJ,Benin,AFRO,0,28036,0,163,27873
2024-10-13,BJ,Benin,AFRO,0,28036,0,163,27873
2024-10-20,BJ,Benin,AFRO,0,28036,0,163,27873
2024-10-27,BJ,Benin,AFRO,0,28036,0,163,27873
2024-11-03,BJ,Benin,AFRO,0,28036,0,163,27873
2024-11-10,BJ,Benin,AFRO,0,28036,0,163,27873
2024-11-17,BJ,Benin,AFRO,0,28036,0,163,27873
2020-01-05,BM,Bermuda,AMRO,0,0,0,0,0
2020-01-12,BM,Bermuda,AMRO,0,0,0,0,0
2020-01-19,BM,Bermuda,AMRO,0,0,0,0,0
2020-01-26,BM,Bermuda,AMRO,0,0,0,0,0
2020-02-02,BM,Bermuda,AMRO,0,0,0,0,0
2020-02-09,BM,Bermuda,AMRO,0,0,0,0,0
2020-02-16,BM,Bermuda,AMRO,0,0,0,0,0
2020-02-23,BM,Bermuda,AMRO,0,0,0,0,0
2020-03-01,BM,Bermuda,AMRO,0,0,0,0,0
2020-03-08,BM,Bermuda,AMRO,0,0,0,0,0
2020-03-15,BM,Bermuda,AMRO,0,0,0,0,0
2020-03-22,BM,Bermuda,AMRO,2,2,0,0,2
2020-03-29,BM,Bermuda,AMRO,15,17,0,0,17
2020-04-05,BM,Bermuda,AMRO,18,35,0,0,35
2020-04-12,BM,Bermuda,AMRO,13,48,4,4,44
2020-04-19,BM,Bermuda,AMRO,35,83,1,5,78
2020-04-26,BM,Bermuda,AMRO,16,99,0,5,94
2020-05-03,BM,Bermuda,AMRO,15,114,1,6,108
2020-05-10,BM,Bermuda,AMRO,4,118,1,7,111
2020-05-17,BM,Bermuda,AMRO,5,123,2,9,114
2020-05-24,BM,Bermuda,AMRO,5,128,0,9,119
2020-05-31,BM,Bermuda,AMRO,12,140,0,9,131
2020-06-07,BM,Bermuda,AMRO,1,141,0,9,132
2020-06-14,BM,Bermuda,AMRO,1,142,0,9,133
2020-06-21,BM,Bermuda,AMRO,4,146,0,9,137
2020-06-28,BM,Bermuda,AMRO,0,146,0,9,137
2020-07-05,BM,Bermuda,AMRO,0,146,0,9,137
2020-07-12,BM,Bermuda,AMRO,4,150,0,9,141
2020-07-19,BM,Bermuda,AMRO,2,152,0,9,143
2020-07-26,BM,Bermuda,AMRO,1,153,0,9,144
2020-08-02,BM,Bermuda,AMRO,3,156,0,9,147
2020-08-09,BM,Bermuda,AMRO,2,158,0,9,149
2020-08-16,BM,Bermuda,AMRO,1,159,0,9,150
2020-08-23,BM,Bermuda,AMRO,8,167,0,9,158
2020-08-30,BM,Bermuda,AMRO,1,168,0,9,159
2020-09-06,BM,Bermuda,AMRO,7,175,0,9,166
2020-09-13,BM,Bermuda,AMRO,2,177,0,9,168
2020-09-20,BM,Bermuda,AMRO,1,178,0,9,169
2020-09-27,BM,Bermuda,AMRO,3,181,0,9,172
2020-10-04,BM,Bermuda,AMRO,0,181,0,9,172
2020-10-11,BM,Bermuda,AMRO,3,184,0,9,175
2020-10-18,BM,Bermuda,AMRO,1,185,0,9,176
2020-10-25,BM,Bermuda,AMRO,5,190,0,9,181
2020-11-01,BM,Bermuda,AMRO,9,199,0,9,190
2020-11-08,BM,Bermuda,AMRO,10,209,0,9,200
2020-11-15,BM,Bermuda,AMRO,13,222,0,9,213
2020-11-22,BM,Bermuda,AMRO,5,227,0,9,218
2020-11-29,BM,Bermuda,AMRO,20,247,0,9,238
2020-12-06,BM,Bermuda,AMRO,41,288,0,9,279
2020-12-13,BM,Bermuda,AMRO,103,391,0,9,382
2020-12-20,BM,Bermuda,AMRO,125,516,0,9,507
2020-12-27,BM,Bermuda,AMRO,45,561,0,9,552
2021-01-03,BM,Bermuda,AMRO,43,604,1,10,594
2021-01-10,BM,Bermuda,AMRO,42,646,2,12,634
2021-01-17,BM,Bermuda,AMRO,24,670,0,12,658
2021-01-24,BM,Bermuda,AMRO,16,686,0,12,674
2021-01-31,BM,Bermuda,AMRO,5,691,0,12,679
2021-02-07,BM,Bermuda,AMRO,1,692,0,12,680
2021-02-14,BM,Bermuda,AMRO,2,694,0,12,682
2021-02-21,BM,Bermuda,AMRO,5,699,0,12,687
2021-02-28,BM,Bermuda,AMRO,6,705,0,12,693
2021-03-07,BM,Bermuda,AMRO,17,722,0,12,710
2021-03-14,BM,Bermuda,AMRO,13,735,0,12,723
2021-03-21,BM,Bermuda,AMRO,32,767,0,12,755
2021-03-28,BM,Bermuda,AMRO,180,947,0,12,935
2021-04-04,BM,Bermuda,AMRO,415,1362,0,12,1350
2021-04-11,BM,Bermuda,AMRO,411,1773,2,14,1759
2021-04-18,BM,Bermuda,AMRO,287,2060,3,17,2043
2021-04-25,BM,Bermuda,AMRO,255,2315,6,23,2292
2021-05-02,BM,Bermuda,AMRO,78,2393,5,28,2365
2021-05-09,BM,Bermuda,AMRO,41,2434,2,30,2404
2021-05-16,BM,Bermuda,AMRO,32,2466,2,32,2434
2021-05-23,BM,Bermuda,AMRO,22,2488,0,32,2456
2021-05-30,BM,Bermuda,AMRO,3,2491,0,32,2459
2021-06-06,BM,Bermuda,AMRO,3,2494,1,33,2461
2021-06-13,BM,Bermuda,AMRO,3,2497,0,33,2464
2021-06-20,BM,Bermuda,AMRO,7,2504,0,33,2471
2021-06-27,BM,Bermuda,AMRO,6,2510,0,33,2477
2021-07-04,BM,Bermuda,AMRO,6,2516,0,33,2483
2021-07-11,BM,Bermuda,AMRO,5,2521,0,33,2488
2021-07-18,BM,Bermuda,AMRO,9,2530,0,33,2497
2021-07-25,BM,Bermuda,AMRO,8,2538,0,33,2505
2021-08-01,BM,Bermuda,AMRO,30,2568,0,33,2535
2021-08-08,BM,Bermuda,AMRO,46,2614,0,33,2581
2021-08-15,BM,Bermuda,AMRO,61,2675,0,33,2642
2021-08-22,BM,Bermuda,AMRO,75,2750,0,33,2717
2021-08-29,BM,Bermuda,AMRO,94,2844,0,33,2811
2021-09-05,BM,Bermuda,AMRO,204,3048,1,34,3014
2021-09-12,BM,Bermuda,AMRO,471,3519,1,35,3484
2021-09-19,BM,Bermuda,AMRO,699,4218,3,38,4180
2021-09-26,BM,Bermuda,AMRO,764,4982,14,52,4930
2021-10-03,BM,Bermuda,AMRO,354,5336,23,75,5261
2021-10-10,BM,Bermuda,AMRO,165,5501,14,89,5412
2021-10-17,BM,Bermuda,AMRO,66,5567,6,95,5472
2021-10-24,BM,Bermuda,AMRO,45,5612,1,96,5516
2021-10-31,BM,Bermuda,AMRO,35,5647,5,101,5546
2021-11-07,BM,Bermuda,AMRO,30,5677,5,106,5571
2021-11-14,BM,Bermuda,AMRO,31,5708,0,106,5602
2021-11-21,BM,Bermuda,AMRO,7,5715,0,106,5609
2021-11-28,BM,Bermuda,AMRO,15,5730,0,106,5624
2021-12-05,BM,Bermuda,AMRO,23,5753,0,106,5647
2021-12-12,BM,Bermuda,AMRO,15,5768,0,106,5662
2021-12-19,BM,Bermuda,AMRO,47,5815,0,106,5709
2021-12-26,BM,Bermuda,AMRO,249,6064,0,106,5958
2022-01-02,BM,Bermuda,AMRO,356,6420,4,110,6310
2022-01-09,BM,Bermuda,AMRO,771,7191,0,110,7081
2022-01-16,BM,Bermuda,AMRO,1350,8541,0,110,8431
2022-01-23,BM,Bermuda,AMRO,1225,9766,2,112,9654
2022-01-30,BM,Bermuda,AMRO,786,10552,4,116,10436
2022-02-06,BM,Bermuda,AMRO,369,10921,2,118,10803
2022-02-13,BM,Bermuda,AMRO,225,11146,2,120,11026
2022-02-20,BM,Bermuda,AMRO,170,11316,2,122,11194
2022-02-27,BM,Bermuda,AMRO,174,11490,1,123,11367
2022-03-06,BM,Bermuda,AMRO,144,11634,0,123,11511
2022-03-13,BM,Bermuda,AMRO,216,11850,1,124,11726
2022-03-20,BM,Bermuda,AMRO,244,12094,2,126,11968
2022-03-27,BM,Bermuda,AMRO,260,12354,1,127,12227
2022-04-03,BM,Bermuda,AMRO,210,12564,1,128,12436
2022-04-10,BM,Bermuda,AMRO,175,12739,1,129,12610
2022-04-17,BM,Bermuda,AMRO,162,12901,2,131,12770
2022-04-24,BM,Bermuda,AMRO,351,13252,0,131,13121
2022-05-01,BM,Bermuda,AMRO,307,13559,0,131,13428
2022-05-08,BM,Bermuda,AMRO,273,13832,3,134,13698
2022-05-15,BM,Bermuda,AMRO,303,14135,1,135,14000
2022-05-22,BM,Bermuda,AMRO,307,14442,2,137,14305
2022-05-29,BM,Bermuda,AMRO,313,14755,1,138,14617
2022-06-05,BM,Bermuda,AMRO,330,15085,0,138,14947
2022-06-12,BM,Bermuda,AMRO,343,15428,0,138,15290
2022-06-19,BM,Bermuda,AMRO,334,15762,0,138,15624
2022-06-26,BM,Bermuda,AMRO,195,15957,0,138,15819
2022-07-03,BM,Bermuda,AMRO,205,16162,2,140,16022
2022-07-10,BM,Bermuda,AMRO,239,16401,0,140,16261
2022-07-17,BM,Bermuda,AMRO,321,16722,1,141,16581
2022-07-24,BM,Bermuda,AMRO,266,16988,1,142,16846
2022-07-31,BM,Bermuda,AMRO,205,17193,2,144,17049
2022-08-07,BM,Bermuda,AMRO,163,17356,4,148,17208
2022-08-14,BM,Bermuda,AMRO,200,17556,0,148,17408
2022-08-21,BM,Bermuda,AMRO,118,17674,0,148,17526
2022-08-28,BM,Bermuda,AMRO,239,17913,0,148,17765
2022-09-04,BM,Bermuda,AMRO,0,17913,0,148,17765
2022-09-11,BM,Bermuda,AMRO,0,17913,0,148,17765
2022-09-18,BM,Bermuda,AMRO,164,18077,0,148,17929
2022-09-25,BM,Bermuda,AMRO,45,18122,0,148,17974
2022-10-02,BM,Bermuda,AMRO,32,18154,0,148,18006
2022-10-09,BM,Bermuda,AMRO,66,18220,0,148,18072
2022-10-16,BM,Bermuda,AMRO,60,18280,0,148,18132
2022-10-23,BM,Bermuda,AMRO,60,18340,0,148,18192
2022-10-30,BM,Bermuda,AMRO,0,18340,0,148,18192
2022-11-06,BM,Bermuda,AMRO,88,18428,1,149,18279
2022-11-13,BM,Bermuda,AMRO,0,18428,0,149,18279
2022-11-20,BM,Bermuda,AMRO,35,18463,2,151,18312
2022-11-27,BM,Bermuda,AMRO,0,18463,0,151,18312
2022-12-04,BM,Bermuda,AMRO,56,18519,1,152,18367
2022-12-11,BM,Bermuda,AMRO,0,18519,0,152,18367
2022-12-18,BM,Bermuda,AMRO,38,18557,0,152,18405
2022-12-25,BM,Bermuda,AMRO,0,18557,0,152,18405
2023-01-01,BM,Bermuda,AMRO,65,18622,1,153,18469
2023-01-08,BM,Bermuda,AMRO,62,18684,1,154,18530
2023-01-15,BM,Bermuda,AMRO,34,18718,1,155,18563
2023-01-22,BM,Bermuda,AMRO,33,18751,2,157,18594
2023-01-29,BM,Bermuda,AMRO,15,18766,0,157,18609
2023-02-05,BM,Bermuda,AMRO,5,18771,0,157,18614
2023-02-12,BM,Bermuda,AMRO,14,18785,1,158,18627
2023-02-19,BM,Bermuda,AMRO,6,18791,1,159,18632
2023-02-26,BM,Bermuda,AMRO,8,18799,1,160,18639
2023-03-05,BM,Bermuda,AMRO,15,18814,0,160,18654
2023-03-12,BM,Bermuda,AMRO,14,18828,0,160,18668
2023-03-19,BM,Bermuda,AMRO,8,18836,1,161,18675
2023-03-26,BM,Bermuda,AMRO,13,18849,2,163,18686
2023-04-02,BM,Bermuda,AMRO,0,18849,0,163,18686
2023-04-09,BM,Bermuda,AMRO,11,18860,2,165,18695
2023-04-16,BM,Bermuda,AMRO,0,18860,0,165,18695
2023-04-23,BM,Bermuda,AMRO,0,18860,0,165,18695
2023-04-30,BM,Bermuda,AMRO,0,18860,0,165,18695
2023-05-07,BM,Bermuda,AMRO,0,18860,0,165,18695
2023-05-14,BM,Bermuda,AMRO,0,18860,0,165,18695
2023-05-21,BM,Bermuda,AMRO,0,18860,0,165,18695
2023-05-28,BM,Bermuda,AMRO,0,18860,0,165,18695
2023-06-04,BM,Bermuda,AMRO,0,18860,0,165,18695
2023-06-11,BM,Bermuda,AMRO,0,18860,0,165,18695
2023-06-18,BM,Bermuda,AMRO,0,18860,0,165,18695
2023-06-25,BM,Bermuda,AMRO,0,18860,0,165,18695
2023-07-02,BM,Bermuda,AMRO,0,18860,0,165,18695
2023-07-09,BM,Bermuda,AMRO,0,18860,0,165,18695
2023-07-16,BM,Bermuda,AMRO,0,18860,0,165,18695
2023-07-23,BM,Bermuda,AMRO,0,18860,0,165,18695
2023-07-30,BM,Bermuda,AMRO,0,18860,0,165,18695
2023-08-06,BM,Bermuda,AMRO,0,18860,0,165,18695
2023-08-13,BM,Bermuda,AMRO,0,18860,0,165,18695
2023-08-20,BM,Bermuda,AMRO,0,18860,0,165,18695
2023-08-27,BM,Bermuda,AMRO,0,18860,0,165,18695
2023-09-03,BM,Bermuda,AMRO,0,18860,0,165,18695
2023-09-10,BM,Bermuda,AMRO,0,18860,0,165,18695
2023-09-17,BM,Bermuda,AMRO,0,18860,0,165,18695
2023-09-24,BM,Bermuda,AMRO,0,18860,0,165,18695
2023-10-01,BM,Bermuda,AMRO,0,18860,0,165,18695
2023-10-08,BM,Bermuda,AMRO,0,18860,0,165,18695
2023-10-15,BM,Bermuda,AMRO,0,18860,0,165,18695
2023-10-22,BM,Bermuda,AMRO,0,18860,0,165,18695
2023-10-29,BM,Bermuda,AMRO,0,18860,0,165,18695
2023-11-05,BM,Bermuda,AMRO,0,18860,0,165,18695
2023-11-12,BM,Bermuda,AMRO,0,18860,0,165,18695
2023-11-19,BM,Bermuda,AMRO,0,18860,0,165,18695
2023-11-26,BM,Bermuda,AMRO,0,18860,0,165,18695
2023-12-03,BM,Bermuda,AMRO,0,18860,0,165,18695
2023-12-10,BM,Bermuda,AMRO,0,18860,0,165,18695
2023-12-17,BM,Bermuda,AMRO,0,18860,0,165,18695
2023-12-24,BM,Bermuda,AMRO,0,18860,0,165,18695
2023-12-31,BM,Bermuda,AMRO,0,18860,0,165,18695
2024-01-07,BM,Bermuda,AMRO,0,18860,0,165,18695
2024-01-14,BM,Bermuda,AMRO,0,18860,0,165,18695
2024-01-21,BM,Bermuda,AMRO,0,18860,0,165,18695
2024-01-28,BM,Bermuda,AMRO,0,18860,0,165,18695
2024-02-04,BM,Bermuda,AMRO,0,18860,0,165,18695
2024-02-11,BM,Bermuda,AMRO,0,18860,0,165,18695
2024-02-18,BM,Bermuda,AMRO,0,18860,0,165,18695
2024-02-25,BM,Bermuda,AMRO,0,18860,0,165,18695
2024-03-03,BM,Bermuda,AMRO,0,18860,0,165,18695
2024-03-10,BM,Bermuda,AMRO,0,18860,0,165,18695
2024-03-17,BM,Bermuda,AMRO,0,18860,0,165,18695
2024-03-24,BM,Bermuda,AMRO,0,18860,0,165,18695
2024-03-31,BM,Bermuda,AMRO,0,18860,0,165,18695
2024-04-07,BM,Bermuda,AMRO,0,18860,0,165,18695
2024-04-14,BM,Bermuda,AMRO,0,18860,0,165,18695
2024-04-21,BM,Bermuda,AMRO,0,18860,0,165,18695
2024-04-28,BM,Bermuda,AMRO,0,18860,0,165,18695
2024-05-05,BM,Bermuda,AMRO,0,18860,0,165,18695
2024-05-12,BM,Bermuda,AMRO,0,18860,0,165,18695
2024-05-19,BM,Bermuda,AMRO,0,18860,0,165,18695
2024-05-26,BM,Bermuda,AMRO,0,18860,0,165,18695
2024-06-02,BM,Bermuda,AMRO,0,18860,0,165,18695
2024-06-09,BM,Bermuda,AMRO,0,18860,0,165,18695
2024-06-16,BM,Bermuda,AMRO,0,18860,0,165,18695
2024-06-23,BM,Bermuda,AMRO,0,18860,0,165,18695
2024-06-30,BM,Bermuda,AMRO,0,18860,0,165,18695
2024-07-07,BM,Bermuda,AMRO,0,18860,0,165,18695
2024-07-14,BM,Bermuda,AMRO,0,18860,0,165,18695
2024-07-21,BM,Bermuda,AMRO,0,18860,0,165,18695
2024-07-28,BM,Bermuda,AMRO,0,18860,0,165,18695
2024-08-04,BM,Bermuda,AMRO,0,18860,0,165,18695
2024-08-11,BM,Bermuda,AMRO,0,18860,0,165,18695
2024-08-18,BM,Bermuda,AMRO,0,18860,0,165,18695
2024-08-25,BM,Bermuda,AMRO,0,18860,0,165,18695
2024-09-01,BM,Bermuda,AMRO,0,18860,0,165,18695
2024-09-08,BM,Bermuda,AMRO,0,18860,0,165,18695
2024-09-15,BM,Bermuda,AMRO,0,18860,0,165,18695
2024-09-22,BM,Bermuda,AMRO,0,18860,0,165,18695
2024-09-29,BM,Bermuda,AMRO,0,18860,0,165,18695
2024-10-06,BM,Bermuda,AMRO,0,18860,0,165,18695
2024-10-13,BM,Bermuda,AMRO,0,18860,0,165,18695
2024-10-20,BM,Bermuda,AMRO,0,18860,0,165,18695
2024-10-27,BM,Bermuda,AMRO,0,18860,0,165,18695
2024-11-03,BM,Bermuda,AMRO,0,18860,0,165,18695
2024-11-10,BM,Bermuda,AMRO,0,18860,0,165,18695
2024-11-17,BM,Bermuda,AMRO,0,18860,0,165,18695
2020-01-05,BT,Bhutan,SEARO,0,0,0,0,0
2020-01-12,BT,Bhutan,SEARO,0,0,0,0,0
2020-01-19,BT,Bhutan,SEARO,0,0,0,0,0
2020-01-26,BT,Bhutan,SEARO,0,0,0,0,0
2020-02-02,BT,Bhutan,SEARO,0,0,0,0,0
2020-02-09,BT,Bhutan,SEARO,0,0,0,0,0
2020-02-16,BT,Bhutan,SEARO,0,0,0,0,0
2020-02-23,BT,Bhutan,SEARO,0,0,0,0,0
2020-03-01,BT,Bhutan,SEARO,0,0,0,0,0
2020-03-08,BT,Bhutan,SEARO,1,1,0,0,1
2020-03-15,BT,Bhutan,SEARO,0,1,0,0,1
2020-03-22,BT,Bhutan,SEARO,1,2,0,0,2
2020-03-29,BT,Bhutan,SEARO,1,3,0,0,3
2020-04-05,BT,Bhutan,SEARO,2,5,0,0,5
2020-04-12,BT,Bhutan,SEARO,0,5,0,0,5
2020-04-19,BT,Bhutan,SEARO,0,5,0,0,5
2020-04-26,BT,Bhutan,SEARO,2,7,0,0,7
2020-05-03,BT,Bhutan,SEARO,0,7,0,0,7
2020-05-10,BT,Bhutan,SEARO,0,7,0,0,7
2020-05-17,BT,Bhutan,SEARO,14,21,0,0,21
2020-05-24,BT,Bhutan,SEARO,6,27,0,0,27
2020-05-31,BT,Bhutan,SEARO,16,43,0,0,43
2020-06-07,BT,Bhutan,SEARO,16,59,0,0,59
2020-06-14,BT,Bhutan,SEARO,7,66,0,0,66
2020-06-21,BT,Bhutan,SEARO,2,68,0,0,68
2020-06-28,BT,Bhutan,SEARO,8,76,0,0,76
2020-07-05,BT,Bhutan,SEARO,4,80,0,0,80
2020-07-12,BT,Bhutan,SEARO,4,84,0,0,84
2020-07-19,BT,Bhutan,SEARO,5,89,0,0,89
2020-07-26,BT,Bhutan,SEARO,6,95,0,0,95
2020-08-02,BT,Bhutan,SEARO,8,103,0,0,103
2020-08-09,BT,Bhutan,SEARO,7,110,0,0,110
2020-08-16,BT,Bhutan,SEARO,28,138,0,0,138
2020-08-23,BT,Bhutan,SEARO,17,155,0,0,155
2020-08-30,BT,Bhutan,SEARO,69,224,0,0,224
2020-09-06,BT,Bhutan,SEARO,6,230,0,0,230
2020-09-13,BT,Bhutan,SEARO,15,245,0,0,245
2020-09-20,BT,Bhutan,SEARO,16,261,0,0,261
2020-09-27,BT,Bhutan,SEARO,12,273,0,0,273
2020-10-04,BT,Bhutan,SEARO,25,298,0,0,298
2020-10-11,BT,Bhutan,SEARO,11,309,0,0,309
2020-10-18,BT,Bhutan,SEARO,16,325,0,0,325
2020-10-25,BT,Bhutan,SEARO,15,340,0,0,340
2020-11-01,BT,Bhutan,SEARO,9,349,0,0,349
2020-11-08,BT,Bhutan,SEARO,10,359,0,0,359
2020-11-15,BT,Bhutan,SEARO,16,375,0,0,375
2020-11-22,BT,Bhutan,SEARO,4,379,0,0,379
2020-11-29,BT,Bhutan,SEARO,17,396,0,0,396
2020-12-06,BT,Bhutan,SEARO,30,426,0,0,426
2020-12-13,BT,Bhutan,SEARO,11,437,0,0,437
2020-12-20,BT,Bhutan,SEARO,9,446,0,0,446
2020-12-27,BT,Bhutan,SEARO,151,597,0,0,597
2021-01-03,BT,Bhutan,SEARO,119,716,0,0,716
2021-01-10,BT,Bhutan,SEARO,97,813,1,1,812
2021-01-17,BT,Bhutan,SEARO,29,842,0,1,841
2021-01-24,BT,Bhutan,SEARO,13,855,0,1,854
2021-01-31,BT,Bhutan,SEARO,4,859,0,1,858
2021-02-07,BT,Bhutan,SEARO,2,861,0,1,860
2021-02-14,BT,Bhutan,SEARO,3,864,0,1,863
2021-02-21,BT,Bhutan,SEARO,2,866,0,1,865
2021-02-28,BT,Bhutan,SEARO,1,867,0,1,866
2021-03-07,BT,Bhutan,SEARO,1,868,0,1,867
2021-03-14,BT,Bhutan,SEARO,0,868,0,1,867
2021-03-21,BT,Bhutan,SEARO,1,869,0,1,868
2021-03-28,BT,Bhutan,SEARO,3,872,0,1,871
2021-04-04,BT,Bhutan,SEARO,19,891,0,1,890
2021-04-11,BT,Bhutan,SEARO,27,918,0,1,917
2021-04-18,BT,Bhutan,SEARO,39,957,0,1,956
2021-04-25,BT,Bhutan,SEARO,65,1022,0,1,1021
2021-05-02,BT,Bhutan,SEARO,89,1111,0,1,1110
2021-05-09,BT,Bhutan,SEARO,110,1221,0,1,1220
2021-05-16,BT,Bhutan,SEARO,65,1286,0,1,1285
2021-05-23,BT,Bhutan,SEARO,108,1394,0,1,1393
2021-05-30,BT,Bhutan,SEARO,218,1612,0,1,1611
2021-06-06,BT,Bhutan,SEARO,75,1687,0,1,1686
2021-06-13,BT,Bhutan,SEARO,126,1813,0,1,1812
2021-06-20,BT,Bhutan,SEARO,111,1924,0,1,1923
2021-06-27,BT,Bhutan,SEARO,128,2052,0,1,2051
2021-07-04,BT,Bhutan,SEARO,107,2159,0,1,2158
2021-07-11,BT,Bhutan,SEARO,116,2275,0,1,2274
2021-07-18,BT,Bhutan,SEARO,146,2421,1,2,2419
2021-07-25,BT,Bhutan,SEARO,65,2486,0,2,2484
2021-08-01,BT,Bhutan,SEARO,32,2518,0,2,2516
2021-08-08,BT,Bhutan,SEARO,26,2544,0,2,2542
2021-08-15,BT,Bhutan,SEARO,27,2571,1,3,2568
2021-08-22,BT,Bhutan,SEARO,14,2585,0,3,2582
2021-08-29,BT,Bhutan,SEARO,9,2594,0,3,2591
2021-09-05,BT,Bhutan,SEARO,2,2596,0,3,2593
2021-09-12,BT,Bhutan,SEARO,0,2596,0,3,2593
2021-09-19,BT,Bhutan,SEARO,1,2597,0,3,2594
2021-09-26,BT,Bhutan,SEARO,2,2599,0,3,2596
2021-10-03,BT,Bhutan,SEARO,9,2608,0,3,2605
2021-10-10,BT,Bhutan,SEARO,5,2613,0,3,2610
2021-10-17,BT,Bhutan,SEARO,4,2617,0,3,2614
2021-10-24,BT,Bhutan,SEARO,0,2617,0,3,2614
2021-10-31,BT,Bhutan,SEARO,4,2621,0,3,2618
2021-11-07,BT,Bhutan,SEARO,2,2623,0,3,2620
2021-11-14,BT,Bhutan,SEARO,2,2625,0,3,2622
2021-11-21,BT,Bhutan,SEARO,7,2632,0,3,2629
2021-11-28,BT,Bhutan,SEARO,8,2640,0,3,2637
2021-12-05,BT,Bhutan,SEARO,1,2641,0,3,2638
2021-12-12,BT,Bhutan,SEARO,8,2649,0,3,2646
2021-12-19,BT,Bhutan,SEARO,8,2657,0,3,2654
2021-12-26,BT,Bhutan,SEARO,3,2660,0,3,2657
2022-01-02,BT,Bhutan,SEARO,0,2660,0,3,2657
2022-01-09,BT,Bhutan,SEARO,121,2781,0,3,2778
2022-01-16,BT,Bhutan,SEARO,147,2928,0,3,2925
2022-01-23,BT,Bhutan,SEARO,721,3649,0,3,3646
2022-01-30,BT,Bhutan,SEARO,1036,4685,1,4,4681
2022-02-06,BT,Bhutan,SEARO,1407,6092,0,4,6088
2022-02-13,BT,Bhutan,SEARO,1337,7429,1,5,7424
2022-02-20,BT,Bhutan,SEARO,2649,10078,1,6,10072
2022-02-27,BT,Bhutan,SEARO,2116,12194,0,6,12188
2022-03-06,BT,Bhutan,SEARO,2604,14798,1,7,14791
2022-03-13,BT,Bhutan,SEARO,2822,17620,0,7,17613
2022-03-20,BT,Bhutan,SEARO,4384,22004,2,9,21995
2022-03-27,BT,Bhutan,SEARO,3076,25080,0,9,25071
2022-04-03,BT,Bhutan,SEARO,6357,31437,3,12,31425
2022-04-10,BT,Bhutan,SEARO,10785,42222,2,14,42208
2022-04-17,BT,Bhutan,SEARO,10574,52796,4,18,52778
2022-04-24,BT,Bhutan,SEARO,4975,57771,2,20,57751
2022-05-01,BT,Bhutan,SEARO,1448,59219,1,21,59198
2022-05-08,BT,Bhutan,SEARO,278,59497,0,21,59476
2022-05-15,BT,Bhutan,SEARO,73,59570,0,21,59549
2022-05-22,BT,Bhutan,SEARO,42,59612,0,21,59591
2022-05-29,BT,Bhutan,SEARO,13,59625,0,21,59604
2022-06-05,BT,Bhutan,SEARO,11,59636,0,21,59615
2022-06-12,BT,Bhutan,SEARO,7,59643,0,21,59622
2022-06-19,BT,Bhutan,SEARO,18,59661,0,21,59640
2022-06-26,BT,Bhutan,SEARO,48,59709,0,21,59688
2022-07-03,BT,Bhutan,SEARO,103,59812,0,21,59791
2022-07-10,BT,Bhutan,SEARO,128,59940,0,21,59919
2022-07-17,BT,Bhutan,SEARO,167,60107,0,21,60086
2022-07-24,BT,Bhutan,SEARO,261,60368,0,21,60347
2022-07-31,BT,Bhutan,SEARO,162,60530,0,21,60509
2022-08-07,BT,Bhutan,SEARO,133,60663,0,21,60642
2022-08-14,BT,Bhutan,SEARO,116,60779,0,21,60758
2022-08-21,BT,Bhutan,SEARO,119,60898,0,21,60877
2022-08-28,BT,Bhutan,SEARO,178,61076,0,21,61055
2022-09-04,BT,Bhutan,SEARO,157,61233,0,21,61212
2022-09-11,BT,Bhutan,SEARO,186,61419,0,21,61398
2022-09-18,BT,Bhutan,SEARO,311,61730,0,21,61709
2022-09-25,BT,Bhutan,SEARO,239,61969,0,21,61948
2022-10-02,BT,Bhutan,SEARO,126,62095,0,21,62074
2022-10-09,BT,Bhutan,SEARO,105,62200,0,21,62179
2022-10-16,BT,Bhutan,SEARO,48,62248,0,21,62227
2022-10-23,BT,Bhutan,SEARO,83,62331,0,21,62310
2022-10-30,BT,Bhutan,SEARO,49,62380,0,21,62359
2022-11-06,BT,Bhutan,SEARO,50,62430,0,21,62409
2022-11-13,BT,Bhutan,SEARO,30,62460,0,21,62439
2022-11-20,BT,Bhutan,SEARO,28,62488,0,21,62467
2022-11-27,BT,Bhutan,SEARO,15,62503,0,21,62482
2022-12-04,BT,Bhutan,SEARO,9,62512,0,21,62491
2022-12-11,BT,Bhutan,SEARO,9,62521,0,21,62500
2022-12-18,BT,Bhutan,SEARO,3,62524,0,21,62503
2022-12-25,BT,Bhutan,SEARO,7,62531,0,21,62510
2023-01-01,BT,Bhutan,SEARO,7,62538,0,21,62517
2023-01-08,BT,Bhutan,SEARO,13,62551,0,21,62530
2023-01-15,BT,Bhutan,SEARO,26,62577,0,21,62556
2023-01-22,BT,Bhutan,SEARO,21,62598,0,21,62577
2023-01-29,BT,Bhutan,SEARO,7,62605,0,21,62584
2023-02-05,BT,Bhutan,SEARO,3,62608,0,21,62587
2023-02-12,BT,Bhutan,SEARO,3,62611,0,21,62590
2023-02-19,BT,Bhutan,SEARO,4,62615,0,21,62594
2023-02-26,BT,Bhutan,SEARO,5,62620,0,21,62599
2023-03-05,BT,Bhutan,SEARO,7,62627,0,21,62606
2023-03-12,BT,Bhutan,SEARO,10,62637,0,21,62616
2023-03-19,BT,Bhutan,SEARO,10,62647,0,21,62626
2023-03-26,BT,Bhutan,SEARO,1,62648,0,21,62627
2023-04-02,BT,Bhutan,SEARO,1,62649,0,21,62628
2023-04-09,BT,Bhutan,SEARO,1,62650,0,21,62629
2023-04-16,BT,Bhutan,SEARO,4,62654,0,21,62633
2023-04-23,BT,Bhutan,SEARO,9,62663,0,21,62642
2023-04-30,BT,Bhutan,SEARO,3,62666,0,21,62645
2023-05-07,BT,Bhutan,SEARO,2,62668,0,21,62647
2023-05-14,BT,Bhutan,SEARO,0,62668,0,21,62647
2023-05-21,BT,Bhutan,SEARO,2,62670,0,21,62649
2023-05-28,BT,Bhutan,SEARO,1,62671,0,21,62650
2023-06-04,BT,Bhutan,SEARO,1,62672,0,21,62651
2023-06-11,BT,Bhutan,SEARO,0,62672,0,21,62651
2023-06-18,BT,Bhutan,SEARO,0,62672,0,21,62651
2023-06-25,BT,Bhutan,SEARO,1,62673,0,21,62652
2023-07-02,BT,Bhutan,SEARO,0,62673,0,21,62652
2023-07-09,BT,Bhutan,SEARO,10,62683,0,21,62662
2023-07-16,BT,Bhutan,SEARO,7,62690,0,21,62669
2023-07-23,BT,Bhutan,SEARO,0,62690,0,21,62669
2023-07-30,BT,Bhutan,SEARO,1,62691,0,21,62670
2023-08-06,BT,Bhutan,SEARO,0,62691,0,21,62670
2023-08-13,BT,Bhutan,SEARO,3,62694,0,21,62673
2023-08-20,BT,Bhutan,SEARO,0,62694,0,21,62673
2023-08-27,BT,Bhutan,SEARO,3,62697,0,21,62676
2023-09-03,BT,Bhutan,SEARO,0,62697,0,21,62676
2023-09-10,BT,Bhutan,SEARO,0,62697,0,21,62676
2023-09-17,BT,Bhutan,SEARO,0,62697,0,21,62676
2023-09-24,BT,Bhutan,SEARO,0,62697,0,21,62676
2023-10-01,BT,Bhutan,SEARO,0,62697,0,21,62676
2023-10-08,BT,Bhutan,SEARO,0,62697,0,21,62676
2023-10-15,BT,Bhutan,SEARO,0,62697,0,21,62676
2023-10-22,BT,Bhutan,SEARO,0,62697,0,21,62676
2023-10-29,BT,Bhutan,SEARO,0,62697,0,21,62676
2023-11-05,BT,Bhutan,SEARO,0,62697,0,21,62676
2023-11-12,BT,Bhutan,SEARO,0,62697,0,21,62676
2023-11-19,BT,Bhutan,SEARO,0,62697,0,21,62676
2023-11-26,BT,Bhutan,SEARO,0,62697,0,21,62676
2023-12-03,BT,Bhutan,SEARO,0,62697,0,21,62676
2023-12-10,BT,Bhutan,SEARO,0,62697,0,21,62676
2023-12-17,BT,Bhutan,SEARO,0,62697,0,21,62676
2023-12-24,BT,Bhutan,SEARO,0,62697,0,21,62676
2023-12-31,BT,Bhutan,SEARO,0,62697,0,21,62676
2024-01-07,BT,Bhutan,SEARO,0,62697,0,21,62676
2024-01-14,BT,Bhutan,SEARO,0,62697,0,21,62676
2024-01-21,BT,Bhutan,SEARO,0,62697,0,21,62676
2024-01-28,BT,Bhutan,SEARO,0,62697,0,21,62676
2024-02-04,BT,Bhutan,SEARO,0,62697,0,21,62676
2024-02-11,BT,Bhutan,SEARO,0,62697,0,21,62676
2024-02-18,BT,Bhutan,SEARO,0,62697,0,21,62676
2024-02-25,BT,Bhutan,SEARO,0,62697,0,21,62676
2024-03-03,BT,Bhutan,SEARO,0,62697,0,21,62676
2024-03-10,BT,Bhutan,SEARO,0,62697,0,21,62676
2024-03-17,BT,Bhutan,SEARO,0,62697,0,21,62676
2024-03-24,BT,Bhutan,SEARO,0,62697,0,21,62676
2024-03-31,BT,Bhutan,SEARO,0,62697,0,21,62676
2024-04-07,BT,Bhutan,SEARO,0,62697,0,21,62676
2024-04-14,BT,Bhutan,SEARO,0,62697,0,21,62676
2024-04-21,BT,Bhutan,SEARO,0,62697,0,21,62676
2024-04-28,BT,Bhutan,SEARO,0,62697,0,21,62676
2024-05-05,BT,Bhutan,SEARO,0,62697,0,21,62676
2024-05-12,BT,Bhutan,SEARO,0,62697,0,21,62676
2024-05-19,BT,Bhutan,SEARO,0,62697,0,21,62676
2024-05-26,BT,Bhutan,SEARO,0,62697,0,21,62676
2024-06-02,BT,Bhutan,SEARO,0,62697,0,21,62676
2024-06-09,BT,Bhutan,SEARO,0,62697,0,21,62676
2024-06-16,BT,Bhutan,SEARO,0,62697,0,21,62676
2024-06-23,BT,Bhutan,SEARO,0,62697,0,21,62676
2024-06-30,BT,Bhutan,SEARO,0,62697,0,21,62676
2024-07-07,BT,Bhutan,SEARO,0,62697,0,21,62676
2024-07-14,BT,Bhutan,SEARO,0,62697,0,21,62676
2024-07-21,BT,Bhutan,SEARO,0,62697,0,21,62676
2024-07-28,BT,Bhutan,SEARO,0,62697,0,21,62676
2024-08-04,BT,Bhutan,SEARO,0,62697,0,21,62676
2024-08-11,BT,Bhutan,SEARO,0,62697,0,21,62676
2024-08-18,BT,Bhutan,SEARO,0,62697,0,21,62676
2024-08-25,BT,Bhutan,SEARO,0,62697,0,21,62676
2024-09-01,BT,Bhutan,SEARO,0,62697,0,21,62676
2024-09-08,BT,Bhutan,SEARO,0,62697,0,21,62676
2024-09-15,BT,Bhutan,SEARO,0,62697,0,21,62676
2024-09-22,BT,Bhutan,SEARO,0,62697,0,21,62676
2024-09-29,BT,Bhutan,SEARO,0,62697,0,21,62676
2024-10-06,BT,Bhutan,SEARO,0,62697,0,21,62676
2024-10-13,BT,Bhutan,SEARO,0,62697,0,21,62676
2024-10-20,BT,Bhutan,SEARO,0,62697,0,21,62676
2024-10-27,BT,Bhutan,SEARO,0,62697,0,21,62676
2024-11-03,BT,Bhutan,SEARO,0,62697,0,21,62676
2024-11-10,BT,Bhutan,SEARO,0,62697,0,21,62676
2024-11-17,BT,Bhutan,SEARO,0,62697,0,21,62676
2020-01-05,BO,Bolivia (Plurinational State of),AMRO,0,0,0,0,0
2020-01-12,BO,Bolivia (Plurinational State of),AMRO,0,0,0,0,0
2020-01-19,BO,Bolivia (Plurinational State of),AMRO,0,0,0,0,0
2020-01-26,BO,Bolivia (Plurinational State of),AMRO,0,0,0,0,0
2020-02-02,BO,Bolivia (Plurinational State of),AMRO,0,0,0,0,0
2020-02-09,BO,Bolivia (Plurinational State of),AMRO,0,0,0,0,0
2020-02-16,BO,Bolivia (Plurinational State of),AMRO,0,0,0,0,0
2020-02-23,BO,Bolivia (Plurinational State of),AMRO,0,0,0,0,0
2020-03-01,BO,Bolivia (Plurinational State of),AMRO,0,0,0,0,0
2020-03-08,BO,Bolivia (Plurinational State of),AMRO,0,0,0,0,0
2020-03-15,BO,Bolivia (Plurinational State of),AMRO,10,10,0,0,10
2020-03-22,BO,Bolivia (Plurinational State of),AMRO,9,19,0,0,19
2020-03-29,BO,Bolivia (Plurinational State of),AMRO,71,90,0,0,90
2020-04-05,BO,Bolivia (Plurinational State of),AMRO,49,139,10,10,129
2020-04-12,BO,Bolivia (Plurinational State of),AMRO,136,275,10,20,255
2020-04-19,BO,Bolivia (Plurinational State of),AMRO,218,493,11,31,462
2020-04-26,BO,Bolivia (Plurinational State of),AMRO,314,807,13,44,763
2020-05-03,BO,Bolivia (Plurinational State of),AMRO,422,1229,22,66,1163
2020-05-10,BO,Bolivia (Plurinational State of),AMRO,1037,2266,40,106,2160
2020-05-17,BO,Bolivia (Plurinational State of),AMRO,1311,3577,58,164,3413
2020-05-24,BO,Bolivia (Plurinational State of),AMRO,2002,5579,66,230,5349
2020-05-31,BO,Bolivia (Plurinational State of),AMRO,3152,8731,70,300,8431
2020-06-07,BO,Bolivia (Plurinational State of),AMRO,3997,12728,127,427,12301
2020-06-14,BO,Bolivia (Plurinational State of),AMRO,4201,16929,132,559,16370
2020-06-21,BO,Bolivia (Plurinational State of),AMRO,5547,22476,156,715,21761
2020-06-28,BO,Bolivia (Plurinational State of),AMRO,6947,29423,219,934,28489
2020-07-05,BO,Bolivia (Plurinational State of),AMRO,7395,36818,386,1320,35498
2020-07-12,BO,Bolivia (Plurinational State of),AMRO,8747,45565,382,1702,43863
2020-07-19,BO,Bolivia (Plurinational State of),AMRO,10537,56102,347,2049,54053
2020-07-26,BO,Bolivia (Plurinational State of),AMRO,10354,66456,424,2473,63983
2020-08-02,BO,Bolivia (Plurinational State of),AMRO,10333,76789,504,2977,73812
2020-08-09,BO,Bolivia (Plurinational State of),AMRO,11102,87891,547,3524,84367
2020-08-16,BO,Bolivia (Plurinational State of),AMRO,10059,97950,415,3939,94011
2020-08-23,BO,Bolivia (Plurinational State of),AMRO,9485,107435,427,4366,103069
2020-08-30,BO,Bolivia (Plurinational State of),AMRO,6974,114409,480,4846,109563
2020-09-06,BO,Bolivia (Plurinational State of),AMRO,5171,119580,497,5343,114237
2020-09-13,BO,Bolivia (Plurinational State of),AMRO,5592,125172,1907,7250,117922
2020-09-20,BO,Bolivia (Plurinational State of),AMRO,4879,130051,300,7550,122501
2020-09-27,BO,Bolivia (Plurinational State of),AMRO,3171,133222,250,7800,125422
2020-10-04,BO,Bolivia (Plurinational State of),AMRO,2997,136219,245,8045,128174
2020-10-11,BO,Bolivia (Plurinational State of),AMRO,2007,138226,217,8262,129964
2020-10-18,BO,Bolivia (Plurinational State of),AMRO,1336,139562,177,8439,131123
2020-10-25,BO,Bolivia (Plurinational State of),AMRO,1050,140612,169,8608,132004
2020-11-01,BO,Bolivia (Plurinational State of),AMRO,1019,141631,107,8715,132916
2020-11-08,BO,Bolivia (Plurinational State of),AMRO,712,142343,66,8781,133562
2020-11-15,BO,Bolivia (Plurinational State of),AMRO,726,143069,54,8835,134234
2020-11-22,BO,Bolivia (Plurinational State of),AMRO,785,143854,65,8900,134954
2020-11-29,BO,Bolivia (Plurinational State of),AMRO,640,144494,43,8943,135551
2020-12-06,BO,Bolivia (Plurinational State of),AMRO,831,145325,44,8987,136338
2020-12-13,BO,Bolivia (Plurinational State of),AMRO,1372,146697,26,9013,137684
2020-12-20,BO,Bolivia (Plurinational State of),AMRO,2452,149149,20,9033,140116
2020-12-27,BO,Bolivia (Plurinational State of),AMRO,4441,153590,50,9083,144507
2021-01-03,BO,Bolivia (Plurinational State of),AMRO,7395,160985,92,9175,151810
2021-01-10,BO,Bolivia (Plurinational State of),AMRO,10169,171154,153,9328,161826
2021-01-17,BO,Bolivia (Plurinational State of),AMRO,12435,183589,243,9571,174018
2021-01-24,BO,Bolivia (Plurinational State of),AMRO,14668,198257,300,9871,188386
2021-01-31,BO,Bolivia (Plurinational State of),AMRO,15135,213392,355,10226,203166
2021-02-07,BO,Bolivia (Plurinational State of),AMRO,12518,225910,461,10687,215223
2021-02-14,BO,Bolivia (Plurinational State of),AMRO,9188,235098,420,11107,223991
2021-02-21,BO,Bolivia (Plurinational State of),AMRO,5578,240676,283,11390,229286
2021-02-28,BO,Bolivia (Plurinational State of),AMRO,7215,247891,219,11609,236282
2021-03-07,BO,Bolivia (Plurinational State of),AMRO,5406,253297,180,11789,241508
2021-03-14,BO,Bolivia (Plurinational State of),AMRO,5027,258324,114,11903,246421
2021-03-21,BO,Bolivia (Plurinational State of),AMRO,5484,263808,138,12041,251767
2021-03-28,BO,Bolivia (Plurinational State of),AMRO,4903,268711,102,12143,256568
2021-04-04,BO,Bolivia (Plurinational State of),AMRO,5236,273947,162,12305,261642
2021-04-11,BO,Bolivia (Plurinational State of),AMRO,6702,280649,123,12428,268221
2021-04-18,BO,Bolivia (Plurinational State of),AMRO,6711,287360,197,12625,274735
2021-04-25,BO,Bolivia (Plurinational State of),AMRO,8532,295892,158,12783,283109
2021-05-02,BO,Bolivia (Plurinational State of),AMRO,9702,305594,192,12975,292619
2021-05-09,BO,Bolivia (Plurinational State of),AMRO,10559,316153,207,13182,302971
2021-05-16,BO,Bolivia (Plurinational State of),AMRO,13580,329733,269,13451,316282
2021-05-23,BO,Bolivia (Plurinational State of),AMRO,16337,346070,406,13857,332213
2021-05-30,BO,Bolivia (Plurinational State of),AMRO,18500,364570,520,14377,350193
2021-06-06,BO,Bolivia (Plurinational State of),AMRO,18887,383457,523,14900,368557
2021-06-13,BO,Bolivia (Plurinational State of),AMRO,19834,403291,517,15417,387874
2021-06-20,BO,Bolivia (Plurinational State of),AMRO,16022,419313,592,16009,403304
2021-06-27,BO,Bolivia (Plurinational State of),AMRO,12047,431360,487,16496,414864
2021-07-04,BO,Bolivia (Plurinational State of),AMRO,11524,442884,383,16879,426005
2021-07-11,BO,Bolivia (Plurinational State of),AMRO,9792,452676,294,17173,435503
2021-07-18,BO,Bolivia (Plurinational State of),AMRO,8142,460818,233,17406,443412
2021-07-25,BO,Bolivia (Plurinational State of),AMRO,6525,467343,207,17613,449730
2021-08-01,BO,Bolivia (Plurinational State of),AMRO,5470,472813,193,17806,455007
2021-08-08,BO,Bolivia (Plurinational State of),AMRO,4449,477262,153,17959,459303
2021-08-15,BO,Bolivia (Plurinational State of),AMRO,4369,481631,193,18152,463479
2021-08-22,BO,Bolivia (Plurinational State of),AMRO,4295,485926,117,18269,467657
2021-08-29,BO,Bolivia (Plurinational State of),AMRO,3007,488933,102,18371,470562
2021-09-05,BO,Bolivia (Plurinational State of),AMRO,3287,492220,126,18497,473723
2021-09-12,BO,Bolivia (Plurinational State of),AMRO,2444,494664,71,18568,476096
2021-09-19,BO,Bolivia (Plurinational State of),AMRO,2036,496700,80,18648,478052
2021-09-26,BO,Bolivia (Plurinational State of),AMRO,1895,498595,48,18696,479899
2021-10-03,BO,Bolivia (Plurinational State of),AMRO,2228,500823,54,18750,482073
2021-10-10,BO,Bolivia (Plurinational State of),AMRO,2609,503432,39,18789,484643
2021-10-17,BO,Bolivia (Plurinational State of),AMRO,2718,506150,35,18824,487326
2021-10-24,BO,Bolivia (Plurinational State of),AMRO,3126,509276,72,18896,490380
2021-10-31,BO,Bolivia (Plurinational State of),AMRO,3836,513112,28,18924,494188
2021-11-07,BO,Bolivia (Plurinational State of),AMRO,4117,517229,36,18960,498269
2021-11-14,BO,Bolivia (Plurinational State of),AMRO,5301,522530,44,19004,503526
2021-11-21,BO,Bolivia (Plurinational State of),AMRO,5877,528407,47,19051,509356
2021-11-28,BO,Bolivia (Plurinational State of),AMRO,6708,535115,86,19137,515978
2021-12-05,BO,Bolivia (Plurinational State of),AMRO,5754,540869,68,19205,521664
2021-12-12,BO,Bolivia (Plurinational State of),AMRO,10647,551516,100,19305,532211
2021-12-19,BO,Bolivia (Plurinational State of),AMRO,11122,562638,103,19408,543230
2021-12-26,BO,Bolivia (Plurinational State of),AMRO,12609,575247,122,19530,555717
2022-01-02,BO,Bolivia (Plurinational State of),AMRO,24506,599753,150,19680,580073
2022-01-09,BO,Bolivia (Plurinational State of),AMRO,53066,652819,208,19888,632931
2022-01-16,BO,Bolivia (Plurinational State of),AMRO,72640,725459,261,20149,705310
2022-01-23,BO,Bolivia (Plurinational State of),AMRO,79218,804677,421,20570,784107
2022-01-30,BO,Bolivia (Plurinational State of),AMRO,37080,841757,254,20824,820933
2022-02-06,BO,Bolivia (Plurinational State of),AMRO,28135,869892,278,21102,848790
2022-02-13,BO,Bolivia (Plurinational State of),AMRO,13490,883382,182,21284,862098
2022-02-20,BO,Bolivia (Plurinational State of),AMRO,6129,889511,88,21372,868139
2022-02-27,BO,Bolivia (Plurinational State of),AMRO,2340,891851,34,21406,870445
2022-03-06,BO,Bolivia (Plurinational State of),AMRO,2700,894551,49,21455,873096
2022-03-13,BO,Bolivia (Plurinational State of),AMRO,2834,897385,18,21473,875912
2022-03-20,BO,Bolivia (Plurinational State of),AMRO,2312,899697,9,21482,878215
2022-03-27,BO,Bolivia (Plurinational State of),AMRO,1595,901292,5,21487,879805
2022-04-03,BO,Bolivia (Plurinational State of),AMRO,1156,902448,409,21896,880552
2022-04-10,BO,Bolivia (Plurinational State of),AMRO,858,903306,3,21899,881407
2022-04-17,BO,Bolivia (Plurinational State of),AMRO,582,903888,4,21903,881985
2022-04-24,BO,Bolivia (Plurinational State of),AMRO,324,904212,3,21906,882306
2022-05-01,BO,Bolivia (Plurinational State of),AMRO,671,904883,4,21910,882973
2022-05-08,BO,Bolivia (Plurinational State of),AMRO,472,905355,15,21925,883430
2022-05-15,BO,Bolivia (Plurinational State of),AMRO,465,905820,1,21926,883894
2022-05-22,BO,Bolivia (Plurinational State of),AMRO,1193,907013,17,21943,885070
2022-05-29,BO,Bolivia (Plurinational State of),AMRO,1370,908383,4,21947,886436
2022-06-05,BO,Bolivia (Plurinational State of),AMRO,1250,909633,1,21948,887685
2022-06-12,BO,Bolivia (Plurinational State of),AMRO,2002,911635,2,21950,889685
2022-06-19,BO,Bolivia (Plurinational State of),AMRO,2617,914252,1,21951,892301
2022-06-26,BO,Bolivia (Plurinational State of),AMRO,5485,919737,1,21952,897785
2022-07-03,BO,Bolivia (Plurinational State of),AMRO,8713,928450,3,21955,906495
2022-07-10,BO,Bolivia (Plurinational State of),AMRO,13857,942307,9,21964,920343
2022-07-17,BO,Bolivia (Plurinational State of),AMRO,14322,956629,13,21977,934652
2022-07-24,BO,Bolivia (Plurinational State of),AMRO,40986,997615,36,22013,975602
2022-07-31,BO,Bolivia (Plurinational State of),AMRO,34408,1032023,40,22053,1009970
2022-08-07,BO,Bolivia (Plurinational State of),AMRO,28461,1060484,36,22089,1038395
2022-08-14,BO,Bolivia (Plurinational State of),AMRO,16331,1076815,31,22120,1054695
2022-08-21,BO,Bolivia (Plurinational State of),AMRO,14653,1091468,47,22167,1069301
2022-08-28,BO,Bolivia (Plurinational State of),AMRO,7566,1099034,24,22191,1076843
2022-09-04,BO,Bolivia (Plurinational State of),AMRO,4522,1103556,14,22205,1081351
2022-09-11,BO,Bolivia (Plurinational State of),AMRO,2256,1105812,11,22216,1083596
2022-09-18,BO,Bolivia (Plurinational State of),AMRO,1237,1107049,11,22227,1084822
2022-09-25,BO,Bolivia (Plurinational State of),AMRO,733,1107782,5,22232,1085550
2022-10-02,BO,Bolivia (Plurinational State of),AMRO,480,1108262,5,22237,1086025
2022-10-09,BO,Bolivia (Plurinational State of),AMRO,386,1108648,0,22237,1086411
2022-10-16,BO,Bolivia (Plurinational State of),AMRO,300,1108948,0,22237,1086711
2022-10-23,BO,Bolivia (Plurinational State of),AMRO,264,1109212,2,22239,1086973
2022-10-30,BO,Bolivia (Plurinational State of),AMRO,205,1109417,0,22239,1087178
2022-11-06,BO,Bolivia (Plurinational State of),AMRO,164,1109581,1,22240,1087341
2022-11-13,BO,Bolivia (Plurinational State of),AMRO,182,1109763,3,22243,1087520
2022-11-20,BO,Bolivia (Plurinational State of),AMRO,407,1110170,1,22244,1087926
2022-11-27,BO,Bolivia (Plurinational State of),AMRO,438,1110608,1,22245,1088363
2022-12-04,BO,Bolivia (Plurinational State of),AMRO,1038,1111646,3,22248,1089398
2022-12-11,BO,Bolivia (Plurinational State of),AMRO,5786,1117432,5,22253,1095179
2022-12-18,BO,Bolivia (Plurinational State of),AMRO,10152,1127584,9,22262,1105322
2022-12-25,BO,Bolivia (Plurinational State of),AMRO,19157,1146741,18,22280,1124461
2023-01-01,BO,Bolivia (Plurinational State of),AMRO,14277,1161018,19,22299,1138719
2023-01-08,BO,Bolivia (Plurinational State of),AMRO,9349,1170367,19,22318,1148049
2023-01-15,BO,Bolivia (Plurinational State of),AMRO,8133,1178500,11,22329,1156171
2023-01-22,BO,Bolivia (Plurinational State of),AMRO,5205,1183705,13,22342,1161363
2023-01-29,BO,Bolivia (Plurinational State of),AMRO,3387,1187092,3,22345,1164747
2023-02-05,BO,Bolivia (Plurinational State of),AMRO,2365,1189457,7,22352,1167105
2023-02-12,BO,Bolivia (Plurinational State of),AMRO,1461,1190918,2,22354,1168564
2023-02-19,BO,Bolivia (Plurinational State of),AMRO,974,1191892,5,22359,1169533
2023-02-26,BO,Bolivia (Plurinational State of),AMRO,804,1192696,5,22364,1170332
2023-03-05,BO,Bolivia (Plurinational State of),AMRO,1119,1193815,1,22365,1171450
2023-03-12,BO,Bolivia (Plurinational State of),AMRO,572,1194387,1,22366,1172021
2023-03-19,BO,Bolivia (Plurinational State of),AMRO,677,1195064,2,22368,1172696
2023-03-26,BO,Bolivia (Plurinational State of),AMRO,457,1195521,4,22372,1173149
2023-04-02,BO,Bolivia (Plurinational State of),AMRO,359,1195880,2,22374,1173506
2023-04-09,BO,Bolivia (Plurinational State of),AMRO,0,1195880,0,22374,1173506
2023-04-16,BO,Bolivia (Plurinational State of),AMRO,536,1196416,1,22375,1174041
2023-04-23,BO,Bolivia (Plurinational State of),AMRO,403,1196819,1,22376,1174443
2023-04-30,BO,Bolivia (Plurinational State of),AMRO,420,1197239,1,22377,1174862
2023-05-07,BO,Bolivia (Plurinational State of),AMRO,411,1197650,3,22380,1175270
2023-05-14,BO,Bolivia (Plurinational State of),AMRO,333,1197983,2,22382,1175601
2023-05-21,BO,Bolivia (Plurinational State of),AMRO,380,1198363,0,22382,1175981
2023-05-28,BO,Bolivia (Plurinational State of),AMRO,436,1198799,1,22383,1176416
2023-06-04,BO,Bolivia (Plurinational State of),AMRO,557,1199356,0,22383,1176973
2023-06-11,BO,Bolivia (Plurinational State of),AMRO,691,1200047,0,22383,1177664
2023-06-18,BO,Bolivia (Plurinational State of),AMRO,779,1200826,0,22383,1178443
2023-06-25,BO,Bolivia (Plurinational State of),AMRO,1158,1201984,0,22383,1179601
2023-07-02,BO,Bolivia (Plurinational State of),AMRO,1105,1203089,0,22383,1180706
2023-07-09,BO,Bolivia (Plurinational State of),AMRO,1019,1204108,0,22383,1181725
2023-07-16,BO,Bolivia (Plurinational State of),AMRO,903,1205011,0,22383,1182628
2023-07-23,BO,Bolivia (Plurinational State of),AMRO,742,1205753,0,22383,1183370
2023-07-30,BO,Bolivia (Plurinational State of),AMRO,551,1206304,0,22383,1183921
2023-08-06,BO,Bolivia (Plurinational State of),AMRO,459,1206763,0,22383,1184380
2023-08-13,BO,Bolivia (Plurinational State of),AMRO,364,1207127,0,22383,1184744
2023-08-20,BO,Bolivia (Plurinational State of),AMRO,296,1207423,0,22383,1185040
2023-08-27,BO,Bolivia (Plurinational State of),AMRO,284,1207707,0,22383,1185324
2023-09-03,BO,Bolivia (Plurinational State of),AMRO,286,1207993,0,22383,1185610
2023-09-10,BO,Bolivia (Plurinational State of),AMRO,266,1208259,0,22383,1185876
2023-09-17,BO,Bolivia (Plurinational State of),AMRO,191,1208450,0,22383,1186067
2023-09-24,BO,Bolivia (Plurinational State of),AMRO,161,1208611,0,22383,1186228
2023-10-01,BO,Bolivia (Plurinational State of),AMRO,200,1208811,0,22383,1186428
2023-10-08,BO,Bolivia (Plurinational State of),AMRO,163,1208974,0,22383,1186591
2023-10-15,BO,Bolivia (Plurinational State of),AMRO,174,1209148,1,22384,1186764
2023-10-22,BO,Bolivia (Plurinational State of),AMRO,175,1209323,0,22384,1186939
2023-10-29,BO,Bolivia (Plurinational State of),AMRO,193,1209516,1,22385,1187131
2023-11-05,BO,Bolivia (Plurinational State of),AMRO,179,1209695,0,22385,1187310
2023-11-12,BO,Bolivia (Plurinational State of),AMRO,168,1209863,0,22385,1187478
2023-11-19,BO,Bolivia (Plurinational State of),AMRO,150,1210013,0,22385,1187628
2023-11-26,BO,Bolivia (Plurinational State of),AMRO,162,1210175,0,22385,1187790
2023-12-03,BO,Bolivia (Plurinational State of),AMRO,163,1210338,0,22385,1187953
2023-12-10,BO,Bolivia (Plurinational State of),AMRO,195,1210533,0,22385,1188148
2023-12-17,BO,Bolivia (Plurinational State of),AMRO,280,1210813,0,22385,1188428
2023-12-24,BO,Bolivia (Plurinational State of),AMRO,459,1211272,0,22385,1188887
2023-12-31,BO,Bolivia (Plurinational State of),AMRO,824,1212096,0,22385,1189711
2024-01-07,BO,Bolivia (Plurinational State of),AMRO,12,1212108,1,22386,1189722
2024-01-14,BO,Bolivia (Plurinational State of),AMRO,9,1212117,0,22386,1189731
2024-01-21,BO,Bolivia (Plurinational State of),AMRO,7,1212124,0,22386,1189738
2024-01-28,BO,Bolivia (Plurinational State of),AMRO,4,1212128,0,22386,1189742
2024-02-04,BO,Bolivia (Plurinational State of),AMRO,6,1212134,0,22386,1189748
2024-02-11,BO,Bolivia (Plurinational State of),AMRO,3,1212137,1,22387,1189750
2024-02-18,BO,Bolivia (Plurinational State of),AMRO,0,1212137,0,22387,1189750
2024-02-25,BO,Bolivia (Plurinational State of),AMRO,1,1212138,0,22387,1189751
2024-03-03,BO,Bolivia (Plurinational State of),AMRO,2,1212140,0,22387,1189753
2024-03-10,BO,Bolivia (Plurinational State of),AMRO,0,1212140,0,22387,1189753
2024-03-17,BO,Bolivia (Plurinational State of),AMRO,0,1212140,0,22387,1189753
2024-03-24,BO,Bolivia (Plurinational State of),AMRO,0,1212140,0,22387,1189753
2024-03-31,BO,Bolivia (Plurinational State of),AMRO,1,1212141,0,22387,1189754
2024-04-07,BO,Bolivia (Plurinational State of),AMRO,1,1212142,0,22387,1189755
2024-04-14,BO,Bolivia (Plurinational State of),AMRO,1,1212143,0,22387,1189756
2024-04-21,BO,Bolivia (Plurinational State of),AMRO,0,1212143,0,22387,1189756
2024-04-28,BO,Bolivia (Plurinational State of),AMRO,0,1212143,0,22387,1189756
2024-05-05,BO,Bolivia (Plurinational State of),AMRO,0,1212143,0,22387,1189756
2024-05-12,BO,Bolivia (Plurinational State of),AMRO,0,1212143,0,22387,1189756
2024-05-19,BO,Bolivia (Plurinational State of),AMRO,0,1212143,0,22387,1189756
2024-05-26,BO,Bolivia (Plurinational State of),AMRO,1,1212144,0,22387,1189757
2024-06-02,BO,Bolivia (Plurinational State of),AMRO,0,1212144,0,22387,1189757
2024-06-09,BO,Bolivia (Plurinational State of),AMRO,0,1212144,0,22387,1189757
2024-06-16,BO,Bolivia (Plurinational State of),AMRO,0,1212144,0,22387,1189757
2024-06-23,BO,Bolivia (Plurinational State of),AMRO,1,1212145,0,22387,1189758
2024-06-30,BO,Bolivia (Plurinational State of),AMRO,0,1212145,0,22387,1189758
2024-07-07,BO,Bolivia (Plurinational State of),AMRO,0,1212145,0,22387,1189758
2024-07-14,BO,Bolivia (Plurinational State of),AMRO,1,1212146,0,22387,1189759
2024-07-21,BO,Bolivia (Plurinational State of),AMRO,0,1212146,0,22387,1189759
2024-07-28,BO,Bolivia (Plurinational State of),AMRO,1,1212147,0,22387,1189760
2024-08-04,BO,Bolivia (Plurinational State of),AMRO,2,1212149,0,22387,1189762
2024-08-11,BO,Bolivia (Plurinational State of),AMRO,1,1212150,0,22387,1189763
2024-08-18,BO,Bolivia (Plurinational State of),AMRO,1,1212151,0,22387,1189764
2024-08-25,BO,Bolivia (Plurinational State of),AMRO,2,1212153,0,22387,1189766
2024-09-01,BO,Bolivia (Plurinational State of),AMRO,0,1212153,0,22387,1189766
2024-09-08,BO,Bolivia (Plurinational State of),AMRO,1,1212154,0,22387,1189767
2024-09-15,BO,Bolivia (Plurinational State of),AMRO,1,1212155,0,22387,1189768
2024-09-22,BO,Bolivia (Plurinational State of),AMRO,0,1212155,0,22387,1189768
2024-09-29,BO,Bolivia (Plurinational State of),AMRO,0,1212155,0,22387,1189768
2024-10-06,BO,Bolivia (Plurinational State of),AMRO,0,1212155,0,22387,1189768
2024-10-13,BO,Bolivia (Plurinational State of),AMRO,0,1212155,0,22387,1189768
2024-10-20,BO,Bolivia (Plurinational State of),AMRO,0,1212155,0,22387,1189768
2024-10-27,BO,Bolivia (Plurinational State of),AMRO,1,1212156,0,22387,1189769
2024-11-03,BO,Bolivia (Plurinational State of),AMRO,0,1212156,0,22387,1189769
2024-11-10,BO,Bolivia (Plurinational State of),AMRO,0,1212156,0,22387,1189769
2024-11-17,BO,Bolivia (Plurinational State of),AMRO,0,1212156,0,22387,1189769
2020-01-05,BQ,"Bonaire, Saint Eustatius and Saba",AMRO,0,0,0,0,0
2020-01-12,BQ,"Bonaire, Saint Eustatius and Saba",AMRO,0,0,0,0,0
2020-01-19,BQ,"Bonaire, Saint Eustatius and Saba",AMRO,0,0,0,0,0
2020-01-26,BQ,"Bonaire, Saint Eustatius and Saba",AMRO,0,0,0,0,0
2020-02-02,BQ,"Bonaire, Saint Eustatius and Saba",AMRO,0,0,0,0,0
2020-02-09,BQ,"Bonaire, Saint Eustatius and Saba",AMRO,0,0,0,0,0
2020-02-16,BQ,"Bonaire, Saint Eustatius and Saba",AMRO,0,0,0,0,0
2020-02-23,BQ,"Bonaire, Saint Eustatius and Saba",AMRO,0,0,0,0,0
2020-03-01,BQ,"Bonaire, Saint Eustatius and Saba",AMRO,0,0,0,0,0
2020-03-08,BQ,"Bonaire, Saint Eustatius and Saba",AMRO,0,0,0,0,0
2020-03-15,BQ,"Bonaire, Saint Eustatius and Saba",AMRO,0,0,0,0,0
2020-03-22,BQ,"Bonaire, Saint Eustatius and Saba",AMRO,0,0,0,0,0
2020-03-29,BQ,"Bonaire, Saint Eustatius and Saba",AMRO,0,0,0,0,0
2020-04-05,BQ,"Bonaire, Saint Eustatius and Saba",AMRO,2,2,0,0,2
2020-04-12,BQ,"Bonaire, Saint Eustatius and Saba",AMRO,1,3,0,0,3
2020-04-19,BQ,"Bonaire, Saint Eustatius and Saba",AMRO,2,5,0,0,5
2020-04-26,BQ,"Bonaire, Saint Eustatius and Saba",AMRO,0,5,0,0,5
2020-05-03,BQ,"Bonaire, Saint Eustatius and Saba",AMRO,1,6,0,0,6
2020-05-10,BQ,"Bonaire, Saint Eustatius and Saba",AMRO,0,6,0,0,6
2020-05-17,BQ,"Bonaire, Saint Eustatius and Saba",AMRO,0,6,0,0,6
2020-05-24,BQ,"Bonaire, Saint Eustatius and Saba",AMRO,0,6,0,0,6
2020-05-31,BQ,"Bonaire, Saint Eustatius and Saba",AMRO,1,7,0,0,7
2020-06-07,BQ,"Bonaire, Saint Eustatius and Saba",AMRO,0,7,0,0,7
2020-06-14,BQ,"Bonaire, Saint Eustatius and Saba",AMRO,0,7,0,0,7
2020-06-21,BQ,"Bonaire, Saint Eustatius and Saba",AMRO,0,7,0,0,7
2020-06-28,BQ,"Bonaire, Saint Eustatius and Saba",AMRO,0,7,0,0,7
2020-07-05,BQ,"Bonaire, Saint Eustatius and Saba",AMRO,0,7,0,0,7
2020-07-12,BQ,"Bonaire, Saint Eustatius and Saba",AMRO,0,7,0,0,7
2020-07-19,BQ,"Bonaire, Saint Eustatius and Saba",AMRO,3,10,0,0,10
2020-07-26,BQ,"Bonaire, Saint Eustatius and Saba",AMRO,1,11,0,0,11
2020-08-02,BQ,"Bonaire, Saint Eustatius and Saba",AMRO,0,11,0,0,11
2020-08-09,BQ,"Bonaire, Saint Eustatius and Saba",AMRO,2,13,0,0,13
2020-08-16,BQ,"Bonaire, Saint Eustatius and Saba",AMRO,0,13,0,0,13
2020-08-23,BQ,"Bonaire, Saint Eustatius and Saba",AMRO,0,13,0,0,13
2020-08-30,BQ,"Bonaire, Saint Eustatius and Saba",AMRO,2,15,0,0,15
2020-09-06,BQ,"Bonaire, Saint Eustatius and Saba",AMRO,3,18,0,0,18
2020-09-13,BQ,"Bonaire, Saint Eustatius and Saba",AMRO,7,25,0,0,25
2020-09-20,BQ,"Bonaire, Saint Eustatius and Saba",AMRO,11,36,1,1,35
2020-09-27,BQ,"Bonaire, Saint Eustatius and Saba",AMRO,49,85,0,1,84
2020-10-04,BQ,"Bonaire, Saint Eustatius and Saba",AMRO,36,121,0,1,120
2020-10-11,BQ,"Bonaire, Saint Eustatius and Saba",AMRO,27,148,1,2,146
2020-10-18,BQ,"Bonaire, Saint Eustatius and Saba",AMRO,2,150,0,2,148
2020-10-25,BQ,"Bonaire, Saint Eustatius and Saba",AMRO,0,150,1,3,147
2020-11-01,BQ,"Bonaire, Saint Eustatius and Saba",AMRO,3,153,0,3,150
2020-11-08,BQ,"Bonaire, Saint Eustatius and Saba",AMRO,1,154,0,3,151
2020-11-15,BQ,"Bonaire, Saint Eustatius and Saba",AMRO,1,155,0,3,152
2020-11-22,BQ,"Bonaire, Saint Eustatius and Saba",AMRO,3,158,0,3,155
2020-11-29,BQ,"Bonaire, Saint Eustatius and Saba",AMRO,3,161,0,3,158
2020-12-06,BQ,"Bonaire, Saint Eustatius and Saba",AMRO,2,163,0,3,160
2020-12-13,BQ,"Bonaire, Saint Eustatius and Saba",AMRO,10,173,0,3,170
2020-12-20,BQ,"Bonaire, Saint Eustatius and Saba",AMRO,4,177,0,3,174
2020-12-27,BQ,"Bonaire, Saint Eustatius and Saba",AMRO,5,182,0,3,179
2021-01-03,BQ,"Bonaire, Saint Eustatius and Saba",AMRO,7,189,0,3,186
2021-01-10,BQ,"Bonaire, Saint Eustatius and Saba",AMRO,89,278,0,3,275
2021-01-17,BQ,"Bonaire, Saint Eustatius and Saba",AMRO,75,353,0,3,350
2021-01-24,BQ,"Bonaire, Saint Eustatius and Saba",AMRO,23,376,0,3,373
2021-01-31,BQ,"Bonaire, Saint Eustatius and Saba",AMRO,12,388,0,3,385
2021-02-07,BQ,"Bonaire, Saint Eustatius and Saba",AMRO,4,392,0,3,389
2021-02-14,BQ,"Bonaire, Saint Eustatius and Saba",AMRO,6,398,1,4,394
2021-02-21,BQ,"Bonaire, Saint Eustatius and Saba",AMRO,15,413,0,4,409
2021-02-28,BQ,"Bonaire, Saint Eustatius and Saba",AMRO,19,432,0,4,428
2021-03-07,BQ,"Bonaire, Saint Eustatius and Saba",AMRO,49,481,1,5,476
2021-03-14,BQ,"Bonaire, Saint Eustatius and Saba",AMRO,178,659,1,6,653
2021-03-21,BQ,"Bonaire, Saint Eustatius and Saba",AMRO,286,945,0,6,939
2021-03-28,BQ,"Bonaire, Saint Eustatius and Saba",AMRO,302,1247,4,10,1237
2021-04-04,BQ,"Bonaire, Saint Eustatius and Saba",AMRO,164,1411,1,11,1400
2021-04-11,BQ,"Bonaire, Saint Eustatius and Saba",AMRO,90,1501,3,14,1487
2021-04-18,BQ,"Bonaire, Saint Eustatius and Saba",AMRO,36,1537,0,14,1523
2021-04-25,BQ,"Bonaire, Saint Eustatius and Saba",AMRO,16,1553,1,15,1538
2021-05-02,BQ,"Bonaire, Saint Eustatius and Saba",AMRO,4,1557,1,16,1541
2021-05-09,BQ,"Bonaire, Saint Eustatius and Saba",AMRO,17,1574,0,16,1558
2021-05-16,BQ,"Bonaire, Saint Eustatius and Saba",AMRO,17,1591,1,17,1574
2021-05-23,BQ,"Bonaire, Saint Eustatius and Saba",AMRO,16,1607,0,17,1590
2021-05-30,BQ,"Bonaire, Saint Eustatius and Saba",AMRO,5,1612,0,17,1595
2021-06-06,BQ,"Bonaire, Saint Eustatius and Saba",AMRO,4,1616,0,17,1599
2021-06-13,BQ,"Bonaire, Saint Eustatius and Saba",AMRO,2,1618,0,17,1601
2021-06-20,BQ,"Bonaire, Saint Eustatius and Saba",AMRO,12,1630,0,17,1613
2021-06-27,BQ,"Bonaire, Saint Eustatius and Saba",AMRO,6,1636,0,17,1619
2021-07-04,BQ,"Bonaire, Saint Eustatius and Saba",AMRO,15,1651,0,17,1634
2021-07-11,BQ,"Bonaire, Saint Eustatius and Saba",AMRO,4,1655,0,17,1638
2021-07-18,BQ,"Bonaire, Saint Eustatius and Saba",AMRO,13,1668,0,17,1651
2021-07-25,BQ,"Bonaire, Saint Eustatius and Saba",AMRO,22,1690,0,17,1673
2021-08-01,BQ,"Bonaire, Saint Eustatius and Saba",AMRO,15,1705,0,17,1688
2021-08-08,BQ,"Bonaire, Saint Eustatius and Saba",AMRO,10,1715,0,17,1698
2021-08-15,BQ,"Bonaire, Saint Eustatius and Saba",AMRO,23,1738,0,17,1721
2021-08-22,BQ,"Bonaire, Saint Eustatius and Saba",AMRO,29,1767,0,17,1750
2021-08-29,BQ,"Bonaire, Saint Eustatius and Saba",AMRO,16,1783,0,17,1766
2021-09-05,BQ,"Bonaire, Saint Eustatius and Saba",AMRO,18,1801,0,17,1784
2021-09-12,BQ,"Bonaire, Saint Eustatius and Saba",AMRO,94,1895,0,17,1878
2021-09-19,BQ,"Bonaire, Saint Eustatius and Saba",AMRO,61,1956,0,17,1939
2021-09-26,BQ,"Bonaire, Saint Eustatius and Saba",AMRO,42,1998,1,18,1980
2021-10-03,BQ,"Bonaire, Saint Eustatius and Saba",AMRO,101,2099,2,20,2079
2021-10-10,BQ,"Bonaire, Saint Eustatius and Saba",AMRO,105,2204,0,20,2184
2021-10-17,BQ,"Bonaire, Saint Eustatius and Saba",AMRO,102,2306,-1,19,2287
2021-10-24,BQ,"Bonaire, Saint Eustatius and Saba",AMRO,67,2373,0,19,2354
2021-10-31,BQ,"Bonaire, Saint Eustatius and Saba",AMRO,38,2411,0,19,2392
2021-11-07,BQ,"Bonaire, Saint Eustatius and Saba",AMRO,64,2475,0,19,2456
2021-11-14,BQ,"Bonaire, Saint Eustatius and Saba",AMRO,109,2584,2,21,2563
2021-11-21,BQ,"Bonaire, Saint Eustatius and Saba",AMRO,86,2670,0,21,2649
2021-11-28,BQ,"Bonaire, Saint Eustatius and Saba",AMRO,156,2826,1,22,2804
2021-12-05,BQ,"Bonaire, Saint Eustatius and Saba",AMRO,172,2998,0,22,2976
2021-12-12,BQ,"Bonaire, Saint Eustatius and Saba",AMRO,112,3110,0,22,3088
2021-12-19,BQ,"Bonaire, Saint Eustatius and Saba",AMRO,67,3177,0,22,3155
2021-12-26,BQ,"Bonaire, Saint Eustatius and Saba",AMRO,62,3239,0,22,3217
2022-01-02,BQ,"Bonaire, Saint Eustatius and Saba",AMRO,186,3425,1,23,3402
2022-01-09,BQ,"Bonaire, Saint Eustatius and Saba",AMRO,687,4112,0,23,4089
2022-01-16,BQ,"Bonaire, Saint Eustatius and Saba",AMRO,1041,5153,2,25,5128
2022-01-23,BQ,"Bonaire, Saint Eustatius and Saba",AMRO,919,6072,2,27,6045
2022-01-30,BQ,"Bonaire, Saint Eustatius and Saba",AMRO,778,6850,0,27,6823
2022-02-06,BQ,"Bonaire, Saint Eustatius and Saba",AMRO,296,7146,2,29,7117
2022-02-13,BQ,"Bonaire, Saint Eustatius and Saba",AMRO,228,7374,2,31,7343
2022-02-20,BQ,"Bonaire, Saint Eustatius and Saba",AMRO,124,7498,0,31,7467
2022-02-27,BQ,"Bonaire, Saint Eustatius and Saba",AMRO,84,7582,0,31,7551
2022-03-06,BQ,"Bonaire, Saint Eustatius and Saba",AMRO,40,7622,0,31,7591
2022-03-13,BQ,"Bonaire, Saint Eustatius and Saba",AMRO,11,7633,0,31,7602
2022-03-20,BQ,"Bonaire, Saint Eustatius and Saba",AMRO,20,7653,0,31,7622
2022-03-27,BQ,"Bonaire, Saint Eustatius and Saba",AMRO,386,8039,0,31,8008
2022-04-03,BQ,"Bonaire, Saint Eustatius and Saba",AMRO,150,8189,0,31,8158
2022-04-10,BQ,"Bonaire, Saint Eustatius and Saba",AMRO,694,8883,2,33,8850
2022-04-17,BQ,"Bonaire, Saint Eustatius and Saba",AMRO,161,9044,0,33,9011
2022-04-24,BQ,"Bonaire, Saint Eustatius and Saba",AMRO,547,9591,1,34,9557
2022-05-01,BQ,"Bonaire, Saint Eustatius and Saba",AMRO,154,9745,0,34,9711
2022-05-08,BQ,"Bonaire, Saint Eustatius and Saba",AMRO,89,9834,0,34,9800
2022-05-15,BQ,"Bonaire, Saint Eustatius and Saba",AMRO,109,9943,1,35,9908
2022-05-22,BQ,"Bonaire, Saint Eustatius and Saba",AMRO,75,10018,0,35,9983
2022-05-29,BQ,"Bonaire, Saint Eustatius and Saba",AMRO,58,10076,0,35,10041
2022-06-05,BQ,"Bonaire, Saint Eustatius and Saba",AMRO,47,10123,0,35,10088
2022-06-12,BQ,"Bonaire, Saint Eustatius and Saba",AMRO,71,10194,1,36,10158
2022-06-19,BQ,"Bonaire, Saint Eustatius and Saba",AMRO,55,10249,0,36,10213
2022-06-26,BQ,"Bonaire, Saint Eustatius and Saba",AMRO,71,10320,1,37,10283
2022-07-03,BQ,"Bonaire, Saint Eustatius and Saba",AMRO,85,10405,0,37,10368
2022-07-10,BQ,"Bonaire, Saint Eustatius and Saba",AMRO,27,10432,0,37,10395
2022-07-17,BQ,"Bonaire, Saint Eustatius and Saba",AMRO,123,10555,0,37,10518
2022-07-24,BQ,"Bonaire, Saint Eustatius and Saba",AMRO,183,10738,0,37,10701
2022-07-31,BQ,"Bonaire, Saint Eustatius and Saba",AMRO,96,10834,0,37,10797
2022-08-07,BQ,"Bonaire, Saint Eustatius and Saba",AMRO,63,10897,0,37,10860
2022-08-14,BQ,"Bonaire, Saint Eustatius and Saba",AMRO,102,10999,0,37,10962
2022-08-21,BQ,"Bonaire, Saint Eustatius and Saba",AMRO,92,11091,0,37,11054
2022-08-28,BQ,"Bonaire, Saint Eustatius and Saba",AMRO,82,11173,1,38,11135
2022-09-04,BQ,"Bonaire, Saint Eustatius and Saba",AMRO,57,11230,0,38,11192
2022-09-11,BQ,"Bonaire, Saint Eustatius and Saba",AMRO,49,11279,0,38,11241
2022-09-18,BQ,"Bonaire, Saint Eustatius and Saba",AMRO,27,11306,0,38,11268
2022-09-25,BQ,"Bonaire, Saint Eustatius and Saba",AMRO,17,11323,0,38,11285
2022-10-02,BQ,"Bonaire, Saint Eustatius and Saba",AMRO,22,11345,0,38,11307
2022-10-09,BQ,"Bonaire, Saint Eustatius and Saba",AMRO,21,11366,0,38,11328
2022-10-16,BQ,"Bonaire, Saint Eustatius and Saba",AMRO,29,11395,0,38,11357
2022-10-23,BQ,"Bonaire, Saint Eustatius and Saba",AMRO,32,11427,0,38,11389
2022-10-30,BQ,"Bonaire, Saint Eustatius and Saba",AMRO,23,11450,0,38,11412
2022-11-06,BQ,"Bonaire, Saint Eustatius and Saba",AMRO,17,11467,0,38,11429
2022-11-13,BQ,"Bonaire, Saint Eustatius and Saba",AMRO,23,11490,0,38,11452
2022-11-20,BQ,"Bonaire, Saint Eustatius and Saba",AMRO,26,11516,0,38,11478
2022-11-27,BQ,"Bonaire, Saint Eustatius and Saba",AMRO,28,11544,0,38,11506
2022-12-04,BQ,"Bonaire, Saint Eustatius and Saba",AMRO,11,11555,0,38,11517
2022-12-11,BQ,"Bonaire, Saint Eustatius and Saba",AMRO,41,11596,0,38,11558
2022-12-18,BQ,"Bonaire, Saint Eustatius and Saba",AMRO,65,11661,0,38,11623
2022-12-25,BQ,"Bonaire, Saint Eustatius and Saba",AMRO,55,11716,1,39,11677
2023-01-01,BQ,"Bonaire, Saint Eustatius and Saba",AMRO,0,11716,1,40,11676
2023-01-08,BQ,"Bonaire, Saint Eustatius and Saba",AMRO,48,11764,1,41,11723
2023-01-15,BQ,"Bonaire, Saint Eustatius and Saba",AMRO,12,11776,0,41,11735
2023-01-22,BQ,"Bonaire, Saint Eustatius and Saba",AMRO,3,11779,0,41,11738
2023-01-29,BQ,"Bonaire, Saint Eustatius and Saba",AMRO,4,11783,0,41,11742
2023-02-05,BQ,"Bonaire, Saint Eustatius and Saba",AMRO,11,11794,0,41,11753
2023-02-12,BQ,"Bonaire, Saint Eustatius and Saba",AMRO,3,11797,0,41,11756
2023-02-19,BQ,"Bonaire, Saint Eustatius and Saba",AMRO,2,11799,0,41,11758
2023-02-26,BQ,"Bonaire, Saint Eustatius and Saba",AMRO,5,11804,0,41,11763
2023-03-05,BQ,"Bonaire, Saint Eustatius and Saba",AMRO,7,11811,0,41,11770
2023-03-12,BQ,"Bonaire, Saint Eustatius and Saba",AMRO,0,11811,0,41,11770
2023-03-19,BQ,"Bonaire, Saint Eustatius and Saba",AMRO,1,11812,0,41,11771
2023-03-26,BQ,"Bonaire, Saint Eustatius and Saba",AMRO,35,11847,0,41,11806
2023-04-02,BQ,"Bonaire, Saint Eustatius and Saba",AMRO,38,11885,0,41,11844
2023-04-09,BQ,"Bonaire, Saint Eustatius and Saba",AMRO,0,11885,0,41,11844
2023-04-16,BQ,"Bonaire, Saint Eustatius and Saba",AMRO,0,11885,0,41,11844
2023-04-23,BQ,"Bonaire, Saint Eustatius and Saba",AMRO,0,11885,0,41,11844
2023-04-30,BQ,"Bonaire, Saint Eustatius and Saba",AMRO,0,11885,0,41,11844
2023-05-07,BQ,"Bonaire, Saint Eustatius and Saba",AMRO,24,11909,0,41,11868
2023-05-14,BQ,"Bonaire, Saint Eustatius and Saba",AMRO,0,11909,0,41,11868
2023-05-21,BQ,"Bonaire, Saint Eustatius and Saba",AMRO,0,11909,0,41,11868
2023-05-28,BQ,"Bonaire, Saint Eustatius and Saba",AMRO,0,11909,0,41,11868
2023-06-04,BQ,"Bonaire, Saint Eustatius and Saba",AMRO,12,11921,0,41,11880
2023-06-11,BQ,"Bonaire, Saint Eustatius and Saba",AMRO,0,11921,0,41,11880
2023-06-18,BQ,"Bonaire, Saint Eustatius and Saba",AMRO,0,11921,0,41,11880
2023-06-25,BQ,"Bonaire, Saint Eustatius and Saba",AMRO,0,11921,0,41,11880
2023-07-02,BQ,"Bonaire, Saint Eustatius and Saba",AMRO,0,11921,0,41,11880
2023-07-09,BQ,"Bonaire, Saint Eustatius and Saba",AMRO,1,11922,0,41,11881
2023-07-16,BQ,"Bonaire, Saint Eustatius and Saba",AMRO,0,11922,0,41,11881
2023-07-23,BQ,"Bonaire, Saint Eustatius and Saba",AMRO,0,11922,0,41,11881
2023-07-30,BQ,"Bonaire, Saint Eustatius and Saba",AMRO,0,11922,0,41,11881
2023-08-06,BQ,"Bonaire, Saint Eustatius and Saba",AMRO,0,11922,0,41,11881
2023-08-13,BQ,"Bonaire, Saint Eustatius and Saba",AMRO,0,11922,0,41,11881
2023-08-20,BQ,"Bonaire, Saint Eustatius and Saba",AMRO,0,11922,0,41,11881
2023-08-27,BQ,"Bonaire, Saint Eustatius and Saba",AMRO,0,11922,0,41,11881
2023-09-03,BQ,"Bonaire, Saint Eustatius and Saba",AMRO,0,11922,0,41,11881
2023-09-10,BQ,"Bonaire, Saint Eustatius and Saba",AMRO,0,11922,0,41,11881
2023-09-17,BQ,"Bonaire, Saint Eustatius and Saba",AMRO,0,11922,0,41,11881
2023-09-24,BQ,"Bonaire, Saint Eustatius and Saba",AMRO,0,11922,0,41,11881
2023-10-01,BQ,"Bonaire, Saint Eustatius and Saba",AMRO,0,11922,0,41,11881
2023-10-08,BQ,"Bonaire, Saint Eustatius and Saba",AMRO,0,11922,0,41,11881
2023-10-15,BQ,"Bonaire, Saint Eustatius and Saba",AMRO,0,11922,0,41,11881
2023-10-22,BQ,"Bonaire, Saint Eustatius and Saba",AMRO,0,11922,0,41,11881
2023-10-29,BQ,"Bonaire, Saint Eustatius and Saba",AMRO,0,11922,0,41,11881
2023-11-05,BQ,"Bonaire, Saint Eustatius and Saba",AMRO,0,11922,0,41,11881
2023-11-12,BQ,"Bonaire, Saint Eustatius and Saba",AMRO,0,11922,0,41,11881
2023-11-19,BQ,"Bonaire, Saint Eustatius and Saba",AMRO,0,11922,0,41,11881
2023-11-26,BQ,"Bonaire, Saint Eustatius and Saba",AMRO,0,11922,0,41,11881
2023-12-03,BQ,"Bonaire, Saint Eustatius and Saba",AMRO,0,11922,0,41,11881
2023-12-10,BQ,"Bonaire, Saint Eustatius and Saba",AMRO,0,11922,0,41,11881
2023-12-17,BQ,"Bonaire, Saint Eustatius and Saba",AMRO,0,11922,0,41,11881
2023-12-24,BQ,"Bonaire, Saint Eustatius and Saba",AMRO,0,11922,0,41,11881
2023-12-31,BQ,"Bonaire, Saint Eustatius and Saba",AMRO,0,11922,0,41,11881
2024-01-07,BQ,"Bonaire, Saint Eustatius and Saba",AMRO,0,11922,0,41,11881
2024-01-14,BQ,"Bonaire, Saint Eustatius and Saba",AMRO,0,11922,0,41,11881
2024-01-21,BQ,"Bonaire, Saint Eustatius and Saba",AMRO,0,11922,0,41,11881
2024-01-28,BQ,"Bonaire, Saint Eustatius and Saba",AMRO,0,11922,0,41,11881
2024-02-04,BQ,"Bonaire, Saint Eustatius and Saba",AMRO,0,11922,0,41,11881
2024-02-11,BQ,"Bonaire, Saint Eustatius and Saba",AMRO,0,11922,0,41,11881
2024-02-18,BQ,"Bonaire, Saint Eustatius and Saba",AMRO,0,11922,0,41,11881
2024-02-25,BQ,"Bonaire, Saint Eustatius and Saba",AMRO,0,11922,0,41,11881
2024-03-03,BQ,"Bonaire, Saint Eustatius and Saba",AMRO,0,11922,0,41,11881
2024-03-10,BQ,"Bonaire, Saint Eustatius and Saba",AMRO,0,11922,0,41,11881
2024-03-17,BQ,"Bonaire, Saint Eustatius and Saba",AMRO,0,11922,0,41,11881
2024-03-24,BQ,"Bonaire, Saint Eustatius and Saba",AMRO,0,11922,0,41,11881
2024-03-31,BQ,"Bonaire, Saint Eustatius and Saba",AMRO,0,11922,0,41,11881
2024-04-07,BQ,"Bonaire, Saint Eustatius and Saba",AMRO,0,11922,0,41,11881
2024-04-14,BQ,"Bonaire, Saint Eustatius and Saba",AMRO,0,11922,0,41,11881
2024-04-21,BQ,"Bonaire, Saint Eustatius and Saba",AMRO,0,11922,0,41,11881
2024-04-28,BQ,"Bonaire, Saint Eustatius and Saba",AMRO,0,11922,0,41,11881
2024-05-05,BQ,"Bonaire, Saint Eustatius and Saba",AMRO,0,11922,0,41,11881
2024-05-12,BQ,"Bonaire, Saint Eustatius and Saba",AMRO,0,11922,0,41,11881
2024-05-19,BQ,"Bonaire, Saint Eustatius and Saba",AMRO,0,11922,0,41,11881
2024-05-26,BQ,"Bonaire, Saint Eustatius and Saba",AMRO,0,11922,0,41,11881
2024-06-02,BQ,"Bonaire, Saint Eustatius and Saba",AMRO,0,11922,0,41,11881
2024-06-09,BQ,"Bonaire, Saint Eustatius and Saba",AMRO,0,11922,0,41,11881
2024-06-16,BQ,"Bonaire, Saint Eustatius and Saba",AMRO,0,11922,0,41,11881
2024-06-23,BQ,"Bonaire, Saint Eustatius and Saba",AMRO,0,11922,0,41,11881
2024-06-30,BQ,"Bonaire, Saint Eustatius and Saba",AMRO,0,11922,0,41,11881
2024-07-07,BQ,"Bonaire, Saint Eustatius and Saba",AMRO,0,11922,0,41,11881
2024-07-14,BQ,"Bonaire, Saint Eustatius and Saba",AMRO,0,11922,0,41,11881
2024-07-21,BQ,"Bonaire, Saint Eustatius and Saba",AMRO,0,11922,0,41,11881
2024-07-28,BQ,"Bonaire, Saint Eustatius and Saba",AMRO,0,11922,0,41,11881
2024-08-04,BQ,"Bonaire, Saint Eustatius and Saba",AMRO,0,11922,0,41,11881
2024-08-11,BQ,"Bonaire, Saint Eustatius and Saba",AMRO,0,11922,0,41,11881
2024-08-18,BQ,"Bonaire, Saint Eustatius and Saba",AMRO,0,11922,0,41,11881
2024-08-25,BQ,"Bonaire, Saint Eustatius and Saba",AMRO,0,11922,0,41,11881
2024-09-01,BQ,"Bonaire, Saint Eustatius and Saba",AMRO,0,11922,0,41,11881
2024-09-08,BQ,"Bonaire, Saint Eustatius and Saba",AMRO,0,11922,0,41,11881
2024-09-15,BQ,"Bonaire, Saint Eustatius and Saba",AMRO,0,11922,0,41,11881
2024-09-22,BQ,"Bonaire, Saint Eustatius and Saba",AMRO,0,11922,0,41,11881
2024-09-29,BQ,"Bonaire, Saint Eustatius and Saba",AMRO,0,11922,0,41,11881
2024-10-06,BQ,"Bonaire, Saint Eustatius and Saba",AMRO,0,11922,0,41,11881
2024-10-13,BQ,"Bonaire, Saint Eustatius and Saba",AMRO,0,11922,0,41,11881
2024-10-20,BQ,"Bonaire, Saint Eustatius and Saba",AMRO,0,11922,0,41,11881
2024-10-27,BQ,"Bonaire, Saint Eustatius and Saba",AMRO,0,11922,0,41,11881
2024-11-03,BQ,"Bonaire, Saint Eustatius and Saba",AMRO,0,11922,0,41,11881
2024-11-10,BQ,"Bonaire, Saint Eustatius and Saba",AMRO,0,11922,0,41,11881
2024-11-17,BQ,"Bonaire, Saint Eustatius and Saba",AMRO,0,11922,0,41,11881
2020-01-05,BA,Bosnia and Herzegovina,EURO,0,0,0,0,0
2020-01-12,BA,Bosnia and Herzegovina,EURO,0,0,0,0,0
2020-01-19,BA,Bosnia and Herzegovina,EURO,0,0,0,0,0
2020-01-26,BA,Bosnia and Herzegovina,EURO,0,0,0,0,0
2020-02-02,BA,Bosnia and Herzegovina,EURO,0,0,0,0,0
2020-02-09,BA,Bosnia and Herzegovina,EURO,0,0,0,0,0
2020-02-16,BA,Bosnia and Herzegovina,EURO,0,0,0,0,0
2020-02-23,BA,Bosnia and Herzegovina,EURO,0,0,0,0,0
2020-03-01,BA,Bosnia and Herzegovina,EURO,0,0,0,0,0
2020-03-08,BA,Bosnia and Herzegovina,EURO,2,2,0,0,2
2020-03-15,BA,Bosnia and Herzegovina,EURO,11,13,0,0,13
2020-03-22,BA,Bosnia and Herzegovina,EURO,112,125,1,1,124
2020-03-29,BA,Bosnia and Herzegovina,EURO,193,318,5,6,312
2020-04-05,BA,Bosnia and Herzegovina,EURO,301,619,15,21,598
2020-04-12,BA,Bosnia and Herzegovina,EURO,316,935,16,37,898
2020-04-19,BA,Bosnia and Herzegovina,EURO,333,1268,10,47,1221
2020-04-26,BA,Bosnia and Herzegovina,EURO,218,1486,10,57,1429
2020-05-03,BA,Bosnia and Herzegovina,EURO,353,1839,15,72,1767
2020-05-10,BA,Bosnia and Herzegovina,EURO,251,2090,30,102,1988
2020-05-17,BA,Bosnia and Herzegovina,EURO,177,2267,27,129,2138
2020-05-24,BA,Bosnia and Herzegovina,EURO,124,2391,12,141,2250
2020-05-31,BA,Bosnia and Herzegovina,EURO,103,2494,12,153,2341
2020-06-07,BA,Bosnia and Herzegovina,EURO,152,2646,6,159,2487
2020-06-14,BA,Bosnia and Herzegovina,EURO,247,2893,4,163,2730
2020-06-21,BA,Bosnia and Herzegovina,EURO,454,3347,7,170,3177
2020-06-28,BA,Bosnia and Herzegovina,EURO,751,4098,10,180,3918
2020-07-05,BA,Bosnia and Herzegovina,EURO,1152,5250,13,193,5057
2020-07-12,BA,Bosnia and Herzegovina,EURO,1470,6720,26,219,6501
2020-07-19,BA,Bosnia and Herzegovina,EURO,1444,8164,29,248,7916
2020-07-26,BA,Bosnia and Herzegovina,EURO,1888,10052,37,285,9767
2020-08-02,BA,Bosnia and Herzegovina,EURO,1824,11876,54,339,11537
2020-08-09,BA,Bosnia and Herzegovina,EURO,2213,14089,63,402,13687
2020-08-16,BA,Bosnia and Herzegovina,EURO,1701,15790,69,471,15319
2020-08-23,BA,Bosnia and Herzegovina,EURO,1924,17714,60,531,17183
2020-08-30,BA,Bosnia and Herzegovina,EURO,1836,19550,63,594,18956
2020-09-06,BA,Bosnia and Herzegovina,EURO,1889,21439,57,651,20788
2020-09-13,BA,Bosnia and Herzegovina,EURO,1700,23139,39,690,22449
2020-09-20,BA,Bosnia and Herzegovina,EURO,2078,25217,68,758,24459
2020-09-27,BA,Bosnia and Herzegovina,EURO,1582,26799,57,815,25984
2020-10-04,BA,Bosnia and Herzegovina,EURO,1438,28237,62,877,27360
2020-10-11,BA,Bosnia and Herzegovina,EURO,2108,30345,50,927,29418
2020-10-18,BA,Bosnia and Herzegovina,EURO,3212,33557,55,982,32575
2020-10-25,BA,Bosnia and Herzegovina,EURO,6201,39758,89,1071,38687
2020-11-01,BA,Bosnia and Herzegovina,EURO,10332,50090,163,1234,48856
2020-11-08,BA,Bosnia and Herzegovina,EURO,11122,61212,256,1490,59722
2020-11-15,BA,Bosnia and Herzegovina,EURO,9688,70900,367,1857,69043
2020-11-22,BA,Bosnia and Herzegovina,EURO,8409,79309,392,2249,77060
2020-11-29,BA,Bosnia and Herzegovina,EURO,7401,86710,327,2576,84134
2020-12-06,BA,Bosnia and Herzegovina,EURO,7058,93768,346,2922,90846
2020-12-13,BA,Bosnia and Herzegovina,EURO,6538,100306,376,3298,97008
2020-12-20,BA,Bosnia and Herzegovina,EURO,5218,105524,327,3625,101899
2020-12-27,BA,Bosnia and Herzegovina,EURO,3806,109330,298,3923,105407
2021-01-03,BA,Bosnia and Herzegovina,EURO,3015,112345,177,4100,108245
2021-01-10,BA,Bosnia and Herzegovina,EURO,3034,115379,205,4305,111074
2021-01-17,BA,Bosnia and Herzegovina,EURO,2414,117793,144,4449,113344
2021-01-24,BA,Bosnia and Herzegovina,EURO,2047,119840,120,4569,115271
2021-01-31,BA,Bosnia and Herzegovina,EURO,2051,121891,127,4696,117195
2021-02-07,BA,Bosnia and Herzegovina,EURO,1813,123704,95,4791,118913
2021-02-14,BA,Bosnia and Herzegovina,EURO,1938,125642,101,4892,120750
2021-02-21,BA,Bosnia and Herzegovina,EURO,2407,128049,103,4995,123054
2021-02-28,BA,Bosnia and Herzegovina,EURO,3641,131690,93,5088,126602
2021-03-07,BA,Bosnia and Herzegovina,EURO,4808,136498,159,5247,131251
2021-03-14,BA,Bosnia and Herzegovina,EURO,6720,143218,241,5488,137730
2021-03-21,BA,Bosnia and Herzegovina,EURO,9536,152754,329,5817,146937
2021-03-28,BA,Bosnia and Herzegovina,EURO,11121,163875,461,6278,157597
2021-04-04,BA,Bosnia and Herzegovina,EURO,10971,174846,507,6785,168061
2021-04-11,BA,Bosnia and Herzegovina,EURO,8279,183125,555,7340,175785
2021-04-18,BA,Bosnia and Herzegovina,EURO,7171,190296,479,7819,182477
2021-04-25,BA,Bosnia and Herzegovina,EURO,5175,195471,405,8224,187247
2021-05-02,BA,Bosnia and Herzegovina,EURO,3361,198832,337,8561,190271
2021-05-09,BA,Bosnia and Herzegovina,EURO,2157,200989,232,8793,192196
2021-05-16,BA,Bosnia and Herzegovina,EURO,1324,202313,196,8989,193324
2021-05-23,BA,Bosnia and Herzegovina,EURO,940,203253,110,9099,194154
2021-05-30,BA,Bosnia and Herzegovina,EURO,685,203938,105,9204,194734
2021-06-06,BA,Bosnia and Herzegovina,EURO,422,204360,173,9377,194983
2021-06-13,BA,Bosnia and Herzegovina,EURO,283,204643,93,9470,195173
2021-06-20,BA,Bosnia and Herzegovina,EURO,199,204842,146,9616,195226
2021-06-27,BA,Bosnia and Herzegovina,EURO,125,204967,22,9638,195329
2021-07-04,BA,Bosnia and Herzegovina,EURO,91,205058,11,9649,195409
2021-07-11,BA,Bosnia and Herzegovina,EURO,110,205168,7,9656,195512
2021-07-18,BA,Bosnia and Herzegovina,EURO,133,205301,12,9668,195633
2021-07-25,BA,Bosnia and Herzegovina,EURO,158,205459,7,9675,195784
2021-08-01,BA,Bosnia and Herzegovina,EURO,263,205722,14,9689,196033
2021-08-08,BA,Bosnia and Herzegovina,EURO,494,206216,2,9691,196525
2021-08-15,BA,Bosnia and Herzegovina,EURO,1120,207336,17,9708,197628
2021-08-22,BA,Bosnia and Herzegovina,EURO,2197,209533,16,9724,199809
2021-08-29,BA,Bosnia and Herzegovina,EURO,3351,212884,61,9785,203099
2021-09-05,BA,Bosnia and Herzegovina,EURO,3931,216815,88,9873,206942
2021-09-12,BA,Bosnia and Herzegovina,EURO,4729,221544,143,10016,211528
2021-09-19,BA,Bosnia and Herzegovina,EURO,5280,226824,203,10219,216605
2021-09-26,BA,Bosnia and Herzegovina,EURO,4781,231605,224,10443,221162
2021-10-03,BA,Bosnia and Herzegovina,EURO,4813,236418,212,10655,225763
2021-10-10,BA,Bosnia and Herzegovina,EURO,4394,240812,232,10887,229925
2021-10-17,BA,Bosnia and Herzegovina,EURO,3777,244589,251,11138,233451
2021-10-24,BA,Bosnia and Herzegovina,EURO,4101,248690,208,11346,237344
2021-10-31,BA,Bosnia and Herzegovina,EURO,5067,253757,182,11528,242229
2021-11-07,BA,Bosnia and Herzegovina,EURO,5476,259233,239,11767,247466
2021-11-14,BA,Bosnia and Herzegovina,EURO,5329,264562,218,11985,252577
2021-11-21,BA,Bosnia and Herzegovina,EURO,4669,269231,253,12238,256993
2021-11-28,BA,Bosnia and Herzegovina,EURO,4386,273617,241,12479,261138
2021-12-05,BA,Bosnia and Herzegovina,EURO,4464,278081,235,12714,265367
2021-12-12,BA,Bosnia and Herzegovina,EURO,3438,281519,219,12933,268586
2021-12-19,BA,Bosnia and Herzegovina,EURO,3249,284768,202,13135,271633
2021-12-26,BA,Bosnia and Herzegovina,EURO,2948,287716,148,13283,274433
2022-01-02,BA,Bosnia and Herzegovina,EURO,4421,292137,177,13460,278677
2022-01-09,BA,Bosnia and Herzegovina,EURO,8337,300474,145,13605,286869
2022-01-16,BA,Bosnia and Herzegovina,EURO,14469,314943,152,13757,301186
2022-01-23,BA,Bosnia and Herzegovina,EURO,17250,332193,248,14005,318188
2022-01-30,BA,Bosnia and Herzegovina,EURO,13819,346012,340,14345,331667
2022-02-06,BA,Bosnia and Herzegovina,EURO,9907,355919,352,14697,341222
2022-02-13,BA,Bosnia and Herzegovina,EURO,7897,363816,316,15013,348803
2022-02-20,BA,Bosnia and Herzegovina,EURO,4488,368304,256,15269,353035
2022-02-27,BA,Bosnia and Herzegovina,EURO,2660,370964,151,15420,355544
2022-03-06,BA,Bosnia and Herzegovina,EURO,1364,372328,138,15558,356770
2022-03-13,BA,Bosnia and Herzegovina,EURO,947,373275,60,15618,357657
2022-03-20,BA,Bosnia and Herzegovina,EURO,892,374167,49,15667,358500
2022-03-27,BA,Bosnia and Herzegovina,EURO,706,374873,36,15703,359170
2022-04-03,BA,Bosnia and Herzegovina,EURO,792,375665,15,15718,359947
2022-04-10,BA,Bosnia and Herzegovina,EURO,446,376111,14,15732,360379
2022-04-17,BA,Bosnia and Herzegovina,EURO,372,376483,19,15751,360732
2022-04-24,BA,Bosnia and Herzegovina,EURO,308,376791,9,15760,361031
2022-05-01,BA,Bosnia and Herzegovina,EURO,320,377111,5,15765,361346
2022-05-08,BA,Bosnia and Herzegovina,EURO,212,377323,3,15768,361555
2022-05-15,BA,Bosnia and Herzegovina,EURO,234,377557,11,15779,361778
2022-05-22,BA,Bosnia and Herzegovina,EURO,172,377729,4,15783,361946
2022-05-29,BA,Bosnia and Herzegovina,EURO,137,377866,4,15787,362079
2022-06-05,BA,Bosnia and Herzegovina,EURO,113,377979,1,15788,362191
2022-06-12,BA,Bosnia and Herzegovina,EURO,110,378089,5,15793,362296
2022-06-19,BA,Bosnia and Herzegovina,EURO,138,378227,3,15796,362431
2022-06-26,BA,Bosnia and Herzegovina,EURO,230,378457,3,15799,362658
2022-07-03,BA,Bosnia and Herzegovina,EURO,388,378845,7,15806,363039
2022-07-10,BA,Bosnia and Herzegovina,EURO,829,379674,3,15809,363865
2022-07-17,BA,Bosnia and Herzegovina,EURO,1258,380932,8,15817,365115
2022-07-24,BA,Bosnia and Herzegovina,EURO,2248,383180,11,15828,367352
2022-07-31,BA,Bosnia and Herzegovina,EURO,2562,385742,36,15864,369878
2022-08-07,BA,Bosnia and Herzegovina,EURO,2416,388158,44,15908,372250
2022-08-14,BA,Bosnia and Herzegovina,EURO,2847,391005,35,15943,375062
2022-08-21,BA,Bosnia and Herzegovina,EURO,2478,393483,40,15983,377500
2022-08-28,BA,Bosnia and Herzegovina,EURO,1833,395316,45,16028,379288
2022-09-04,BA,Bosnia and Herzegovina,EURO,1086,396402,34,16062,380340
2022-09-11,BA,Bosnia and Herzegovina,EURO,813,397215,28,16090,381125
2022-09-18,BA,Bosnia and Herzegovina,EURO,690,397905,18,16108,381797
2022-09-25,BA,Bosnia and Herzegovina,EURO,456,398361,15,16123,382238
2022-10-02,BA,Bosnia and Herzegovina,EURO,435,398796,15,16138,382658
2022-10-09,BA,Bosnia and Herzegovina,EURO,345,399141,14,16152,382989
2022-10-16,BA,Bosnia and Herzegovina,EURO,305,399446,4,16156,383290
2022-10-23,BA,Bosnia and Herzegovina,EURO,229,399675,9,16165,383510
2022-10-30,BA,Bosnia and Herzegovina,EURO,239,399914,4,16169,383745
2022-11-06,BA,Bosnia and Herzegovina,EURO,155,400069,11,16180,383889
2022-11-13,BA,Bosnia and Herzegovina,EURO,138,400207,5,16185,384022
2022-11-20,BA,Bosnia and Herzegovina,EURO,140,400347,5,16190,384157
2022-11-27,BA,Bosnia and Herzegovina,EURO,131,400478,10,16200,384278
2022-12-04,BA,Bosnia and Herzegovina,EURO,102,400580,3,16203,384377
2022-12-11,BA,Bosnia and Herzegovina,EURO,94,400674,9,16212,384462
2022-12-18,BA,Bosnia and Herzegovina,EURO,137,400811,7,16219,384592
2022-12-25,BA,Bosnia and Herzegovina,EURO,149,400960,3,16222,384738
2023-01-01,BA,Bosnia and Herzegovina,EURO,151,401111,12,16234,384877
2023-01-08,BA,Bosnia and Herzegovina,EURO,149,401260,7,16241,385019
2023-01-15,BA,Bosnia and Herzegovina,EURO,168,401428,13,16254,385174
2023-01-22,BA,Bosnia and Herzegovina,EURO,115,401543,6,16260,385283
2023-01-29,BA,Bosnia and Herzegovina,EURO,92,401635,8,16268,385367
2023-02-05,BA,Bosnia and Herzegovina,EURO,68,401703,6,16274,385429
2023-02-12,BA,Bosnia and Herzegovina,EURO,70,401773,4,16278,385495
2023-02-19,BA,Bosnia and Herzegovina,EURO,87,401860,12,16290,385570
2023-02-26,BA,Bosnia and Herzegovina,EURO,88,401948,4,16294,385654
2023-03-05,BA,Bosnia and Herzegovina,EURO,114,402062,1,16295,385767
2023-03-12,BA,Bosnia and Herzegovina,EURO,162,402224,3,16298,385926
2023-03-19,BA,Bosnia and Herzegovina,EURO,113,402337,11,16309,386028
2023-03-26,BA,Bosnia and Herzegovina,EURO,122,402459,10,16319,386140
2023-04-02,BA,Bosnia and Herzegovina,EURO,99,402558,6,16325,386233
2023-04-09,BA,Bosnia and Herzegovina,EURO,96,402654,4,16329,386325
2023-04-16,BA,Bosnia and Herzegovina,EURO,72,402726,3,16332,386394
2023-04-23,BA,Bosnia and Herzegovina,EURO,88,402814,4,16336,386478
2023-04-30,BA,Bosnia and Herzegovina,EURO,73,402887,1,16337,386550
2023-05-07,BA,Bosnia and Herzegovina,EURO,34,402921,2,16339,386582
2023-05-14,BA,Bosnia and Herzegovina,EURO,6,402927,1,16340,386587
2023-05-21,BA,Bosnia and Herzegovina,EURO,31,402958,6,16346,386612
2023-05-28,BA,Bosnia and Herzegovina,EURO,22,402980,0,16346,386634
2023-06-04,BA,Bosnia and Herzegovina,EURO,18,402998,1,16347,386651
2023-06-11,BA,Bosnia and Herzegovina,EURO,32,403030,1,16348,386682
2023-06-18,BA,Bosnia and Herzegovina,EURO,11,403041,2,16350,386691
2023-06-25,BA,Bosnia and Herzegovina,EURO,2,403043,0,16350,386693
2023-07-02,BA,Bosnia and Herzegovina,EURO,4,403047,0,16350,386697
2023-07-09,BA,Bosnia and Herzegovina,EURO,2,403049,2,16352,386697
2023-07-16,BA,Bosnia and Herzegovina,EURO,3,403052,0,16352,386700
2023-07-23,BA,Bosnia and Herzegovina,EURO,0,403052,0,16352,386700
2023-07-30,BA,Bosnia and Herzegovina,EURO,1,403053,0,16352,386701
2023-08-06,BA,Bosnia and Herzegovina,EURO,4,403057,0,16352,386705
2023-08-13,BA,Bosnia and Herzegovina,EURO,4,403061,0,16352,386709
2023-08-20,BA,Bosnia and Herzegovina,EURO,0,403061,0,16352,386709
2023-08-27,BA,Bosnia and Herzegovina,EURO,3,403064,0,16352,386712
2023-09-03,BA,Bosnia and Herzegovina,EURO,6,403070,0,16352,386718
2023-09-10,BA,Bosnia and Herzegovina,EURO,21,403091,0,16352,386739
2023-09-17,BA,Bosnia and Herzegovina,EURO,26,403117,0,16352,386765
2023-09-24,BA,Bosnia and Herzegovina,EURO,19,403136,0,16352,386784
2023-10-01,BA,Bosnia and Herzegovina,EURO,19,403155,2,16354,386801
2023-10-08,BA,Bosnia and Herzegovina,EURO,28,403183,1,16355,386828
2023-10-15,BA,Bosnia and Herzegovina,EURO,54,403237,6,16361,386876
2023-10-22,BA,Bosnia and Herzegovina,EURO,29,403266,1,16362,386904
2023-10-29,BA,Bosnia and Herzegovina,EURO,0,403266,0,16362,386904
2023-11-05,BA,Bosnia and Herzegovina,EURO,17,403283,2,16364,386919
2023-11-12,BA,Bosnia and Herzegovina,EURO,27,403310,0,16364,386946
2023-11-19,BA,Bosnia and Herzegovina,EURO,18,403328,3,16367,386961
2023-11-26,BA,Bosnia and Herzegovina,EURO,27,403355,3,16370,386985
2023-12-03,BA,Bosnia and Herzegovina,EURO,43,403398,2,16372,387026
2023-12-10,BA,Bosnia and Herzegovina,EURO,36,403434,3,16375,387059
2023-12-17,BA,Bosnia and Herzegovina,EURO,34,403468,3,16378,387090
2023-12-24,BA,Bosnia and Herzegovina,EURO,21,403489,1,16379,387110
2023-12-31,BA,Bosnia and Herzegovina,EURO,19,403508,1,16380,387128
2024-01-07,BA,Bosnia and Herzegovina,EURO,32,403540,1,16381,387159
2024-01-14,BA,Bosnia and Herzegovina,EURO,6,403546,1,16382,387164
2024-01-21,BA,Bosnia and Herzegovina,EURO,12,403558,0,16382,387176
2024-01-28,BA,Bosnia and Herzegovina,EURO,7,403565,0,16382,387183
2024-02-04,BA,Bosnia and Herzegovina,EURO,11,403576,2,16384,387192
2024-02-11,BA,Bosnia and Herzegovina,EURO,9,403585,1,16385,387200
2024-02-18,BA,Bosnia and Herzegovina,EURO,8,403593,1,16386,387207
2024-02-25,BA,Bosnia and Herzegovina,EURO,8,403601,0,16386,387215
2024-03-03,BA,Bosnia and Herzegovina,EURO,2,403603,1,16387,387216
2024-03-10,BA,Bosnia and Herzegovina,EURO,2,403605,0,16387,387218
2024-03-17,BA,Bosnia and Herzegovina,EURO,6,403611,1,16388,387223
2024-03-24,BA,Bosnia and Herzegovina,EURO,4,403615,0,16388,387227
2024-03-31,BA,Bosnia and Herzegovina,EURO,12,403627,0,16388,387239
2024-04-07,BA,Bosnia and Herzegovina,EURO,4,403631,0,16388,387243
2024-04-14,BA,Bosnia and Herzegovina,EURO,2,403633,0,16388,387245
2024-04-21,BA,Bosnia and Herzegovina,EURO,4,403637,0,16388,387249
2024-04-28,BA,Bosnia and Herzegovina,EURO,0,403637,0,16388,387249
2024-05-05,BA,Bosnia and Herzegovina,EURO,1,403638,0,16388,387250
2024-05-12,BA,Bosnia and Herzegovina,EURO,4,403642,0,16388,387254
2024-05-19,BA,Bosnia and Herzegovina,EURO,1,403643,0,16388,387255
2024-05-26,BA,Bosnia and Herzegovina,EURO,1,403644,0,16388,387256
2024-06-02,BA,Bosnia and Herzegovina,EURO,0,403644,0,16388,387256
2024-06-09,BA,Bosnia and Herzegovina,EURO,2,403646,0,16388,387258
2024-06-16,BA,Bosnia and Herzegovina,EURO,3,403649,0,16388,387261
2024-06-23,BA,Bosnia and Herzegovina,EURO,1,403650,0,16388,387262
2024-06-30,BA,Bosnia and Herzegovina,EURO,1,403651,0,16388,387263
2024-07-07,BA,Bosnia and Herzegovina,EURO,1,403652,0,16388,387264
2024-07-14,BA,Bosnia and Herzegovina,EURO,7,403659,2,16390,387269
2024-07-21,BA,Bosnia and Herzegovina,EURO,3,403662,1,16391,387271
2024-07-28,BA,Bosnia and Herzegovina,EURO,4,403666,1,16392,387274
2024-08-04,BA,Bosnia and Herzegovina,EURO,18,403684,0,16392,387292
2024-08-11,BA,Bosnia and Herzegovina,EURO,14,403698,3,16395,387303
2024-08-18,BA,Bosnia and Herzegovina,EURO,31,403729,1,16396,387333
2024-08-25,BA,Bosnia and Herzegovina,EURO,43,403772,2,16398,387374
2024-09-01,BA,Bosnia and Herzegovina,EURO,0,403772,0,16398,387374
2024-09-08,BA,Bosnia and Herzegovina,EURO,30,403802,1,16399,387403
2024-09-15,BA,Bosnia and Herzegovina,EURO,28,403830,0,16399,387431
2024-09-22,BA,Bosnia and Herzegovina,EURO,38,403868,1,16400,387468
2024-09-29,BA,Bosnia and Herzegovina,EURO,22,403890,0,16400,387490
2024-10-06,BA,Bosnia and Herzegovina,EURO,5,403895,0,16400,387495
2024-10-13,BA,Bosnia and Herzegovina,EURO,25,403920,2,16402,387518
2024-10-20,BA,Bosnia and Herzegovina,EURO,14,403934,0,16402,387532
2024-10-27,BA,Bosnia and Herzegovina,EURO,26,403960,0,16402,387558
2024-11-03,BA,Bosnia and Herzegovina,EURO,19,403979,1,16403,387576
2024-11-10,BA,Bosnia and Herzegovina,EURO,0,403979,0,16403,387576
2024-11-17,BA,Bosnia and Herzegovina,EURO,0,403979,0,16403,387576
2020-01-05,BW,Botswana,AFRO,0,0,0,0,0
2020-01-12,BW,Botswana,AFRO,0,0,0,0,0
2020-01-19,BW,Botswana,AFRO,0,0,0,0,0
2020-01-26,BW,Botswana,AFRO,0,0,0,0,0
2020-02-02,BW,Botswana,AFRO,0,0,0,0,0
2020-02-09,BW,Botswana,AFRO,0,0,0,0,0
2020-02-16,BW,Botswana,AFRO,0,0,0,0,0
2020-02-23,BW,Botswana,AFRO,0,0,0,0,0
2020-03-01,BW,Botswana,AFRO,0,0,0,0,0
2020-03-08,BW,Botswana,AFRO,0,0,0,0,0
2020-03-15,BW,Botswana,AFRO,0,0,0,0,0
2020-03-22,BW,Botswana,AFRO,0,0,0,0,0
2020-03-29,BW,Botswana,AFRO,0,0,1,1,-1
2020-04-05,BW,Botswana,AFRO,4,4,0,1,3
2020-04-12,BW,Botswana,AFRO,9,13,0,1,12
2020-04-19,BW,Botswana,AFRO,2,15,0,1,14
2020-04-26,BW,Botswana,AFRO,7,22,0,1,21
2020-05-03,BW,Botswana,AFRO,1,23,0,1,22
2020-05-10,BW,Botswana,AFRO,0,23,0,1,22
2020-05-17,BW,Botswana,AFRO,2,25,0,1,24
2020-05-24,BW,Botswana,AFRO,7,32,0,1,31
2020-05-31,BW,Botswana,AFRO,3,35,0,1,34
2020-06-07,BW,Botswana,AFRO,5,40,0,1,39
2020-06-14,BW,Botswana,AFRO,37,77,0,1,76
2020-06-21,BW,Botswana,AFRO,12,89,0,1,88
2020-06-28,BW,Botswana,AFRO,36,125,0,1,124
2020-07-05,BW,Botswana,AFRO,150,275,0,1,274
2020-07-12,BW,Botswana,AFRO,39,314,0,1,313
2020-07-19,BW,Botswana,AFRO,208,522,0,1,521
2020-07-26,BW,Botswana,AFRO,164,686,0,1,685
2020-08-02,BW,Botswana,AFRO,208,894,1,2,892
2020-08-09,BW,Botswana,AFRO,172,1066,0,2,1064
2020-08-16,BW,Botswana,AFRO,148,1214,1,3,1211
2020-08-23,BW,Botswana,AFRO,94,1308,0,3,1305
2020-08-30,BW,Botswana,AFRO,325,1633,3,6,1627
2020-09-06,BW,Botswana,AFRO,369,2002,2,8,1994
2020-09-13,BW,Botswana,AFRO,461,2463,3,11,2452
2020-09-20,BW,Botswana,AFRO,104,2567,2,13,2554
2020-09-27,BW,Botswana,AFRO,354,2921,0,13,2908
2020-10-04,BW,Botswana,AFRO,251,3172,3,16,3156
2020-10-11,BW,Botswana,AFRO,47,3219,2,18,3201
2020-10-18,BW,Botswana,AFRO,2023,5242,3,21,5221
2020-10-25,BW,Botswana,AFRO,681,5923,4,25,5898
2020-11-01,BW,Botswana,AFRO,719,6642,0,25,6617
2020-11-08,BW,Botswana,AFRO,1193,7835,3,28,7807
2020-11-15,BW,Botswana,AFRO,390,8225,0,28,8197
2020-11-22,BW,Botswana,AFRO,1369,9594,4,32,9562
2020-11-29,BW,Botswana,AFRO,819,10413,1,33,10380
2020-12-06,BW,Botswana,AFRO,1132,11545,3,36,11509
2020-12-13,BW,Botswana,AFRO,956,12501,2,38,12463
2020-12-20,BW,Botswana,AFRO,712,13213,0,38,13175
2020-12-27,BW,Botswana,AFRO,677,13890,1,39,13851
2021-01-03,BW,Botswana,AFRO,1332,15222,5,44,15178
2021-01-10,BW,Botswana,AFRO,829,16051,4,48,16003
2021-01-17,BW,Botswana,AFRO,1899,17950,23,71,17879
2021-01-24,BW,Botswana,AFRO,2046,19996,43,114,19882
2021-01-31,BW,Botswana,AFRO,1627,21623,25,139,21484
2021-02-07,BW,Botswana,AFRO,2198,23821,30,169,23652
2021-02-14,BW,Botswana,AFRO,1381,25202,46,215,24987
2021-02-21,BW,Botswana,AFRO,181,25383,55,270,25113
2021-02-28,BW,Botswana,AFRO,5344,30727,57,327,30400
2021-03-07,BW,Botswana,AFRO,2185,32912,86,413,32499
2021-03-14,BW,Botswana,AFRO,2087,34999,34,447,34552
2021-03-21,BW,Botswana,AFRO,2560,37559,38,485,37074
2021-03-28,BW,Botswana,AFRO,2282,39841,83,568,39273
2021-04-04,BW,Botswana,AFRO,1869,41710,48,616,41094
2021-04-11,BW,Botswana,AFRO,1734,43444,47,663,42781
2021-04-18,BW,Botswana,AFRO,1258,44702,21,684,44018
2021-04-25,BW,Botswana,AFRO,4366,49068,18,702,48366
2021-05-02,BW,Botswana,AFRO,1265,50333,22,724,49609
2021-05-09,BW,Botswana,AFRO,1205,51538,27,751,50787
2021-05-16,BW,Botswana,AFRO,1780,53318,23,774,52544
2021-05-23,BW,Botswana,AFRO,2084,55402,35,809,54593
2021-05-30,BW,Botswana,AFRO,2114,57516,40,849,56667
2021-06-06,BW,Botswana,AFRO,3132,60648,36,885,59763
2021-06-13,BW,Botswana,AFRO,3373,64021,41,926,63095
2021-06-20,BW,Botswana,AFRO,4366,68387,143,1069,67318
2021-06-27,BW,Botswana,AFRO,1684,70071,56,1125,68946
2021-07-04,BW,Botswana,AFRO,3906,73977,63,1188,72789
2021-07-11,BW,Botswana,AFRO,6176,80153,65,1253,78900
2021-07-18,BW,Botswana,AFRO,11749,91902,75,1328,90574
2021-07-25,BW,Botswana,AFRO,10222,102124,157,1485,100639
2021-08-01,BW,Botswana,AFRO,13096,115220,168,1653,113567
2021-08-08,BW,Botswana,AFRO,15551,130771,179,1832,128939
2021-08-15,BW,Botswana,AFRO,11609,142380,211,2043,140337
2021-08-22,BW,Botswana,AFRO,8462,150842,128,2171,148671
2021-08-29,BW,Botswana,AFRO,6085,156927,90,2261,154666
2021-09-05,BW,Botswana,AFRO,5259,162186,48,2309,159877
2021-09-12,BW,Botswana,AFRO,3458,165644,28,2337,163307
2021-09-19,BW,Botswana,AFRO,8144,173788,17,2354,171434
2021-09-26,BW,Botswana,AFRO,4262,178050,13,2367,175683
2021-10-03,BW,Botswana,AFRO,2147,180197,7,2374,177823
2021-10-10,BW,Botswana,AFRO,1054,181251,7,2381,178870
2021-10-17,BW,Botswana,AFRO,2800,184051,8,2389,181662
2021-10-24,BW,Botswana,AFRO,1934,185985,13,2402,183583
2021-10-31,BW,Botswana,AFRO,1296,187281,5,2407,184874
2021-11-07,BW,Botswana,AFRO,6168,193449,2,2409,191040
2021-11-14,BW,Botswana,AFRO,680,194129,7,2416,191713
2021-11-21,BW,Botswana,AFRO,523,194652,0,2416,192236
2021-11-28,BW,Botswana,AFRO,416,195068,2,2418,192650
2021-12-05,BW,Botswana,AFRO,484,195552,2,2420,193132
2021-12-12,BW,Botswana,AFRO,2092,197644,4,2424,195220
2021-12-19,BW,Botswana,AFRO,7057,204701,1,2425,202276
2021-12-26,BW,Botswana,AFRO,7781,212482,14,2439,210043
2022-01-02,BW,Botswana,AFRO,9571,222053,13,2452,219601
2022-01-09,BW,Botswana,AFRO,10379,232432,45,2497,229935
2022-01-16,BW,Botswana,AFRO,7455,239887,37,2534,237353
2022-01-23,BW,Botswana,AFRO,6017,245904,31,2565,243339
2022-01-30,BW,Botswana,AFRO,7132,253036,16,2581,250455
2022-02-06,BW,Botswana,AFRO,4131,257167,12,2593,254574
2022-02-13,BW,Botswana,AFRO,3324,260491,10,2603,257888
2022-02-20,BW,Botswana,AFRO,2161,262652,11,2614,260038
2022-02-27,BW,Botswana,AFRO,41830,304482,51,2665,301817
2022-03-06,BW,Botswana,AFRO,431,304913,10,2675,302238
2022-03-13,BW,Botswana,AFRO,333,305246,4,2679,302567
2022-03-20,BW,Botswana,AFRO,269,305515,5,2684,302831
2022-03-27,BW,Botswana,AFRO,162,305677,2,2686,302991
2022-04-03,BW,Botswana,AFRO,93,305770,1,2687,303083
2022-04-10,BW,Botswana,AFRO,74,305844,0,2687,303157
2022-04-17,BW,Botswana,AFRO,140,305984,1,2688,303296
2022-04-24,BW,Botswana,AFRO,90,306074,1,2689,303385
2022-05-01,BW,Botswana,AFRO,126,306200,1,2690,303510
2022-05-08,BW,Botswana,AFRO,0,306200,0,2690,303510
2022-05-15,BW,Botswana,AFRO,414,306614,2,2692,303922
2022-05-22,BW,Botswana,AFRO,0,306614,0,2692,303922
2022-05-29,BW,Botswana,AFRO,0,306614,0,2692,303922
2022-06-05,BW,Botswana,AFRO,3795,310409,9,2701,307708
2022-06-12,BW,Botswana,AFRO,3084,313493,4,2705,310788
2022-06-19,BW,Botswana,AFRO,6634,320127,33,2738,317389
2022-06-26,BW,Botswana,AFRO,2642,322769,12,2750,320019
2022-07-03,BW,Botswana,AFRO,558,323327,2,2752,320575
2022-07-10,BW,Botswana,AFRO,1514,324841,8,2760,322081
2022-07-17,BW,Botswana,AFRO,0,324841,0,2760,322081
2022-07-24,BW,Botswana,AFRO,629,325470,10,2770,322700
2022-07-31,BW,Botswana,AFRO,254,325724,2,2772,322952
2022-08-07,BW,Botswana,AFRO,100,325824,2,2774,323050
2022-08-14,BW,Botswana,AFRO,26,325850,3,2777,323073
2022-08-21,BW,Botswana,AFRO,14,325864,1,2778,323086
2022-08-28,BW,Botswana,AFRO,47,325911,0,2778,323133
2022-09-04,BW,Botswana,AFRO,354,326265,1,2779,323486
2022-09-11,BW,Botswana,AFRO,21,326286,1,2780,323506
2022-09-18,BW,Botswana,AFRO,17,326303,1,2781,323522
2022-09-25,BW,Botswana,AFRO,21,326324,0,2781,323543
2022-10-02,BW,Botswana,AFRO,8,326332,1,2782,323550
2022-10-09,BW,Botswana,AFRO,17,326349,0,2782,323567
2022-10-16,BW,Botswana,AFRO,4,326353,0,2782,323571
2022-10-23,BW,Botswana,AFRO,0,326353,0,2782,323571
2022-10-30,BW,Botswana,AFRO,0,326353,0,2782,323571
2022-11-06,BW,Botswana,AFRO,0,326353,0,2782,323571
2022-11-13,BW,Botswana,AFRO,126,326479,0,2782,323697
2022-11-20,BW,Botswana,AFRO,133,326612,0,2782,323830
2022-11-27,BW,Botswana,AFRO,155,326767,3,2785,323982
2022-12-04,BW,Botswana,AFRO,292,327059,0,2785,324274
2022-12-11,BW,Botswana,AFRO,412,327471,1,2786,324685
2022-12-18,BW,Botswana,AFRO,349,327820,0,2786,325034
2022-12-25,BW,Botswana,AFRO,211,328031,0,2786,325245
2023-01-01,BW,Botswana,AFRO,218,328249,1,2787,325462
2023-01-08,BW,Botswana,AFRO,300,328549,1,2788,325761
2023-01-15,BW,Botswana,AFRO,349,328898,2,2790,326108
2023-01-22,BW,Botswana,AFRO,316,329214,2,2792,326422
2023-01-29,BW,Botswana,AFRO,240,329454,1,2793,326661
2023-02-05,BW,Botswana,AFRO,141,329595,1,2794,326801
2023-02-12,BW,Botswana,AFRO,80,329675,1,2795,326880
2023-02-19,BW,Botswana,AFRO,52,329727,0,2795,326932
2023-02-26,BW,Botswana,AFRO,31,329758,0,2795,326963
2023-03-05,BW,Botswana,AFRO,11,329769,0,2795,326974
2023-03-12,BW,Botswana,AFRO,16,329785,0,2795,326990
2023-03-19,BW,Botswana,AFRO,27,329812,0,2795,327017
2023-03-26,BW,Botswana,AFRO,18,329830,0,2795,327035
2023-04-02,BW,Botswana,AFRO,7,329837,0,2795,327042
2023-04-09,BW,Botswana,AFRO,4,329841,1,2796,327045
2023-04-16,BW,Botswana,AFRO,6,329847,0,2796,327051
2023-04-23,BW,Botswana,AFRO,5,329852,0,2796,327056
2023-04-30,BW,Botswana,AFRO,4,329856,0,2796,327060
2023-05-07,BW,Botswana,AFRO,6,329862,1,2797,327065
2023-05-14,BW,Botswana,AFRO,0,329862,0,2797,327065
2023-05-21,BW,Botswana,AFRO,43,329905,0,2797,327108
2023-05-28,BW,Botswana,AFRO,36,329941,0,2797,327144
2023-06-04,BW,Botswana,AFRO,21,329962,0,2797,327165
2023-06-11,BW,Botswana,AFRO,23,329985,0,2797,327188
2023-06-18,BW,Botswana,AFRO,31,330016,0,2797,327219
2023-06-25,BW,Botswana,AFRO,61,330077,0,2797,327280
2023-07-02,BW,Botswana,AFRO,36,330113,0,2797,327316
2023-07-09,BW,Botswana,AFRO,35,330148,0,2797,327351
2023-07-16,BW,Botswana,AFRO,7,330155,1,2798,327357
2023-07-23,BW,Botswana,AFRO,21,330176,1,2799,327377
2023-07-30,BW,Botswana,AFRO,22,330198,1,2800,327398
2023-08-06,BW,Botswana,AFRO,17,330215,0,2800,327415
2023-08-13,BW,Botswana,AFRO,15,330230,0,2800,327430
2023-08-20,BW,Botswana,AFRO,10,330240,0,2800,327440
2023-08-27,BW,Botswana,AFRO,11,330251,0,2800,327451
2023-09-03,BW,Botswana,AFRO,5,330256,0,2800,327456
2023-09-10,BW,Botswana,AFRO,0,330256,0,2800,327456
2023-09-17,BW,Botswana,AFRO,16,330272,0,2800,327472
2023-09-24,BW,Botswana,AFRO,3,330275,0,2800,327475
2023-10-01,BW,Botswana,AFRO,9,330284,0,2800,327484
2023-10-08,BW,Botswana,AFRO,16,330300,0,2800,327500
2023-10-15,BW,Botswana,AFRO,21,330321,0,2800,327521
2023-10-22,BW,Botswana,AFRO,24,330345,0,2800,327545
2023-10-29,BW,Botswana,AFRO,10,330355,0,2800,327555
2023-11-05,BW,Botswana,AFRO,14,330369,0,2800,327569
2023-11-12,BW,Botswana,AFRO,19,330388,0,2800,327588
2023-11-19,BW,Botswana,AFRO,9,330397,0,2800,327597
2023-11-26,BW,Botswana,AFRO,7,330404,0,2800,327604
2023-12-03,BW,Botswana,AFRO,5,330409,0,2800,327609
2023-12-10,BW,Botswana,AFRO,4,330413,0,2800,327613
2023-12-17,BW,Botswana,AFRO,4,330417,0,2800,327617
2023-12-24,BW,Botswana,AFRO,0,330417,0,2800,327617
2023-12-31,BW,Botswana,AFRO,0,330417,0,2800,327617
2024-01-07,BW,Botswana,AFRO,4,330421,0,2800,327621
2024-01-14,BW,Botswana,AFRO,6,330427,0,2800,327627
2024-01-21,BW,Botswana,AFRO,27,330454,0,2800,327654
2024-01-28,BW,Botswana,AFRO,20,330474,0,2800,327674
2024-02-04,BW,Botswana,AFRO,43,330517,1,2801,327716
2024-02-11,BW,Botswana,AFRO,48,330565,0,2801,327764
2024-02-18,BW,Botswana,AFRO,21,330586,0,2801,327785
2024-02-25,BW,Botswana,AFRO,20,330606,0,2801,327805
2024-03-03,BW,Botswana,AFRO,17,330623,0,2801,327822
2024-03-10,BW,Botswana,AFRO,12,330635,0,2801,327834
2024-03-17,BW,Botswana,AFRO,3,330638,0,2801,327837
2024-03-24,BW,Botswana,AFRO,2,330640,0,2801,327839
2024-03-31,BW,Botswana,AFRO,3,330643,0,2801,327842
2024-04-07,BW,Botswana,AFRO,1,330644,0,2801,327843
2024-04-14,BW,Botswana,AFRO,6,330650,0,2801,327849
2024-04-21,BW,Botswana,AFRO,0,330650,0,2801,327849
2024-04-28,BW,Botswana,AFRO,0,330650,0,2801,327849
2024-05-05,BW,Botswana,AFRO,0,330650,0,2801,327849
2024-05-12,BW,Botswana,AFRO,0,330650,0,2801,327849
2024-05-19,BW,Botswana,AFRO,0,330650,0,2801,327849
2024-05-26,BW,Botswana,AFRO,0,330650,0,2801,327849
2024-06-02,BW,Botswana,AFRO,0,330650,0,2801,327849
2024-06-09,BW,Botswana,AFRO,0,330650,0,2801,327849
2024-06-16,BW,Botswana,AFRO,0,330650,0,2801,327849
2024-06-23,BW,Botswana,AFRO,0,330650,0,2801,327849
2024-06-30,BW,Botswana,AFRO,0,330650,0,2801,327849
2024-07-07,BW,Botswana,AFRO,46,330696,0,2801,327895
2024-07-14,BW,Botswana,AFRO,0,330696,0,2801,327895
2024-07-21,BW,Botswana,AFRO,0,330696,0,2801,327895
2024-07-28,BW,Botswana,AFRO,0,330696,0,2801,327895
2024-08-04,BW,Botswana,AFRO,0,330696,0,2801,327895
2024-08-11,BW,Botswana,AFRO,0,330696,0,2801,327895
2024-08-18,BW,Botswana,AFRO,0,330696,0,2801,327895
2024-08-25,BW,Botswana,AFRO,0,330696,0,2801,327895
2024-09-01,BW,Botswana,AFRO,0,330696,0,2801,327895
2024-09-08,BW,Botswana,AFRO,0,330696,0,2801,327895
2024-09-15,BW,Botswana,AFRO,0,330696,0,2801,327895
2024-09-22,BW,Botswana,AFRO,0,330696,0,2801,327895
2024-09-29,BW,Botswana,AFRO,0,330696,0,2801,327895
2024-10-06,BW,Botswana,AFRO,0,330696,0,2801,327895
2024-10-13,BW,Botswana,AFRO,0,330696,0,2801,327895
2024-10-20,BW,Botswana,AFRO,0,330696,0,2801,327895
2024-10-27,BW,Botswana,AFRO,0,330696,0,2801,327895
2024-11-03,BW,Botswana,AFRO,0,330696,0,2801,327895
2024-11-10,BW,Botswana,AFRO,0,330696,0,2801,327895
2024-11-17,BW,Botswana,AFRO,0,330696,0,2801,327895
2020-01-05,BR,Brazil,AMRO,0,0,0,0,0
2020-01-12,BR,Brazil,AMRO,0,0,0,0,0
2020-01-19,BR,Brazil,AMRO,0,0,0,0,0
2020-01-26,BR,Brazil,AMRO,0,0,0,0,0
2020-02-02,BR,Brazil,AMRO,0,0,0,0,0
2020-02-09,BR,Brazil,AMRO,0,0,0,0,0
2020-02-16,BR,Brazil,AMRO,0,0,0,0,0
2020-02-23,BR,Brazil,AMRO,0,0,0,0,0
2020-03-01,BR,Brazil,AMRO,1,1,0,0,1
2020-03-08,BR,Brazil,AMRO,12,13,0,0,13
2020-03-15,BR,Brazil,AMRO,71,84,0,0,84
2020-03-22,BR,Brazil,AMRO,820,904,11,11,893
2020-03-29,BR,Brazil,AMRO,2513,3417,81,92,3325
2020-04-05,BR,Brazil,AMRO,5639,9056,267,359,8697
2020-04-12,BR,Brazil,AMRO,10582,19638,697,1056,18582
2020-04-19,BR,Brazil,AMRO,14044,33682,1085,2141,31541
2020-04-26,BR,Brazil,AMRO,19313,52995,1529,3670,49325
2020-05-03,BR,Brazil,AMRO,38594,91589,2659,6329,85260
2020-05-10,BR,Brazil,AMRO,53739,145328,3568,9897,135431
2020-05-17,BR,Brazil,AMRO,72895,218223,4920,14817,203406
2020-05-24,BR,Brazil,AMRO,112667,330890,6231,21048,309842
2020-05-31,BR,Brazil,AMRO,134276,465166,6830,27878,437288
2020-06-07,BR,Brazil,AMRO,180605,645771,7148,35026,610745
2020-06-14,BR,Brazil,AMRO,183039,828810,6802,41828,786982
2020-06-21,BR,Brazil,AMRO,204103,1032913,7126,48954,983959
2020-06-28,BR,Brazil,AMRO,242061,1274974,7007,55961,1219013
2020-07-05,BR,Brazil,AMRO,264107,1539081,7213,63174,1475907
2020-07-12,BR,Brazil,AMRO,261746,1800827,7224,70398,1730429
2020-07-19,BR,Brazil,AMRO,245501,2046328,7453,77851,1968477
2020-07-26,BR,Brazil,AMRO,297038,2343366,7387,85238,2258128
2020-08-02,BR,Brazil,AMRO,319119,2662485,7237,92475,2570010
2020-08-09,BR,Brazil,AMRO,299957,2962442,7097,99572,2862870
2020-08-16,BR,Brazil,AMRO,313078,3275520,6951,106523,3168997
2020-08-23,BR,Brazil,AMRO,256810,3532330,6835,113358,3418972
2020-08-30,BR,Brazil,AMRO,272473,3804803,6146,119504,3685299
2020-09-06,BR,Brazil,AMRO,288029,4092832,6017,125521,3967311
2020-09-13,BR,Brazil,AMRO,189332,4282164,4875,130396,4151768
2020-09-20,BR,Brazil,AMRO,213019,4495183,5397,135793,4359390
2020-09-27,BR,Brazil,AMRO,194430,4689613,4744,140537,4549076
2020-10-04,BR,Brazil,AMRO,190910,4880523,4851,145388,4735135
2020-10-11,BR,Brazil,AMRO,175365,5055888,4251,149639,4906249
2020-10-18,BR,Brazil,AMRO,144412,5200300,3575,153214,5047086
2020-10-25,BR,Brazil,AMRO,153356,5353656,3257,156471,5197185
2020-11-01,BR,Brazil,AMRO,163002,5516658,3006,159477,5357181
2020-11-08,BR,Brazil,AMRO,114523,5631181,2538,162015,5469166
2020-11-15,BR,Brazil,AMRO,179471,5810652,2722,164737,5645915
2020-11-22,BR,Brazil,AMRO,209512,6020164,3876,168613,5851551
2020-11-29,BR,Brazil,AMRO,218186,6238350,3361,171974,6066376
2020-12-06,BR,Brazil,AMRO,295618,6533968,3990,175964,6358004
2020-12-13,BR,Brazil,AMRO,302259,6836227,4473,180437,6655790
2020-12-20,BR,Brazil,AMRO,326751,7162978,5213,185650,6977328
2020-12-27,BR,Brazil,AMRO,285582,7448560,4838,190488,7258072
2021-01-03,BR,Brazil,AMRO,252018,7700578,4923,195411,7505167
2021-01-10,BR,Brazil,AMRO,313130,8013708,6049,201460,7812248
2021-01-17,BR,Brazil,AMRO,379784,8393492,6786,208246,8185246
2021-01-24,BR,Brazil,AMRO,360428,8753920,6997,215243,8538677
2021-01-31,BR,Brazil,AMRO,364593,9118513,7423,222666,8895847
2021-02-07,BR,Brazil,AMRO,328652,9447165,7368,230034,9217131
2021-02-14,BR,Brazil,AMRO,318290,9765455,7455,237489,9527966
2021-02-21,BR,Brazil,AMRO,316221,10081676,7276,244765,9836911
2021-02-28,BR,Brazil,AMRO,373954,10455630,8070,252835,10202795
2021-03-07,BR,Brazil,AMRO,413597,10869227,9935,262770,10606457
2021-03-14,BR,Brazil,AMRO,494153,11363380,12335,275105,11088275
2021-03-21,BR,Brazil,AMRO,508010,11871390,15209,290314,11581076
2021-03-28,BR,Brazil,AMRO,533024,12404414,16798,307112,12097302
2021-04-04,BR,Brazil,AMRO,505668,12910082,21094,328206,12581876
2021-04-11,BR,Brazil,AMRO,463092,13373174,20512,348718,13024456
2021-04-18,BR,Brazil,AMRO,459281,13832455,20031,368749,13463706
2021-04-25,BR,Brazil,AMRO,404623,14237078,17667,386416,13850662
2021-05-02,BR,Brazil,AMRO,421933,14659011,17365,403781,14255230
2021-05-09,BR,Brazil,AMRO,423438,15082449,15333,419114,14663335
2021-05-16,BR,Brazil,AMRO,437076,15519525,13514,432628,15086897
2021-05-23,BR,Brazil,AMRO,451424,15970949,13681,446309,15524640
2021-05-30,BR,Brazil,AMRO,420981,16391930,12736,459045,15932885
2021-06-06,BR,Brazil,AMRO,449478,16841408,11797,470842,16370566
2021-06-13,BR,Brazil,AMRO,454710,17296118,13393,484235,16811883
2021-06-20,BR,Brazil,AMRO,505344,17801462,14264,498499,17302963
2021-06-27,BR,Brazil,AMRO,521298,18322760,12643,511142,17811618
2021-07-04,BR,Brazil,AMRO,364709,18687469,10810,521952,18165517
2021-07-11,BR,Brazil,AMRO,333030,19020499,9736,531688,18488811
2021-07-18,BR,Brazil,AMRO,287610,19308109,8710,540398,18767711
2021-07-25,BR,Brazil,AMRO,324334,19632443,7942,548340,19084103
2021-08-01,BR,Brazil,AMRO,247830,19880273,7120,555460,19324813
2021-08-08,BR,Brazil,AMRO,228473,20108746,6302,561762,19546984
2021-08-15,BR,Brazil,AMRO,210254,20319000,6100,567862,19751138
2021-08-22,BR,Brazil,AMRO,209099,20528099,5649,573511,19954588
2021-08-29,BR,Brazil,AMRO,175807,20703906,4815,578326,20125580
2021-09-05,BR,Brazil,AMRO,152154,20856060,4344,582670,20273390
2021-09-12,BR,Brazil,AMRO,118790,20974850,3176,585846,20389004
2021-09-19,BR,Brazil,AMRO,105369,21080219,3727,589573,20490646
2021-09-26,BR,Brazil,AMRO,247397,21327616,4090,593663,20733953
2021-10-03,BR,Brazil,AMRO,118035,21445651,3562,597225,20848426
2021-10-10,BR,Brazil,AMRO,105079,21550730,3200,600425,20950305
2021-10-17,BR,Brazil,AMRO,76746,21627476,2244,602669,21024807
2021-10-24,BR,Brazil,AMRO,84367,21711843,2470,605139,21106704
2021-10-31,BR,Brazil,AMRO,81558,21793401,2323,607462,21185939
2021-11-07,BR,Brazil,AMRO,69057,21862458,1598,609060,21253398
2021-11-14,BR,Brazil,AMRO,76738,21939196,1431,610491,21328705
2021-11-21,BR,Brazil,AMRO,64121,22003317,1879,612370,21390947
2021-11-28,BR,Brazil,AMRO,64313,22067630,1587,613957,21453673
2021-12-05,BR,Brazil,AMRO,61779,22129409,1443,615400,21514009
2021-12-12,BR,Brazil,AMRO,55415,22184824,1291,616691,21568133
2021-12-19,BR,Brazil,AMRO,24196,22209020,910,617601,21591419
2021-12-26,BR,Brazil,AMRO,21717,22230737,791,618392,21612345
2022-01-02,BR,Brazil,AMRO,56784,22287521,664,619056,21668465
2022-01-09,BR,Brazil,AMRO,162701,22450222,766,619822,21830400
2022-01-16,BR,Brazil,AMRO,476981,22927203,974,620796,22306407
2022-01-23,BR,Brazil,AMRO,824579,23751782,1767,622563,23129219
2022-01-30,BR,Brazil,AMRO,1283024,25034806,3321,625884,24408922
2022-02-06,BR,Brazil,AMRO,1241025,26275831,4610,630494,25645337
2022-02-13,BR,Brazil,AMRO,1009678,27285509,6658,637152,26648357
2022-02-20,BR,Brazil,AMRO,773353,28058862,5877,643029,27415833
2022-02-27,BR,Brazil,AMRO,519785,28578647,4361,647390,27931257
2022-03-06,BR,Brazil,AMRO,395152,28973799,3865,651255,28322544
2022-03-13,BR,Brazil,AMRO,331315,29305114,3301,654556,28650558
2022-03-20,BR,Brazil,AMRO,267998,29573112,2242,656798,28916314
2022-03-27,BR,Brazil,AMRO,229145,29802257,1768,658566,29143691
2022-04-03,BR,Brazil,AMRO,172908,29975165,1436,660002,29315163
2022-04-10,BR,Brazil,AMRO,148798,30123963,1120,661122,29462841
2022-04-17,BR,Brazil,AMRO,123339,30247302,785,661907,29585395
2022-04-24,BR,Brazil,AMRO,91395,30338697,650,662557,29676140
2022-05-01,BR,Brazil,AMRO,94345,30433042,853,663410,29769632
2022-05-08,BR,Brazil,AMRO,110866,30543908,681,664091,29879817
2022-05-15,BR,Brazil,AMRO,120831,30664739,689,664780,29999959
2022-05-22,BR,Brazil,AMRO,97674,30762413,713,665493,30096920
2022-05-29,BR,Brazil,AMRO,158732,30921145,826,666319,30254826
2022-06-05,BR,Brazil,AMRO,216334,31137479,652,666971,30470508
2022-06-12,BR,Brazil,AMRO,279862,31417341,989,667960,30749381
2022-06-19,BR,Brazil,AMRO,256034,31673375,956,668916,31004459
2022-06-26,BR,Brazil,AMRO,349791,32023166,1313,670229,31352937
2022-07-03,BR,Brazil,AMRO,410897,32434063,1471,671700,31762363
2022-07-10,BR,Brazil,AMRO,396781,32830844,1639,673339,32157505
2022-07-17,BR,Brazil,AMRO,419273,33250117,1751,675090,32575027
2022-07-24,BR,Brazil,AMRO,255610,33505727,1396,676486,32829241
2022-07-31,BR,Brazil,AMRO,284971,33790698,1827,678313,33112385
2022-08-07,BR,Brazil,AMRO,203772,33994470,1445,679758,33314712
2022-08-14,BR,Brazil,AMRO,153661,34148131,1495,681253,33466878
2022-08-21,BR,Brazil,AMRO,116106,34264237,1105,682358,33581879
2022-08-28,BR,Brazil,AMRO,104672,34368909,1039,683397,33685512
2022-09-04,BR,Brazil,AMRO,87236,34456145,865,684262,33771883
2022-09-11,BR,Brazil,AMRO,60594,34516739,551,684813,33831926
2022-09-18,BR,Brazil,AMRO,62346,34579085,487,685300,33893785
2022-09-25,BR,Brazil,AMRO,45342,34624427,450,685750,33938677
2022-10-02,BR,Brazil,AMRO,48097,34672524,286,686036,33986488
2022-10-09,BR,Brazil,AMRO,42613,34715137,767,686803,34028334
2022-10-16,BR,Brazil,AMRO,31325,34746462,341,687144,34059318
2022-10-23,BR,Brazil,AMRO,34180,34780642,383,687527,34093115
2022-10-30,BR,Brazil,AMRO,41585,34822227,553,688080,34134147
2022-11-06,BR,Brazil,AMRO,26836,34849063,252,688332,34160731
2022-11-13,BR,Brazil,AMRO,59135,34908198,324,688656,34219542
2022-11-20,BR,Brazil,AMRO,91297,34999495,251,688907,34310588
2022-11-27,BR,Brazil,AMRO,150008,35149503,535,689442,34460061
2022-12-04,BR,Brazil,AMRO,188043,35337546,632,690074,34647472
2022-12-11,BR,Brazil,AMRO,194170,35531716,603,690677,34841039
2022-12-18,BR,Brazil,AMRO,337810,35869526,1133,691810,35177716
2022-12-25,BR,Brazil,AMRO,254811,36124337,933,692743,35431594
2023-01-01,BR,Brazil,AMRO,206944,36331281,1110,693853,35637428
2023-01-08,BR,Brazil,AMRO,145933,36477214,926,694779,35782435
2023-01-15,BR,Brazil,AMRO,120721,36597935,457,695236,35902699
2023-01-22,BR,Brazil,AMRO,114916,36712851,952,696188,36016663
2023-01-29,BR,Brazil,AMRO,78416,36791267,554,696742,36094525
2023-02-05,BR,Brazil,AMRO,75391,36866658,603,697345,36169313
2023-02-12,BR,Brazil,AMRO,63681,36930339,317,697662,36232677
2023-02-19,BR,Brazil,AMRO,57343,36987682,385,698047,36289635
2023-02-26,BR,Brazil,AMRO,32849,37020531,881,698928,36321603
2023-03-05,BR,Brazil,AMRO,55522,37076053,348,699276,36376777
2023-03-12,BR,Brazil,AMRO,9467,37085520,34,699310,36386210
2023-03-19,BR,Brazil,AMRO,59994,37145514,324,699634,36445880
2023-03-26,BR,Brazil,AMRO,59163,37204677,283,699917,36504760
2023-04-02,BR,Brazil,AMRO,53986,37258663,322,700239,36558424
2023-04-09,BR,Brazil,AMRO,60591,37319254,317,700556,36618698
2023-04-16,BR,Brazil,AMRO,38838,37358092,255,700811,36657281
2023-04-23,BR,Brazil,AMRO,49140,37407232,404,701215,36706017
2023-04-30,BR,Brazil,AMRO,42186,37449418,279,701494,36747924
2023-05-07,BR,Brazil,AMRO,38553,37487971,339,701833,36786138
2023-05-14,BR,Brazil,AMRO,23950,37511921,283,702116,36809805
2023-05-21,BR,Brazil,AMRO,0,37511921,0,702116,36809805
2023-05-28,BR,Brazil,AMRO,0,37511921,0,702116,36809805
2023-06-04,BR,Brazil,AMRO,0,37511921,0,702116,36809805
2023-06-11,BR,Brazil,AMRO,0,37511921,0,702116,36809805
2023-06-18,BR,Brazil,AMRO,0,37511921,0,702116,36809805
2023-06-25,BR,Brazil,AMRO,0,37511921,0,702116,36809805
2023-07-02,BR,Brazil,AMRO,0,37511921,0,702116,36809805
2023-07-09,BR,Brazil,AMRO,0,37511921,0,702116,36809805
2023-07-16,BR,Brazil,AMRO,0,37511921,0,702116,36809805
2023-07-23,BR,Brazil,AMRO,0,37511921,0,702116,36809805
2023-07-30,BR,Brazil,AMRO,0,37511921,0,702116,36809805
2023-08-06,BR,Brazil,AMRO,0,37511921,0,702116,36809805
2023-08-13,BR,Brazil,AMRO,0,37511921,0,702116,36809805
2023-08-20,BR,Brazil,AMRO,0,37511921,0,702116,36809805
2023-08-27,BR,Brazil,AMRO,0,37511921,0,702116,36809805
2023-09-03,BR,Brazil,AMRO,0,37511921,0,702116,36809805
2023-09-10,BR,Brazil,AMRO,0,37511921,0,702116,36809805
2023-09-17,BR,Brazil,AMRO,0,37511921,0,702116,36809805
2023-09-24,BR,Brazil,AMRO,0,37511921,0,702116,36809805
2023-10-01,BR,Brazil,AMRO,0,37511921,0,702116,36809805
2023-10-08,BR,Brazil,AMRO,0,37511921,0,702116,36809805
2023-10-15,BR,Brazil,AMRO,0,37511921,0,702116,36809805
2023-10-22,BR,Brazil,AMRO,0,37511921,0,702116,36809805
2023-10-29,BR,Brazil,AMRO,0,37511921,0,702116,36809805
2023-11-05,BR,Brazil,AMRO,0,37511921,0,702116,36809805
2023-11-12,BR,Brazil,AMRO,0,37511921,0,702116,36809805
2023-11-19,BR,Brazil,AMRO,0,37511921,0,702116,36809805
2023-11-26,BR,Brazil,AMRO,0,37511921,0,702116,36809805
2023-12-03,BR,Brazil,AMRO,0,37511921,0,702116,36809805
2023-12-10,BR,Brazil,AMRO,0,37511921,0,702116,36809805
2023-12-17,BR,Brazil,AMRO,0,37511921,0,702116,36809805
2023-12-24,BR,Brazil,AMRO,0,37511921,0,702116,36809805
2023-12-31,BR,Brazil,AMRO,0,37511921,0,702116,36809805
2024-01-07,BR,Brazil,AMRO,0,37511921,0,702116,36809805
2024-01-14,BR,Brazil,AMRO,0,37511921,0,702116,36809805
2024-01-21,BR,Brazil,AMRO,0,37511921,0,702116,36809805
2024-01-28,BR,Brazil,AMRO,0,37511921,0,702116,36809805
2024-02-04,BR,Brazil,AMRO,0,37511921,0,702116,36809805
2024-02-11,BR,Brazil,AMRO,0,37511921,0,702116,36809805
2024-02-18,BR,Brazil,AMRO,0,37511921,0,702116,36809805
2024-02-25,BR,Brazil,AMRO,0,37511921,0,702116,36809805
2024-03-03,BR,Brazil,AMRO,0,37511921,0,702116,36809805
2024-03-10,BR,Brazil,AMRO,0,37511921,0,702116,36809805
2024-03-17,BR,Brazil,AMRO,0,37511921,0,702116,36809805
2024-03-24,BR,Brazil,AMRO,0,37511921,0,702116,36809805
2024-03-31,BR,Brazil,AMRO,0,37511921,0,702116,36809805
2024-04-07,BR,Brazil,AMRO,0,37511921,0,702116,36809805
2024-04-14,BR,Brazil,AMRO,0,37511921,0,702116,36809805
2024-04-21,BR,Brazil,AMRO,0,37511921,0,702116,36809805
2024-04-28,BR,Brazil,AMRO,0,37511921,0,702116,36809805
2024-05-05,BR,Brazil,AMRO,0,37511921,0,702116,36809805
2024-05-12,BR,Brazil,AMRO,0,37511921,0,702116,36809805
2024-05-19,BR,Brazil,AMRO,0,37511921,0,702116,36809805
2024-05-26,BR,Brazil,AMRO,0,37511921,0,702116,36809805
2024-06-02,BR,Brazil,AMRO,0,37511921,0,702116,36809805
2024-06-09,BR,Brazil,AMRO,0,37511921,0,702116,36809805
2024-06-16,BR,Brazil,AMRO,0,37511921,0,702116,36809805
2024-06-23,BR,Brazil,AMRO,0,37511921,0,702116,36809805
2024-06-30,BR,Brazil,AMRO,0,37511921,0,702116,36809805
2024-07-07,BR,Brazil,AMRO,0,37511921,0,702116,36809805
2024-07-14,BR,Brazil,AMRO,0,37511921,0,702116,36809805
2024-07-21,BR,Brazil,AMRO,0,37511921,0,702116,36809805
2024-07-28,BR,Brazil,AMRO,0,37511921,0,702116,36809805
2024-08-04,BR,Brazil,AMRO,0,37511921,0,702116,36809805
2024-08-11,BR,Brazil,AMRO,0,37511921,0,702116,36809805
2024-08-18,BR,Brazil,AMRO,0,37511921,0,702116,36809805
2024-08-25,BR,Brazil,AMRO,0,37511921,0,702116,36809805
2024-09-01,BR,Brazil,AMRO,0,37511921,0,702116,36809805
2024-09-08,BR,Brazil,AMRO,0,37511921,0,702116,36809805
2024-09-15,BR,Brazil,AMRO,0,37511921,0,702116,36809805
2024-09-22,BR,Brazil,AMRO,0,37511921,0,702116,36809805
2024-09-29,BR,Brazil,AMRO,0,37511921,0,702116,36809805
2024-10-06,BR,Brazil,AMRO,0,37511921,0,702116,36809805
2024-10-13,BR,Brazil,AMRO,0,37511921,0,702116,36809805
2024-10-20,BR,Brazil,AMRO,0,37511921,0,702116,36809805
2024-10-27,BR,Brazil,AMRO,0,37511921,0,702116,36809805
2024-11-03,BR,Brazil,AMRO,0,37511921,0,702116,36809805
2024-11-10,BR,Brazil,AMRO,0,37511921,0,702116,36809805
2024-11-17,BR,Brazil,AMRO,0,37511921,0,702116,36809805
2020-01-05,VG,British Virgin Islands,AMRO,0,0,0,0,0
2020-01-12,VG,British Virgin Islands,AMRO,0,0,0,0,0
2020-01-19,VG,British Virgin Islands,AMRO,0,0,0,0,0
2020-01-26,VG,British Virgin Islands,AMRO,0,0,0,0,0
2020-02-02,VG,British Virgin Islands,AMRO,0,0,0,0,0
2020-02-09,VG,British Virgin Islands,AMRO,0,0,0,0,0
2020-02-16,VG,British Virgin Islands,AMRO,0,0,0,0,0
2020-02-23,VG,British Virgin Islands,AMRO,0,0,0,0,0
2020-03-01,VG,British Virgin Islands,AMRO,0,0,0,0,0
2020-03-08,VG,British Virgin Islands,AMRO,0,0,0,0,0
2020-03-15,VG,British Virgin Islands,AMRO,0,0,0,0,0
2020-03-22,VG,British Virgin Islands,AMRO,0,0,0,0,0
2020-03-29,VG,British Virgin Islands,AMRO,2,2,0,0,2
2020-04-05,VG,British Virgin Islands,AMRO,1,3,0,0,3
2020-04-12,VG,British Virgin Islands,AMRO,0,3,0,0,3
2020-04-19,VG,British Virgin Islands,AMRO,0,3,0,0,3
2020-04-26,VG,British Virgin Islands,AMRO,3,6,1,1,5
2020-05-03,VG,British Virgin Islands,AMRO,0,6,0,1,5
2020-05-10,VG,British Virgin Islands,AMRO,1,7,0,1,6
2020-05-17,VG,British Virgin Islands,AMRO,1,8,0,1,7
2020-05-24,VG,British Virgin Islands,AMRO,0,8,0,1,7
2020-05-31,VG,British Virgin Islands,AMRO,0,8,0,1,7
2020-06-07,VG,British Virgin Islands,AMRO,0,8,0,1,7
2020-06-14,VG,British Virgin Islands,AMRO,0,8,0,1,7
2020-06-21,VG,British Virgin Islands,AMRO,0,8,0,1,7
2020-06-28,VG,British Virgin Islands,AMRO,0,8,0,1,7
2020-07-05,VG,British Virgin Islands,AMRO,0,8,0,1,7
2020-07-12,VG,British Virgin Islands,AMRO,0,8,0,1,7
2020-07-19,VG,British Virgin Islands,AMRO,0,8,0,1,7
2020-07-26,VG,British Virgin Islands,AMRO,0,8,0,1,7
2020-08-02,VG,British Virgin Islands,AMRO,0,8,0,1,7
2020-08-09,VG,British Virgin Islands,AMRO,1,9,0,1,8
2020-08-16,VG,British Virgin Islands,AMRO,0,9,0,1,8
2020-08-23,VG,British Virgin Islands,AMRO,12,21,0,1,20
2020-08-30,VG,British Virgin Islands,AMRO,14,35,0,1,34
2020-09-06,VG,British Virgin Islands,AMRO,28,63,0,1,62
2020-09-13,VG,British Virgin Islands,AMRO,3,66,0,1,65
2020-09-20,VG,British Virgin Islands,AMRO,5,71,0,1,70
2020-09-27,VG,British Virgin Islands,AMRO,0,71,0,1,70
2020-10-04,VG,British Virgin Islands,AMRO,0,71,0,1,70
2020-10-11,VG,British Virgin Islands,AMRO,0,71,0,1,70
2020-10-18,VG,British Virgin Islands,AMRO,1,72,0,1,71
2020-10-25,VG,British Virgin Islands,AMRO,0,72,0,1,71
2020-11-01,VG,British Virgin Islands,AMRO,0,72,0,1,71
2020-11-08,VG,British Virgin Islands,AMRO,0,72,0,1,71
2020-11-15,VG,British Virgin Islands,AMRO,0,72,0,1,71
2020-11-22,VG,British Virgin Islands,AMRO,0,72,0,1,71
2020-11-29,VG,British Virgin Islands,AMRO,0,72,0,1,71
2020-12-06,VG,British Virgin Islands,AMRO,1,73,0,1,72
2020-12-13,VG,British Virgin Islands,AMRO,3,76,0,1,75
2020-12-20,VG,British Virgin Islands,AMRO,10,86,0,1,85
2020-12-27,VG,British Virgin Islands,AMRO,7,93,0,1,92
2021-01-03,VG,British Virgin Islands,AMRO,0,93,0,1,92
2021-01-10,VG,British Virgin Islands,AMRO,21,114,0,1,113
2021-01-17,VG,British Virgin Islands,AMRO,7,121,0,1,120
2021-01-24,VG,British Virgin Islands,AMRO,16,137,0,1,136
2021-01-31,VG,British Virgin Islands,AMRO,4,141,0,1,140
2021-02-07,VG,British Virgin Islands,AMRO,0,141,0,1,140
2021-02-14,VG,British Virgin Islands,AMRO,10,151,0,1,150
2021-02-21,VG,British Virgin Islands,AMRO,2,153,0,1,152
2021-02-28,VG,British Virgin Islands,AMRO,0,153,0,1,152
2021-03-07,VG,British Virgin Islands,AMRO,1,154,0,1,153
2021-03-14,VG,British Virgin Islands,AMRO,0,154,0,1,153
2021-03-21,VG,British Virgin Islands,AMRO,0,154,0,1,153
2021-03-28,VG,British Virgin Islands,AMRO,0,154,0,1,153
2021-04-04,VG,British Virgin Islands,AMRO,0,154,0,1,153
2021-04-11,VG,British Virgin Islands,AMRO,24,178,0,1,177
2021-04-18,VG,British Virgin Islands,AMRO,9,187,0,1,186
2021-04-25,VG,British Virgin Islands,AMRO,7,194,0,1,193
2021-05-02,VG,British Virgin Islands,AMRO,0,194,0,1,193
2021-05-09,VG,British Virgin Islands,AMRO,25,219,0,1,218
2021-05-16,VG,British Virgin Islands,AMRO,29,248,0,1,247
2021-05-23,VG,British Virgin Islands,AMRO,0,248,0,1,247
2021-05-30,VG,British Virgin Islands,AMRO,41,289,0,1,288
2021-06-06,VG,British Virgin Islands,AMRO,0,289,0,1,288
2021-06-13,VG,British Virgin Islands,AMRO,6,295,0,1,294
2021-06-20,VG,British Virgin Islands,AMRO,0,295,0,1,294
2021-06-27,VG,British Virgin Islands,AMRO,3,298,0,1,297
2021-07-04,VG,British Virgin Islands,AMRO,158,456,0,1,455
2021-07-11,VG,British Virgin Islands,AMRO,691,1147,2,3,1144
2021-07-18,VG,British Virgin Islands,AMRO,877,2024,9,12,2012
2021-07-25,VG,British Virgin Islands,AMRO,365,2389,13,25,2364
2021-08-01,VG,British Virgin Islands,AMRO,111,2500,6,31,2469
2021-08-08,VG,British Virgin Islands,AMRO,32,2532,6,37,2495
2021-08-15,VG,British Virgin Islands,AMRO,20,2552,0,37,2515
2021-08-22,VG,British Virgin Islands,AMRO,16,2568,0,37,2531
2021-08-29,VG,British Virgin Islands,AMRO,0,2568,0,37,2531
2021-09-05,VG,British Virgin Islands,AMRO,72,2640,0,37,2603
2021-09-12,VG,British Virgin Islands,AMRO,2,2642,0,37,2605
2021-09-19,VG,British Virgin Islands,AMRO,0,2642,0,37,2605
2021-09-26,VG,British Virgin Islands,AMRO,34,2676,0,37,2639
2021-10-03,VG,British Virgin Islands,AMRO,42,2718,0,37,2681
2021-10-10,VG,British Virgin Islands,AMRO,7,2725,0,37,2688
2021-10-17,VG,British Virgin Islands,AMRO,0,2725,0,37,2688
2021-10-24,VG,British Virgin Islands,AMRO,0,2725,0,37,2688
2021-10-31,VG,British Virgin Islands,AMRO,0,2725,0,37,2688
2021-11-07,VG,British Virgin Islands,AMRO,0,2725,0,37,2688
2021-11-14,VG,British Virgin Islands,AMRO,20,2745,1,38,2707
2021-11-21,VG,British Virgin Islands,AMRO,20,2765,0,38,2727
2021-11-28,VG,British Virgin Islands,AMRO,8,2773,0,38,2735
2021-12-05,VG,British Virgin Islands,AMRO,43,2816,0,38,2778
2021-12-12,VG,British Virgin Islands,AMRO,26,2842,1,39,2803
2021-12-19,VG,British Virgin Islands,AMRO,44,2886,0,39,2847
2021-12-26,VG,British Virgin Islands,AMRO,185,3071,0,39,3032
2022-01-02,VG,British Virgin Islands,AMRO,421,3492,0,39,3453
2022-01-09,VG,British Virgin Islands,AMRO,715,4207,1,40,4167
2022-01-16,VG,British Virgin Islands,AMRO,1048,5255,2,42,5213
2022-01-23,VG,British Virgin Islands,AMRO,394,5649,5,47,5602
2022-01-30,VG,British Virgin Islands,AMRO,226,5875,2,49,5826
2022-02-06,VG,British Virgin Islands,AMRO,53,5928,2,51,5877
2022-02-13,VG,British Virgin Islands,AMRO,69,5997,10,61,5936
2022-02-20,VG,British Virgin Islands,AMRO,53,6050,1,62,5988
2022-02-27,VG,British Virgin Islands,AMRO,35,6085,0,62,6023
2022-03-06,VG,British Virgin Islands,AMRO,6,6091,0,62,6029
2022-03-13,VG,British Virgin Islands,AMRO,0,6091,0,62,6029
2022-03-20,VG,British Virgin Islands,AMRO,13,6104,0,62,6042
2022-03-27,VG,British Virgin Islands,AMRO,0,6104,0,62,6042
2022-04-03,VG,British Virgin Islands,AMRO,37,6141,0,62,6079
2022-04-10,VG,British Virgin Islands,AMRO,21,6162,0,62,6100
2022-04-17,VG,British Virgin Islands,AMRO,0,6162,0,62,6100
2022-04-24,VG,British Virgin Islands,AMRO,134,6296,0,62,6234
2022-05-01,VG,British Virgin Islands,AMRO,59,6355,0,62,6293
2022-05-08,VG,British Virgin Islands,AMRO,0,6355,0,62,6293
2022-05-15,VG,British Virgin Islands,AMRO,218,6573,0,62,6511
2022-05-22,VG,British Virgin Islands,AMRO,117,6690,0,62,6628
2022-05-29,VG,British Virgin Islands,AMRO,0,6690,0,62,6628
2022-06-05,VG,British Virgin Islands,AMRO,75,6765,0,62,6703
2022-06-12,VG,British Virgin Islands,AMRO,137,6902,1,63,6839
2022-06-19,VG,British Virgin Islands,AMRO,0,6902,0,63,6839
2022-06-26,VG,British Virgin Islands,AMRO,39,6941,0,63,6878
2022-07-03,VG,British Virgin Islands,AMRO,0,6941,0,63,6878
2022-07-10,VG,British Virgin Islands,AMRO,0,6941,0,63,6878
2022-07-17,VG,British Virgin Islands,AMRO,190,7131,0,63,7068
2022-07-24,VG,British Virgin Islands,AMRO,0,7131,0,63,7068
2022-07-31,VG,British Virgin Islands,AMRO,0,7131,0,63,7068
2022-08-07,VG,British Virgin Islands,AMRO,0,7131,0,63,7068
2022-08-14,VG,British Virgin Islands,AMRO,0,7131,0,63,7068
2022-08-21,VG,British Virgin Islands,AMRO,0,7131,0,63,7068
2022-08-28,VG,British Virgin Islands,AMRO,0,7131,0,63,7068
2022-09-04,VG,British Virgin Islands,AMRO,160,7291,1,64,7227
2022-09-11,VG,British Virgin Islands,AMRO,14,7305,0,64,7241
2022-09-18,VG,British Virgin Islands,AMRO,0,7305,0,64,7241
2022-09-25,VG,British Virgin Islands,AMRO,0,7305,0,64,7241
2022-10-02,VG,British Virgin Islands,AMRO,0,7305,0,64,7241
2022-10-09,VG,British Virgin Islands,AMRO,0,7305,0,64,7241
2022-10-16,VG,British Virgin Islands,AMRO,0,7305,0,64,7241
2022-10-23,VG,British Virgin Islands,AMRO,0,7305,0,64,7241
2022-10-30,VG,British Virgin Islands,AMRO,0,7305,0,64,7241
2022-11-06,VG,British Virgin Islands,AMRO,0,7305,0,64,7241
2022-11-13,VG,British Virgin Islands,AMRO,0,7305,0,64,7241
2022-11-20,VG,British Virgin Islands,AMRO,0,7305,0,64,7241
2022-11-27,VG,British Virgin Islands,AMRO,0,7305,0,64,7241
2022-12-04,VG,British Virgin Islands,AMRO,0,7305,0,64,7241
2022-12-11,VG,British Virgin Islands,AMRO,0,7305,0,64,7241
2022-12-18,VG,British Virgin Islands,AMRO,0,7305,0,64,7241
2022-12-25,VG,British Virgin Islands,AMRO,0,7305,0,64,7241
2023-01-01,VG,British Virgin Islands,AMRO,0,7305,0,64,7241
2023-01-08,VG,British Virgin Islands,AMRO,0,7305,0,64,7241
2023-01-15,VG,British Virgin Islands,AMRO,0,7305,0,64,7241
2023-01-22,VG,British Virgin Islands,AMRO,0,7305,0,64,7241
2023-01-29,VG,British Virgin Islands,AMRO,0,7305,0,64,7241
2023-02-05,VG,British Virgin Islands,AMRO,0,7305,0,64,7241
2023-02-12,VG,British Virgin Islands,AMRO,0,7305,0,64,7241
2023-02-19,VG,British Virgin Islands,AMRO,0,7305,0,64,7241
2023-02-26,VG,British Virgin Islands,AMRO,0,7305,0,64,7241
2023-03-05,VG,British Virgin Islands,AMRO,0,7305,0,64,7241
2023-03-12,VG,British Virgin Islands,AMRO,0,7305,0,64,7241
2023-03-19,VG,British Virgin Islands,AMRO,0,7305,0,64,7241
2023-03-26,VG,British Virgin Islands,AMRO,0,7305,0,64,7241
2023-04-02,VG,British Virgin Islands,AMRO,0,7305,0,64,7241
2023-04-09,VG,British Virgin Islands,AMRO,0,7305,0,64,7241
2023-04-16,VG,British Virgin Islands,AMRO,0,7305,0,64,7241
2023-04-23,VG,British Virgin Islands,AMRO,0,7305,0,64,7241
2023-04-30,VG,British Virgin Islands,AMRO,0,7305,0,64,7241
2023-05-07,VG,British Virgin Islands,AMRO,0,7305,0,64,7241
2023-05-14,VG,British Virgin Islands,AMRO,0,7305,0,64,7241
2023-05-21,VG,British Virgin Islands,AMRO,1,7306,0,64,7242
2023-05-28,VG,British Virgin Islands,AMRO,0,7306,0,64,7242
2023-06-04,VG,British Virgin Islands,AMRO,0,7306,0,64,7242
2023-06-11,VG,British Virgin Islands,AMRO,13,7319,0,64,7255
2023-06-18,VG,British Virgin Islands,AMRO,4,7323,0,64,7259
2023-06-25,VG,British Virgin Islands,AMRO,7,7330,0,64,7266
2023-07-02,VG,British Virgin Islands,AMRO,2,7332,0,64,7268
2023-07-09,VG,British Virgin Islands,AMRO,0,7332,0,64,7268
2023-07-16,VG,British Virgin Islands,AMRO,8,7340,0,64,7276
2023-07-23,VG,British Virgin Islands,AMRO,5,7345,0,64,7281
2023-07-30,VG,British Virgin Islands,AMRO,2,7347,0,64,7283
2023-08-06,VG,British Virgin Islands,AMRO,3,7350,0,64,7286
2023-08-13,VG,British Virgin Islands,AMRO,0,7350,0,64,7286
2023-08-20,VG,British Virgin Islands,AMRO,12,7362,0,64,7298
2023-08-27,VG,British Virgin Islands,AMRO,1,7363,0,64,7299
2023-09-03,VG,British Virgin Islands,AMRO,9,7372,0,64,7308
2023-09-10,VG,British Virgin Islands,AMRO,1,7373,0,64,7309
2023-09-17,VG,British Virgin Islands,AMRO,8,7381,0,64,7317
2023-09-24,VG,British Virgin Islands,AMRO,6,7387,0,64,7323
2023-10-01,VG,British Virgin Islands,AMRO,3,7390,0,64,7326
2023-10-08,VG,British Virgin Islands,AMRO,2,7392,0,64,7328
2023-10-15,VG,British Virgin Islands,AMRO,1,7393,0,64,7329
2023-10-22,VG,British Virgin Islands,AMRO,5,7398,0,64,7334
2023-10-29,VG,British Virgin Islands,AMRO,2,7400,0,64,7336
2023-11-05,VG,British Virgin Islands,AMRO,2,7402,0,64,7338
2023-11-12,VG,British Virgin Islands,AMRO,2,7404,0,64,7340
2023-11-19,VG,British Virgin Islands,AMRO,2,7406,0,64,7342
2023-11-26,VG,British Virgin Islands,AMRO,4,7410,0,64,7346
2023-12-03,VG,British Virgin Islands,AMRO,5,7415,0,64,7351
2023-12-10,VG,British Virgin Islands,AMRO,1,7416,0,64,7352
2023-12-17,VG,British Virgin Islands,AMRO,2,7418,0,64,7354
2023-12-24,VG,British Virgin Islands,AMRO,1,7419,0,64,7355
2023-12-31,VG,British Virgin Islands,AMRO,1,7420,0,64,7356
2024-01-07,VG,British Virgin Islands,AMRO,0,7420,0,64,7356
2024-01-14,VG,British Virgin Islands,AMRO,2,7422,0,64,7358
2024-01-21,VG,British Virgin Islands,AMRO,3,7425,0,64,7361
2024-01-28,VG,British Virgin Islands,AMRO,5,7430,0,64,7366
2024-02-04,VG,British Virgin Islands,AMRO,5,7435,0,64,7371
2024-02-11,VG,British Virgin Islands,AMRO,4,7439,0,64,7375
2024-02-18,VG,British Virgin Islands,AMRO,1,7440,0,64,7376
2024-02-25,VG,British Virgin Islands,AMRO,5,7445,0,64,7381
2024-03-03,VG,British Virgin Islands,AMRO,0,7445,0,64,7381
2024-03-10,VG,British Virgin Islands,AMRO,0,7445,0,64,7381
2024-03-17,VG,British Virgin Islands,AMRO,2,7447,0,64,7383
2024-03-24,VG,British Virgin Islands,AMRO,1,7448,0,64,7384
2024-03-31,VG,British Virgin Islands,AMRO,2,7450,0,64,7386
2024-04-07,VG,British Virgin Islands,AMRO,1,7451,0,64,7387
2024-04-14,VG,British Virgin Islands,AMRO,0,7451,0,64,7387
2024-04-21,VG,British Virgin Islands,AMRO,0,7451,0,64,7387
2024-04-28,VG,British Virgin Islands,AMRO,0,7451,0,64,7387
2024-05-05,VG,British Virgin Islands,AMRO,0,7451,0,64,7387
2024-05-12,VG,British Virgin Islands,AMRO,4,7455,0,64,7391
2024-05-19,VG,British Virgin Islands,AMRO,14,7469,0,64,7405
2024-05-26,VG,British Virgin Islands,AMRO,10,7479,0,64,7415
2024-06-02,VG,British Virgin Islands,AMRO,10,7489,0,64,7425
2024-06-09,VG,British Virgin Islands,AMRO,27,7516,0,64,7452
2024-06-16,VG,British Virgin Islands,AMRO,18,7534,0,64,7470
2024-06-23,VG,British Virgin Islands,AMRO,18,7552,0,64,7488
2024-06-30,VG,British Virgin Islands,AMRO,11,7563,0,64,7499
2024-07-07,VG,British Virgin Islands,AMRO,16,7579,0,64,7515
2024-07-14,VG,British Virgin Islands,AMRO,15,7594,0,64,7530
2024-07-21,VG,British Virgin Islands,AMRO,13,7607,0,64,7543
2024-07-28,VG,British Virgin Islands,AMRO,7,7614,0,64,7550
2024-08-04,VG,British Virgin Islands,AMRO,3,7617,0,64,7553
2024-08-11,VG,British Virgin Islands,AMRO,3,7620,0,64,7556
2024-08-18,VG,British Virgin Islands,AMRO,4,7624,0,64,7560
2024-08-25,VG,British Virgin Islands,AMRO,1,7625,0,64,7561
2024-09-01,VG,British Virgin Islands,AMRO,0,7625,0,64,7561
2024-09-08,VG,British Virgin Islands,AMRO,0,7625,0,64,7561
2024-09-15,VG,British Virgin Islands,AMRO,2,7627,0,64,7563
2024-09-22,VG,British Virgin Islands,AMRO,1,7628,0,64,7564
2024-09-29,VG,British Virgin Islands,AMRO,0,7628,0,64,7564
2024-10-06,VG,British Virgin Islands,AMRO,0,7628,0,64,7564
2024-10-13,VG,British Virgin Islands,AMRO,0,7628,0,64,7564
2024-10-20,VG,British Virgin Islands,AMRO,0,7628,0,64,7564
2024-10-27,VG,British Virgin Islands,AMRO,0,7628,0,64,7564
2024-11-03,VG,British Virgin Islands,AMRO,0,7628,0,64,7564
2024-11-10,VG,British Virgin Islands,AMRO,0,7628,0,64,7564
2024-11-17,VG,British Virgin Islands,AMRO,0,7628,0,64,7564
2020-01-05,BN,Brunei Darussalam,WPRO,0,0,0,0,0
2020-01-12,BN,Brunei Darussalam,WPRO,0,0,0,0,0
2020-01-19,BN,Brunei Darussalam,WPRO,0,0,0,0,0
2020-01-26,BN,Brunei Darussalam,WPRO,0,0,0,0,0
2020-02-02,BN,Brunei Darussalam,WPRO,0,0,0,0,0
2020-02-09,BN,Brunei Darussalam,WPRO,0,0,0,0,0
2020-02-16,BN,Brunei Darussalam,WPRO,0,0,0,0,0
2020-02-23,BN,Brunei Darussalam,WPRO,0,0,0,0,0
2020-03-01,BN,Brunei Darussalam,WPRO,0,0,0,0,0
2020-03-08,BN,Brunei Darussalam,WPRO,0,0,0,0,0
2020-03-15,BN,Brunei Darussalam,WPRO,40,40,0,0,40
2020-03-22,BN,Brunei Darussalam,WPRO,43,83,0,0,83
2020-03-29,BN,Brunei Darussalam,WPRO,37,120,1,1,119
2020-04-05,BN,Brunei Darussalam,WPRO,15,135,0,1,134
2020-04-12,BN,Brunei Darussalam,WPRO,1,136,0,1,135
2020-04-19,BN,Brunei Darussalam,WPRO,1,137,0,1,136
2020-04-26,BN,Brunei Darussalam,WPRO,1,138,0,1,137
2020-05-03,BN,Brunei Darussalam,WPRO,0,138,0,1,137
2020-05-10,BN,Brunei Darussalam,WPRO,3,141,0,1,140
2020-05-17,BN,Brunei Darussalam,WPRO,0,141,0,1,140
2020-05-24,BN,Brunei Darussalam,WPRO,0,141,0,1,140
2020-05-31,BN,Brunei Darussalam,WPRO,0,141,1,2,139
2020-06-07,BN,Brunei Darussalam,WPRO,0,141,0,2,139
2020-06-14,BN,Brunei Darussalam,WPRO,0,141,0,2,139
2020-06-21,BN,Brunei Darussalam,WPRO,0,141,1,3,138
2020-06-28,BN,Brunei Darussalam,WPRO,0,141,0,3,138
2020-07-05,BN,Brunei Darussalam,WPRO,0,141,0,3,138
2020-07-12,BN,Brunei Darussalam,WPRO,0,141,0,3,138
2020-07-19,BN,Brunei Darussalam,WPRO,0,141,0,3,138
2020-07-26,BN,Brunei Darussalam,WPRO,0,141,0,3,138
2020-08-02,BN,Brunei Darussalam,WPRO,0,141,0,3,138
2020-08-09,BN,Brunei Darussalam,WPRO,1,142,0,3,139
2020-08-16,BN,Brunei Darussalam,WPRO,0,142,0,3,139
2020-08-23,BN,Brunei Darussalam,WPRO,1,143,0,3,140
2020-08-30,BN,Brunei Darussalam,WPRO,1,144,0,3,141
2020-09-06,BN,Brunei Darussalam,WPRO,1,145,0,3,142
2020-09-13,BN,Brunei Darussalam,WPRO,0,145,0,3,142
2020-09-20,BN,Brunei Darussalam,WPRO,0,145,0,3,142
2020-09-27,BN,Brunei Darussalam,WPRO,1,146,0,3,143
2020-10-04,BN,Brunei Darussalam,WPRO,0,146,0,3,143
2020-10-11,BN,Brunei Darussalam,WPRO,0,146,0,3,143
2020-10-18,BN,Brunei Darussalam,WPRO,1,147,0,3,144
2020-10-25,BN,Brunei Darussalam,WPRO,1,148,0,3,145
2020-11-01,BN,Brunei Darussalam,WPRO,0,148,0,3,145
2020-11-08,BN,Brunei Darussalam,WPRO,0,148,0,3,145
2020-11-15,BN,Brunei Darussalam,WPRO,0,148,0,3,145
2020-11-22,BN,Brunei Darussalam,WPRO,0,148,0,3,145
2020-11-29,BN,Brunei Darussalam,WPRO,2,150,0,3,147
2020-12-06,BN,Brunei Darussalam,WPRO,1,151,0,3,148
2020-12-13,BN,Brunei Darussalam,WPRO,1,152,0,3,149
2020-12-20,BN,Brunei Darussalam,WPRO,0,152,0,3,149
2020-12-27,BN,Brunei Darussalam,WPRO,0,152,0,3,149
2021-01-03,BN,Brunei Darussalam,WPRO,20,172,0,3,169
2021-01-10,BN,Brunei Darussalam,WPRO,1,173,0,3,170
2021-01-17,BN,Brunei Darussalam,WPRO,1,174,0,3,171
2021-01-24,BN,Brunei Darussalam,WPRO,1,175,0,3,172
2021-01-31,BN,Brunei Darussalam,WPRO,5,180,0,3,177
2021-02-07,BN,Brunei Darussalam,WPRO,1,181,0,3,178
2021-02-14,BN,Brunei Darussalam,WPRO,3,184,0,3,181
2021-02-21,BN,Brunei Darussalam,WPRO,1,185,0,3,182
2021-02-28,BN,Brunei Darussalam,WPRO,1,186,0,3,183
2021-03-07,BN,Brunei Darussalam,WPRO,4,190,0,3,187
2021-03-14,BN,Brunei Darussalam,WPRO,9,199,0,3,196
2021-03-21,BN,Brunei Darussalam,WPRO,7,206,0,3,203
2021-03-28,BN,Brunei Darussalam,WPRO,1,207,0,3,204
2021-04-04,BN,Brunei Darussalam,WPRO,7,214,0,3,211
2021-04-11,BN,Brunei Darussalam,WPRO,5,219,0,3,216
2021-04-18,BN,Brunei Darussalam,WPRO,2,221,0,3,218
2021-04-25,BN,Brunei Darussalam,WPRO,2,223,0,3,220
2021-05-02,BN,Brunei Darussalam,WPRO,4,227,0,3,224
2021-05-09,BN,Brunei Darussalam,WPRO,3,230,0,3,227
2021-05-16,BN,Brunei Darussalam,WPRO,2,232,0,3,229
2021-05-23,BN,Brunei Darussalam,WPRO,4,236,0,3,233
2021-05-30,BN,Brunei Darussalam,WPRO,6,242,0,3,239
2021-06-06,BN,Brunei Darussalam,WPRO,2,244,0,3,241
2021-06-13,BN,Brunei Darussalam,WPRO,6,250,0,3,247
2021-06-20,BN,Brunei Darussalam,WPRO,5,255,0,3,252
2021-06-27,BN,Brunei Darussalam,WPRO,4,259,0,3,256
2021-07-04,BN,Brunei Darussalam,WPRO,3,262,0,3,259
2021-07-11,BN,Brunei Darussalam,WPRO,13,275,0,3,272
2021-07-18,BN,Brunei Darussalam,WPRO,16,291,0,3,288
2021-07-25,BN,Brunei Darussalam,WPRO,30,321,0,3,318
2021-08-01,BN,Brunei Darussalam,WPRO,17,338,0,3,335
2021-08-08,BN,Brunei Darussalam,WPRO,26,364,0,3,361
2021-08-15,BN,Brunei Darussalam,WPRO,359,723,1,4,719
2021-08-22,BN,Brunei Darussalam,WPRO,1046,1769,7,11,1758
2021-08-29,BN,Brunei Darussalam,WPRO,796,2565,5,16,2549
2021-09-05,BN,Brunei Darussalam,WPRO,764,3329,4,20,3309
2021-09-12,BN,Brunei Darussalam,WPRO,834,4163,5,25,4138
2021-09-19,BN,Brunei Darussalam,WPRO,884,5047,7,32,5015
2021-09-26,BN,Brunei Darussalam,WPRO,1493,6540,6,38,6502
2021-10-03,BN,Brunei Darussalam,WPRO,1176,7716,6,44,7672
2021-10-10,BN,Brunei Darussalam,WPRO,1264,8980,5,49,8931
2021-10-17,BN,Brunei Darussalam,WPRO,1880,10860,7,56,10804
2021-10-24,BN,Brunei Darussalam,WPRO,1253,12113,1,57,12056
2021-10-31,BN,Brunei Darussalam,WPRO,1017,13130,1,58,13072
2021-11-07,BN,Brunei Darussalam,WPRO,652,13782,3,61,13721
2021-11-14,BN,Brunei Darussalam,WPRO,433,14215,0,61,14154
2021-11-21,BN,Brunei Darussalam,WPRO,376,14591,0,61,14530
2021-11-28,BN,Brunei Darussalam,WPRO,445,15036,0,61,14975
2021-12-05,BN,Brunei Darussalam,WPRO,150,15186,0,61,15125
2021-12-12,BN,Brunei Darussalam,WPRO,162,15348,0,61,15287
2021-12-19,BN,Brunei Darussalam,WPRO,54,15402,0,61,15341
2021-12-26,BN,Brunei Darussalam,WPRO,45,15447,0,61,15386
2022-01-02,BN,Brunei Darussalam,WPRO,52,15499,1,62,15437
2022-01-09,BN,Brunei Darussalam,WPRO,135,15634,0,62,15572
2022-01-16,BN,Brunei Darussalam,WPRO,247,15881,0,62,15819
2022-01-23,BN,Brunei Darussalam,WPRO,251,16132,0,62,16070
2022-01-30,BN,Brunei Darussalam,WPRO,281,16413,0,62,16351
2022-02-06,BN,Brunei Darussalam,WPRO,1371,17784,0,62,17722
2022-02-13,BN,Brunei Darussalam,WPRO,4731,22515,2,64,22451
2022-02-20,BN,Brunei Darussalam,WPRO,12464,34979,3,67,34912
2022-02-27,BN,Brunei Darussalam,WPRO,24468,59447,6,73,59374
2022-03-06,BN,Brunei Darussalam,WPRO,29402,88849,11,84,88765
2022-03-13,BN,Brunei Darussalam,WPRO,23244,112093,8,92,112001
2022-03-20,BN,Brunei Darussalam,WPRO,12623,124716,2,94,124622
2022-03-27,BN,Brunei Darussalam,WPRO,6687,131403,6,100,131303
2022-04-03,BN,Brunei Darussalam,WPRO,4571,135974,0,100,135874
2022-04-10,BN,Brunei Darussalam,WPRO,2556,138530,1,101,138429
2022-04-17,BN,Brunei Darussalam,WPRO,1493,140023,0,101,139922
2022-04-24,BN,Brunei Darussalam,WPRO,1096,141119,0,101,141018
2022-05-01,BN,Brunei Darussalam,WPRO,792,141911,0,101,141810
2022-05-08,BN,Brunei Darussalam,WPRO,947,142858,0,101,142757
2022-05-15,BN,Brunei Darussalam,WPRO,1801,144659,0,101,144558
2022-05-22,BN,Brunei Darussalam,WPRO,1827,146486,0,101,146385
2022-05-29,BN,Brunei Darussalam,WPRO,1603,148089,0,101,147988
2022-06-05,BN,Brunei Darussalam,WPRO,2313,150402,0,101,150301
2022-06-12,BN,Brunei Darussalam,WPRO,2691,153093,0,101,152992
2022-06-19,BN,Brunei Darussalam,WPRO,3930,157023,0,101,156922
2022-06-26,BN,Brunei Darussalam,WPRO,0,157023,1,102,156921
2022-07-03,BN,Brunei Darussalam,WPRO,6504,163527,5,107,163420
2022-07-10,BN,Brunei Darussalam,WPRO,9610,173137,10,117,173020
2022-07-17,BN,Brunei Darussalam,WPRO,11858,184995,4,121,184874
2022-07-24,BN,Brunei Darussalam,WPRO,12420,197415,1,122,197293
2022-07-31,BN,Brunei Darussalam,WPRO,8745,206160,0,122,206038
2022-08-07,BN,Brunei Darussalam,WPRO,9123,215283,6,128,215155
2022-08-14,BN,Brunei Darussalam,WPRO,2976,218259,0,128,218131
2022-08-21,BN,Brunei Darussalam,WPRO,1986,220245,0,128,220117
2022-08-28,BN,Brunei Darussalam,WPRO,1454,221699,1,129,221570
2022-09-04,BN,Brunei Darussalam,WPRO,1360,223059,1,130,222929
2022-09-11,BN,Brunei Darussalam,WPRO,1551,224610,1,131,224479
2022-09-18,BN,Brunei Darussalam,WPRO,1627,226237,0,131,226106
2022-09-25,BN,Brunei Darussalam,WPRO,1519,227756,0,131,227625
2022-10-02,BN,Brunei Darussalam,WPRO,1909,229665,2,133,229532
2022-10-09,BN,Brunei Darussalam,WPRO,2168,231833,1,134,231699
2022-10-16,BN,Brunei Darussalam,WPRO,2749,234582,1,135,234447
2022-10-23,BN,Brunei Darussalam,WPRO,3074,237656,1,136,237520
2022-10-30,BN,Brunei Darussalam,WPRO,3388,241044,0,136,240908
2022-11-06,BN,Brunei Darussalam,WPRO,3555,244599,1,137,244462
2022-11-13,BN,Brunei Darussalam,WPRO,4262,248861,0,137,248724
2022-11-20,BN,Brunei Darussalam,WPRO,4545,253406,6,143,253263
2022-11-27,BN,Brunei Darussalam,WPRO,4515,257921,1,144,257777
2022-12-04,BN,Brunei Darussalam,WPRO,3519,261440,1,145,261295
2022-12-11,BN,Brunei Darussalam,WPRO,3050,264490,1,146,264344
2022-12-18,BN,Brunei Darussalam,WPRO,2329,266819,1,147,266672
2022-12-25,BN,Brunei Darussalam,WPRO,1796,268615,1,148,268467
2023-01-01,BN,Brunei Darussalam,WPRO,1584,270199,0,148,270051
2023-01-08,BN,Brunei Darussalam,WPRO,2447,272646,0,148,272498
2023-01-15,BN,Brunei Darussalam,WPRO,0,272646,0,148,272498
2023-01-22,BN,Brunei Darussalam,WPRO,1571,274217,0,148,274069
2023-01-29,BN,Brunei Darussalam,WPRO,1003,275220,0,148,275072
2023-02-05,BN,Brunei Darussalam,WPRO,847,276067,0,148,275919
2023-02-12,BN,Brunei Darussalam,WPRO,758,276825,1,149,276676
2023-02-19,BN,Brunei Darussalam,WPRO,616,277441,1,150,277291
2023-02-26,BN,Brunei Darussalam,WPRO,551,277992,0,150,277842
2023-03-05,BN,Brunei Darussalam,WPRO,706,278698,0,150,278548
2023-03-12,BN,Brunei Darussalam,WPRO,963,279661,0,150,279511
2023-03-19,BN,Brunei Darussalam,WPRO,1129,280790,1,151,280639
2023-03-26,BN,Brunei Darussalam,WPRO,1166,281956,2,153,281803
2023-04-02,BN,Brunei Darussalam,WPRO,1389,283345,0,153,283192
2023-04-09,BN,Brunei Darussalam,WPRO,1287,284632,0,153,284479
2023-04-16,BN,Brunei Darussalam,WPRO,1108,285740,2,155,285585
2023-04-23,BN,Brunei Darussalam,WPRO,1070,286810,0,155,286655
2023-04-30,BN,Brunei Darussalam,WPRO,1241,288051,2,157,287894
2023-05-07,BN,Brunei Darussalam,WPRO,4593,292644,3,160,292484
2023-05-14,BN,Brunei Darussalam,WPRO,6861,299505,0,160,299345
2023-05-21,BN,Brunei Darussalam,WPRO,4214,303719,1,161,303558
2023-05-28,BN,Brunei Darussalam,WPRO,2614,306333,0,161,306172
2023-06-04,BN,Brunei Darussalam,WPRO,1353,307686,0,161,307525
2023-06-11,BN,Brunei Darussalam,WPRO,1091,308777,0,161,308616
2023-06-18,BN,Brunei Darussalam,WPRO,338,309115,0,161,308954
2023-06-25,BN,Brunei Darussalam,WPRO,275,309390,0,161,309229
2023-07-02,BN,Brunei Darussalam,WPRO,171,309561,0,161,309400
2023-07-09,BN,Brunei Darussalam,WPRO,252,309813,1,162,309651
2023-07-16,BN,Brunei Darussalam,WPRO,117,309930,0,162,309768
2023-07-23,BN,Brunei Darussalam,WPRO,89,310019,0,162,309857
2023-07-30,BN,Brunei Darussalam,WPRO,87,310106,1,163,309943
2023-08-06,BN,Brunei Darussalam,WPRO,119,310225,0,163,310062
2023-08-13,BN,Brunei Darussalam,WPRO,154,310379,0,163,310216
2023-08-20,BN,Brunei Darussalam,WPRO,0,310379,0,163,310216
2023-08-27,BN,Brunei Darussalam,WPRO,173,310552,0,163,310389
2023-09-03,BN,Brunei Darussalam,WPRO,78,310630,0,163,310467
2023-09-10,BN,Brunei Darussalam,WPRO,146,310776,0,163,310613
2023-09-17,BN,Brunei Darussalam,WPRO,244,311020,0,163,310857
2023-09-24,BN,Brunei Darussalam,WPRO,216,311236,0,163,311073
2023-10-01,BN,Brunei Darussalam,WPRO,213,311449,0,163,311286
2023-10-08,BN,Brunei Darussalam,WPRO,165,311614,0,163,311451
2023-10-15,BN,Brunei Darussalam,WPRO,291,311905,0,163,311742
2023-10-22,BN,Brunei Darussalam,WPRO,289,312194,0,163,312031
2023-10-29,BN,Brunei Darussalam,WPRO,330,312524,0,163,312361
2023-11-05,BN,Brunei Darussalam,WPRO,368,312892,0,163,312729
2023-11-12,BN,Brunei Darussalam,WPRO,488,313380,0,163,313217
2023-11-19,BN,Brunei Darussalam,WPRO,539,313919,0,163,313756
2023-11-26,BN,Brunei Darussalam,WPRO,691,314610,0,163,314447
2023-12-03,BN,Brunei Darussalam,WPRO,1123,315733,1,164,315569
2023-12-10,BN,Brunei Darussalam,WPRO,1854,317587,2,166,317421
2023-12-17,BN,Brunei Darussalam,WPRO,3648,321235,2,168,321067
2023-12-24,BN,Brunei Darussalam,WPRO,5040,326275,2,170,326105
2023-12-31,BN,Brunei Darussalam,WPRO,4501,330776,1,171,330605
2024-01-07,BN,Brunei Darussalam,WPRO,3459,334235,5,176,334059
2024-01-14,BN,Brunei Darussalam,WPRO,4334,338569,1,177,338392
2024-01-21,BN,Brunei Darussalam,WPRO,2373,340942,1,178,340764
2024-01-28,BN,Brunei Darussalam,WPRO,1318,342260,0,178,342082
2024-02-04,BN,Brunei Darussalam,WPRO,542,342802,0,178,342624
2024-02-11,BN,Brunei Darussalam,WPRO,273,343075,0,178,342897
2024-02-18,BN,Brunei Darussalam,WPRO,124,343199,0,178,343021
2024-02-25,BN,Brunei Darussalam,WPRO,168,343367,0,178,343189
2024-03-03,BN,Brunei Darussalam,WPRO,102,343469,0,178,343291
2024-03-10,BN,Brunei Darussalam,WPRO,108,343577,0,178,343399
2024-03-17,BN,Brunei Darussalam,WPRO,76,343653,0,178,343475
2024-03-24,BN,Brunei Darussalam,WPRO,66,343719,0,178,343541
2024-03-31,BN,Brunei Darussalam,WPRO,51,343770,0,178,343592
2024-04-07,BN,Brunei Darussalam,WPRO,20,343790,0,178,343612
2024-04-14,BN,Brunei Darussalam,WPRO,36,343826,0,178,343648
2024-04-21,BN,Brunei Darussalam,WPRO,25,343851,0,178,343673
2024-04-28,BN,Brunei Darussalam,WPRO,85,343936,0,178,343758
2024-05-05,BN,Brunei Darussalam,WPRO,84,344020,0,178,343842
2024-05-12,BN,Brunei Darussalam,WPRO,125,344145,0,178,343967
2024-05-19,BN,Brunei Darussalam,WPRO,175,344320,0,178,344142
2024-05-26,BN,Brunei Darussalam,WPRO,166,344486,0,178,344308
2024-06-02,BN,Brunei Darussalam,WPRO,157,344643,0,178,344465
2024-06-09,BN,Brunei Darussalam,WPRO,154,344797,0,178,344619
2024-06-16,BN,Brunei Darussalam,WPRO,299,345096,0,178,344918
2024-06-23,BN,Brunei Darussalam,WPRO,308,345404,0,178,345226
2024-06-30,BN,Brunei Darussalam,WPRO,419,345823,0,178,345645
2024-07-07,BN,Brunei Darussalam,WPRO,423,346246,0,178,346068
2024-07-14,BN,Brunei Darussalam,WPRO,424,346670,0,178,346492
2024-07-21,BN,Brunei Darussalam,WPRO,399,347069,0,178,346891
2024-07-28,BN,Brunei Darussalam,WPRO,366,347435,0,178,347257
2024-08-04,BN,Brunei Darussalam,WPRO,288,347723,1,179,347544
2024-08-11,BN,Brunei Darussalam,WPRO,235,347958,1,180,347778
2024-08-18,BN,Brunei Darussalam,WPRO,156,348114,0,180,347934
2024-08-25,BN,Brunei Darussalam,WPRO,99,348213,1,181,348032
2024-09-01,BN,Brunei Darussalam,WPRO,132,348345,0,181,348164
2024-09-08,BN,Brunei Darussalam,WPRO,142,348487,0,181,348306
2024-09-15,BN,Brunei Darussalam,WPRO,120,348607,0,181,348426
2024-09-22,BN,Brunei Darussalam,WPRO,130,348737,0,181,348556
2024-09-29,BN,Brunei Darussalam,WPRO,109,348846,0,181,348665
2024-10-06,BN,Brunei Darussalam,WPRO,111,348957,0,181,348776
2024-10-13,BN,Brunei Darussalam,WPRO,117,349074,0,181,348893
2024-10-20,BN,Brunei Darussalam,WPRO,96,349170,0,181,348989
2024-10-27,BN,Brunei Darussalam,WPRO,109,349279,0,181,349098
2024-11-03,BN,Brunei Darussalam,WPRO,69,349348,0,181,349167
2024-11-10,BN,Brunei Darussalam,WPRO,95,349443,0,181,349262
2024-11-17,BN,Brunei Darussalam,WPRO,74,349517,0,181,349336
2020-01-05,BG,Bulgaria,EURO,0,0,0,0,0
2020-01-12,BG,Bulgaria,EURO,0,0,0,0,0
2020-01-19,BG,Bulgaria,EURO,0,0,0,0,0
2020-01-26,BG,Bulgaria,EURO,0,0,0,0,0
2020-02-02,BG,Bulgaria,EURO,0,0,0,0,0
2020-02-09,BG,Bulgaria,EURO,0,0,0,0,0
2020-02-16,BG,Bulgaria,EURO,0,0,0,0,0
2020-02-23,BG,Bulgaria,EURO,0,0,0,0,0
2020-03-01,BG,Bulgaria,EURO,0,0,0,0,0
2020-03-08,BG,Bulgaria,EURO,4,4,0,0,4
2020-03-15,BG,Bulgaria,EURO,47,51,2,2,49
2020-03-22,BG,Bulgaria,EURO,134,185,1,3,182
2020-03-29,BG,Bulgaria,EURO,161,346,5,8,338
2020-04-05,BG,Bulgaria,EURO,185,531,12,20,511
2020-04-12,BG,Bulgaria,EURO,144,675,9,29,646
2020-04-19,BG,Bulgaria,EURO,219,894,13,42,852
2020-04-26,BG,Bulgaria,EURO,406,1300,14,56,1244
2020-05-03,BG,Bulgaria,EURO,318,1618,17,73,1545
2020-05-10,BG,Bulgaria,EURO,347,1965,18,91,1874
2020-05-17,BG,Bulgaria,EURO,246,2211,17,108,2103
2020-05-24,BG,Bulgaria,EURO,216,2427,22,130,2297
2020-05-31,BG,Bulgaria,EURO,86,2513,10,140,2373
2020-06-07,BG,Bulgaria,EURO,198,2711,20,160,2551
2020-06-14,BG,Bulgaria,EURO,555,3266,12,172,3094
2020-06-21,BG,Bulgaria,EURO,606,3872,27,199,3673
2020-06-28,BG,Bulgaria,EURO,753,4625,17,216,4409
2020-07-05,BG,Bulgaria,EURO,1052,5677,25,241,5436
2020-07-12,BG,Bulgaria,EURO,1498,7175,26,267,6908
2020-07-19,BG,Bulgaria,EURO,1463,8638,32,299,8339
2020-07-26,BG,Bulgaria,EURO,1674,10312,39,338,9974
2020-08-02,BG,Bulgaria,EURO,1524,11836,47,385,11451
2020-08-09,BG,Bulgaria,EURO,1507,13343,60,445,12898
2020-08-16,BG,Bulgaria,EURO,990,14333,50,495,13838
2020-08-23,BG,Bulgaria,EURO,894,15227,50,545,14682
2020-08-30,BG,Bulgaria,EURO,937,16164,60,605,15559
2020-09-06,BG,Bulgaria,EURO,886,17050,66,671,16379
2020-09-13,BG,Bulgaria,EURO,841,17891,46,717,17174
2020-09-20,BG,Bulgaria,EURO,928,18819,38,755,18064
2020-09-27,BG,Bulgaria,EURO,1178,19997,34,789,19208
2020-10-04,BG,Bulgaria,EURO,1521,21518,52,841,20677
2020-10-11,BG,Bulgaria,EURO,2801,24319,50,891,23428
2020-10-18,BG,Bulgaria,EURO,4789,29108,77,968,28140
2020-10-25,BG,Bulgaria,EURO,8454,37562,116,1084,36478
2020-11-01,BG,Bulgaria,EURO,15282,52844,195,1279,51565
2020-11-08,BG,Bulgaria,EURO,21641,74485,353,1632,72853
2020-11-15,BG,Bulgaria,EURO,22950,97435,459,2091,95344
2020-11-22,BG,Bulgaria,EURO,23262,120697,729,2820,117877
2020-11-29,BG,Bulgaria,EURO,21050,141747,929,3749,137998
2020-12-06,BG,Bulgaria,EURO,19097,160844,980,4729,156115
2020-12-13,BG,Bulgaria,EURO,18108,178952,897,5626,173326
2020-12-20,BG,Bulgaria,EURO,12077,191029,925,6551,184478
2020-12-27,BG,Bulgaria,EURO,6355,197384,572,7123,190261
2021-01-03,BG,Bulgaria,EURO,5496,202880,521,7644,195236
2021-01-10,BG,Bulgaria,EURO,5526,208406,453,8097,200309
2021-01-17,BG,Bulgaria,EURO,3330,211736,377,8474,203262
2021-01-24,BG,Bulgaria,EURO,2960,214696,337,8811,205885
2021-01-31,BG,Bulgaria,EURO,3922,218618,217,9028,209590
2021-02-07,BG,Bulgaria,EURO,4934,223552,283,9311,214241
2021-02-14,BG,Bulgaria,EURO,5964,229516,297,9608,219908
2021-02-21,BG,Bulgaria,EURO,6923,236439,231,9839,226600
2021-02-28,BG,Bulgaria,EURO,10267,246706,328,10167,236539
2021-03-07,BG,Bulgaria,EURO,13105,259811,426,10593,249218
2021-03-14,BG,Bulgaria,EURO,18067,277878,641,11234,266644
2021-03-21,BG,Bulgaria,EURO,24602,302480,732,11966,290514
2021-03-28,BG,Bulgaria,EURO,25290,327770,684,12650,315120
2021-04-04,BG,Bulgaria,EURO,24489,352259,857,13507,338752
2021-04-11,BG,Bulgaria,EURO,19272,371531,844,14351,357180
2021-04-18,BG,Bulgaria,EURO,14432,385963,787,15138,370825
2021-04-25,BG,Bulgaria,EURO,11137,397100,721,15859,381241
2021-05-02,BG,Bulgaria,EURO,7746,404846,585,16444,388402
2021-05-09,BG,Bulgaria,EURO,5115,409961,458,16902,393059
2021-05-16,BG,Bulgaria,EURO,4080,414041,348,17250,396791
2021-05-23,BG,Bulgaria,EURO,2524,416565,237,17487,399078
2021-05-30,BG,Bulgaria,EURO,1656,418221,170,17657,400564
2021-06-06,BG,Bulgaria,EURO,1205,419426,156,17813,401613
2021-06-13,BG,Bulgaria,EURO,868,420294,85,17898,402396
2021-06-20,BG,Bulgaria,EURO,711,421005,91,17989,403016
2021-06-27,BG,Bulgaria,EURO,510,421515,38,18027,403488
2021-07-04,BG,Bulgaria,EURO,519,422034,57,18084,403950
2021-07-11,BG,Bulgaria,EURO,412,422446,56,18140,404306
2021-07-18,BG,Bulgaria,EURO,484,422930,29,18169,404761
2021-07-25,BG,Bulgaria,EURO,699,423629,24,18193,405436
2021-08-01,BG,Bulgaria,EURO,1425,425054,20,18213,406841
2021-08-08,BG,Bulgaria,EURO,2819,427873,39,18252,409621
2021-08-15,BG,Bulgaria,EURO,5089,432962,87,18339,414623
2021-08-22,BG,Bulgaria,EURO,7949,440911,128,18467,422444
2021-08-29,BG,Bulgaria,EURO,10237,451148,238,18705,432443
2021-09-05,BG,Bulgaria,EURO,10397,461545,378,19083,442462
2021-09-12,BG,Bulgaria,EURO,9290,470835,386,19469,451366
2021-09-19,BG,Bulgaria,EURO,10893,481728,516,19985,461743
2021-09-26,BG,Bulgaria,EURO,10637,492365,464,20449,471916
2021-10-03,BG,Bulgaria,EURO,13116,505481,546,20995,484486
2021-10-10,BG,Bulgaria,EURO,14760,520241,621,21616,498625
2021-10-17,BG,Bulgaria,EURO,19378,539619,615,22231,517388
2021-10-24,BG,Bulgaria,EURO,28454,568073,802,23033,545040
2021-10-31,BG,Bulgaria,EURO,32962,601035,885,23918,577117
2021-11-07,BG,Bulgaria,EURO,30471,631506,1087,25005,606501
2021-11-14,BG,Bulgaria,EURO,23313,654819,1186,26191,628628
2021-11-21,BG,Bulgaria,EURO,17736,672555,989,27180,645375
2021-11-28,BG,Bulgaria,EURO,16073,688628,863,28043,660585
2021-12-05,BG,Bulgaria,EURO,13826,702454,762,28805,673649
2021-12-12,BG,Bulgaria,EURO,11702,714156,681,29486,684670
2021-12-19,BG,Bulgaria,EURO,10181,724337,561,30047,694290
2021-12-26,BG,Bulgaria,EURO,9545,733882,481,30528,703354
2022-01-02,BG,Bulgaria,EURO,14302,748184,455,30983,717201
2022-01-09,BG,Bulgaria,EURO,30517,778701,533,31516,747185
2022-01-16,BG,Bulgaria,EURO,39528,818229,526,32042,786187
2022-01-23,BG,Bulgaria,EURO,59152,877381,594,32636,844745
2022-01-30,BG,Bulgaria,EURO,61831,939212,485,33121,906091
2022-02-06,BG,Bulgaria,EURO,54043,993255,607,33728,959527
2022-02-13,BG,Bulgaria,EURO,42030,1035285,631,34359,1000926
2022-02-20,BG,Bulgaria,EURO,31128,1066413,639,34998,1031415
2022-02-27,BG,Bulgaria,EURO,21383,1087796,460,35458,1052338
2022-03-06,BG,Bulgaria,EURO,13015,1100811,353,35811,1065000
2022-03-13,BG,Bulgaria,EURO,11365,1112176,273,36084,1076092
2022-03-20,BG,Bulgaria,EURO,11538,1123714,188,36272,1087442
2022-03-27,BG,Bulgaria,EURO,9388,1133102,157,36429,1096673
2022-04-03,BG,Bulgaria,EURO,7351,1140453,136,36565,1103888
2022-04-10,BG,Bulgaria,EURO,4690,1145143,127,36692,1108451
2022-04-17,BG,Bulgaria,EURO,4082,1149225,90,36782,1112443
2022-04-24,BG,Bulgaria,EURO,3667,1152892,67,36849,1116043
2022-05-01,BG,Bulgaria,EURO,3837,1156729,64,36913,1119816
2022-05-08,BG,Bulgaria,EURO,2421,1159150,53,36966,1122184
2022-05-15,BG,Bulgaria,EURO,2354,1161504,79,37045,1124459
2022-05-22,BG,Bulgaria,EURO,1813,1163317,45,37090,1126227
2022-05-29,BG,Bulgaria,EURO,1342,1164659,43,37133,1127526
2022-06-05,BG,Bulgaria,EURO,1148,1165807,30,37163,1128644
2022-06-12,BG,Bulgaria,EURO,1052,1166859,33,37196,1129663
2022-06-19,BG,Bulgaria,EURO,1179,1168038,28,37224,1130814
2022-06-26,BG,Bulgaria,EURO,1933,1169971,22,37246,1132725
2022-07-03,BG,Bulgaria,EURO,3123,1173094,11,37257,1135837
2022-07-10,BG,Bulgaria,EURO,4842,1177936,9,37266,1140670
2022-07-17,BG,Bulgaria,EURO,6496,1184432,25,37291,1147141
2022-07-24,BG,Bulgaria,EURO,10454,1194886,38,37329,1157557
2022-07-31,BG,Bulgaria,EURO,11805,1206691,48,37377,1169314
2022-08-07,BG,Bulgaria,EURO,6211,1212902,44,37421,1175481
2022-08-14,BG,Bulgaria,EURO,8910,1221812,55,37476,1184336
2022-08-21,BG,Bulgaria,EURO,7406,1229218,55,37531,1191687
2022-08-28,BG,Bulgaria,EURO,0,1229218,0,37531,1191687
2022-09-04,BG,Bulgaria,EURO,4874,1234092,26,37557,1196535
2022-09-11,BG,Bulgaria,EURO,3480,1237572,35,37592,1199980
2022-09-18,BG,Bulgaria,EURO,3494,1241066,30,37622,1203444
2022-09-25,BG,Bulgaria,EURO,3422,1244488,21,37643,1206845
2022-10-02,BG,Bulgaria,EURO,4818,1249306,21,37664,1211642
2022-10-09,BG,Bulgaria,EURO,4846,1254152,28,37692,1216460
2022-10-16,BG,Bulgaria,EURO,5177,1259329,38,37730,1221599
2022-10-23,BG,Bulgaria,EURO,4377,1263706,37,37767,1225939
2022-10-30,BG,Bulgaria,EURO,3946,1267652,39,37806,1229846
2022-11-06,BG,Bulgaria,EURO,2893,1270545,56,37862,1232683
2022-11-13,BG,Bulgaria,EURO,2340,1272885,37,37899,1234986
2022-11-20,BG,Bulgaria,EURO,1702,1274587,44,37943,1236644
2022-11-27,BG,Bulgaria,EURO,1341,1275928,30,37973,1237955
2022-12-04,BG,Bulgaria,EURO,1114,1277042,22,37995,1239047
2022-12-11,BG,Bulgaria,EURO,1201,1278243,12,38007,1240236
2022-12-18,BG,Bulgaria,EURO,1287,1279530,20,38027,1241503
2022-12-25,BG,Bulgaria,EURO,1087,1280617,9,38036,1242581
2023-01-01,BG,Bulgaria,EURO,877,1281494,18,38054,1243440
2023-01-08,BG,Bulgaria,EURO,1112,1282606,14,38068,1244538
2023-01-15,BG,Bulgaria,EURO,900,1283506,16,38084,1245422
2023-01-22,BG,Bulgaria,EURO,732,1284238,22,38106,1246132
2023-01-29,BG,Bulgaria,EURO,407,1284645,14,38120,1246525
2023-02-05,BG,Bulgaria,EURO,330,1284975,10,38130,1246845
2023-02-12,BG,Bulgaria,EURO,269,1285244,10,38140,1247104
2023-02-19,BG,Bulgaria,EURO,335,1285579,10,38150,1247429
2023-02-26,BG,Bulgaria,EURO,453,1286032,7,38157,1247875
2023-03-05,BG,Bulgaria,EURO,395,1286427,8,38165,1248262
2023-03-12,BG,Bulgaria,EURO,627,1287054,12,38177,1248877
2023-03-19,BG,Bulgaria,EURO,713,1287767,5,38182,1249585
2023-03-26,BG,Bulgaria,EURO,885,1288652,12,38194,1250458
2023-04-02,BG,Bulgaria,EURO,906,1289558,12,38206,1251352
2023-04-09,BG,Bulgaria,EURO,1015,1290573,16,38222,1252351
2023-04-16,BG,Bulgaria,EURO,963,1291536,12,38234,1253302
2023-04-23,BG,Bulgaria,EURO,1150,1292686,18,38252,1254434
2023-04-30,BG,Bulgaria,EURO,1024,1293710,21,38273,1255437
2023-05-07,BG,Bulgaria,EURO,884,1294594,14,38287,1256307
2023-05-14,BG,Bulgaria,EURO,718,1295312,12,38299,1257013
2023-05-21,BG,Bulgaria,EURO,740,1296052,15,38314,1257738
2023-05-28,BG,Bulgaria,EURO,589,1296641,10,38324,1258317
2023-06-04,BG,Bulgaria,EURO,542,1297183,13,38337,1258846
2023-06-11,BG,Bulgaria,EURO,422,1297605,12,38349,1259256
2023-06-18,BG,Bulgaria,EURO,389,1297994,5,38354,1259640
2023-06-25,BG,Bulgaria,EURO,276,1298270,12,38366,1259904
2023-07-02,BG,Bulgaria,EURO,205,1298475,5,38371,1260104
2023-07-09,BG,Bulgaria,EURO,172,1298647,17,38388,1260259
2023-07-16,BG,Bulgaria,EURO,139,1298786,5,38393,1260393
2023-07-23,BG,Bulgaria,EURO,123,1298909,3,38396,1260513
2023-07-30,BG,Bulgaria,EURO,115,1299024,1,38397,1260627
2023-08-06,BG,Bulgaria,EURO,177,1299201,0,38397,1260804
2023-08-13,BG,Bulgaria,EURO,203,1299404,1,38398,1261006
2023-08-20,BG,Bulgaria,EURO,221,1299625,2,38400,1261225
2023-08-27,BG,Bulgaria,EURO,305,1299930,3,38403,1261527
2023-09-03,BG,Bulgaria,EURO,356,1300286,3,38406,1261880
2023-09-10,BG,Bulgaria,EURO,434,1300720,4,38410,1262310
2023-09-17,BG,Bulgaria,EURO,620,1301340,3,38413,1262927
2023-09-24,BG,Bulgaria,EURO,848,1302188,1,38414,1263774
2023-10-01,BG,Bulgaria,EURO,1593,1303781,6,38420,1265361
2023-10-08,BG,Bulgaria,EURO,1698,1305479,12,38432,1267047
2023-10-15,BG,Bulgaria,EURO,2209,1307688,24,38456,1269232
2023-10-22,BG,Bulgaria,EURO,2137,1309825,16,38472,1271353
2023-10-29,BG,Bulgaria,EURO,2277,1312102,22,38494,1273608
2023-11-05,BG,Bulgaria,EURO,1864,1313966,22,38516,1275450
2023-11-12,BG,Bulgaria,EURO,1357,1315323,24,38540,1276783
2023-11-19,BG,Bulgaria,EURO,1148,1316471,19,38559,1277912
2023-11-26,BG,Bulgaria,EURO,1102,1317573,12,38571,1279002
2023-12-03,BG,Bulgaria,EURO,1089,1318662,17,38588,1280074
2023-12-10,BG,Bulgaria,EURO,1128,1319790,16,38604,1281186
2023-12-17,BG,Bulgaria,EURO,1330,1321120,9,38613,1282507
2023-12-24,BG,Bulgaria,EURO,1334,1322454,6,38619,1283835
2023-12-31,BG,Bulgaria,EURO,1124,1323578,11,38630,1284948
2024-01-07,BG,Bulgaria,EURO,1489,1325067,20,38650,1286417
2024-01-14,BG,Bulgaria,EURO,1077,1326144,10,38660,1287484
2024-01-21,BG,Bulgaria,EURO,856,1327000,11,38671,1288329
2024-01-28,BG,Bulgaria,EURO,689,1327689,10,38681,1289008
2024-02-04,BG,Bulgaria,EURO,447,1328136,5,38686,1289450
2024-02-11,BG,Bulgaria,EURO,325,1328461,2,38688,1289773
2024-02-18,BG,Bulgaria,EURO,199,1328660,2,38690,1289970
2024-02-25,BG,Bulgaria,EURO,104,1328764,1,38691,1290073
2024-03-03,BG,Bulgaria,EURO,121,1328885,0,38691,1290194
2024-03-10,BG,Bulgaria,EURO,81,1328966,1,38692,1290274
2024-03-17,BG,Bulgaria,EURO,75,1329041,4,38696,1290345
2024-03-24,BG,Bulgaria,EURO,63,1329104,4,38700,1290404
2024-03-31,BG,Bulgaria,EURO,67,1329171,0,38700,1290471
2024-04-07,BG,Bulgaria,EURO,0,1329171,0,38700,1290471
2024-04-14,BG,Bulgaria,EURO,33,1329204,0,38700,1290504
2024-04-21,BG,Bulgaria,EURO,21,1329225,0,38700,1290525
2024-04-28,BG,Bulgaria,EURO,25,1329250,0,38700,1290550
2024-05-05,BG,Bulgaria,EURO,16,1329266,0,38700,1290566
2024-05-12,BG,Bulgaria,EURO,23,1329289,0,38700,1290589
2024-05-19,BG,Bulgaria,EURO,24,1329313,0,38700,1290613
2024-05-26,BG,Bulgaria,EURO,16,1329329,0,38700,1290629
2024-06-02,BG,Bulgaria,EURO,27,1329356,0,38700,1290656
2024-06-09,BG,Bulgaria,EURO,25,1329381,0,38700,1290681
2024-06-16,BG,Bulgaria,EURO,24,1329405,0,38700,1290705
2024-06-23,BG,Bulgaria,EURO,25,1329430,0,38700,1290730
2024-06-30,BG,Bulgaria,EURO,35,1329465,0,38700,1290765
2024-07-07,BG,Bulgaria,EURO,22,1329487,0,38700,1290787
2024-07-14,BG,Bulgaria,EURO,32,1329519,0,38700,1290819
2024-07-21,BG,Bulgaria,EURO,69,1329588,0,38700,1290888
2024-07-28,BG,Bulgaria,EURO,143,1329731,0,38700,1291031
2024-08-04,BG,Bulgaria,EURO,257,1329988,0,38700,1291288
2024-08-11,BG,Bulgaria,EURO,412,1330400,1,38701,1291699
2024-08-18,BG,Bulgaria,EURO,521,1330921,1,38702,1292219
2024-08-25,BG,Bulgaria,EURO,691,1331612,2,38704,1292908
2024-09-01,BG,Bulgaria,EURO,761,1332373,3,38707,1293666
2024-09-08,BG,Bulgaria,EURO,609,1332982,4,38711,1294271
2024-09-15,BG,Bulgaria,EURO,682,1333664,7,38718,1294946
2024-09-22,BG,Bulgaria,EURO,636,1334300,3,38721,1295579
2024-09-29,BG,Bulgaria,EURO,674,1334974,5,38726,1296248
2024-10-06,BG,Bulgaria,EURO,755,1335729,5,38731,1296998
2024-10-13,BG,Bulgaria,EURO,887,1336616,7,38738,1297878
2024-10-20,BG,Bulgaria,EURO,636,1337252,5,38743,1298509
2024-10-27,BG,Bulgaria,EURO,481,1337733,8,38751,1298982
2024-11-03,BG,Bulgaria,EURO,380,1338113,7,38758,1299355
2024-11-10,BG,Bulgaria,EURO,214,1338327,1,38759,1299568
2024-11-17,BG,Bulgaria,EURO,183,1338510,3,38762,1299748
2020-01-05,BF,Burkina Faso,AFRO,0,0,0,0,0
2020-01-12,BF,Burkina Faso,AFRO,0,0,0,0,0
2020-01-19,BF,Burkina Faso,AFRO,0,0,0,0,0
2020-01-26,BF,Burkina Faso,AFRO,0,0,0,0,0
2020-02-02,BF,Burkina Faso,AFRO,0,0,0,0,0
2020-02-09,BF,Burkina Faso,AFRO,0,0,0,0,0
2020-02-16,BF,Burkina Faso,AFRO,0,0,0,0,0
2020-02-23,BF,Burkina Faso,AFRO,0,0,0,0,0
2020-03-01,BF,Burkina Faso,AFRO,0,0,0,0,0
2020-03-08,BF,Burkina Faso,AFRO,0,0,0,0,0
2020-03-15,BF,Burkina Faso,AFRO,7,7,0,0,7
2020-03-22,BF,Burkina Faso,AFRO,68,75,6,6,69
2020-03-29,BF,Burkina Faso,AFRO,147,222,9,15,207
2020-04-05,BF,Burkina Faso,AFRO,142,364,2,17,347
2020-04-12,BF,Burkina Faso,AFRO,120,484,1,18,466
2020-04-19,BF,Burkina Faso,AFRO,92,576,18,36,540
2020-04-26,BF,Burkina Faso,AFRO,56,632,6,42,590
2020-05-03,BF,Burkina Faso,AFRO,20,652,3,45,607
2020-05-10,BF,Burkina Faso,AFRO,96,748,3,48,700
2020-05-17,BF,Burkina Faso,AFRO,34,782,3,51,731
2020-05-24,BF,Burkina Faso,AFRO,59,841,1,52,789
2020-05-31,BF,Burkina Faso,AFRO,14,855,1,53,802
2020-06-07,BF,Burkina Faso,AFRO,34,889,0,53,836
2020-06-14,BF,Burkina Faso,AFRO,5,894,0,53,841
2020-06-21,BF,Burkina Faso,AFRO,7,901,0,53,848
2020-06-28,BF,Burkina Faso,AFRO,58,959,0,53,906
2020-07-05,BF,Burkina Faso,AFRO,41,1000,0,53,947
2020-07-12,BF,Burkina Faso,AFRO,36,1036,0,53,983
2020-07-19,BF,Burkina Faso,AFRO,29,1065,0,53,1012
2020-07-26,BF,Burkina Faso,AFRO,35,1100,0,53,1047
2020-08-02,BF,Burkina Faso,AFRO,50,1150,0,53,1097
2020-08-09,BF,Burkina Faso,AFRO,54,1204,1,54,1150
2020-08-16,BF,Burkina Faso,AFRO,63,1267,1,55,1212
2020-08-23,BF,Burkina Faso,AFRO,61,1328,0,55,1273
2020-08-30,BF,Burkina Faso,AFRO,40,1368,0,55,1313
2020-09-06,BF,Burkina Faso,AFRO,84,1452,0,55,1397
2020-09-13,BF,Burkina Faso,AFRO,255,1707,1,56,1651
2020-09-20,BF,Burkina Faso,AFRO,139,1846,0,56,1790
2020-09-27,BF,Burkina Faso,AFRO,162,2008,0,56,1952
2020-10-04,BF,Burkina Faso,AFRO,159,2167,3,59,2108
2020-10-11,BF,Burkina Faso,AFRO,113,2280,4,63,2217
2020-10-18,BF,Burkina Faso,AFRO,101,2381,2,65,2316
2020-10-25,BF,Burkina Faso,AFRO,70,2451,0,65,2386
2020-11-01,BF,Burkina Faso,AFRO,57,2508,2,67,2441
2020-11-08,BF,Burkina Faso,AFRO,61,2569,0,67,2502
2020-11-15,BF,Burkina Faso,AFRO,72,2641,1,68,2573
2020-11-22,BF,Burkina Faso,AFRO,94,2735,0,68,2667
2020-11-29,BF,Burkina Faso,AFRO,121,2856,0,68,2788
2020-12-06,BF,Burkina Faso,AFRO,356,3212,0,68,3144
2020-12-13,BF,Burkina Faso,AFRO,818,4030,3,71,3959
2020-12-20,BF,Burkina Faso,AFRO,1130,5160,5,76,5084
2020-12-27,BF,Burkina Faso,AFRO,1184,6344,2,78,6266
2021-01-03,BF,Burkina Faso,AFRO,707,7051,8,86,6965
2021-01-10,BF,Burkina Faso,AFRO,1031,8082,3,89,7993
2021-01-17,BF,Burkina Faso,AFRO,1106,9188,13,102,9086
2021-01-24,BF,Burkina Faso,AFRO,850,10038,10,112,9926
2021-01-31,BF,Burkina Faso,AFRO,644,10682,8,120,10562
2021-02-07,BF,Burkina Faso,AFRO,603,11285,14,134,11151
2021-02-14,BF,Burkina Faso,AFRO,329,11614,4,138,11476
2021-02-21,BF,Burkina Faso,AFRO,183,11797,1,139,11658
2021-02-28,BF,Burkina Faso,AFRO,227,12024,3,142,11882
2021-03-07,BF,Burkina Faso,AFRO,157,12181,1,143,12038
2021-03-14,BF,Burkina Faso,AFRO,191,12372,1,144,12228
2021-03-21,BF,Burkina Faso,AFRO,163,12535,1,145,12390
2021-03-28,BF,Burkina Faso,AFRO,157,12692,0,145,12547
2021-04-04,BF,Burkina Faso,AFRO,125,12817,5,150,12667
2021-04-11,BF,Burkina Faso,AFRO,162,12979,2,152,12827
2021-04-18,BF,Burkina Faso,AFRO,150,13129,2,154,12975
2021-04-25,BF,Burkina Faso,AFRO,134,13263,2,156,13107
2021-05-02,BF,Burkina Faso,AFRO,61,13324,1,157,13167
2021-05-09,BF,Burkina Faso,AFRO,55,13379,5,162,13217
2021-05-16,BF,Burkina Faso,AFRO,18,13397,2,164,13233
2021-05-23,BF,Burkina Faso,AFRO,18,13415,1,165,13250
2021-05-30,BF,Burkina Faso,AFRO,16,13431,1,166,13265
2021-06-06,BF,Burkina Faso,AFRO,22,13453,1,167,13286
2021-06-13,BF,Burkina Faso,AFRO,6,13459,0,167,13292
2021-06-20,BF,Burkina Faso,AFRO,10,13469,0,167,13302
2021-06-27,BF,Burkina Faso,AFRO,9,13478,1,168,13310
2021-07-04,BF,Burkina Faso,AFRO,16,13494,0,168,13326
2021-07-11,BF,Burkina Faso,AFRO,23,13517,0,168,13349
2021-07-18,BF,Burkina Faso,AFRO,19,13536,1,169,13367
2021-07-25,BF,Burkina Faso,AFRO,7,13543,0,169,13374
2021-08-01,BF,Burkina Faso,AFRO,45,13588,0,169,13419
2021-08-08,BF,Burkina Faso,AFRO,37,13625,0,169,13456
2021-08-15,BF,Burkina Faso,AFRO,52,13677,1,170,13507
2021-08-22,BF,Burkina Faso,AFRO,38,13715,1,171,13544
2021-08-29,BF,Burkina Faso,AFRO,47,13762,0,171,13591
2021-09-05,BF,Burkina Faso,AFRO,89,13851,0,171,13680
2021-09-12,BF,Burkina Faso,AFRO,99,13950,0,171,13779
2021-09-19,BF,Burkina Faso,AFRO,102,14052,1,172,13880
2021-09-26,BF,Burkina Faso,AFRO,131,14183,9,181,14002
2021-10-03,BF,Burkina Faso,AFRO,158,14341,6,187,14154
2021-10-10,BF,Burkina Faso,AFRO,175,14516,8,195,14321
2021-10-17,BF,Burkina Faso,AFRO,236,14752,8,203,14549
2021-10-24,BF,Burkina Faso,AFRO,41,14793,11,214,14579
2021-10-31,BF,Burkina Faso,AFRO,108,14901,2,216,14685
2021-11-07,BF,Burkina Faso,AFRO,202,15103,5,221,14882
2021-11-14,BF,Burkina Faso,AFRO,178,15281,13,234,15047
2021-11-21,BF,Burkina Faso,AFRO,233,15514,31,265,15249
2021-11-28,BF,Burkina Faso,AFRO,197,15711,16,281,15430
2021-12-05,BF,Burkina Faso,AFRO,289,16000,5,286,15714
2021-12-12,BF,Burkina Faso,AFRO,334,16334,4,290,16044
2021-12-19,BF,Burkina Faso,AFRO,338,16672,6,296,16376
2021-12-26,BF,Burkina Faso,AFRO,368,17040,21,317,16723
2022-01-02,BF,Burkina Faso,AFRO,592,17632,1,318,17314
2022-01-09,BF,Burkina Faso,AFRO,2004,19636,15,333,19303
2022-01-16,BF,Burkina Faso,AFRO,613,20249,6,339,19910
2022-01-23,BF,Burkina Faso,AFRO,265,20514,14,353,20161
2022-01-30,BF,Burkina Faso,AFRO,110,20624,13,366,20258
2022-02-06,BF,Burkina Faso,AFRO,59,20683,6,372,20311
2022-02-13,BF,Burkina Faso,AFRO,38,20721,3,375,20346
2022-02-20,BF,Burkina Faso,AFRO,30,20751,0,375,20376
2022-02-27,BF,Burkina Faso,AFRO,0,20751,0,375,20376
2022-03-06,BF,Burkina Faso,AFRO,40,20791,3,378,20413
2022-03-13,BF,Burkina Faso,AFRO,15,20806,1,379,20427
2022-03-20,BF,Burkina Faso,AFRO,7,20813,0,379,20434
2022-03-27,BF,Burkina Faso,AFRO,0,20813,0,379,20434
2022-04-03,BF,Burkina Faso,AFRO,45,20858,3,382,20476
2022-04-10,BF,Burkina Faso,AFRO,7,20865,1,383,20482
2022-04-17,BF,Burkina Faso,AFRO,0,20865,0,383,20482
2022-04-24,BF,Burkina Faso,AFRO,0,20865,0,383,20482
2022-05-01,BF,Burkina Faso,AFRO,20,20885,1,384,20501
2022-05-08,BF,Burkina Faso,AFRO,14,20899,0,384,20515
2022-05-15,BF,Burkina Faso,AFRO,0,20899,0,384,20515
2022-05-22,BF,Burkina Faso,AFRO,0,20899,0,384,20515
2022-05-29,BF,Burkina Faso,AFRO,0,20899,0,384,20515
2022-06-05,BF,Burkina Faso,AFRO,0,20899,0,384,20515
2022-06-12,BF,Burkina Faso,AFRO,0,20899,0,384,20515
2022-06-19,BF,Burkina Faso,AFRO,145,21044,3,387,20657
2022-06-26,BF,Burkina Faso,AFRO,0,21044,0,387,20657
2022-07-03,BF,Burkina Faso,AFRO,84,21128,0,387,20741
2022-07-10,BF,Burkina Faso,AFRO,0,21128,0,387,20741
2022-07-17,BF,Burkina Faso,AFRO,0,21128,0,387,20741
2022-07-24,BF,Burkina Faso,AFRO,0,21128,0,387,20741
2022-07-31,BF,Burkina Faso,AFRO,0,21128,0,387,20741
2022-08-07,BF,Burkina Faso,AFRO,0,21128,0,387,20741
2022-08-14,BF,Burkina Faso,AFRO,0,21128,0,387,20741
2022-08-21,BF,Burkina Faso,AFRO,0,21128,0,387,20741
2022-08-28,BF,Burkina Faso,AFRO,0,21128,0,387,20741
2022-09-04,BF,Burkina Faso,AFRO,0,21128,0,387,20741
2022-09-11,BF,Burkina Faso,AFRO,351,21479,0,387,21092
2022-09-18,BF,Burkina Faso,AFRO,83,21562,0,387,21175
2022-09-25,BF,Burkina Faso,AFRO,69,21631,0,387,21244
2022-10-02,BF,Burkina Faso,AFRO,0,21631,0,387,21244
2022-10-09,BF,Burkina Faso,AFRO,0,21631,0,387,21244
2022-10-16,BF,Burkina Faso,AFRO,0,21631,0,387,21244
2022-10-23,BF,Burkina Faso,AFRO,0,21631,0,387,21244
2022-10-30,BF,Burkina Faso,AFRO,0,21631,0,387,21244
2022-11-06,BF,Burkina Faso,AFRO,0,21631,0,387,21244
2022-11-13,BF,Burkina Faso,AFRO,0,21631,0,387,21244
2022-11-20,BF,Burkina Faso,AFRO,0,21631,0,387,21244
2022-11-27,BF,Burkina Faso,AFRO,0,21631,0,387,21244
2022-12-04,BF,Burkina Faso,AFRO,0,21631,0,387,21244
2022-12-11,BF,Burkina Faso,AFRO,375,22006,8,395,21611
2022-12-18,BF,Burkina Faso,AFRO,0,22006,0,395,21611
2022-12-25,BF,Burkina Faso,AFRO,0,22006,0,395,21611
2023-01-01,BF,Burkina Faso,AFRO,17,22023,0,395,21628
2023-01-08,BF,Burkina Faso,AFRO,2,22025,1,396,21629
2023-01-15,BF,Burkina Faso,AFRO,6,22031,0,396,21635
2023-01-22,BF,Burkina Faso,AFRO,3,22034,0,396,21638
2023-01-29,BF,Burkina Faso,AFRO,6,22040,0,396,21644
2023-02-05,BF,Burkina Faso,AFRO,7,22047,0,396,21651
2023-02-12,BF,Burkina Faso,AFRO,9,22056,0,396,21660
2023-02-19,BF,Burkina Faso,AFRO,0,22056,0,396,21660
2023-02-26,BF,Burkina Faso,AFRO,0,22056,0,396,21660
2023-03-05,BF,Burkina Faso,AFRO,0,22056,0,396,21660
2023-03-12,BF,Burkina Faso,AFRO,0,22056,0,396,21660
2023-03-19,BF,Burkina Faso,AFRO,0,22056,0,396,21660
2023-03-26,BF,Burkina Faso,AFRO,0,22056,0,396,21660
2023-04-02,BF,Burkina Faso,AFRO,0,22056,0,396,21660
2023-04-09,BF,Burkina Faso,AFRO,0,22056,0,396,21660
2023-04-16,BF,Burkina Faso,AFRO,0,22056,0,396,21660
2023-04-23,BF,Burkina Faso,AFRO,0,22056,0,396,21660
2023-04-30,BF,Burkina Faso,AFRO,0,22056,0,396,21660
2023-05-07,BF,Burkina Faso,AFRO,0,22056,0,396,21660
2023-05-14,BF,Burkina Faso,AFRO,0,22056,0,396,21660
2023-05-21,BF,Burkina Faso,AFRO,0,22056,0,396,21660
2023-05-28,BF,Burkina Faso,AFRO,0,22056,0,396,21660
2023-06-04,BF,Burkina Faso,AFRO,0,22056,0,396,21660
2023-06-11,BF,Burkina Faso,AFRO,0,22056,0,396,21660
2023-06-18,BF,Burkina Faso,AFRO,0,22056,0,396,21660
2023-06-25,BF,Burkina Faso,AFRO,0,22056,0,396,21660
2023-07-02,BF,Burkina Faso,AFRO,0,22056,0,396,21660
2023-07-09,BF,Burkina Faso,AFRO,0,22056,0,396,21660
2023-07-16,BF,Burkina Faso,AFRO,0,22056,0,396,21660
2023-07-23,BF,Burkina Faso,AFRO,0,22056,0,396,21660
2023-07-30,BF,Burkina Faso,AFRO,0,22056,0,396,21660
2023-08-06,BF,Burkina Faso,AFRO,0,22056,0,396,21660
2023-08-13,BF,Burkina Faso,AFRO,0,22056,0,396,21660
2023-08-20,BF,Burkina Faso,AFRO,0,22056,0,396,21660
2023-08-27,BF,Burkina Faso,AFRO,0,22056,0,396,21660
2023-09-03,BF,Burkina Faso,AFRO,0,22056,0,396,21660
2023-09-10,BF,Burkina Faso,AFRO,0,22056,0,396,21660
2023-09-17,BF,Burkina Faso,AFRO,0,22056,0,396,21660
2023-09-24,BF,Burkina Faso,AFRO,0,22056,0,396,21660
2023-10-01,BF,Burkina Faso,AFRO,0,22056,0,396,21660
2023-10-08,BF,Burkina Faso,AFRO,2,22058,0,396,21662
2023-10-15,BF,Burkina Faso,AFRO,3,22061,0,396,21665
2023-10-22,BF,Burkina Faso,AFRO,4,22065,0,396,21669
2023-10-29,BF,Burkina Faso,AFRO,2,22067,0,396,21671
2023-11-05,BF,Burkina Faso,AFRO,6,22073,0,396,21677
2023-11-12,BF,Burkina Faso,AFRO,8,22081,0,396,21685
2023-11-19,BF,Burkina Faso,AFRO,17,22098,2,398,21700
2023-11-26,BF,Burkina Faso,AFRO,7,22105,1,399,21706
2023-12-03,BF,Burkina Faso,AFRO,1,22106,0,399,21707
2023-12-10,BF,Burkina Faso,AFRO,1,22107,1,400,21707
2023-12-17,BF,Burkina Faso,AFRO,2,22109,0,400,21709
2023-12-24,BF,Burkina Faso,AFRO,0,22109,0,400,21709
2023-12-31,BF,Burkina Faso,AFRO,0,22109,0,400,21709
2024-01-07,BF,Burkina Faso,AFRO,0,22109,0,400,21709
2024-01-14,BF,Burkina Faso,AFRO,0,22109,0,400,21709
2024-01-21,BF,Burkina Faso,AFRO,0,22109,0,400,21709
2024-01-28,BF,Burkina Faso,AFRO,0,22109,0,400,21709
2024-02-04,BF,Burkina Faso,AFRO,0,22109,0,400,21709
2024-02-11,BF,Burkina Faso,AFRO,0,22109,0,400,21709
2024-02-18,BF,Burkina Faso,AFRO,0,22109,0,400,21709
2024-02-25,BF,Burkina Faso,AFRO,0,22109,0,400,21709
2024-03-03,BF,Burkina Faso,AFRO,0,22109,0,400,21709
2024-03-10,BF,Burkina Faso,AFRO,0,22109,0,400,21709
2024-03-17,BF,Burkina Faso,AFRO,4,22113,0,400,21713
2024-03-24,BF,Burkina Faso,AFRO,6,22119,0,400,21719
2024-03-31,BF,Burkina Faso,AFRO,1,22120,0,400,21720
2024-04-07,BF,Burkina Faso,AFRO,0,22120,0,400,21720
2024-04-14,BF,Burkina Faso,AFRO,2,22122,0,400,21722
2024-04-21,BF,Burkina Faso,AFRO,0,22122,0,400,21722
2024-04-28,BF,Burkina Faso,AFRO,0,22122,0,400,21722
2024-05-05,BF,Burkina Faso,AFRO,0,22122,0,400,21722
2024-05-12,BF,Burkina Faso,AFRO,1,22123,0,400,21723
2024-05-19,BF,Burkina Faso,AFRO,3,22126,0,400,21726
2024-05-26,BF,Burkina Faso,AFRO,2,22128,0,400,21728
2024-06-02,BF,Burkina Faso,AFRO,1,22129,0,400,21729
2024-06-09,BF,Burkina Faso,AFRO,1,22130,0,400,21730
2024-06-16,BF,Burkina Faso,AFRO,1,22131,0,400,21731
2024-06-23,BF,Burkina Faso,AFRO,0,22131,0,400,21731
2024-06-30,BF,Burkina Faso,AFRO,0,22131,0,400,21731
2024-07-07,BF,Burkina Faso,AFRO,7,22138,0,400,21738
2024-07-14,BF,Burkina Faso,AFRO,1,22139,0,400,21739
2024-07-21,BF,Burkina Faso,AFRO,0,22139,0,400,21739
2024-07-28,BF,Burkina Faso,AFRO,0,22139,0,400,21739
2024-08-04,BF,Burkina Faso,AFRO,0,22139,0,400,21739
2024-08-11,BF,Burkina Faso,AFRO,0,22139,0,400,21739
2024-08-18,BF,Burkina Faso,AFRO,0,22139,0,400,21739
2024-08-25,BF,Burkina Faso,AFRO,0,22139,0,400,21739
2024-09-01,BF,Burkina Faso,AFRO,0,22139,0,400,21739
2024-09-08,BF,Burkina Faso,AFRO,0,22139,0,400,21739
2024-09-15,BF,Burkina Faso,AFRO,0,22139,0,400,21739
2024-09-22,BF,Burkina Faso,AFRO,0,22139,0,400,21739
2024-09-29,BF,Burkina Faso,AFRO,2,22141,0,400,21741
2024-10-06,BF,Burkina Faso,AFRO,1,22142,0,400,21742
2024-10-13,BF,Burkina Faso,AFRO,4,22146,0,400,21746
2024-10-20,BF,Burkina Faso,AFRO,4,22150,0,400,21750
2024-10-27,BF,Burkina Faso,AFRO,3,22153,0,400,21753
2024-11-03,BF,Burkina Faso,AFRO,2,22155,0,400,21755
2024-11-10,BF,Burkina Faso,AFRO,0,22155,0,400,21755
2024-11-17,BF,Burkina Faso,AFRO,0,22155,0,400,21755
2020-01-05,BI,Burundi,AFRO,0,0,0,0,0
2020-01-12,BI,Burundi,AFRO,0,0,0,0,0
2020-01-19,BI,Burundi,AFRO,0,0,0,0,0
2020-01-26,BI,Burundi,AFRO,0,0,0,0,0
2020-02-02,BI,Burundi,AFRO,0,0,0,0,0
2020-02-09,BI,Burundi,AFRO,0,0,0,0,0
2020-02-16,BI,Burundi,AFRO,0,0,0,0,0
2020-02-23,BI,Burundi,AFRO,0,0,0,0,0
2020-03-01,BI,Burundi,AFRO,0,0,0,0,0
2020-03-08,BI,Burundi,AFRO,0,0,0,0,0
2020-03-15,BI,Burundi,AFRO,0,0,0,0,0
2020-03-22,BI,Burundi,AFRO,0,0,0,0,0
2020-03-29,BI,Burundi,AFRO,0,0,0,0,0
2020-04-05,BI,Burundi,AFRO,3,3,0,0,3
2020-04-12,BI,Burundi,AFRO,2,5,0,0,5
2020-04-19,BI,Burundi,AFRO,0,5,1,1,4
2020-04-26,BI,Burundi,AFRO,10,15,0,1,14
2020-05-03,BI,Burundi,AFRO,4,19,0,1,18
2020-05-10,BI,Burundi,AFRO,8,27,0,1,26
2020-05-17,BI,Burundi,AFRO,15,42,0,1,41
2020-05-24,BI,Burundi,AFRO,0,42,0,1,41
2020-05-31,BI,Burundi,AFRO,21,63,0,1,62
2020-06-07,BI,Burundi,AFRO,20,83,0,1,82
2020-06-14,BI,Burundi,AFRO,11,94,0,1,93
2020-06-21,BI,Burundi,AFRO,50,144,0,1,143
2020-06-28,BI,Burundi,AFRO,26,170,0,1,169
2020-07-05,BI,Burundi,AFRO,21,191,0,1,190
2020-07-12,BI,Burundi,AFRO,66,257,0,1,256
2020-07-19,BI,Burundi,AFRO,65,322,0,1,321
2020-07-26,BI,Burundi,AFRO,23,345,0,1,344
2020-08-02,BI,Burundi,AFRO,42,387,0,1,386
2020-08-09,BI,Burundi,AFRO,18,405,0,1,404
2020-08-16,BI,Burundi,AFRO,8,413,0,1,412
2020-08-23,BI,Burundi,AFRO,17,430,0,1,429
2020-08-30,BI,Burundi,AFRO,15,445,0,1,444
2020-09-06,BI,Burundi,AFRO,17,462,0,1,461
2020-09-13,BI,Burundi,AFRO,10,472,0,1,471
2020-09-20,BI,Burundi,AFRO,1,473,0,1,472
2020-09-27,BI,Burundi,AFRO,11,484,0,1,483
2020-10-04,BI,Burundi,AFRO,29,513,0,1,512
2020-10-11,BI,Burundi,AFRO,12,525,0,1,524
2020-10-18,BI,Burundi,AFRO,17,542,0,1,541
2020-10-25,BI,Burundi,AFRO,14,556,0,1,555
2020-11-01,BI,Burundi,AFRO,33,589,0,1,588
2020-11-08,BI,Burundi,AFRO,25,614,0,1,613
2020-11-15,BI,Burundi,AFRO,14,628,0,1,627
2020-11-22,BI,Burundi,AFRO,34,662,0,1,661
2020-11-29,BI,Burundi,AFRO,26,688,0,1,687
2020-12-06,BI,Burundi,AFRO,6,694,0,1,693
2020-12-13,BI,Burundi,AFRO,35,729,0,1,728
2020-12-20,BI,Burundi,AFRO,32,761,1,2,759
2020-12-27,BI,Burundi,AFRO,48,809,0,2,807
2021-01-03,BI,Burundi,AFRO,24,833,0,2,831
2021-01-10,BI,Burundi,AFRO,153,986,0,2,984
2021-01-17,BI,Burundi,AFRO,250,1236,0,2,1234
2021-01-24,BI,Burundi,AFRO,236,1472,0,2,1470
2021-01-31,BI,Burundi,AFRO,163,1635,0,2,1633
2021-02-07,BI,Burundi,AFRO,93,1728,1,3,1725
2021-02-14,BI,Burundi,AFRO,121,1849,0,3,1846
2021-02-21,BI,Burundi,AFRO,185,2034,0,3,2031
2021-02-28,BI,Burundi,AFRO,183,2217,0,3,2214
2021-03-07,BI,Burundi,AFRO,117,2334,0,3,2331
2021-03-14,BI,Burundi,AFRO,147,2481,0,3,2478
2021-03-21,BI,Burundi,AFRO,137,2618,3,6,2612
2021-03-28,BI,Burundi,AFRO,149,2767,0,6,2761
2021-04-04,BI,Burundi,AFRO,197,2964,0,6,2958
2021-04-11,BI,Burundi,AFRO,223,3187,0,6,3181
2021-04-18,BI,Burundi,AFRO,444,3631,0,6,3625
2021-04-25,BI,Burundi,AFRO,243,3874,0,6,3868
2021-05-02,BI,Burundi,AFRO,172,4046,0,6,4040
2021-05-09,BI,Burundi,AFRO,154,4200,0,6,4194
2021-05-16,BI,Burundi,AFRO,147,4347,0,6,4341
2021-05-23,BI,Burundi,AFRO,199,4546,0,6,4540
2021-05-30,BI,Burundi,AFRO,244,4790,0,6,4784
2021-06-06,BI,Burundi,AFRO,135,4925,2,8,4917
2021-06-13,BI,Burundi,AFRO,101,5026,0,8,5018
2021-06-20,BI,Burundi,AFRO,216,5242,0,8,5234
2021-06-27,BI,Burundi,AFRO,181,5423,0,8,5415
2021-07-04,BI,Burundi,AFRO,98,5521,0,8,5513
2021-07-11,BI,Burundi,AFRO,165,5686,0,8,5678
2021-07-18,BI,Burundi,AFRO,208,5894,0,8,5886
2021-07-25,BI,Burundi,AFRO,679,6573,0,8,6565
2021-08-01,BI,Burundi,AFRO,932,7505,1,9,7496
2021-08-08,BI,Burundi,AFRO,1295,8800,1,10,8790
2021-08-15,BI,Burundi,AFRO,1303,10103,0,10,10093
2021-08-22,BI,Burundi,AFRO,1230,11333,0,10,11323
2021-08-29,BI,Burundi,AFRO,1196,12529,0,10,12519
2021-09-05,BI,Burundi,AFRO,1047,13576,2,12,13564
2021-09-12,BI,Burundi,AFRO,1801,15377,0,12,15365
2021-09-19,BI,Burundi,AFRO,1355,16732,2,14,16718
2021-09-26,BI,Burundi,AFRO,773,17505,0,14,17491
2021-10-03,BI,Burundi,AFRO,1095,18600,0,14,18586
2021-10-10,BI,Burundi,AFRO,657,19257,0,14,19243
2021-10-17,BI,Burundi,AFRO,473,19730,0,14,19716
2021-10-24,BI,Burundi,AFRO,215,19945,0,14,19931
2021-10-31,BI,Burundi,AFRO,142,20087,0,14,20073
2021-11-07,BI,Burundi,AFRO,78,20165,0,14,20151
2021-11-14,BI,Burundi,AFRO,111,20276,0,14,20262
2021-11-21,BI,Burundi,AFRO,62,20338,0,14,20324
2021-11-28,BI,Burundi,AFRO,64,20402,0,14,20388
2021-12-05,BI,Burundi,AFRO,89,20491,0,14,20477
2021-12-12,BI,Burundi,AFRO,355,20846,0,14,20832
2021-12-19,BI,Burundi,AFRO,1793,22639,0,14,22625
2021-12-26,BI,Burundi,AFRO,4360,26999,0,14,26985
2022-01-02,BI,Burundi,AFRO,5077,32076,0,14,32062
2022-01-09,BI,Burundi,AFRO,3424,35500,0,14,35486
2022-01-16,BI,Burundi,AFRO,1236,36736,0,14,36722
2022-01-23,BI,Burundi,AFRO,306,37042,0,14,37028
2022-01-30,BI,Burundi,AFRO,337,37379,0,14,37365
2022-02-06,BI,Burundi,AFRO,377,37756,1,15,37741
2022-02-13,BI,Burundi,AFRO,146,37902,0,15,37887
2022-02-20,BI,Burundi,AFRO,109,38011,0,15,37996
2022-02-27,BI,Burundi,AFRO,91,38102,0,15,38087
2022-03-06,BI,Burundi,AFRO,107,38209,0,15,38194
2022-03-13,BI,Burundi,AFRO,65,38274,0,15,38259
2022-03-20,BI,Burundi,AFRO,98,38372,0,15,38357
2022-03-27,BI,Burundi,AFRO,91,38463,0,15,38448
2022-04-03,BI,Burundi,AFRO,125,38588,0,15,38573
2022-04-10,BI,Burundi,AFRO,110,38698,0,15,38683
2022-04-17,BI,Burundi,AFRO,103,38801,0,15,38786
2022-04-24,BI,Burundi,AFRO,343,39144,0,15,39129
2022-05-01,BI,Burundi,AFRO,1253,40397,0,15,40382
2022-05-08,BI,Burundi,AFRO,676,41073,0,15,41058
2022-05-15,BI,Burundi,AFRO,268,41341,0,15,41326
2022-05-22,BI,Burundi,AFRO,509,41850,0,15,41835
2022-05-29,BI,Burundi,AFRO,184,42034,0,15,42019
2022-06-05,BI,Burundi,AFRO,171,42205,0,15,42190
2022-06-12,BI,Burundi,AFRO,125,42330,0,15,42315
2022-06-19,BI,Burundi,AFRO,142,42472,0,15,42457
2022-06-26,BI,Burundi,AFRO,121,42593,0,15,42578
2022-07-03,BI,Burundi,AFRO,201,42794,0,15,42779
2022-07-10,BI,Burundi,AFRO,169,42963,0,15,42948
2022-07-17,BI,Burundi,AFRO,451,43414,0,15,43399
2022-07-24,BI,Burundi,AFRO,1023,44437,0,15,44422
2022-07-31,BI,Burundi,AFRO,1714,46151,0,15,46136
2022-08-07,BI,Burundi,AFRO,1096,47247,0,15,47232
2022-08-14,BI,Burundi,AFRO,755,48002,0,15,47987
2022-08-21,BI,Burundi,AFRO,973,48975,0,15,48960
2022-08-28,BI,Burundi,AFRO,283,49258,0,15,49243
2022-09-04,BI,Burundi,AFRO,112,49370,0,15,49355
2022-09-11,BI,Burundi,AFRO,229,49599,0,15,49584
2022-09-18,BI,Burundi,AFRO,427,50026,0,15,50011
2022-09-25,BI,Burundi,AFRO,103,50129,0,15,50114
2022-10-02,BI,Burundi,AFRO,96,50225,0,15,50210
2022-10-09,BI,Burundi,AFRO,0,50225,0,15,50210
2022-10-16,BI,Burundi,AFRO,147,50372,0,15,50357
2022-10-23,BI,Burundi,AFRO,80,50452,0,15,50437
2022-10-30,BI,Burundi,AFRO,18,50470,0,15,50455
2022-11-06,BI,Burundi,AFRO,47,50517,0,15,50502
2022-11-13,BI,Burundi,AFRO,122,50639,0,15,50624
2022-11-20,BI,Burundi,AFRO,139,50778,0,15,50763
2022-11-27,BI,Burundi,AFRO,240,51018,0,15,51003
2022-12-04,BI,Burundi,AFRO,258,51276,0,15,51261
2022-12-11,BI,Burundi,AFRO,205,51481,0,15,51466
2022-12-18,BI,Burundi,AFRO,241,51722,0,15,51707
2022-12-25,BI,Burundi,AFRO,329,52051,0,15,52036
2023-01-01,BI,Burundi,AFRO,111,52162,0,15,52147
2023-01-08,BI,Burundi,AFRO,218,52380,0,15,52365
2023-01-15,BI,Burundi,AFRO,49,52429,0,15,52414
2023-01-22,BI,Burundi,AFRO,0,52429,0,15,52414
2023-01-29,BI,Burundi,AFRO,1063,53492,0,15,53477
2023-02-05,BI,Burundi,AFRO,82,53574,0,15,53559
2023-02-12,BI,Burundi,AFRO,35,53609,0,15,53594
2023-02-19,BI,Burundi,AFRO,0,53609,0,15,53594
2023-02-26,BI,Burundi,AFRO,37,53646,0,15,53631
2023-03-05,BI,Burundi,AFRO,15,53661,0,15,53646
2023-03-12,BI,Burundi,AFRO,0,53661,0,15,53646
2023-03-19,BI,Burundi,AFRO,13,53674,0,15,53659
2023-03-26,BI,Burundi,AFRO,12,53686,0,15,53671
2023-04-02,BI,Burundi,AFRO,20,53706,0,15,53691
2023-04-09,BI,Burundi,AFRO,13,53719,0,15,53704
2023-04-16,BI,Burundi,AFRO,7,53726,0,15,53711
2023-04-23,BI,Burundi,AFRO,0,53726,0,15,53711
2023-04-30,BI,Burundi,AFRO,5,53731,0,15,53716
2023-05-07,BI,Burundi,AFRO,9,53740,0,15,53725
2023-05-14,BI,Burundi,AFRO,9,53749,0,15,53734
2023-05-21,BI,Burundi,AFRO,13,53762,0,15,53747
2023-05-28,BI,Burundi,AFRO,0,53762,0,15,53747
2023-06-04,BI,Burundi,AFRO,74,53836,0,15,53821
2023-06-11,BI,Burundi,AFRO,118,53954,0,15,53939
2023-06-18,BI,Burundi,AFRO,82,54036,0,15,54021
2023-06-25,BI,Burundi,AFRO,106,54142,0,15,54127
2023-07-02,BI,Burundi,AFRO,16,54158,0,15,54143
2023-07-09,BI,Burundi,AFRO,163,54321,0,15,54306
2023-07-16,BI,Burundi,AFRO,0,54216,0,15,54201
2023-07-23,BI,Burundi,AFRO,13,54229,0,15,54214
2023-07-30,BI,Burundi,AFRO,5,54234,0,15,54219
2023-08-06,BI,Burundi,AFRO,4,54238,0,15,54223
2023-08-13,BI,Burundi,AFRO,1,54239,0,15,54224
2023-08-20,BI,Burundi,AFRO,0,54239,0,15,54224
2023-08-27,BI,Burundi,AFRO,0,54239,0,15,54224
2023-09-03,BI,Burundi,AFRO,2,54241,0,15,54226
2023-09-10,BI,Burundi,AFRO,125,54366,0,15,54351
2023-09-17,BI,Burundi,AFRO,0,54366,0,15,54351
2023-09-24,BI,Burundi,AFRO,0,54366,0,15,54351
2023-10-01,BI,Burundi,AFRO,0,54366,0,15,54351
2023-10-08,BI,Burundi,AFRO,0,54366,0,15,54351
2023-10-15,BI,Burundi,AFRO,0,54366,0,15,54351
2023-10-22,BI,Burundi,AFRO,0,54366,0,15,54351
2023-10-29,BI,Burundi,AFRO,0,54366,0,15,54351
2023-11-05,BI,Burundi,AFRO,1,54367,0,15,54352
2023-11-12,BI,Burundi,AFRO,1,54368,0,15,54353
2023-11-19,BI,Burundi,AFRO,0,54368,0,15,54353
2023-11-26,BI,Burundi,AFRO,14,54382,0,15,54367
2023-12-03,BI,Burundi,AFRO,12,54394,0,15,54379
2023-12-10,BI,Burundi,AFRO,25,54419,0,15,54404
2023-12-17,BI,Burundi,AFRO,32,54451,0,15,54436
2023-12-24,BI,Burundi,AFRO,4,54455,0,15,54440
2023-12-31,BI,Burundi,AFRO,6,54461,0,15,54446
2024-01-07,BI,Burundi,AFRO,11,54472,0,15,54457
2024-01-14,BI,Burundi,AFRO,51,54523,0,15,54508
2024-01-21,BI,Burundi,AFRO,29,54552,0,15,54537
2024-01-28,BI,Burundi,AFRO,10,54562,0,15,54547
2024-02-04,BI,Burundi,AFRO,2,54564,0,15,54549
2024-02-11,BI,Burundi,AFRO,1,54565,0,15,54550
2024-02-18,BI,Burundi,AFRO,0,54565,0,15,54550
2024-02-25,BI,Burundi,AFRO,1,54566,0,15,54551
2024-03-03,BI,Burundi,AFRO,0,54566,0,15,54551
2024-03-10,BI,Burundi,AFRO,0,54566,0,15,54551
2024-03-17,BI,Burundi,AFRO,0,54566,0,15,54551
2024-03-24,BI,Burundi,AFRO,3,54569,0,15,54554
2024-03-31,BI,Burundi,AFRO,0,54569,0,15,54554
2024-04-07,BI,Burundi,AFRO,0,54569,0,15,54554
2024-04-14,BI,Burundi,AFRO,0,54569,0,15,54554
2024-04-21,BI,Burundi,AFRO,0,54569,0,15,54554
2024-04-28,BI,Burundi,AFRO,0,54569,0,15,54554
2024-05-05,BI,Burundi,AFRO,0,54569,0,15,54554
2024-05-12,BI,Burundi,AFRO,0,54569,0,15,54554
2024-05-19,BI,Burundi,AFRO,0,54569,0,15,54554
2024-05-26,BI,Burundi,AFRO,0,54569,0,15,54554
2024-06-02,BI,Burundi,AFRO,0,54569,0,15,54554
2024-06-09,BI,Burundi,AFRO,0,54569,0,15,54554
2024-06-16,BI,Burundi,AFRO,0,54569,0,15,54554
2024-06-23,BI,Burundi,AFRO,0,54569,0,15,54554
2024-06-30,BI,Burundi,AFRO,0,54569,0,15,54554
2024-07-07,BI,Burundi,AFRO,0,54569,0,15,54554
2024-07-14,BI,Burundi,AFRO,0,54569,0,15,54554
2024-07-21,BI,Burundi,AFRO,0,54569,0,15,54554
2024-07-28,BI,Burundi,AFRO,0,54569,0,15,54554
2024-08-04,BI,Burundi,AFRO,0,54569,0,15,54554
2024-08-11,BI,Burundi,AFRO,0,54569,0,15,54554
2024-08-18,BI,Burundi,AFRO,0,54569,0,15,54554
2024-08-25,BI,Burundi,AFRO,0,54569,0,15,54554
2024-09-01,BI,Burundi,AFRO,0,54569,0,15,54554
2024-09-08,BI,Burundi,AFRO,0,54569,0,15,54554
2024-09-15,BI,Burundi,AFRO,0,54569,0,15,54554
2024-09-22,BI,Burundi,AFRO,0,54569,0,15,54554
2024-09-29,BI,Burundi,AFRO,0,54569,0,15,54554
2024-10-06,BI,Burundi,AFRO,0,54569,0,15,54554
2024-10-13,BI,Burundi,AFRO,0,54569,0,15,54554
2024-10-20,BI,Burundi,AFRO,0,54569,0,15,54554
2024-10-27,BI,Burundi,AFRO,0,54569,0,15,54554
2024-11-03,BI,Burundi,AFRO,0,54569,0,15,54554
2024-11-10,BI,Burundi,AFRO,0,54569,0,15,54554
2024-11-17,BI,Burundi,AFRO,0,54569,0,15,54554
2020-01-05,CV,Cabo Verde,AFRO,0,0,0,0,0
2020-01-12,CV,Cabo Verde,AFRO,0,0,0,0,0
2020-01-19,CV,Cabo Verde,AFRO,0,0,0,0,0
2020-01-26,CV,Cabo Verde,AFRO,0,0,0,0,0
2020-02-02,CV,Cabo Verde,AFRO,0,0,0,0,0
2020-02-09,CV,Cabo Verde,AFRO,0,0,0,0,0
2020-02-16,CV,Cabo Verde,AFRO,0,0,0,0,0
2020-02-23,CV,Cabo Verde,AFRO,0,0,0,0,0
2020-03-01,CV,Cabo Verde,AFRO,0,0,0,0,0
2020-03-08,CV,Cabo Verde,AFRO,0,0,0,0,0
2020-03-15,CV,Cabo Verde,AFRO,0,0,0,0,0
2020-03-22,CV,Cabo Verde,AFRO,3,3,0,0,3
2020-03-29,CV,Cabo Verde,AFRO,2,5,0,0,5
2020-04-05,CV,Cabo Verde,AFRO,0,5,0,0,5
2020-04-12,CV,Cabo Verde,AFRO,2,7,0,0,7
2020-04-19,CV,Cabo Verde,AFRO,48,55,0,0,55
2020-04-26,CV,Cabo Verde,AFRO,35,90,0,0,90
2020-05-03,CV,Cabo Verde,AFRO,62,152,2,2,150
2020-05-10,CV,Cabo Verde,AFRO,84,236,0,2,234
2020-05-17,CV,Cabo Verde,AFRO,92,328,1,3,325
2020-05-24,CV,Cabo Verde,AFRO,43,371,0,3,368
2020-05-31,CV,Cabo Verde,AFRO,50,421,1,4,417
2020-06-07,CV,Cabo Verde,AFRO,121,542,1,5,537
2020-06-14,CV,Cabo Verde,AFRO,184,726,1,6,720
2020-06-21,CV,Cabo Verde,AFRO,137,863,2,8,855
2020-06-28,CV,Cabo Verde,AFRO,228,1091,4,12,1079
2020-07-05,CV,Cabo Verde,AFRO,329,1420,4,16,1404
2020-07-12,CV,Cabo Verde,AFRO,203,1623,3,19,1604
2020-07-19,CV,Cabo Verde,AFRO,391,2014,2,21,1993
2020-07-26,CV,Cabo Verde,AFRO,244,2258,1,22,2236
2020-08-02,CV,Cabo Verde,AFRO,222,2480,2,24,2456
2020-08-09,CV,Cabo Verde,AFRO,355,2835,8,32,2803
2020-08-16,CV,Cabo Verde,AFRO,328,3163,2,34,3129
2020-08-23,CV,Cabo Verde,AFRO,292,3455,3,37,3418
2020-08-30,CV,Cabo Verde,AFRO,323,3778,2,39,3739
2020-09-06,CV,Cabo Verde,AFRO,497,4275,3,42,4233
2020-09-13,CV,Cabo Verde,AFRO,436,4711,2,44,4667
2020-09-20,CV,Cabo Verde,AFRO,475,5186,6,50,5136
2020-09-27,CV,Cabo Verde,AFRO,515,5701,6,56,5645
2020-10-04,CV,Cabo Verde,AFRO,595,6296,6,62,6234
2020-10-11,CV,Cabo Verde,AFRO,617,6913,12,74,6839
2020-10-18,CV,Cabo Verde,AFRO,725,7638,11,85,7553
2020-10-25,CV,Cabo Verde,AFRO,684,8322,9,94,8228
2020-11-01,CV,Cabo Verde,AFRO,471,8793,1,95,8698
2020-11-08,CV,Cabo Verde,AFRO,498,9291,5,100,9191
2020-11-15,CV,Cabo Verde,AFRO,489,9780,2,102,9678
2020-11-22,CV,Cabo Verde,AFRO,454,10234,2,104,10130
2020-11-29,CV,Cabo Verde,AFRO,466,10700,0,104,10596
2020-12-06,CV,Cabo Verde,AFRO,336,11036,1,105,10931
2020-12-13,CV,Cabo Verde,AFRO,266,11302,5,110,11192
2020-12-20,CV,Cabo Verde,AFRO,265,11567,1,111,11456
2020-12-27,CV,Cabo Verde,AFRO,131,11698,1,112,11586
2021-01-03,CV,Cabo Verde,AFRO,185,11883,1,113,11770
2021-01-10,CV,Cabo Verde,AFRO,433,12316,1,114,12202
2021-01-17,CV,Cabo Verde,AFRO,585,12901,5,119,12782
2021-01-24,CV,Cabo Verde,AFRO,513,13414,5,124,13290
2021-01-31,CV,Cabo Verde,AFRO,567,13981,9,133,13848
2021-02-07,CV,Cabo Verde,AFRO,399,14380,2,135,14245
2021-02-14,CV,Cabo Verde,AFRO,320,14700,4,139,14561
2021-02-21,CV,Cabo Verde,AFRO,299,14999,4,143,14856
2021-02-28,CV,Cabo Verde,AFRO,325,15324,4,147,15177
2021-03-07,CV,Cabo Verde,AFRO,400,15724,5,152,15572
2021-03-14,CV,Cabo Verde,AFRO,311,16035,4,156,15879
2021-03-21,CV,Cabo Verde,AFRO,405,16440,3,159,16281
2021-03-28,CV,Cabo Verde,AFRO,578,17018,6,165,16853
2021-04-04,CV,Cabo Verde,AFRO,803,17821,6,171,17650
2021-04-11,CV,Cabo Verde,AFRO,1015,18836,10,181,18655
2021-04-18,CV,Cabo Verde,AFRO,1418,20254,9,190,20064
2021-04-25,CV,Cabo Verde,AFRO,1840,22094,11,201,21893
2021-05-02,CV,Cabo Verde,AFRO,2033,24127,19,220,23907
2021-05-09,CV,Cabo Verde,AFRO,1984,26111,12,232,25879
2021-05-16,CV,Cabo Verde,AFRO,1840,27951,14,246,27705
2021-05-23,CV,Cabo Verde,AFRO,1247,29198,10,256,28942
2021-05-30,CV,Cabo Verde,AFRO,1075,30273,7,263,30010
2021-06-06,CV,Cabo Verde,AFRO,730,31003,4,267,30736
2021-06-13,CV,Cabo Verde,AFRO,568,31571,6,273,31298
2021-06-20,CV,Cabo Verde,AFRO,393,31964,8,281,31683
2021-06-27,CV,Cabo Verde,AFRO,380,32344,5,286,32058
2021-07-04,CV,Cabo Verde,AFRO,361,32705,1,287,32418
2021-07-11,CV,Cabo Verde,AFRO,264,32969,2,289,32680
2021-07-18,CV,Cabo Verde,AFRO,301,33270,6,295,32975
2021-07-25,CV,Cabo Verde,AFRO,271,33541,2,297,33244
2021-08-01,CV,Cabo Verde,AFRO,250,33791,1,298,33493
2021-08-08,CV,Cabo Verde,AFRO,219,34010,0,298,33712
2021-08-15,CV,Cabo Verde,AFRO,334,34344,1,299,34045
2021-08-22,CV,Cabo Verde,AFRO,342,34686,3,302,34384
2021-08-29,CV,Cabo Verde,AFRO,461,35147,6,308,34839
2021-09-05,CV,Cabo Verde,AFRO,709,35856,7,315,35541
2021-09-12,CV,Cabo Verde,AFRO,663,36519,5,320,36199
2021-09-19,CV,Cabo Verde,AFRO,533,37052,9,329,36723
2021-09-26,CV,Cabo Verde,AFRO,348,37400,5,334,37066
2021-10-03,CV,Cabo Verde,AFRO,235,37635,6,340,37295
2021-10-10,CV,Cabo Verde,AFRO,235,37870,6,346,37524
2021-10-17,CV,Cabo Verde,AFRO,165,38035,1,347,37688
2021-10-24,CV,Cabo Verde,AFRO,95,38130,2,349,37781
2021-10-31,CV,Cabo Verde,AFRO,77,38207,0,349,37858
2021-11-07,CV,Cabo Verde,AFRO,46,38253,0,349,37904
2021-11-14,CV,Cabo Verde,AFRO,40,38293,0,349,37944
2021-11-21,CV,Cabo Verde,AFRO,31,38324,0,349,37975
2021-11-28,CV,Cabo Verde,AFRO,34,38358,0,349,38009
2021-12-05,CV,Cabo Verde,AFRO,81,38439,2,351,38088
2021-12-12,CV,Cabo Verde,AFRO,57,38496,0,351,38145
2021-12-19,CV,Cabo Verde,AFRO,77,38573,1,352,38221
2021-12-26,CV,Cabo Verde,AFRO,440,39013,0,352,38661
2022-01-02,CV,Cabo Verde,AFRO,3450,42463,1,353,42110
2022-01-09,CV,Cabo Verde,AFRO,7387,49850,10,363,49487
2022-01-16,CV,Cabo Verde,AFRO,4137,53987,13,376,53611
2022-01-23,CV,Cabo Verde,AFRO,1269,55256,11,387,54869
2022-01-30,CV,Cabo Verde,AFRO,402,55658,8,395,55263
2022-02-06,CV,Cabo Verde,AFRO,114,55772,1,396,55376
2022-02-13,CV,Cabo Verde,AFRO,70,55842,4,400,55442
2022-02-20,CV,Cabo Verde,AFRO,18,55860,0,400,55460
2022-02-27,CV,Cabo Verde,AFRO,22,55882,1,401,55481
2022-03-06,CV,Cabo Verde,AFRO,13,55895,0,401,55494
2022-03-13,CV,Cabo Verde,AFRO,11,55906,0,401,55505
2022-03-20,CV,Cabo Verde,AFRO,19,55925,0,401,55524
2022-03-27,CV,Cabo Verde,AFRO,23,55948,0,401,55547
2022-04-03,CV,Cabo Verde,AFRO,12,55960,0,401,55559
2022-04-10,CV,Cabo Verde,AFRO,12,55972,0,401,55571
2022-04-17,CV,Cabo Verde,AFRO,18,55990,0,401,55589
2022-04-24,CV,Cabo Verde,AFRO,14,56004,0,401,55603
2022-05-01,CV,Cabo Verde,AFRO,21,56025,0,401,55624
2022-05-08,CV,Cabo Verde,AFRO,40,56065,0,401,55664
2022-05-15,CV,Cabo Verde,AFRO,50,56115,0,401,55714
2022-05-22,CV,Cabo Verde,AFRO,57,56172,0,401,55771
2022-05-29,CV,Cabo Verde,AFRO,118,56290,0,401,55889
2022-06-05,CV,Cabo Verde,AFRO,266,56556,1,402,56154
2022-06-12,CV,Cabo Verde,AFRO,540,57096,0,402,56694
2022-06-19,CV,Cabo Verde,AFRO,1080,58176,0,402,57774
2022-06-26,CV,Cabo Verde,AFRO,1357,59533,1,403,59130
2022-07-03,CV,Cabo Verde,AFRO,1469,61002,2,405,60597
2022-07-10,CV,Cabo Verde,AFRO,621,61623,4,409,61214
2022-07-17,CV,Cabo Verde,AFRO,299,61922,0,409,61513
2022-07-24,CV,Cabo Verde,AFRO,150,62072,0,409,61663
2022-07-31,CV,Cabo Verde,AFRO,87,62159,1,410,61749
2022-08-07,CV,Cabo Verde,AFRO,48,62207,0,410,61797
2022-08-14,CV,Cabo Verde,AFRO,46,62253,0,410,61843
2022-08-21,CV,Cabo Verde,AFRO,35,62288,0,410,61878
2022-08-28,CV,Cabo Verde,AFRO,22,62310,0,410,61900
2022-09-04,CV,Cabo Verde,AFRO,18,62328,0,410,61918
2022-09-11,CV,Cabo Verde,AFRO,13,62341,0,410,61931
2022-09-18,CV,Cabo Verde,AFRO,11,62352,0,410,61942
2022-09-25,CV,Cabo Verde,AFRO,7,62359,0,410,61949
2022-10-02,CV,Cabo Verde,AFRO,17,62376,0,410,61966
2022-10-09,CV,Cabo Verde,AFRO,13,62389,0,410,61979
2022-10-16,CV,Cabo Verde,AFRO,8,62397,0,410,61987
2022-10-23,CV,Cabo Verde,AFRO,0,62397,0,410,61987
2022-10-30,CV,Cabo Verde,AFRO,0,62397,0,410,61987
2022-11-06,CV,Cabo Verde,AFRO,164,62561,0,410,62151
2022-11-13,CV,Cabo Verde,AFRO,119,62680,0,410,62270
2022-11-20,CV,Cabo Verde,AFRO,139,62819,1,411,62408
2022-11-27,CV,Cabo Verde,AFRO,150,62969,1,412,62557
2022-12-04,CV,Cabo Verde,AFRO,111,63080,0,412,62668
2022-12-11,CV,Cabo Verde,AFRO,49,63129,0,412,62717
2022-12-18,CV,Cabo Verde,AFRO,35,63164,0,412,62752
2022-12-25,CV,Cabo Verde,AFRO,26,63190,0,412,62778
2023-01-01,CV,Cabo Verde,AFRO,10,63200,0,412,62788
2023-01-08,CV,Cabo Verde,AFRO,7,63207,0,412,62795
2023-01-15,CV,Cabo Verde,AFRO,14,63221,0,412,62809
2023-01-22,CV,Cabo Verde,AFRO,3,63224,0,412,62812
2023-01-29,CV,Cabo Verde,AFRO,3,63227,1,413,62814
2023-02-05,CV,Cabo Verde,AFRO,2,63229,0,413,62816
2023-02-12,CV,Cabo Verde,AFRO,6,63235,0,413,62822
2023-02-19,CV,Cabo Verde,AFRO,4,63239,0,413,62826
2023-02-26,CV,Cabo Verde,AFRO,2,63241,0,413,62828
2023-03-05,CV,Cabo Verde,AFRO,4,63245,0,413,62832
2023-03-12,CV,Cabo Verde,AFRO,0,63245,0,413,62832
2023-03-19,CV,Cabo Verde,AFRO,7,63252,0,413,62839
2023-03-26,CV,Cabo Verde,AFRO,5,63257,0,413,62844
2023-04-02,CV,Cabo Verde,AFRO,3,63260,0,413,62847
2023-04-09,CV,Cabo Verde,AFRO,18,63278,0,413,62865
2023-04-16,CV,Cabo Verde,AFRO,3,63281,0,413,62868
2023-04-23,CV,Cabo Verde,AFRO,72,63353,0,413,62940
2023-04-30,CV,Cabo Verde,AFRO,114,63467,0,413,63054
2023-05-07,CV,Cabo Verde,AFRO,146,63613,0,413,63200
2023-05-14,CV,Cabo Verde,AFRO,128,63741,1,414,63327
2023-05-21,CV,Cabo Verde,AFRO,106,63847,0,414,63433
2023-05-28,CV,Cabo Verde,AFRO,64,63911,0,414,63497
2023-06-04,CV,Cabo Verde,AFRO,43,63954,0,414,63540
2023-06-11,CV,Cabo Verde,AFRO,24,63978,0,414,63564
2023-06-18,CV,Cabo Verde,AFRO,7,63985,0,414,63571
2023-06-25,CV,Cabo Verde,AFRO,45,64030,0,414,63616
2023-07-02,CV,Cabo Verde,AFRO,50,64080,0,414,63666
2023-07-09,CV,Cabo Verde,AFRO,45,64125,0,414,63711
2023-07-16,CV,Cabo Verde,AFRO,36,64161,0,414,63747
2023-07-23,CV,Cabo Verde,AFRO,11,64172,0,414,63758
2023-07-30,CV,Cabo Verde,AFRO,10,64182,0,414,63768
2023-08-06,CV,Cabo Verde,AFRO,7,64189,0,414,63775
2023-08-13,CV,Cabo Verde,AFRO,37,64226,0,414,63812
2023-08-20,CV,Cabo Verde,AFRO,12,64238,1,415,63823
2023-08-27,CV,Cabo Verde,AFRO,34,64272,0,415,63857
2023-09-03,CV,Cabo Verde,AFRO,34,64306,0,415,63891
2023-09-10,CV,Cabo Verde,AFRO,49,64355,0,415,63940
2023-09-17,CV,Cabo Verde,AFRO,49,64404,0,415,63989
2023-09-24,CV,Cabo Verde,AFRO,26,64430,0,415,64015
2023-10-01,CV,Cabo Verde,AFRO,21,64451,2,417,64034
2023-10-08,CV,Cabo Verde,AFRO,5,64456,0,417,64039
2023-10-15,CV,Cabo Verde,AFRO,14,64470,0,417,64053
2023-10-22,CV,Cabo Verde,AFRO,1,64471,0,417,64054
2023-10-29,CV,Cabo Verde,AFRO,3,64474,0,417,64057
2023-11-05,CV,Cabo Verde,AFRO,0,64474,0,417,64057
2023-11-12,CV,Cabo Verde,AFRO,0,64474,0,417,64057
2023-11-19,CV,Cabo Verde,AFRO,0,64474,0,417,64057
2023-11-26,CV,Cabo Verde,AFRO,0,64474,0,417,64057
2023-12-03,CV,Cabo Verde,AFRO,0,64474,0,417,64057
2023-12-10,CV,Cabo Verde,AFRO,0,64474,0,417,64057
2023-12-17,CV,Cabo Verde,AFRO,0,64474,0,417,64057
2023-12-24,CV,Cabo Verde,AFRO,0,64474,0,417,64057
2023-12-31,CV,Cabo Verde,AFRO,0,64474,0,417,64057
2024-01-07,CV,Cabo Verde,AFRO,0,64474,0,417,64057
2024-01-14,CV,Cabo Verde,AFRO,0,64474,0,417,64057
2024-01-21,CV,Cabo Verde,AFRO,0,64474,0,417,64057
2024-01-28,CV,Cabo Verde,AFRO,0,64474,0,417,64057
2024-02-04,CV,Cabo Verde,AFRO,0,64474,0,417,64057
2024-02-11,CV,Cabo Verde,AFRO,0,64474,0,417,64057
2024-02-18,CV,Cabo Verde,AFRO,0,64474,0,417,64057
2024-02-25,CV,Cabo Verde,AFRO,0,64474,0,417,64057
2024-03-03,CV,Cabo Verde,AFRO,0,64474,0,417,64057
2024-03-10,CV,Cabo Verde,AFRO,0,64474,0,417,64057
2024-03-17,CV,Cabo Verde,AFRO,0,64474,0,417,64057
2024-03-24,CV,Cabo Verde,AFRO,0,64474,0,417,64057
2024-03-31,CV,Cabo Verde,AFRO,0,64474,0,417,64057
2024-04-07,CV,Cabo Verde,AFRO,0,64474,0,417,64057
2024-04-14,CV,Cabo Verde,AFRO,0,64474,0,417,64057
2024-04-21,CV,Cabo Verde,AFRO,0,64474,0,417,64057
2024-04-28,CV,Cabo Verde,AFRO,0,64474,0,417,64057
2024-05-05,CV,Cabo Verde,AFRO,0,64474,0,417,64057
2024-05-12,CV,Cabo Verde,AFRO,0,64474,0,417,64057
2024-05-19,CV,Cabo Verde,AFRO,0,64474,0,417,64057
2024-05-26,CV,Cabo Verde,AFRO,0,64474,0,417,64057
2024-06-02,CV,Cabo Verde,AFRO,0,64474,0,417,64057
2024-06-09,CV,Cabo Verde,AFRO,0,64474,0,417,64057
2024-06-16,CV,Cabo Verde,AFRO,0,64474,0,417,64057
2024-06-23,CV,Cabo Verde,AFRO,0,64474,0,417,64057
2024-06-30,CV,Cabo Verde,AFRO,0,64474,0,417,64057
2024-07-07,CV,Cabo Verde,AFRO,0,64474,0,417,64057
2024-07-14,CV,Cabo Verde,AFRO,0,64474,0,417,64057
2024-07-21,CV,Cabo Verde,AFRO,0,64474,0,417,64057
2024-07-28,CV,Cabo Verde,AFRO,0,64474,0,417,64057
2024-08-04,CV,Cabo Verde,AFRO,0,64474,0,417,64057
2024-08-11,CV,Cabo Verde,AFRO,0,64474,0,417,64057
2024-08-18,CV,Cabo Verde,AFRO,0,64474,0,417,64057
2024-08-25,CV,Cabo Verde,AFRO,0,64474,0,417,64057
2024-09-01,CV,Cabo Verde,AFRO,0,64474,0,417,64057
2024-09-08,CV,Cabo Verde,AFRO,0,64474,0,417,64057
2024-09-15,CV,Cabo Verde,AFRO,0,64474,0,417,64057
2024-09-22,CV,Cabo Verde,AFRO,0,64474,0,417,64057
2024-09-29,CV,Cabo Verde,AFRO,0,64474,0,417,64057
2024-10-06,CV,Cabo Verde,AFRO,0,64474,0,417,64057
2024-10-13,CV,Cabo Verde,AFRO,0,64474,0,417,64057
2024-10-20,CV,Cabo Verde,AFRO,0,64474,0,417,64057
2024-10-27,CV,Cabo Verde,AFRO,0,64474,0,417,64057
2024-11-03,CV,Cabo Verde,AFRO,0,64474,0,417,64057
2024-11-10,CV,Cabo Verde,AFRO,0,64474,0,417,64057
2024-11-17,CV,Cabo Verde,AFRO,0,64474,0,417,64057
2020-01-05,KH,Cambodia,WPRO,0,0,0,0,0
2020-01-12,KH,Cambodia,WPRO,0,0,0,0,0
2020-01-19,KH,Cambodia,WPRO,0,0,0,0,0
2020-01-26,KH,Cambodia,WPRO,0,0,0,0,0
2020-02-02,KH,Cambodia,WPRO,1,1,0,0,1
2020-02-09,KH,Cambodia,WPRO,0,1,0,0,1
2020-02-16,KH,Cambodia,WPRO,0,1,0,0,1
2020-02-23,KH,Cambodia,WPRO,0,1,0,0,1
2020-03-01,KH,Cambodia,WPRO,0,1,0,0,1
2020-03-08,KH,Cambodia,WPRO,1,2,0,0,2
2020-03-15,KH,Cambodia,WPRO,5,7,0,0,7
2020-03-22,KH,Cambodia,WPRO,46,53,0,0,53
2020-03-29,KH,Cambodia,WPRO,49,102,0,0,102
2020-04-05,KH,Cambodia,WPRO,12,114,0,0,114
2020-04-12,KH,Cambodia,WPRO,8,122,0,0,122
2020-04-19,KH,Cambodia,WPRO,0,122,0,0,122
2020-04-26,KH,Cambodia,WPRO,0,122,0,0,122
2020-05-03,KH,Cambodia,WPRO,0,122,0,0,122
2020-05-10,KH,Cambodia,WPRO,0,122,0,0,122
2020-05-17,KH,Cambodia,WPRO,0,122,0,0,122
2020-05-24,KH,Cambodia,WPRO,2,124,0,0,124
2020-05-31,KH,Cambodia,WPRO,1,125,0,0,125
2020-06-07,KH,Cambodia,WPRO,1,126,0,0,126
2020-06-14,KH,Cambodia,WPRO,0,126,0,0,126
2020-06-21,KH,Cambodia,WPRO,3,129,0,0,129
2020-06-28,KH,Cambodia,WPRO,10,139,0,0,139
2020-07-05,KH,Cambodia,WPRO,2,141,0,0,141
2020-07-12,KH,Cambodia,WPRO,15,156,0,0,156
2020-07-19,KH,Cambodia,WPRO,15,171,0,0,171
2020-07-26,KH,Cambodia,WPRO,54,225,0,0,225
2020-08-02,KH,Cambodia,WPRO,15,240,0,0,240
2020-08-09,KH,Cambodia,WPRO,8,248,0,0,248
2020-08-16,KH,Cambodia,WPRO,25,273,0,0,273
2020-08-23,KH,Cambodia,WPRO,0,273,0,0,273
2020-08-30,KH,Cambodia,WPRO,0,273,0,0,273
2020-09-06,KH,Cambodia,WPRO,1,274,0,0,274
2020-09-13,KH,Cambodia,WPRO,1,275,0,0,275
2020-09-20,KH,Cambodia,WPRO,0,275,0,0,275
2020-09-27,KH,Cambodia,WPRO,1,276,0,0,276
2020-10-04,KH,Cambodia,WPRO,2,278,0,0,278
2020-10-11,KH,Cambodia,WPRO,5,283,0,0,283
2020-10-18,KH,Cambodia,WPRO,0,283,0,0,283
2020-10-25,KH,Cambodia,WPRO,4,287,0,0,287
2020-11-01,KH,Cambodia,WPRO,4,291,0,0,291
2020-11-08,KH,Cambodia,WPRO,4,295,0,0,295
2020-11-15,KH,Cambodia,WPRO,7,302,0,0,302
2020-11-22,KH,Cambodia,WPRO,4,306,0,0,306
2020-11-29,KH,Cambodia,WPRO,9,315,0,0,315
2020-12-06,KH,Cambodia,WPRO,31,346,0,0,346
2020-12-13,KH,Cambodia,WPRO,13,359,0,0,359
2020-12-20,KH,Cambodia,WPRO,3,362,0,0,362
2020-12-27,KH,Cambodia,WPRO,2,364,0,0,364
2021-01-03,KH,Cambodia,WPRO,18,382,0,0,382
2021-01-10,KH,Cambodia,WPRO,10,392,0,0,392
2021-01-17,KH,Cambodia,WPRO,47,439,0,0,439
2021-01-24,KH,Cambodia,WPRO,19,458,0,0,458
2021-01-31,KH,Cambodia,WPRO,8,466,0,0,466
2021-02-07,KH,Cambodia,WPRO,8,474,0,0,474
2021-02-14,KH,Cambodia,WPRO,5,479,0,0,479
2021-02-21,KH,Cambodia,WPRO,89,568,0,0,568
2021-02-28,KH,Cambodia,WPRO,252,820,0,0,820
2021-03-07,KH,Cambodia,WPRO,191,1011,0,0,1011
2021-03-14,KH,Cambodia,WPRO,314,1325,1,1,1324
2021-03-21,KH,Cambodia,WPRO,428,1753,2,3,1750
2021-03-28,KH,Cambodia,WPRO,520,2273,7,10,2263
2021-04-04,KH,Cambodia,WPRO,479,2752,9,19,2733
2021-04-11,KH,Cambodia,WPRO,1763,4515,10,29,4486
2021-04-18,KH,Cambodia,WPRO,2498,7013,14,43,6970
2021-04-25,KH,Cambodia,WPRO,3542,10555,31,74,10481
2021-05-02,KH,Cambodia,WPRO,4806,15361,32,106,15255
2021-05-09,KH,Cambodia,WPRO,4382,19743,20,126,19617
2021-05-16,KH,Cambodia,WPRO,2801,22544,28,154,22390
2021-05-23,KH,Cambodia,WPRO,3217,25761,25,179,25582
2021-05-30,KH,Cambodia,WPRO,4333,30094,35,214,29880
2021-06-06,KH,Cambodia,WPRO,4150,34244,49,263,33981
2021-06-13,KH,Cambodia,WPRO,4183,38427,72,335,38092
2021-06-20,KH,Cambodia,WPRO,4284,42711,96,431,42280
2021-06-27,KH,Cambodia,WPRO,4938,47649,109,540,47109
2021-07-04,KH,Cambodia,WPRO,6642,54291,180,720,53571
2021-07-11,KH,Cambodia,WPRO,6668,60959,182,902,60057
2021-07-18,KH,Cambodia,WPRO,6222,67181,204,1106,66075
2021-07-25,KH,Cambodia,WPRO,5742,72923,177,1283,71640
2021-08-01,KH,Cambodia,WPRO,4991,77914,137,1420,76494
2021-08-08,KH,Cambodia,WPRO,3977,81891,142,1562,80329
2021-08-15,KH,Cambodia,WPRO,3557,85448,121,1683,83765
2021-08-22,KH,Cambodia,WPRO,3783,89231,109,1792,87439
2021-08-29,KH,Cambodia,WPRO,2977,92208,89,1881,90327
2021-09-05,KH,Cambodia,WPRO,3092,95300,76,1957,93343
2021-09-12,KH,Cambodia,WPRO,4204,99504,83,2040,97464
2021-09-19,KH,Cambodia,WPRO,4590,104094,69,2109,101985
2021-09-26,KH,Cambodia,WPRO,4993,109087,134,2243,106844
2021-10-03,KH,Cambodia,WPRO,4169,113256,140,2383,110873
2021-10-10,KH,Cambodia,WPRO,1554,114810,123,2506,112304
2021-10-17,KH,Cambodia,WPRO,1855,116665,152,2658,114007
2021-10-24,KH,Cambodia,WPRO,1107,117772,76,2734,115038
2021-10-31,KH,Cambodia,WPRO,750,118522,54,2788,115734
2021-11-07,KH,Cambodia,WPRO,570,119092,41,2829,116263
2021-11-14,KH,Cambodia,WPRO,444,119536,38,2867,116669
2021-11-21,KH,Cambodia,WPRO,331,119867,33,2900,116967
2021-11-28,KH,Cambodia,WPRO,220,120087,31,2931,117156
2021-12-05,KH,Cambodia,WPRO,169,120256,29,2960,117296
2021-12-12,KH,Cambodia,WPRO,99,120355,25,2985,117370
2021-12-19,KH,Cambodia,WPRO,61,120416,20,3005,117411
2021-12-26,KH,Cambodia,WPRO,33,120449,3,3008,117441
2022-01-02,KH,Cambodia,WPRO,61,120510,5,3013,117497
2022-01-09,KH,Cambodia,WPRO,111,120621,2,3015,117606
2022-01-16,KH,Cambodia,WPRO,175,120796,0,3015,117781
2022-01-23,KH,Cambodia,WPRO,230,121026,0,3015,118011
2022-01-30,KH,Cambodia,WPRO,273,121299,0,3015,118284
2022-02-06,KH,Cambodia,WPRO,474,121773,0,3015,118758
2022-02-13,KH,Cambodia,WPRO,1670,123443,0,3015,120428
2022-02-20,KH,Cambodia,WPRO,3046,126489,2,3017,123472
2022-02-27,KH,Cambodia,WPRO,3431,129920,15,3032,126888
2022-03-06,KH,Cambodia,WPRO,2482,132402,9,3041,129361
2022-03-13,KH,Cambodia,WPRO,1666,134068,6,3047,131021
2022-03-20,KH,Cambodia,WPRO,918,134986,4,3051,131935
2022-03-27,KH,Cambodia,WPRO,475,135461,3,3054,132407
2022-04-03,KH,Cambodia,WPRO,286,135747,0,3054,132693
2022-04-10,KH,Cambodia,WPRO,200,135947,1,3055,132892
2022-04-17,KH,Cambodia,WPRO,113,136060,0,3055,133005
2022-04-24,KH,Cambodia,WPRO,156,136216,1,3056,133160
2022-05-01,KH,Cambodia,WPRO,36,136252,0,3056,133196
2022-05-08,KH,Cambodia,WPRO,10,136262,0,3056,133206
2022-05-15,KH,Cambodia,WPRO,0,136262,0,3056,133206
2022-05-22,KH,Cambodia,WPRO,0,136262,0,3056,133206
2022-05-29,KH,Cambodia,WPRO,0,136262,0,3056,133206
2022-06-05,KH,Cambodia,WPRO,0,136262,0,3056,133206
2022-06-12,KH,Cambodia,WPRO,0,136262,0,3056,133206
2022-06-19,KH,Cambodia,WPRO,0,136262,0,3056,133206
2022-06-26,KH,Cambodia,WPRO,0,136262,0,3056,133206
2022-07-03,KH,Cambodia,WPRO,28,136290,0,3056,133234
2022-07-10,KH,Cambodia,WPRO,53,136343,0,3056,133287
2022-07-17,KH,Cambodia,WPRO,94,136437,0,3056,133381
2022-07-24,KH,Cambodia,WPRO,128,136565,0,3056,133509
2022-07-31,KH,Cambodia,WPRO,188,136753,0,3056,133697
2022-08-07,KH,Cambodia,WPRO,224,136977,0,3056,133921
2022-08-14,KH,Cambodia,WPRO,230,137207,0,3056,134151
2022-08-21,KH,Cambodia,WPRO,187,137394,0,3056,134338
2022-08-28,KH,Cambodia,WPRO,144,137538,0,3056,134482
2022-09-04,KH,Cambodia,WPRO,112,137650,0,3056,134594
2022-09-11,KH,Cambodia,WPRO,55,137705,0,3056,134649
2022-09-18,KH,Cambodia,WPRO,50,137755,0,3056,134699
2022-09-25,KH,Cambodia,WPRO,78,137833,0,3056,134777
2022-10-02,KH,Cambodia,WPRO,48,137881,0,3056,134825
2022-10-09,KH,Cambodia,WPRO,40,137921,0,3056,134865
2022-10-16,KH,Cambodia,WPRO,42,137963,0,3056,134907
2022-10-23,KH,Cambodia,WPRO,16,137979,0,3056,134923
2022-10-30,KH,Cambodia,WPRO,6,137985,0,3056,134929
2022-11-06,KH,Cambodia,WPRO,11,137996,0,3056,134940
2022-11-13,KH,Cambodia,WPRO,0,137996,0,3056,134940
2022-11-20,KH,Cambodia,WPRO,28,138024,0,3056,134968
2022-11-27,KH,Cambodia,WPRO,35,138059,0,3056,135003
2022-12-04,KH,Cambodia,WPRO,72,138131,0,3056,135075
2022-12-11,KH,Cambodia,WPRO,107,138238,0,3056,135182
2022-12-18,KH,Cambodia,WPRO,141,138379,0,3056,135323
2022-12-25,KH,Cambodia,WPRO,116,138495,0,3056,135439
2023-01-01,KH,Cambodia,WPRO,89,138584,0,3056,135528
2023-01-08,KH,Cambodia,WPRO,38,138622,0,3056,135566
2023-01-15,KH,Cambodia,WPRO,37,138659,0,3056,135603
2023-01-22,KH,Cambodia,WPRO,17,138676,0,3056,135620
2023-01-29,KH,Cambodia,WPRO,9,138685,0,3056,135629
2023-02-05,KH,Cambodia,WPRO,12,138697,0,3056,135641
2023-02-12,KH,Cambodia,WPRO,6,138703,0,3056,135647
2023-02-19,KH,Cambodia,WPRO,3,138706,0,3056,135650
2023-02-26,KH,Cambodia,WPRO,8,138714,0,3056,135658
2023-03-05,KH,Cambodia,WPRO,5,138719,0,3056,135663
2023-03-12,KH,Cambodia,WPRO,0,138719,0,3056,135663
2023-03-19,KH,Cambodia,WPRO,2,138721,0,3056,135665
2023-03-26,KH,Cambodia,WPRO,2,138723,0,3056,135667
2023-04-02,KH,Cambodia,WPRO,2,138725,0,3056,135669
2023-04-09,KH,Cambodia,WPRO,1,138726,0,3056,135670
2023-04-16,KH,Cambodia,WPRO,0,138726,0,3056,135670
2023-04-23,KH,Cambodia,WPRO,5,138731,0,3056,135675
2023-04-30,KH,Cambodia,WPRO,2,138733,0,3056,135677
2023-05-07,KH,Cambodia,WPRO,2,138735,0,3056,135679
2023-05-14,KH,Cambodia,WPRO,1,138736,0,3056,135680
2023-05-21,KH,Cambodia,WPRO,3,138739,0,3056,135683
2023-05-28,KH,Cambodia,WPRO,28,138767,0,3056,135711
2023-06-04,KH,Cambodia,WPRO,36,138803,0,3056,135747
2023-06-11,KH,Cambodia,WPRO,39,138842,0,3056,135786
2023-06-18,KH,Cambodia,WPRO,40,138882,0,3056,135826
2023-06-25,KH,Cambodia,WPRO,13,138895,0,3056,135839
2023-07-02,KH,Cambodia,WPRO,23,138918,0,3056,135862
2023-07-09,KH,Cambodia,WPRO,13,138931,0,3056,135875
2023-07-16,KH,Cambodia,WPRO,4,138935,0,3056,135879
2023-07-23,KH,Cambodia,WPRO,2,138937,0,3056,135881
2023-07-30,KH,Cambodia,WPRO,0,138937,0,3056,135881
2023-08-06,KH,Cambodia,WPRO,3,138940,0,3056,135884
2023-08-13,KH,Cambodia,WPRO,0,138940,0,3056,135884
2023-08-20,KH,Cambodia,WPRO,0,138940,0,3056,135884
2023-08-27,KH,Cambodia,WPRO,0,138940,0,3056,135884
2023-09-03,KH,Cambodia,WPRO,0,138940,0,3056,135884
2023-09-10,KH,Cambodia,WPRO,0,138940,0,3056,135884
2023-09-17,KH,Cambodia,WPRO,1,138941,0,3056,135885
2023-09-24,KH,Cambodia,WPRO,0,138941,0,3056,135885
2023-10-01,KH,Cambodia,WPRO,0,138941,0,3056,135885
2023-10-08,KH,Cambodia,WPRO,0,138941,0,3056,135885
2023-10-15,KH,Cambodia,WPRO,0,138941,0,3056,135885
2023-10-22,KH,Cambodia,WPRO,0,138941,0,3056,135885
2023-10-29,KH,Cambodia,WPRO,2,138943,0,3056,135887
2023-11-05,KH,Cambodia,WPRO,2,138945,0,3056,135889
2023-11-12,KH,Cambodia,WPRO,2,138947,0,3056,135891
2023-11-19,KH,Cambodia,WPRO,3,138950,0,3056,135894
2023-11-26,KH,Cambodia,WPRO,4,138954,0,3056,135898
2023-12-03,KH,Cambodia,WPRO,2,138956,0,3056,135900
2023-12-10,KH,Cambodia,WPRO,7,138963,0,3056,135907
2023-12-17,KH,Cambodia,WPRO,14,138977,0,3056,135921
2023-12-24,KH,Cambodia,WPRO,14,138991,0,3056,135935
2023-12-31,KH,Cambodia,WPRO,23,139014,0,3056,135958
2024-01-07,KH,Cambodia,WPRO,25,139039,0,3056,135983
2024-01-14,KH,Cambodia,WPRO,15,139054,0,3056,135998
2024-01-21,KH,Cambodia,WPRO,9,139063,0,3056,136007
2024-01-28,KH,Cambodia,WPRO,19,139082,0,3056,136026
2024-02-04,KH,Cambodia,WPRO,3,139085,0,3056,136029
2024-02-11,KH,Cambodia,WPRO,2,139087,0,3056,136031
2024-02-18,KH,Cambodia,WPRO,4,139091,0,3056,136035
2024-02-25,KH,Cambodia,WPRO,2,139093,0,3056,136037
2024-03-03,KH,Cambodia,WPRO,2,139095,0,3056,136039
2024-03-10,KH,Cambodia,WPRO,1,139096,0,3056,136040
2024-03-17,KH,Cambodia,WPRO,1,139097,0,3056,136041
2024-03-24,KH,Cambodia,WPRO,3,139100,0,3056,136044
2024-03-31,KH,Cambodia,WPRO,0,139100,0,3056,136044
2024-04-07,KH,Cambodia,WPRO,2,139102,0,3056,136046
2024-04-14,KH,Cambodia,WPRO,1,139103,0,3056,136047
2024-04-21,KH,Cambodia,WPRO,0,139103,0,3056,136047
2024-04-28,KH,Cambodia,WPRO,10,139113,0,3056,136057
2024-05-05,KH,Cambodia,WPRO,4,139117,0,3056,136061
2024-05-12,KH,Cambodia,WPRO,3,139120,0,3056,136064
2024-05-19,KH,Cambodia,WPRO,7,139127,0,3056,136071
2024-05-26,KH,Cambodia,WPRO,18,139145,0,3056,136089
2024-06-02,KH,Cambodia,WPRO,29,139174,0,3056,136118
2024-06-09,KH,Cambodia,WPRO,39,139213,0,3056,136157
2024-06-16,KH,Cambodia,WPRO,43,139256,0,3056,136200
2024-06-23,KH,Cambodia,WPRO,18,139274,0,3056,136218
2024-06-30,KH,Cambodia,WPRO,16,139290,0,3056,136234
2024-07-07,KH,Cambodia,WPRO,9,139299,0,3056,136243
2024-07-14,KH,Cambodia,WPRO,6,139305,0,3056,136249
2024-07-21,KH,Cambodia,WPRO,5,139310,0,3056,136254
2024-07-28,KH,Cambodia,WPRO,3,139313,0,3056,136257
2024-08-04,KH,Cambodia,WPRO,6,139319,0,3056,136263
2024-08-11,KH,Cambodia,WPRO,1,139320,0,3056,136264
2024-08-18,KH,Cambodia,WPRO,1,139321,0,3056,136265
2024-08-25,KH,Cambodia,WPRO,1,139322,0,3056,136266
2024-09-01,KH,Cambodia,WPRO,1,139323,0,3056,136267
2024-09-08,KH,Cambodia,WPRO,1,139324,0,3056,136268
2024-09-15,KH,Cambodia,WPRO,0,139324,0,3056,136268
2024-09-22,KH,Cambodia,WPRO,0,139324,0,3056,136268
2024-09-29,KH,Cambodia,WPRO,0,139324,0,3056,136268
2024-10-06,KH,Cambodia,WPRO,0,139324,0,3056,136268
2024-10-13,KH,Cambodia,WPRO,0,139324,0,3056,136268
2024-10-20,KH,Cambodia,WPRO,0,139324,0,3056,136268
2024-10-27,KH,Cambodia,WPRO,1,139325,0,3056,136269
2024-11-03,KH,Cambodia,WPRO,0,139325,0,3056,136269
2024-11-10,KH,Cambodia,WPRO,0,139325,0,3056,136269
2024-11-17,KH,Cambodia,WPRO,0,139325,0,3056,136269
2020-01-05,CM,Cameroon,AFRO,0,0,0,0,0
2020-01-12,CM,Cameroon,AFRO,0,0,0,0,0
2020-01-19,CM,Cameroon,AFRO,0,0,0,0,0
2020-01-26,CM,Cameroon,AFRO,0,0,0,0,0
2020-02-02,CM,Cameroon,AFRO,0,0,0,0,0
2020-02-09,CM,Cameroon,AFRO,0,0,0,0,0
2020-02-16,CM,Cameroon,AFRO,0,0,0,0,0
2020-02-23,CM,Cameroon,AFRO,0,0,0,0,0
2020-03-01,CM,Cameroon,AFRO,0,0,0,0,0
2020-03-08,CM,Cameroon,AFRO,2,2,0,0,2
2020-03-15,CM,Cameroon,AFRO,1,3,0,0,3
2020-03-22,CM,Cameroon,AFRO,23,26,0,0,26
2020-03-29,CM,Cameroon,AFRO,64,90,6,6,84
2020-04-05,CM,Cameroon,AFRO,465,555,7,13,542
2020-04-12,CM,Cameroon,AFRO,267,822,2,15,807
2020-04-19,CM,Cameroon,AFRO,194,1016,30,45,971
2020-04-26,CM,Cameroon,AFRO,605,1621,13,58,1563
2020-05-03,CM,Cameroon,AFRO,456,2077,8,66,2011
2020-05-10,CM,Cameroon,AFRO,258,2335,46,112,2223
2020-05-17,CM,Cameroon,AFRO,712,3047,30,142,2905
2020-05-24,CM,Cameroon,AFRO,1353,4400,20,162,4238
2020-05-31,CM,Cameroon,AFRO,1504,5904,32,194,5710
2020-06-07,CM,Cameroon,AFRO,2054,7958,21,215,7743
2020-06-14,CM,Cameroon,AFRO,1614,9572,61,276,9296
2020-06-21,CM,Cameroon,AFRO,2170,11742,24,300,11442
2020-06-28,CM,Cameroon,AFRO,1603,13345,25,325,13020
2020-07-05,CM,Cameroon,AFRO,1179,14524,15,340,14184
2020-07-12,CM,Cameroon,AFRO,649,15173,17,357,14816
2020-07-19,CM,Cameroon,AFRO,1349,16522,23,380,16142
2020-07-26,CM,Cameroon,AFRO,186,16708,3,383,16325
2020-08-02,CM,Cameroon,AFRO,547,17255,6,389,16866
2020-08-09,CM,Cameroon,AFRO,958,18213,7,396,17817
2020-08-16,CM,Cameroon,AFRO,369,18582,3,399,18183
2020-08-23,CM,Cameroon,AFRO,180,18762,9,408,18354
2020-08-30,CM,Cameroon,AFRO,380,19142,3,411,18731
2020-09-06,CM,Cameroon,AFRO,462,19604,4,415,19189
2020-09-13,CM,Cameroon,AFRO,624,20228,0,415,19813
2020-09-20,CM,Cameroon,AFRO,370,20598,1,416,20182
2020-09-27,CM,Cameroon,AFRO,240,20838,2,418,20420
2020-10-04,CM,Cameroon,AFRO,299,21137,2,420,20717
2020-10-11,CM,Cameroon,AFRO,196,21333,3,423,20910
2020-10-18,CM,Cameroon,AFRO,210,21543,2,425,21118
2020-10-25,CM,Cameroon,AFRO,250,21793,1,426,21367
2020-11-01,CM,Cameroon,AFRO,296,22089,3,429,21660
2020-11-08,CM,Cameroon,AFRO,291,22380,2,431,21949
2020-11-15,CM,Cameroon,AFRO,470,22850,2,433,22417
2020-11-22,CM,Cameroon,AFRO,992,23842,2,435,23407
2020-11-29,CM,Cameroon,AFRO,603,24445,6,441,24004
2020-12-06,CM,Cameroon,AFRO,307,24752,2,443,24309
2020-12-13,CM,Cameroon,AFRO,590,25342,4,447,24895
2020-12-20,CM,Cameroon,AFRO,507,25849,1,448,25401
2020-12-27,CM,Cameroon,AFRO,428,26277,0,448,25829
2021-01-03,CM,Cameroon,AFRO,571,26848,0,448,26400
2021-01-10,CM,Cameroon,AFRO,488,27336,3,451,26885
2021-01-17,CM,Cameroon,AFRO,674,28010,4,455,27555
2021-01-24,CM,Cameroon,AFRO,1607,29617,7,462,29155
2021-01-31,CM,Cameroon,AFRO,696,30313,12,474,29839
2021-02-07,CM,Cameroon,AFRO,1081,31394,0,474,30920
2021-02-14,CM,Cameroon,AFRO,1287,32681,26,500,32181
2021-02-21,CM,Cameroon,AFRO,1068,33749,23,523,33226
2021-02-28,CM,Cameroon,AFRO,1965,35714,28,551,35163
2021-03-07,CM,Cameroon,AFRO,3274,38988,37,588,38400
2021-03-14,CM,Cameroon,AFRO,0,38988,0,588,38400
2021-03-21,CM,Cameroon,AFRO,8681,47669,133,721,46948
2021-03-28,CM,Cameroon,AFRO,6251,53920,58,779,53141
2021-04-04,CM,Cameroon,AFRO,3417,57337,72,851,56486
2021-04-11,CM,Cameroon,AFRO,4394,61731,68,919,60812
2021-04-18,CM,Cameroon,AFRO,4267,65998,72,991,65007
2021-04-25,CM,Cameroon,AFRO,4609,70607,73,1064,69543
2021-05-02,CM,Cameroon,AFRO,4126,74733,80,1144,73589
2021-05-09,CM,Cameroon,AFRO,213,74946,8,1152,73794
2021-05-16,CM,Cameroon,AFRO,1810,76756,78,1230,75526
2021-05-23,CM,Cameroon,AFRO,1226,77982,40,1270,76712
2021-05-30,CM,Cameroon,AFRO,947,78929,5,1275,77654
2021-06-06,CM,Cameroon,AFRO,975,79904,27,1302,78602
2021-06-13,CM,Cameroon,AFRO,186,80090,8,1310,78780
2021-06-20,CM,Cameroon,AFRO,397,80487,10,1320,79167
2021-06-27,CM,Cameroon,AFRO,371,80858,4,1324,79534
2021-07-04,CM,Cameroon,AFRO,0,80858,0,1324,79534
2021-07-11,CM,Cameroon,AFRO,609,81467,6,1330,80137
2021-07-18,CM,Cameroon,AFRO,404,81871,2,1332,80539
2021-07-25,CM,Cameroon,AFRO,193,82064,2,1334,80730
2021-08-01,CM,Cameroon,AFRO,0,82064,0,1334,80730
2021-08-08,CM,Cameroon,AFRO,390,82454,4,1338,81116
2021-08-15,CM,Cameroon,AFRO,359,82813,4,1342,81471
2021-08-22,CM,Cameroon,AFRO,612,83425,8,1350,82075
2021-08-29,CM,Cameroon,AFRO,785,84210,7,1357,82853
2021-09-05,CM,Cameroon,AFRO,710,84920,7,1364,83556
2021-09-12,CM,Cameroon,AFRO,494,85414,4,1368,84046
2021-09-19,CM,Cameroon,AFRO,2769,88183,43,1411,86772
2021-09-26,CM,Cameroon,AFRO,4120,92303,48,1459,90844
2021-10-03,CM,Cameroon,AFRO,3096,95399,58,1517,93882
2021-10-10,CM,Cameroon,AFRO,3003,98402,33,1550,96852
2021-10-17,CM,Cameroon,AFRO,1887,100289,50,1600,98689
2021-10-24,CM,Cameroon,AFRO,2210,102499,86,1686,100813
2021-10-31,CM,Cameroon,AFRO,1849,104348,45,1731,102617
2021-11-07,CM,Cameroon,AFRO,1371,105719,27,1758,103961
2021-11-14,CM,Cameroon,AFRO,471,106190,12,1770,104420
2021-11-21,CM,Cameroon,AFRO,604,106794,21,1791,105003
2021-11-28,CM,Cameroon,AFRO,354,107148,13,1804,105344
2021-12-05,CM,Cameroon,AFRO,401,107549,19,1823,105726
2021-12-12,CM,Cameroon,AFRO,113,107662,13,1836,105826
2021-12-19,CM,Cameroon,AFRO,364,108026,5,1841,106185
2021-12-26,CM,Cameroon,AFRO,650,108676,10,1851,106825
2022-01-02,CM,Cameroon,AFRO,990,109666,2,1853,107813
2022-01-09,CM,Cameroon,AFRO,1766,111432,4,1857,109575
2022-01-16,CM,Cameroon,AFRO,2681,114113,10,1867,112246
2022-01-23,CM,Cameroon,AFRO,2605,116718,13,1880,114838
2022-01-30,CM,Cameroon,AFRO,958,117676,27,1907,115769
2022-02-06,CM,Cameroon,AFRO,999,118675,8,1915,116760
2022-02-13,CM,Cameroon,AFRO,258,118933,3,1918,117015
2022-02-20,CM,Cameroon,AFRO,174,119107,2,1920,117187
2022-02-27,CM,Cameroon,AFRO,133,119240,3,1923,117317
2022-03-06,CM,Cameroon,AFRO,82,119322,3,1926,117396
2022-03-13,CM,Cameroon,AFRO,92,119414,0,1926,117488
2022-03-20,CM,Cameroon,AFRO,130,119544,1,1927,117617
2022-03-27,CM,Cameroon,AFRO,93,119637,0,1927,117710
2022-04-03,CM,Cameroon,AFRO,88,119725,0,1927,117798
2022-04-10,CM,Cameroon,AFRO,55,119780,0,1927,117853
2022-04-17,CM,Cameroon,AFRO,33,119813,0,1927,117886
2022-04-24,CM,Cameroon,AFRO,37,119850,0,1927,117923
2022-05-01,CM,Cameroon,AFRO,40,119890,2,1929,117961
2022-05-08,CM,Cameroon,AFRO,34,119924,1,1930,117994
2022-05-15,CM,Cameroon,AFRO,23,119947,0,1930,118017
2022-05-22,CM,Cameroon,AFRO,26,119973,0,1930,118043
2022-05-29,CM,Cameroon,AFRO,29,120002,0,1930,118072
2022-06-05,CM,Cameroon,AFRO,26,120028,1,1931,118097
2022-06-12,CM,Cameroon,AFRO,40,120068,0,1931,118137
2022-06-19,CM,Cameroon,AFRO,53,120121,0,1931,118190
2022-06-26,CM,Cameroon,AFRO,33,120154,0,1931,118223
2022-07-03,CM,Cameroon,AFRO,43,120197,0,1931,118266
2022-07-10,CM,Cameroon,AFRO,18,120215,0,1931,118284
2022-07-17,CM,Cameroon,AFRO,52,120267,0,1931,118336
2022-07-24,CM,Cameroon,AFRO,95,120362,1,1932,118430
2022-07-31,CM,Cameroon,AFRO,162,120524,1,1933,118591
2022-08-07,CM,Cameroon,AFRO,443,120967,0,1933,119034
2022-08-14,CM,Cameroon,AFRO,685,121652,2,1935,119717
2022-08-21,CM,Cameroon,AFRO,0,121652,0,1935,119717
2022-08-28,CM,Cameroon,AFRO,1337,122989,14,1949,121040
2022-09-04,CM,Cameroon,AFRO,319,123308,3,1952,121356
2022-09-11,CM,Cameroon,AFRO,172,123480,5,1957,121523
2022-09-18,CM,Cameroon,AFRO,149,123629,3,1960,121669
2022-09-25,CM,Cameroon,AFRO,72,123701,0,1960,121741
2022-10-02,CM,Cameroon,AFRO,84,123785,0,1960,121825
2022-10-09,CM,Cameroon,AFRO,80,123865,4,1964,121901
2022-10-16,CM,Cameroon,AFRO,62,123927,0,1964,121963
2022-10-23,CM,Cameroon,AFRO,66,123993,1,1965,122028
2022-10-30,CM,Cameroon,AFRO,0,123993,0,1965,122028
2022-11-06,CM,Cameroon,AFRO,0,123993,0,1965,122028
2022-11-13,CM,Cameroon,AFRO,0,123993,0,1965,122028
2022-11-20,CM,Cameroon,AFRO,0,123993,0,1965,122028
2022-11-27,CM,Cameroon,AFRO,0,123993,0,1965,122028
2022-12-04,CM,Cameroon,AFRO,0,123993,0,1965,122028
2022-12-11,CM,Cameroon,AFRO,0,123993,0,1965,122028
2022-12-18,CM,Cameroon,AFRO,0,123993,0,1965,122028
2022-12-25,CM,Cameroon,AFRO,0,123993,0,1965,122028
2023-01-01,CM,Cameroon,AFRO,0,123993,0,1965,122028
2023-01-08,CM,Cameroon,AFRO,0,123993,0,1965,122028
2023-01-15,CM,Cameroon,AFRO,0,123993,0,1965,122028
2023-01-22,CM,Cameroon,AFRO,296,124289,0,1965,122324
2023-01-29,CM,Cameroon,AFRO,6,124295,0,1965,122330
2023-02-05,CM,Cameroon,AFRO,14,124309,0,1965,122344
2023-02-12,CM,Cameroon,AFRO,19,124328,0,1965,122363
2023-02-19,CM,Cameroon,AFRO,64,124392,0,1965,122427
2023-02-26,CM,Cameroon,AFRO,93,124485,0,1965,122520
2023-03-05,CM,Cameroon,AFRO,120,124605,1,1966,122639
2023-03-12,CM,Cameroon,AFRO,74,124679,2,1968,122711
2023-03-19,CM,Cameroon,AFRO,62,124741,0,1968,122773
2023-03-26,CM,Cameroon,AFRO,44,124785,1,1969,122816
2023-04-02,CM,Cameroon,AFRO,49,124834,1,1970,122864
2023-04-09,CM,Cameroon,AFRO,49,124883,0,1970,122913
2023-04-16,CM,Cameroon,AFRO,12,124895,1,1971,122924
2023-04-23,CM,Cameroon,AFRO,88,124983,0,1971,123012
2023-04-30,CM,Cameroon,AFRO,28,125011,1,1972,123039
2023-05-07,CM,Cameroon,AFRO,25,125036,0,1972,123064
2023-05-14,CM,Cameroon,AFRO,0,125036,0,1972,123064
2023-05-21,CM,Cameroon,AFRO,22,125058,0,1972,123086
2023-05-28,CM,Cameroon,AFRO,7,125065,0,1972,123093
2023-06-04,CM,Cameroon,AFRO,16,125081,0,1972,123109
2023-06-11,CM,Cameroon,AFRO,9,125090,2,1974,123116
2023-06-18,CM,Cameroon,AFRO,0,125090,0,1974,123116
2023-06-25,CM,Cameroon,AFRO,0,125090,0,1974,123116
2023-07-02,CM,Cameroon,AFRO,0,125090,0,1974,123116
2023-07-09,CM,Cameroon,AFRO,0,125090,0,1974,123116
2023-07-16,CM,Cameroon,AFRO,0,125090,0,1974,123116
2023-07-23,CM,Cameroon,AFRO,0,125090,0,1974,123116
2023-07-30,CM,Cameroon,AFRO,0,125090,0,1974,123116
2023-08-06,CM,Cameroon,AFRO,0,125090,0,1974,123116
2023-08-13,CM,Cameroon,AFRO,0,125090,0,1974,123116
2023-08-20,CM,Cameroon,AFRO,0,125090,0,1974,123116
2023-08-27,CM,Cameroon,AFRO,0,125090,0,1974,123116
2023-09-03,CM,Cameroon,AFRO,0,125090,0,1974,123116
2023-09-10,CM,Cameroon,AFRO,0,125090,0,1974,123116
2023-09-17,CM,Cameroon,AFRO,0,125090,0,1974,123116
2023-09-24,CM,Cameroon,AFRO,0,125090,0,1974,123116
2023-10-01,CM,Cameroon,AFRO,0,125090,0,1974,123116
2023-10-08,CM,Cameroon,AFRO,4,125094,0,1974,123120
2023-10-15,CM,Cameroon,AFRO,12,125106,0,1974,123132
2023-10-22,CM,Cameroon,AFRO,3,125109,0,1974,123135
2023-10-29,CM,Cameroon,AFRO,0,125109,0,1974,123135
2023-11-05,CM,Cameroon,AFRO,8,125117,0,1974,123143
2023-11-12,CM,Cameroon,AFRO,10,125127,0,1974,123153
2023-11-19,CM,Cameroon,AFRO,5,125132,0,1974,123158
2023-11-26,CM,Cameroon,AFRO,3,125135,0,1974,123161
2023-12-03,CM,Cameroon,AFRO,1,125136,0,1974,123162
2023-12-10,CM,Cameroon,AFRO,1,125137,0,1974,123163
2023-12-17,CM,Cameroon,AFRO,0,125137,0,1974,123163
2023-12-24,CM,Cameroon,AFRO,0,125137,0,1974,123163
2023-12-31,CM,Cameroon,AFRO,0,125137,0,1974,123163
2024-01-07,CM,Cameroon,AFRO,0,125137,0,1974,123163
2024-01-14,CM,Cameroon,AFRO,0,125137,0,1974,123163
2024-01-21,CM,Cameroon,AFRO,0,125137,0,1974,123163
2024-01-28,CM,Cameroon,AFRO,0,125137,0,1974,123163
2024-02-04,CM,Cameroon,AFRO,0,125137,0,1974,123163
2024-02-11,CM,Cameroon,AFRO,0,125137,0,1974,123163
2024-02-18,CM,Cameroon,AFRO,0,125137,0,1974,123163
2024-02-25,CM,Cameroon,AFRO,0,125137,0,1974,123163
2024-03-03,CM,Cameroon,AFRO,0,125137,0,1974,123163
2024-03-10,CM,Cameroon,AFRO,0,125137,0,1974,123163
2024-03-17,CM,Cameroon,AFRO,0,125137,0,1974,123163
2024-03-24,CM,Cameroon,AFRO,9,125146,0,1974,123172
2024-03-31,CM,Cameroon,AFRO,0,125146,0,1974,123172
2024-04-07,CM,Cameroon,AFRO,2,125148,0,1974,123174
2024-04-14,CM,Cameroon,AFRO,8,125156,0,1974,123182
2024-04-21,CM,Cameroon,AFRO,6,125162,0,1974,123188
2024-04-28,CM,Cameroon,AFRO,17,125179,0,1974,123205
2024-05-05,CM,Cameroon,AFRO,28,125207,0,1974,123233
2024-05-12,CM,Cameroon,AFRO,10,125217,0,1974,123243
2024-05-19,CM,Cameroon,AFRO,0,125217,0,1974,123243
2024-05-26,CM,Cameroon,AFRO,18,125235,0,1974,123261
2024-06-02,CM,Cameroon,AFRO,3,125238,0,1974,123264
2024-06-09,CM,Cameroon,AFRO,0,125238,0,1974,123264
2024-06-16,CM,Cameroon,AFRO,0,125238,0,1974,123264
2024-06-23,CM,Cameroon,AFRO,1,125239,0,1974,123265
2024-06-30,CM,Cameroon,AFRO,0,125239,0,1974,123265
2024-07-07,CM,Cameroon,AFRO,1,125240,0,1974,123266
2024-07-14,CM,Cameroon,AFRO,0,125240,0,1974,123266
2024-07-21,CM,Cameroon,AFRO,1,125241,0,1974,123267
2024-07-28,CM,Cameroon,AFRO,1,125242,0,1974,123268
2024-08-04,CM,Cameroon,AFRO,4,125246,0,1974,123272
2024-08-11,CM,Cameroon,AFRO,0,125246,0,1974,123272
2024-08-18,CM,Cameroon,AFRO,13,125259,0,1974,123285
2024-08-25,CM,Cameroon,AFRO,0,125259,0,1974,123285
2024-09-01,CM,Cameroon,AFRO,0,125259,0,1974,123285
2024-09-08,CM,Cameroon,AFRO,0,125259,0,1974,123285
2024-09-15,CM,Cameroon,AFRO,7,125266,0,1974,123292
2024-09-22,CM,Cameroon,AFRO,0,125266,0,1974,123292
2024-09-29,CM,Cameroon,AFRO,0,125266,0,1974,123292
2024-10-06,CM,Cameroon,AFRO,0,125266,0,1974,123292
2024-10-13,CM,Cameroon,AFRO,3,125269,0,1974,123295
2024-10-20,CM,Cameroon,AFRO,10,125279,0,1974,123305
2024-10-27,CM,Cameroon,AFRO,0,125279,0,1974,123305
2024-11-03,CM,Cameroon,AFRO,0,125279,0,1974,123305
2024-11-10,CM,Cameroon,AFRO,0,125279,0,1974,123305
2024-11-17,CM,Cameroon,AFRO,0,125279,0,1974,123305
2020-01-05,CA,Canada,AMRO,0,0,0,0,0
2020-01-12,CA,Canada,AMRO,0,0,0,0,0
2020-01-19,CA,Canada,AMRO,0,0,0,0,0
2020-01-26,CA,Canada,AMRO,1,1,0,0,1
2020-02-02,CA,Canada,AMRO,3,4,0,0,4
2020-02-09,CA,Canada,AMRO,3,7,0,0,7
2020-02-16,CA,Canada,AMRO,0,7,0,0,7
2020-02-23,CA,Canada,AMRO,2,9,0,0,9
2020-03-01,CA,Canada,AMRO,6,15,0,0,15
2020-03-08,CA,Canada,AMRO,36,51,0,0,51
2020-03-15,CA,Canada,AMRO,125,176,1,1,175
2020-03-22,CA,Canada,AMRO,795,971,10,11,960
2020-03-29,CA,Canada,AMRO,3704,4675,24,35,4640
2020-04-05,CA,Canada,AMRO,7844,12519,152,187,12332
2020-04-12,CA,Canada,AMRO,9614,22133,381,568,21565
2020-04-19,CA,Canada,AMRO,9739,31872,738,1306,30566
2020-04-26,CA,Canada,AMRO,12005,43877,993,2299,41578
2020-05-03,CA,Canada,AMRO,11173,55050,1083,3382,51668
2020-05-10,CA,Canada,AMRO,11372,66422,1174,4556,61866
2020-05-17,CA,Canada,AMRO,8180,74602,990,5546,69056
2020-05-24,CA,Canada,AMRO,7867,82469,686,6232,76237
2020-05-31,CA,Canada,AMRO,6938,89407,727,6959,82448
2020-06-07,CA,Canada,AMRO,4917,94324,724,7683,86641
2020-06-14,CA,Canada,AMRO,3608,97932,338,8021,89911
2020-06-21,CA,Canada,AMRO,2686,100618,297,8318,92300
2020-06-28,CA,Canada,AMRO,2165,102783,157,8475,94308
2020-07-05,CA,Canada,AMRO,2296,105079,152,8627,96452
2020-07-12,CA,Canada,AMRO,2035,107114,96,8723,98391
2020-07-19,CA,Canada,AMRO,2544,109658,79,8802,100856
2020-07-26,CA,Canada,AMRO,3535,113193,42,8844,104349
2020-08-02,CA,Canada,AMRO,3105,116298,53,8897,107401
2020-08-09,CA,Canada,AMRO,2672,118970,35,8932,110038
2020-08-16,CA,Canada,AMRO,2682,121652,50,8982,112670
2020-08-23,CA,Canada,AMRO,2720,124372,44,9026,115346
2020-08-30,CA,Canada,AMRO,2938,127310,49,9075,118235
2020-09-06,CA,Canada,AMRO,3814,131124,29,9104,122020
2020-09-13,CA,Canada,AMRO,4502,135626,22,9126,126500
2020-09-20,CA,Canada,AMRO,6285,141911,41,9167,132744
2020-09-27,CA,Canada,AMRO,8545,150456,50,9217,141239
2020-10-04,CA,Canada,AMRO,12203,162659,153,9370,153289
2020-10-11,CA,Canada,AMRO,15458,178117,175,9545,168572
2020-10-18,CA,Canada,AMRO,15989,194106,136,9681,184425
2020-10-25,CA,Canada,AMRO,17626,211732,163,9844,201888
2020-11-01,CA,Canada,AMRO,20267,231999,216,10060,221939
2020-11-08,CA,Canada,AMRO,23810,255809,320,10380,245429
2020-11-15,CA,Canada,AMRO,31509,287318,391,10771,276547
2020-11-22,CA,Canada,AMRO,33401,320719,500,11271,309448
2020-11-29,CA,Canada,AMRO,38345,359064,551,11822,347242
2020-12-06,CA,Canada,AMRO,43504,402568,596,12418,390150
2020-12-13,CA,Canada,AMRO,46271,448839,748,13166,435673
2020-12-20,CA,Canada,AMRO,46504,495343,781,13947,481396
2020-12-27,CA,Canada,AMRO,43898,539241,787,14734,524507
2021-01-03,CA,Canada,AMRO,49698,588939,898,15632,573307
2021-01-10,CA,Canada,AMRO,55410,644349,958,16590,627759
2021-01-17,CA,Canada,AMRO,51355,695704,1016,17606,678098
2021-01-24,CA,Canada,AMRO,41703,737407,1091,18697,718710
2021-01-31,CA,Canada,AMRO,33386,770793,965,19662,751131
2021-02-07,CA,Canada,AMRO,26963,797756,797,20459,777297
2021-02-14,CA,Canada,AMRO,22550,820306,542,21001,799305
2021-02-21,CA,Canada,AMRO,20280,840586,406,21407,819179
2021-02-28,CA,Canada,AMRO,20961,861547,331,21738,839809
2021-03-07,CA,Canada,AMRO,20207,881754,272,22010,859744
2021-03-14,CA,Canada,AMRO,21462,903216,207,22217,880999
2021-03-21,CA,Canada,AMRO,23846,927062,205,22422,904640
2021-03-28,CA,Canada,AMRO,29593,956655,207,22629,934026
2021-04-04,CA,Canada,AMRO,38181,994836,199,22828,972008
2021-04-11,CA,Canada,AMRO,50441,1045277,209,23037,1022240
2021-04-18,CA,Canada,AMRO,60788,1106065,285,23322,1082743
2021-04-25,CA,Canada,AMRO,58515,1164580,333,23655,1140925
2021-05-02,CA,Canada,AMRO,54838,1219418,339,23994,1195424
2021-05-09,CA,Canada,AMRO,53748,1273166,303,24297,1248869
2021-05-16,CA,Canada,AMRO,45246,1318412,335,24632,1293780
2021-05-23,CA,Canada,AMRO,33709,1352121,290,24922,1327199
2021-05-30,CA,Canada,AMRO,22152,1374273,270,25192,1349081
2021-06-06,CA,Canada,AMRO,15229,1389502,235,25427,1364075
2021-06-13,CA,Canada,AMRO,10215,1399717,205,25632,1374085
2021-06-20,CA,Canada,AMRO,7541,1407258,135,25767,1381491
2021-06-27,CA,Canada,AMRO,5043,1412301,176,25943,1386358
2021-07-04,CA,Canada,AMRO,4015,1416316,138,26081,1390235
2021-07-11,CA,Canada,AMRO,3648,1419964,78,26159,1393805
2021-07-18,CA,Canada,AMRO,2677,1422641,66,26225,1396416
2021-07-25,CA,Canada,AMRO,3070,1425711,49,26274,1399437
2021-08-01,CA,Canada,AMRO,4772,1430483,47,26321,1404162
2021-08-08,CA,Canada,AMRO,7218,1437701,65,26386,1411315
2021-08-15,CA,Canada,AMRO,12150,1449851,42,26428,1423423
2021-08-22,CA,Canada,AMRO,16015,1465866,93,26521,1439345
2021-08-29,CA,Canada,AMRO,20570,1486436,100,26621,1459815
2021-09-05,CA,Canada,AMRO,24776,1511212,115,26736,1484476
2021-09-12,CA,Canada,AMRO,26881,1538093,162,26898,1511195
2021-09-19,CA,Canada,AMRO,31093,1569186,198,27096,1542090
2021-09-26,CA,Canada,AMRO,29621,1598807,248,27344,1571463
2021-10-03,CA,Canada,AMRO,30335,1629142,298,27642,1601500
2021-10-10,CA,Canada,AMRO,26222,1655364,262,27904,1627460
2021-10-17,CA,Canada,AMRO,21482,1676846,282,28186,1648660
2021-10-24,CA,Canada,AMRO,19068,1695914,261,28447,1667467
2021-10-31,CA,Canada,AMRO,16214,1712128,222,28669,1683459
2021-11-07,CA,Canada,AMRO,15555,1727683,178,28847,1698836
2021-11-14,CA,Canada,AMRO,17666,1745349,175,29022,1716327
2021-11-21,CA,Canada,AMRO,17085,1762434,171,29193,1733241
2021-11-28,CA,Canada,AMRO,19737,1782171,137,29330,1752841
2021-12-05,CA,Canada,AMRO,20188,1802359,138,29468,1772891
2021-12-12,CA,Canada,AMRO,25396,1827755,142,29610,1798145
2021-12-19,CA,Canada,AMRO,39945,1867700,132,29742,1837958
2021-12-26,CA,Canada,AMRO,94023,1961723,109,29851,1931872
2022-01-02,CA,Canada,AMRO,226586,2188309,173,30024,2158285
2022-01-09,CA,Canada,AMRO,293833,2482142,339,30363,2451779
2022-01-16,CA,Canada,AMRO,238269,2720411,623,30986,2689425
2022-01-23,CA,Canada,AMRO,171610,2892021,1015,32001,2860020
2022-01-30,CA,Canada,AMRO,124003,3016024,1118,33119,2982905
2022-02-06,CA,Canada,AMRO,94313,3110337,980,34099,3076238
2022-02-13,CA,Canada,AMRO,70502,3180839,817,34916,3145923
2022-02-20,CA,Canada,AMRO,53473,3234312,613,35529,3198783
2022-02-27,CA,Canada,AMRO,42675,3276987,465,35994,3240993
2022-03-06,CA,Canada,AMRO,40513,3317500,435,36429,3281071
2022-03-13,CA,Canada,AMRO,38996,3356496,420,36849,3319647
2022-03-20,CA,Canada,AMRO,37339,3393835,301,37150,3356685
2022-03-27,CA,Canada,AMRO,42171,3436006,261,37411,3398595
2022-04-03,CA,Canada,AMRO,56397,3492403,260,37671,3454732
2022-04-10,CA,Canada,AMRO,68656,3561059,306,37977,3523082
2022-04-17,CA,Canada,AMRO,66946,3628005,324,38301,3589704
2022-04-24,CA,Canada,AMRO,63247,3691252,452,38753,3652499
2022-05-01,CA,Canada,AMRO,54519,3745771,477,39230,3706541
2022-05-08,CA,Canada,AMRO,41069,3786840,486,39716,3747124
2022-05-15,CA,Canada,AMRO,32418,3819258,501,40217,3779041
2022-05-22,CA,Canada,AMRO,25055,3844313,447,40664,3803649
2022-05-29,CA,Canada,AMRO,18400,3862713,303,40967,3821746
2022-06-05,CA,Canada,AMRO,17026,3879739,304,41271,3838468
2022-06-12,CA,Canada,AMRO,12670,3892409,77,41348,3851061
2022-06-19,CA,Canada,AMRO,23312,3915721,-331,41017,3874704
2022-06-26,CA,Canada,AMRO,15463,3931184,143,41160,3890024
2022-07-03,CA,Canada,AMRO,17752,3948936,140,41300,3907636
2022-07-10,CA,Canada,AMRO,22662,3971598,152,41452,3930146
2022-07-17,CA,Canada,AMRO,27557,3999155,174,41626,3957529
2022-07-24,CA,Canada,AMRO,32435,4031590,242,41868,3989722
2022-07-31,CA,Canada,AMRO,33319,4064909,291,42159,4022750
2022-08-07,CA,Canada,AMRO,28849,4093758,263,42422,4051336
2022-08-14,CA,Canada,AMRO,25692,4119450,346,42768,4076682
2022-08-21,CA,Canada,AMRO,23906,4143356,259,43027,4100329
2022-08-28,CA,Canada,AMRO,23082,4166438,300,43327,4123111
2022-09-04,CA,Canada,AMRO,21086,4187524,302,43629,4143895
2022-09-11,CA,Canada,AMRO,18478,4206002,253,43882,4162120
2022-09-18,CA,Canada,AMRO,16726,4222728,227,44109,4178619
2022-09-25,CA,Canada,AMRO,17558,4240286,224,44333,4195953
2022-10-02,CA,Canada,AMRO,18643,4258929,210,44543,4214386
2022-10-09,CA,Canada,AMRO,19634,4278563,231,44774,4233789
2022-10-16,CA,Canada,AMRO,20412,4298975,287,45061,4253914
2022-10-23,CA,Canada,AMRO,21454,4320429,379,45440,4274989
2022-10-30,CA,Canada,AMRO,21359,4341788,380,45820,4295968
2022-11-06,CA,Canada,AMRO,20964,4362752,376,46196,4316556
2022-11-13,CA,Canada,AMRO,18396,4381148,344,46540,4334608
2022-11-20,CA,Canada,AMRO,15289,4396437,304,46844,4349593
2022-11-27,CA,Canada,AMRO,14582,4411019,322,47166,4363853
2022-12-04,CA,Canada,AMRO,15134,4426153,308,47474,4378679
2022-12-11,CA,Canada,AMRO,16209,4442362,285,47759,4394603
2022-12-18,CA,Canada,AMRO,16625,4458987,280,48039,4410948
2022-12-25,CA,Canada,AMRO,17398,4476385,382,48421,4427964
2023-01-01,CA,Canada,AMRO,16395,4492780,350,48771,4444009
2023-01-08,CA,Canada,AMRO,16691,4509471,258,49029,4460442
2023-01-15,CA,Canada,AMRO,16796,4526267,332,49361,4476906
2023-01-22,CA,Canada,AMRO,13674,4539941,302,49663,4490278
2023-01-29,CA,Canada,AMRO,11455,4551396,278,49941,4501455
2023-02-05,CA,Canada,AMRO,10337,4561733,252,50193,4511540
2023-02-12,CA,Canada,AMRO,10333,4572066,226,50419,4521647
2023-02-19,CA,Canada,AMRO,10322,4582388,212,50631,4531757
2023-02-26,CA,Canada,AMRO,9670,4592058,168,50799,4541259
2023-03-05,CA,Canada,AMRO,9161,4601219,165,50964,4550255
2023-03-12,CA,Canada,AMRO,8947,4610166,161,51125,4559041
2023-03-19,CA,Canada,AMRO,8585,4618751,181,51306,4567445
2023-03-26,CA,Canada,AMRO,8346,4627097,151,51457,4575640
2023-04-02,CA,Canada,AMRO,7850,4634947,131,51588,4583359
2023-04-09,CA,Canada,AMRO,7085,4642032,147,51735,4590297
2023-04-16,CA,Canada,AMRO,6293,4648325,146,51881,4596444
2023-04-23,CA,Canada,AMRO,6605,4654930,119,52000,4602930
2023-04-30,CA,Canada,AMRO,5770,4660700,150,52150,4608550
2023-05-07,CA,Canada,AMRO,5230,4665930,141,52291,4613639
2023-05-14,CA,Canada,AMRO,4633,4670563,120,52411,4618152
2023-05-21,CA,Canada,AMRO,1805,4672368,47,52458,4619910
2023-05-28,CA,Canada,AMRO,1638,4674006,35,52493,4621513
2023-06-04,CA,Canada,AMRO,1546,4675552,34,52527,4623025
2023-06-11,CA,Canada,AMRO,1266,4676818,29,52556,4624262
2023-06-18,CA,Canada,AMRO,1012,4677830,25,52581,4625249
2023-06-25,CA,Canada,AMRO,860,4678690,22,52603,4626087
2023-07-02,CA,Canada,AMRO,759,4679449,20,52623,4626826
2023-07-09,CA,Canada,AMRO,638,4680087,12,52635,4627452
2023-07-16,CA,Canada,AMRO,761,4680848,25,52660,4628188
2023-07-23,CA,Canada,AMRO,934,4681782,22,52682,4629100
2023-07-30,CA,Canada,AMRO,1006,4682788,22,52704,4630084
2023-08-06,CA,Canada,AMRO,1041,4683829,25,52729,4631100
2023-08-13,CA,Canada,AMRO,1078,4684907,22,52751,4632156
2023-08-20,CA,Canada,AMRO,1600,4686507,21,52772,4633735
2023-08-27,CA,Canada,AMRO,2090,4688597,27,52799,4635798
2023-09-03,CA,Canada,AMRO,2316,4690913,51,52850,4638063
2023-09-10,CA,Canada,AMRO,2672,4693585,64,52914,4640671
2023-09-17,CA,Canada,AMRO,3234,4696819,58,52972,4643847
2023-09-24,CA,Canada,AMRO,4002,4700821,67,53039,4647782
2023-10-01,CA,Canada,AMRO,4747,4705568,85,53124,4652444
2023-10-08,CA,Canada,AMRO,4658,4710226,106,53230,4656996
2023-10-15,CA,Canada,AMRO,4260,4714486,81,53311,4661175
2023-10-22,CA,Canada,AMRO,4856,4719342,101,53412,4665930
2023-10-29,CA,Canada,AMRO,4936,4724278,109,53521,4670757
2023-11-05,CA,Canada,AMRO,4945,4729223,90,53611,4675612
2023-11-12,CA,Canada,AMRO,5061,4734284,103,53714,4680570
2023-11-19,CA,Canada,AMRO,5924,4740208,111,53825,4686383
2023-11-26,CA,Canada,AMRO,6132,4746340,105,53930,4692410
2023-12-03,CA,Canada,AMRO,5603,4751943,126,54056,4697887
2023-12-10,CA,Canada,AMRO,5482,4757425,93,54149,4703276
2023-12-17,CA,Canada,AMRO,5448,4762873,74,54223,4708650
2023-12-24,CA,Canada,AMRO,5261,4768134,84,54307,4713827
2023-12-31,CA,Canada,AMRO,6102,4774236,134,54441,4719795
2024-01-07,CA,Canada,AMRO,5079,4779315,91,54532,4724783
2024-01-14,CA,Canada,AMRO,3939,4783254,88,54620,4728634
2024-01-21,CA,Canada,AMRO,3121,4786375,57,54677,4731698
2024-01-28,CA,Canada,AMRO,2623,4788998,42,54719,4734279
2024-02-04,CA,Canada,AMRO,2446,4791444,43,54762,4736682
2024-02-11,CA,Canada,AMRO,2132,4793576,39,54801,4738775
2024-02-18,CA,Canada,AMRO,1915,4795491,43,54844,4740647
2024-02-25,CA,Canada,AMRO,1653,4797144,40,54884,4742260
2024-03-03,CA,Canada,AMRO,1496,4798640,38,54922,4743718
2024-03-10,CA,Canada,AMRO,1218,4799858,27,54949,4744909
2024-03-17,CA,Canada,AMRO,1380,4801238,21,54970,4746268
2024-03-24,CA,Canada,AMRO,1119,4802357,24,54994,4747363
2024-03-31,CA,Canada,AMRO,888,4803245,12,55006,4748239
2024-04-07,CA,Canada,AMRO,1031,4804276,16,55022,4749254
2024-04-14,CA,Canada,AMRO,1102,4805378,24,55046,4750332
2024-04-21,CA,Canada,AMRO,1023,4806401,22,55068,4751333
2024-04-28,CA,Canada,AMRO,1167,4807568,22,55090,4752478
2024-05-05,CA,Canada,AMRO,1283,4808851,22,55112,4753739
2024-05-12,CA,Canada,AMRO,1355,4810206,29,55141,4755065
2024-05-19,CA,Canada,AMRO,1717,4811923,25,55166,4756757
2024-05-26,CA,Canada,AMRO,1470,4813393,27,55193,4758200
2024-06-02,CA,Canada,AMRO,1351,4814744,16,55209,4759535
2024-06-09,CA,Canada,AMRO,624,4815368,12,55221,4760147
2024-06-16,CA,Canada,AMRO,578,4815946,15,55236,4760710
2024-06-23,CA,Canada,AMRO,553,4816499,12,55248,4761251
2024-06-30,CA,Canada,AMRO,605,4817104,12,55260,4761844
2024-07-07,CA,Canada,AMRO,600,4817704,9,55269,4762435
2024-07-14,CA,Canada,AMRO,519,4818223,5,55274,4762949
2024-07-21,CA,Canada,AMRO,467,4818690,6,55280,4763410
2024-07-28,CA,Canada,AMRO,327,4819017,2,55282,4763735
2024-08-04,CA,Canada,AMRO,38,4819055,0,55282,4763773
2024-08-11,CA,Canada,AMRO,0,4819055,0,55282,4763773
2024-08-18,CA,Canada,AMRO,0,4819055,0,55282,4763773
2024-08-25,CA,Canada,AMRO,0,4819055,0,55282,4763773
2024-09-01,CA,Canada,AMRO,0,4819055,0,55282,4763773
2024-09-08,CA,Canada,AMRO,0,4819055,0,55282,4763773
2024-09-15,CA,Canada,AMRO,0,4819055,0,55282,4763773
2024-09-22,CA,Canada,AMRO,0,4819055,0,55282,4763773
2024-09-29,CA,Canada,AMRO,0,4819055,0,55282,4763773
2024-10-06,CA,Canada,AMRO,0,4819055,0,55282,4763773
2024-10-13,CA,Canada,AMRO,0,4819055,0,55282,4763773
2024-10-20,CA,Canada,AMRO,0,4819055,0,55282,4763773
2024-10-27,CA,Canada,AMRO,0,4819055,0,55282,4763773
2024-11-03,CA,Canada,AMRO,0,4819055,0,55282,4763773
2024-11-10,CA,Canada,AMRO,0,4819055,0,55282,4763773
2024-11-17,CA,Canada,AMRO,0,4819055,0,55282,4763773
2020-01-05,KY,Cayman Islands,AMRO,0,0,0,0,0
2020-01-12,KY,Cayman Islands,AMRO,0,0,0,0,0
2020-01-19,KY,Cayman Islands,AMRO,0,0,0,0,0
2020-01-26,KY,Cayman Islands,AMRO,0,0,0,0,0
2020-02-02,KY,Cayman Islands,AMRO,0,0,0,0,0
2020-02-09,KY,Cayman Islands,AMRO,0,0,0,0,0
2020-02-16,KY,Cayman Islands,AMRO,0,0,0,0,0
2020-02-23,KY,Cayman Islands,AMRO,0,0,0,0,0
2020-03-01,KY,Cayman Islands,AMRO,0,0,0,0,0
2020-03-08,KY,Cayman Islands,AMRO,0,0,0,0,0
2020-03-15,KY,Cayman Islands,AMRO,1,1,1,1,0
2020-03-22,KY,Cayman Islands,AMRO,2,3,0,1,2
2020-03-29,KY,Cayman Islands,AMRO,5,8,0,1,7
2020-04-05,KY,Cayman Islands,AMRO,20,28,0,1,27
2020-04-12,KY,Cayman Islands,AMRO,17,45,0,1,44
2020-04-19,KY,Cayman Islands,AMRO,16,61,0,1,60
2020-04-26,KY,Cayman Islands,AMRO,9,70,0,1,69
2020-05-03,KY,Cayman Islands,AMRO,4,74,0,1,73
2020-05-10,KY,Cayman Islands,AMRO,7,81,0,1,80
2020-05-17,KY,Cayman Islands,AMRO,13,94,0,1,93
2020-05-24,KY,Cayman Islands,AMRO,35,129,0,1,128
2020-05-31,KY,Cayman Islands,AMRO,12,141,0,1,140
2020-06-07,KY,Cayman Islands,AMRO,23,164,0,1,163
2020-06-14,KY,Cayman Islands,AMRO,23,187,0,1,186
2020-06-21,KY,Cayman Islands,AMRO,8,195,0,1,194
2020-06-28,KY,Cayman Islands,AMRO,1,196,0,1,195
2020-07-05,KY,Cayman Islands,AMRO,5,201,0,1,200
2020-07-12,KY,Cayman Islands,AMRO,0,201,0,1,200
2020-07-19,KY,Cayman Islands,AMRO,2,203,0,1,202
2020-07-26,KY,Cayman Islands,AMRO,0,203,0,1,202
2020-08-02,KY,Cayman Islands,AMRO,0,203,0,1,202
2020-08-09,KY,Cayman Islands,AMRO,0,203,0,1,202
2020-08-16,KY,Cayman Islands,AMRO,0,203,0,1,202
2020-08-23,KY,Cayman Islands,AMRO,2,205,0,1,204
2020-08-30,KY,Cayman Islands,AMRO,0,205,0,1,204
2020-09-06,KY,Cayman Islands,AMRO,0,205,0,1,204
2020-09-13,KY,Cayman Islands,AMRO,3,208,0,1,207
2020-09-20,KY,Cayman Islands,AMRO,0,208,0,1,207
2020-09-27,KY,Cayman Islands,AMRO,2,210,0,1,209
2020-10-04,KY,Cayman Islands,AMRO,3,213,0,1,212
2020-10-11,KY,Cayman Islands,AMRO,7,220,0,1,219
2020-10-18,KY,Cayman Islands,AMRO,13,233,0,1,232
2020-10-25,KY,Cayman Islands,AMRO,6,239,0,1,238
2020-11-01,KY,Cayman Islands,AMRO,1,240,0,1,239
2020-11-08,KY,Cayman Islands,AMRO,10,250,0,1,249
2020-11-15,KY,Cayman Islands,AMRO,4,254,0,1,253
2020-11-22,KY,Cayman Islands,AMRO,7,261,1,2,259
2020-11-29,KY,Cayman Islands,AMRO,13,274,0,2,272
2020-12-06,KY,Cayman Islands,AMRO,14,288,0,2,286
2020-12-13,KY,Cayman Islands,AMRO,10,298,0,2,296
2020-12-20,KY,Cayman Islands,AMRO,13,311,0,2,309
2020-12-27,KY,Cayman Islands,AMRO,7,318,0,2,316
2021-01-03,KY,Cayman Islands,AMRO,20,338,0,2,336
2021-01-10,KY,Cayman Islands,AMRO,21,359,0,2,357
2021-01-17,KY,Cayman Islands,AMRO,15,374,0,2,372
2021-01-24,KY,Cayman Islands,AMRO,9,383,0,2,381
2021-01-31,KY,Cayman Islands,AMRO,7,390,0,2,388
2021-02-07,KY,Cayman Islands,AMRO,15,405,0,2,403
2021-02-14,KY,Cayman Islands,AMRO,11,416,0,2,414
2021-02-21,KY,Cayman Islands,AMRO,12,428,0,2,426
2021-02-28,KY,Cayman Islands,AMRO,10,438,0,2,436
2021-03-07,KY,Cayman Islands,AMRO,13,451,0,2,449
2021-03-14,KY,Cayman Islands,AMRO,17,468,0,2,466
2021-03-21,KY,Cayman Islands,AMRO,7,475,0,2,473
2021-03-28,KY,Cayman Islands,AMRO,12,487,0,2,485
2021-04-04,KY,Cayman Islands,AMRO,14,501,0,2,499
2021-04-11,KY,Cayman Islands,AMRO,15,516,0,2,514
2021-04-18,KY,Cayman Islands,AMRO,9,525,0,2,523
2021-04-25,KY,Cayman Islands,AMRO,9,534,0,2,532
2021-05-02,KY,Cayman Islands,AMRO,9,543,0,2,541
2021-05-09,KY,Cayman Islands,AMRO,5,548,0,2,546
2021-05-16,KY,Cayman Islands,AMRO,17,565,0,2,563
2021-05-23,KY,Cayman Islands,AMRO,9,574,0,2,572
2021-05-30,KY,Cayman Islands,AMRO,7,581,0,2,579
2021-06-06,KY,Cayman Islands,AMRO,6,587,0,2,585
2021-06-13,KY,Cayman Islands,AMRO,5,592,0,2,590
2021-06-20,KY,Cayman Islands,AMRO,16,608,0,2,606
2021-06-27,KY,Cayman Islands,AMRO,1,609,0,2,607
2021-07-04,KY,Cayman Islands,AMRO,5,614,0,2,612
2021-07-11,KY,Cayman Islands,AMRO,2,616,0,2,614
2021-07-18,KY,Cayman Islands,AMRO,6,622,0,2,620
2021-07-25,KY,Cayman Islands,AMRO,14,636,0,2,634
2021-08-01,KY,Cayman Islands,AMRO,7,643,0,2,641
2021-08-08,KY,Cayman Islands,AMRO,3,646,0,2,644
2021-08-15,KY,Cayman Islands,AMRO,5,651,0,2,649
2021-08-22,KY,Cayman Islands,AMRO,12,663,0,2,661
2021-08-29,KY,Cayman Islands,AMRO,17,680,0,2,678
2021-09-05,KY,Cayman Islands,AMRO,11,691,0,2,689
2021-09-12,KY,Cayman Islands,AMRO,38,729,0,2,727
2021-09-19,KY,Cayman Islands,AMRO,45,774,0,2,772
2021-09-26,KY,Cayman Islands,AMRO,21,795,0,2,793
2021-10-03,KY,Cayman Islands,AMRO,58,853,0,2,851
2021-10-10,KY,Cayman Islands,AMRO,86,939,0,2,937
2021-10-17,KY,Cayman Islands,AMRO,72,1011,0,2,1009
2021-10-24,KY,Cayman Islands,AMRO,185,1196,0,2,1194
2021-10-31,KY,Cayman Islands,AMRO,454,1650,0,2,1648
2021-11-07,KY,Cayman Islands,AMRO,1026,2676,0,2,2674
2021-11-14,KY,Cayman Islands,AMRO,751,3427,0,2,3425
2021-11-21,KY,Cayman Islands,AMRO,2105,5532,2,4,5528
2021-11-28,KY,Cayman Islands,AMRO,1206,6738,0,4,6734
2021-12-05,KY,Cayman Islands,AMRO,791,7529,3,7,7522
2021-12-12,KY,Cayman Islands,AMRO,342,7871,2,9,7862
2021-12-19,KY,Cayman Islands,AMRO,226,8097,0,9,8088
2021-12-26,KY,Cayman Islands,AMRO,289,8386,2,11,8375
2022-01-02,KY,Cayman Islands,AMRO,694,9080,1,12,9068
2022-01-09,KY,Cayman Islands,AMRO,1538,10618,0,12,10606
2022-01-16,KY,Cayman Islands,AMRO,1405,12023,2,14,12009
2022-01-23,KY,Cayman Islands,AMRO,1711,13734,1,15,13719
2022-01-30,KY,Cayman Islands,AMRO,54,13788,0,15,13773
2022-02-06,KY,Cayman Islands,AMRO,2146,15934,1,16,15918
2022-02-13,KY,Cayman Islands,AMRO,1753,17687,0,16,17671
2022-02-20,KY,Cayman Islands,AMRO,1041,18728,1,17,18711
2022-02-27,KY,Cayman Islands,AMRO,645,19373,0,17,19356
2022-03-06,KY,Cayman Islands,AMRO,0,19373,0,17,19356
2022-03-13,KY,Cayman Islands,AMRO,700,20073,4,21,20052
2022-03-20,KY,Cayman Islands,AMRO,263,20336,2,23,20313
2022-03-27,KY,Cayman Islands,AMRO,270,20606,1,24,20582
2022-04-03,KY,Cayman Islands,AMRO,0,20606,1,25,20581
2022-04-10,KY,Cayman Islands,AMRO,515,21121,0,25,21096
2022-04-17,KY,Cayman Islands,AMRO,285,21406,2,27,21379
2022-04-24,KY,Cayman Islands,AMRO,349,21755,0,27,21728
2022-05-01,KY,Cayman Islands,AMRO,468,22223,0,27,22196
2022-05-08,KY,Cayman Islands,AMRO,605,22828,1,28,22800
2022-05-15,KY,Cayman Islands,AMRO,750,23578,0,28,23550
2022-05-22,KY,Cayman Islands,AMRO,899,24477,0,28,24449
2022-05-29,KY,Cayman Islands,AMRO,0,24477,0,28,24449
2022-06-05,KY,Cayman Islands,AMRO,1409,25886,0,28,25858
2022-06-12,KY,Cayman Islands,AMRO,439,26325,0,28,26297
2022-06-19,KY,Cayman Islands,AMRO,472,26797,0,28,26769
2022-06-26,KY,Cayman Islands,AMRO,374,27171,0,28,27143
2022-07-03,KY,Cayman Islands,AMRO,423,27594,1,29,27565
2022-07-10,KY,Cayman Islands,AMRO,372,27966,0,29,27937
2022-07-17,KY,Cayman Islands,AMRO,423,28389,0,29,28360
2022-07-24,KY,Cayman Islands,AMRO,395,28784,0,29,28755
2022-07-31,KY,Cayman Islands,AMRO,325,29109,0,29,29080
2022-08-07,KY,Cayman Islands,AMRO,310,29419,0,29,29390
2022-08-14,KY,Cayman Islands,AMRO,234,29653,0,29,29624
2022-08-21,KY,Cayman Islands,AMRO,254,29907,0,29,29878
2022-08-28,KY,Cayman Islands,AMRO,150,30057,0,29,30028
2022-09-04,KY,Cayman Islands,AMRO,157,30214,0,29,30185
2022-09-11,KY,Cayman Islands,AMRO,166,30380,0,29,30351
2022-09-18,KY,Cayman Islands,AMRO,165,30545,2,31,30514
2022-09-25,KY,Cayman Islands,AMRO,0,30545,0,31,30514
2022-10-02,KY,Cayman Islands,AMRO,116,30661,1,32,30629
2022-10-09,KY,Cayman Islands,AMRO,148,30809,2,34,30775
2022-10-16,KY,Cayman Islands,AMRO,0,30809,0,34,30775
2022-10-23,KY,Cayman Islands,AMRO,117,30926,0,34,30892
2022-10-30,KY,Cayman Islands,AMRO,80,31006,0,34,30972
2022-11-06,KY,Cayman Islands,AMRO,90,31096,1,35,31061
2022-11-13,KY,Cayman Islands,AMRO,98,31194,1,36,31158
2022-11-20,KY,Cayman Islands,AMRO,0,31194,0,36,31158
2022-11-27,KY,Cayman Islands,AMRO,0,31194,0,36,31158
2022-12-04,KY,Cayman Islands,AMRO,165,31359,0,36,31323
2022-12-11,KY,Cayman Islands,AMRO,0,31359,0,36,31323
2022-12-18,KY,Cayman Islands,AMRO,113,31472,1,37,31435
2022-12-25,KY,Cayman Islands,AMRO,0,31472,0,37,31435
2023-01-01,KY,Cayman Islands,AMRO,0,31472,0,37,31435
2023-01-08,KY,Cayman Islands,AMRO,0,31472,0,37,31435
2023-01-15,KY,Cayman Islands,AMRO,0,31472,0,37,31435
2023-01-22,KY,Cayman Islands,AMRO,0,31472,0,37,31435
2023-01-29,KY,Cayman Islands,AMRO,0,31472,0,37,31435
2023-02-05,KY,Cayman Islands,AMRO,0,31472,0,37,31435
2023-02-12,KY,Cayman Islands,AMRO,0,31472,0,37,31435
2023-02-19,KY,Cayman Islands,AMRO,0,31472,0,37,31435
2023-02-26,KY,Cayman Islands,AMRO,0,31472,0,37,31435
2023-03-05,KY,Cayman Islands,AMRO,0,31472,0,37,31435
2023-03-12,KY,Cayman Islands,AMRO,0,31472,0,37,31435
2023-03-19,KY,Cayman Islands,AMRO,0,31472,0,37,31435
2023-03-26,KY,Cayman Islands,AMRO,0,31472,0,37,31435
2023-04-02,KY,Cayman Islands,AMRO,0,31472,0,37,31435
2023-04-09,KY,Cayman Islands,AMRO,0,31472,0,37,31435
2023-04-16,KY,Cayman Islands,AMRO,0,31472,0,37,31435
2023-04-23,KY,Cayman Islands,AMRO,0,31472,0,37,31435
2023-04-30,KY,Cayman Islands,AMRO,0,31472,0,37,31435
2023-05-07,KY,Cayman Islands,AMRO,0,31472,0,37,31435
2023-05-14,KY,Cayman Islands,AMRO,0,31472,0,37,31435
2023-05-21,KY,Cayman Islands,AMRO,0,31472,0,37,31435
2023-05-28,KY,Cayman Islands,AMRO,0,31472,0,37,31435
2023-06-04,KY,Cayman Islands,AMRO,0,31472,0,37,31435
2023-06-11,KY,Cayman Islands,AMRO,0,31472,0,37,31435
2023-06-18,KY,Cayman Islands,AMRO,0,31472,0,37,31435
2023-06-25,KY,Cayman Islands,AMRO,0,31472,0,37,31435
2023-07-02,KY,Cayman Islands,AMRO,0,31472,0,37,31435
2023-07-09,KY,Cayman Islands,AMRO,0,31472,0,37,31435
2023-07-16,KY,Cayman Islands,AMRO,0,31472,0,37,31435
2023-07-23,KY,Cayman Islands,AMRO,0,31472,0,37,31435
2023-07-30,KY,Cayman Islands,AMRO,0,31472,0,37,31435
2023-08-06,KY,Cayman Islands,AMRO,0,31472,0,37,31435
2023-08-13,KY,Cayman Islands,AMRO,0,31472,0,37,31435
2023-08-20,KY,Cayman Islands,AMRO,0,31472,0,37,31435
2023-08-27,KY,Cayman Islands,AMRO,0,31472,0,37,31435
2023-09-03,KY,Cayman Islands,AMRO,0,31472,0,37,31435
2023-09-10,KY,Cayman Islands,AMRO,0,31472,0,37,31435
2023-09-17,KY,Cayman Islands,AMRO,0,31472,0,37,31435
2023-09-24,KY,Cayman Islands,AMRO,0,31472,0,37,31435
2023-10-01,KY,Cayman Islands,AMRO,0,31472,0,37,31435
2023-10-08,KY,Cayman Islands,AMRO,0,31472,0,37,31435
2023-10-15,KY,Cayman Islands,AMRO,0,31472,0,37,31435
2023-10-22,KY,Cayman Islands,AMRO,0,31472,0,37,31435
2023-10-29,KY,Cayman Islands,AMRO,0,31472,0,37,31435
2023-11-05,KY,Cayman Islands,AMRO,0,31472,0,37,31435
2023-11-12,KY,Cayman Islands,AMRO,0,31472,0,37,31435
2023-11-19,KY,Cayman Islands,AMRO,0,31472,0,37,31435
2023-11-26,KY,Cayman Islands,AMRO,0,31472,0,37,31435
2023-12-03,KY,Cayman Islands,AMRO,0,31472,0,37,31435
2023-12-10,KY,Cayman Islands,AMRO,0,31472,0,37,31435
2023-12-17,KY,Cayman Islands,AMRO,0,31472,0,37,31435
2023-12-24,KY,Cayman Islands,AMRO,0,31472,0,37,31435
2023-12-31,KY,Cayman Islands,AMRO,0,31472,0,37,31435
2024-01-07,KY,Cayman Islands,AMRO,0,31472,0,37,31435
2024-01-14,KY,Cayman Islands,AMRO,0,31472,0,37,31435
2024-01-21,KY,Cayman Islands,AMRO,0,31472,0,37,31435
2024-01-28,KY,Cayman Islands,AMRO,0,31472,0,37,31435
2024-02-04,KY,Cayman Islands,AMRO,0,31472,0,37,31435
2024-02-11,KY,Cayman Islands,AMRO,0,31472,0,37,31435
2024-02-18,KY,Cayman Islands,AMRO,0,31472,0,37,31435
2024-02-25,KY,Cayman Islands,AMRO,0,31472,0,37,31435
2024-03-03,KY,Cayman Islands,AMRO,0,31472,0,37,31435
2024-03-10,KY,Cayman Islands,AMRO,0,31472,0,37,31435
2024-03-17,KY,Cayman Islands,AMRO,0,31472,0,37,31435
2024-03-24,KY,Cayman Islands,AMRO,0,31472,0,37,31435
2024-03-31,KY,Cayman Islands,AMRO,0,31472,0,37,31435
2024-04-07,KY,Cayman Islands,AMRO,0,31472,0,37,31435
2024-04-14,KY,Cayman Islands,AMRO,0,31472,0,37,31435
2024-04-21,KY,Cayman Islands,AMRO,0,31472,0,37,31435
2024-04-28,KY,Cayman Islands,AMRO,0,31472,0,37,31435
2024-05-05,KY,Cayman Islands,AMRO,0,31472,0,37,31435
2024-05-12,KY,Cayman Islands,AMRO,0,31472,0,37,31435
2024-05-19,KY,Cayman Islands,AMRO,0,31472,0,37,31435
2024-05-26,KY,Cayman Islands,AMRO,0,31472,0,37,31435
2024-06-02,KY,Cayman Islands,AMRO,0,31472,0,37,31435
2024-06-09,KY,Cayman Islands,AMRO,0,31472,0,37,31435
2024-06-16,KY,Cayman Islands,AMRO,0,31472,0,37,31435
2024-06-23,KY,Cayman Islands,AMRO,0,31472,0,37,31435
2024-06-30,KY,Cayman Islands,AMRO,0,31472,0,37,31435
2024-07-07,KY,Cayman Islands,AMRO,0,31472,0,37,31435
2024-07-14,KY,Cayman Islands,AMRO,0,31472,0,37,31435
2024-07-21,KY,Cayman Islands,AMRO,0,31472,0,37,31435
2024-07-28,KY,Cayman Islands,AMRO,0,31472,0,37,31435
2024-08-04,KY,Cayman Islands,AMRO,0,31472,0,37,31435
2024-08-11,KY,Cayman Islands,AMRO,0,31472,0,37,31435
2024-08-18,KY,Cayman Islands,AMRO,0,31472,0,37,31435
2024-08-25,KY,Cayman Islands,AMRO,0,31472,0,37,31435
2024-09-01,KY,Cayman Islands,AMRO,0,31472,0,37,31435
2024-09-08,KY,Cayman Islands,AMRO,0,31472,0,37,31435
2024-09-15,KY,Cayman Islands,AMRO,0,31472,0,37,31435
2024-09-22,KY,Cayman Islands,AMRO,0,31472,0,37,31435
2024-09-29,KY,Cayman Islands,AMRO,0,31472,0,37,31435
2024-10-06,KY,Cayman Islands,AMRO,0,31472,0,37,31435
2024-10-13,KY,Cayman Islands,AMRO,0,31472,0,37,31435
2024-10-20,KY,Cayman Islands,AMRO,0,31472,0,37,31435
2024-10-27,KY,Cayman Islands,AMRO,0,31472,0,37,31435
2024-11-03,KY,Cayman Islands,AMRO,0,31472,0,37,31435
2024-11-10,KY,Cayman Islands,AMRO,0,31472,0,37,31435
2024-11-17,KY,Cayman Islands,AMRO,0,31472,0,37,31435
2020-01-05,CF,Central African Republic,AFRO,0,0,0,0,0
2020-01-12,CF,Central African Republic,AFRO,0,0,0,0,0
2020-01-19,CF,Central African Republic,AFRO,0,0,0,0,0
2020-01-26,CF,Central African Republic,AFRO,0,0,0,0,0
2020-02-02,CF,Central African Republic,AFRO,0,0,0,0,0
2020-02-09,CF,Central African Republic,AFRO,0,0,0,0,0
2020-02-16,CF,Central African Republic,AFRO,0,0,0,0,0
2020-02-23,CF,Central African Republic,AFRO,0,0,0,0,0
2020-03-01,CF,Central African Republic,AFRO,0,0,0,0,0
2020-03-08,CF,Central African Republic,AFRO,0,0,0,0,0
2020-03-15,CF,Central African Republic,AFRO,3,3,0,0,3
2020-03-22,CF,Central African Republic,AFRO,4,7,0,0,7
2020-03-29,CF,Central African Republic,AFRO,6,13,0,0,13
2020-04-05,CF,Central African Republic,AFRO,5,18,0,0,18
2020-04-12,CF,Central African Republic,AFRO,2,20,0,0,20
2020-04-19,CF,Central African Republic,AFRO,1,21,0,0,21
2020-04-26,CF,Central African Republic,AFRO,9,30,0,0,30
2020-05-03,CF,Central African Republic,AFRO,58,88,0,0,88
2020-05-10,CF,Central African Republic,AFRO,82,170,0,0,170
2020-05-17,CF,Central African Republic,AFRO,197,367,0,0,367
2020-05-24,CF,Central African Republic,AFRO,237,604,1,1,603
2020-05-31,CF,Central African Republic,AFRO,448,1052,1,2,1050
2020-06-07,CF,Central African Republic,AFRO,690,1742,3,5,1737
2020-06-14,CF,Central African Republic,AFRO,715,2457,2,7,2450
2020-06-21,CF,Central African Republic,AFRO,707,3164,16,23,3141
2020-06-28,CF,Central African Republic,AFRO,872,4036,22,45,3991
2020-07-05,CF,Central African Republic,AFRO,609,4645,6,51,4594
2020-07-12,CF,Central African Republic,AFRO,346,4991,2,53,4938
2020-07-19,CF,Central African Republic,AFRO,229,5220,2,55,5165
2020-07-26,CF,Central African Republic,AFRO,141,5361,4,59,5302
2020-08-02,CF,Central African Republic,AFRO,24,5385,0,59,5326
2020-08-09,CF,Central African Republic,AFRO,50,5435,2,61,5374
2020-08-16,CF,Central African Republic,AFRO,38,5473,0,61,5412
2020-08-23,CF,Central African Republic,AFRO,26,5499,0,61,5438
2020-08-30,CF,Central African Republic,AFRO,17,5516,0,61,5455
2020-09-06,CF,Central African Republic,AFRO,35,5551,1,62,5489
2020-09-13,CF,Central African Republic,AFRO,54,5605,0,62,5543
2020-09-20,CF,Central African Republic,AFRO,32,5637,0,62,5575
2020-09-27,CF,Central African Republic,AFRO,8,5645,0,62,5583
2020-10-04,CF,Central African Republic,AFRO,44,5689,0,62,5627
2020-10-11,CF,Central African Republic,AFRO,3,5692,0,62,5630
2020-10-18,CF,Central African Republic,AFRO,5,5697,0,62,5635
2020-10-25,CF,Central African Republic,AFRO,6,5703,0,62,5641
2020-11-01,CF,Central African Republic,AFRO,11,5714,0,62,5652
2020-11-08,CF,Central African Republic,AFRO,10,5724,0,62,5662
2020-11-15,CF,Central African Republic,AFRO,19,5743,1,63,5680
2020-11-22,CF,Central African Republic,AFRO,8,5751,0,63,5688
2020-11-29,CF,Central African Republic,AFRO,8,5759,0,63,5696
2020-12-06,CF,Central African Republic,AFRO,15,5774,0,63,5711
2020-12-13,CF,Central African Republic,AFRO,10,5784,0,63,5721
2020-12-20,CF,Central African Republic,AFRO,12,5796,0,63,5733
2020-12-27,CF,Central African Republic,AFRO,18,5814,0,63,5751
2021-01-03,CF,Central African Republic,AFRO,30,5844,0,63,5781
2021-01-10,CF,Central African Republic,AFRO,0,5844,0,63,5781
2021-01-17,CF,Central African Republic,AFRO,2,5846,0,63,5783
2021-01-24,CF,Central African Republic,AFRO,15,5861,0,63,5798
2021-01-31,CF,Central African Republic,AFRO,3,5864,0,63,5801
2021-02-07,CF,Central African Republic,AFRO,13,5877,0,63,5814
2021-02-14,CF,Central African Republic,AFRO,1,5878,0,63,5815
2021-02-21,CF,Central African Republic,AFRO,12,5890,0,63,5827
2021-02-28,CF,Central African Republic,AFRO,8,5898,0,63,5835
2021-03-07,CF,Central African Republic,AFRO,35,5933,0,63,5870
2021-03-14,CF,Central African Republic,AFRO,65,5998,1,64,5934
2021-03-21,CF,Central African Republic,AFRO,107,6105,2,66,6039
2021-03-28,CF,Central African Republic,AFRO,180,6285,6,72,6213
2021-04-04,CF,Central African Republic,AFRO,295,6580,1,73,6507
2021-04-11,CF,Central African Republic,AFRO,487,7067,2,75,6992
2021-04-18,CF,Central African Republic,AFRO,1227,8294,4,79,8215
2021-04-25,CF,Central African Republic,AFRO,874,9168,8,87,9081
2021-05-02,CF,Central African Republic,AFRO,702,9870,4,91,9779
2021-05-09,CF,Central African Republic,AFRO,511,10381,4,95,10286
2021-05-16,CF,Central African Republic,AFRO,335,10716,1,96,10620
2021-05-23,CF,Central African Republic,AFRO,164,10880,1,97,10783
2021-05-30,CF,Central African Republic,AFRO,46,10926,1,98,10828
2021-06-06,CF,Central African Republic,AFRO,58,10984,0,98,10886
2021-06-13,CF,Central African Republic,AFRO,44,11028,0,98,10930
2021-06-20,CF,Central African Republic,AFRO,14,11042,0,98,10944
2021-06-27,CF,Central African Republic,AFRO,16,11058,0,98,10960
2021-07-04,CF,Central African Republic,AFRO,7,11065,0,98,10967
2021-07-11,CF,Central African Republic,AFRO,10,11075,0,98,10977
2021-07-18,CF,Central African Republic,AFRO,27,11102,0,98,11004
2021-07-25,CF,Central African Republic,AFRO,43,11145,0,98,11047
2021-08-01,CF,Central African Republic,AFRO,28,11173,0,98,11075
2021-08-08,CF,Central African Republic,AFRO,53,11226,1,99,11127
2021-08-15,CF,Central African Republic,AFRO,36,11262,0,99,11163
2021-08-22,CF,Central African Republic,AFRO,9,11271,0,99,11172
2021-08-29,CF,Central African Republic,AFRO,35,11306,1,100,11206
2021-09-05,CF,Central African Republic,AFRO,3,11309,0,100,11209
2021-09-12,CF,Central African Republic,AFRO,22,11331,0,100,11231
2021-09-19,CF,Central African Republic,AFRO,28,11359,0,100,11259
2021-09-26,CF,Central African Republic,AFRO,16,11375,0,100,11275
2021-10-03,CF,Central African Republic,AFRO,26,11401,0,100,11301
2021-10-10,CF,Central African Republic,AFRO,67,11468,0,100,11368
2021-10-17,CF,Central African Republic,AFRO,20,11488,0,100,11388
2021-10-24,CF,Central African Republic,AFRO,49,11537,0,100,11437
2021-10-31,CF,Central African Republic,AFRO,55,11592,0,100,11492
2021-11-07,CF,Central African Republic,AFRO,31,11623,0,100,11523
2021-11-14,CF,Central African Republic,AFRO,43,11666,1,101,11565
2021-11-21,CF,Central African Republic,AFRO,42,11708,0,101,11607
2021-11-28,CF,Central African Republic,AFRO,34,11742,0,101,11641
2021-12-05,CF,Central African Republic,AFRO,129,11871,0,101,11770
2021-12-12,CF,Central African Republic,AFRO,90,11961,0,101,11860
2021-12-19,CF,Central African Republic,AFRO,202,12163,0,101,12062
2021-12-26,CF,Central African Republic,AFRO,105,12268,0,101,12167
2022-01-02,CF,Central African Republic,AFRO,248,12516,5,106,12410
2022-01-09,CF,Central African Republic,AFRO,803,13319,2,108,13211
2022-01-16,CF,Central African Republic,AFRO,435,13754,1,109,13645
2022-01-23,CF,Central African Republic,AFRO,144,13898,1,110,13788
2022-01-30,CF,Central African Republic,AFRO,125,14023,0,110,13913
2022-02-06,CF,Central African Republic,AFRO,131,14154,1,111,14043
2022-02-13,CF,Central African Republic,AFRO,53,14207,2,113,14094
2022-02-20,CF,Central African Republic,AFRO,18,14225,0,113,14112
2022-02-27,CF,Central African Republic,AFRO,95,14320,0,113,14207
2022-03-06,CF,Central African Republic,AFRO,6,14326,0,113,14213
2022-03-13,CF,Central African Republic,AFRO,8,14334,0,113,14221
2022-03-20,CF,Central African Republic,AFRO,5,14339,0,113,14226
2022-03-27,CF,Central African Republic,AFRO,12,14351,0,113,14238
2022-04-03,CF,Central African Republic,AFRO,1,14352,0,113,14239
2022-04-10,CF,Central African Republic,AFRO,2,14354,0,113,14241
2022-04-17,CF,Central African Republic,AFRO,0,14354,0,113,14241
2022-04-24,CF,Central African Republic,AFRO,0,14354,0,113,14241
2022-05-01,CF,Central African Republic,AFRO,4,14358,0,113,14245
2022-05-08,CF,Central African Republic,AFRO,0,14358,0,113,14245
2022-05-15,CF,Central African Republic,AFRO,11,14369,0,113,14256
2022-05-22,CF,Central African Republic,AFRO,2,14371,0,113,14258
2022-05-29,CF,Central African Republic,AFRO,0,14371,0,113,14258
2022-06-05,CF,Central African Republic,AFRO,0,14371,0,113,14258
2022-06-12,CF,Central African Republic,AFRO,0,14371,0,113,14258
2022-06-19,CF,Central African Republic,AFRO,215,14586,0,113,14473
2022-06-26,CF,Central African Republic,AFRO,76,14662,0,113,14549
2022-07-03,CF,Central African Republic,AFRO,38,14700,0,113,14587
2022-07-10,CF,Central African Republic,AFRO,33,14733,0,113,14620
2022-07-17,CF,Central African Republic,AFRO,16,14749,0,113,14636
2022-07-24,CF,Central African Republic,AFRO,21,14770,0,113,14657
2022-07-31,CF,Central African Republic,AFRO,11,14781,0,113,14668
2022-08-07,CF,Central African Republic,AFRO,21,14802,0,113,14689
2022-08-14,CF,Central African Republic,AFRO,33,14835,0,113,14722
2022-08-21,CF,Central African Republic,AFRO,35,14870,0,113,14757
2022-08-28,CF,Central African Republic,AFRO,12,14882,0,113,14769
2022-09-04,CF,Central African Republic,AFRO,6,14888,0,113,14775
2022-09-11,CF,Central African Republic,AFRO,21,14909,0,113,14796
2022-09-18,CF,Central African Republic,AFRO,3,14912,0,113,14799
2022-09-25,CF,Central African Republic,AFRO,23,14935,0,113,14822
2022-10-02,CF,Central African Republic,AFRO,21,14956,0,113,14843
2022-10-09,CF,Central African Republic,AFRO,124,15080,0,113,14967
2022-10-16,CF,Central African Republic,AFRO,96,15176,0,113,15063
2022-10-23,CF,Central African Republic,AFRO,83,15259,0,113,15146
2022-10-30,CF,Central African Republic,AFRO,32,15291,0,113,15178
2022-11-06,CF,Central African Republic,AFRO,5,15296,0,113,15183
2022-11-13,CF,Central African Republic,AFRO,22,15318,0,113,15205
2022-11-20,CF,Central African Republic,AFRO,6,15324,0,113,15211
2022-11-27,CF,Central African Republic,AFRO,4,15328,0,113,15215
2022-12-04,CF,Central African Republic,AFRO,2,15330,0,113,15217
2022-12-11,CF,Central African Republic,AFRO,15,15345,0,113,15232
2022-12-18,CF,Central African Republic,AFRO,11,15356,0,113,15243
2022-12-25,CF,Central African Republic,AFRO,4,15360,0,113,15247
2023-01-01,CF,Central African Republic,AFRO,0,15360,0,113,15247
2023-01-08,CF,Central African Republic,AFRO,4,15364,0,113,15251
2023-01-15,CF,Central African Republic,AFRO,2,15366,0,113,15253
2023-01-22,CF,Central African Republic,AFRO,1,15367,0,113,15254
2023-01-29,CF,Central African Republic,AFRO,0,15367,0,113,15254
2023-02-05,CF,Central African Republic,AFRO,0,15367,0,113,15254
2023-02-12,CF,Central African Republic,AFRO,0,15367,0,113,15254
2023-02-19,CF,Central African Republic,AFRO,0,15367,0,113,15254
2023-02-26,CF,Central African Republic,AFRO,0,15367,0,113,15254
2023-03-05,CF,Central African Republic,AFRO,0,15367,0,113,15254
2023-03-12,CF,Central African Republic,AFRO,0,15367,0,113,15254
2023-03-19,CF,Central African Republic,AFRO,0,15367,0,113,15254
2023-03-26,CF,Central African Republic,AFRO,0,15367,0,113,15254
2023-04-02,CF,Central African Republic,AFRO,0,15367,0,113,15254
2023-04-09,CF,Central African Republic,AFRO,0,15367,0,113,15254
2023-04-16,CF,Central African Republic,AFRO,0,15367,0,113,15254
2023-04-23,CF,Central African Republic,AFRO,0,15367,0,113,15254
2023-04-30,CF,Central African Republic,AFRO,0,15367,0,113,15254
2023-05-07,CF,Central African Republic,AFRO,0,15367,0,113,15254
2023-05-14,CF,Central African Republic,AFRO,0,15367,0,113,15254
2023-05-21,CF,Central African Republic,AFRO,0,15367,0,113,15254
2023-05-28,CF,Central African Republic,AFRO,0,15367,0,113,15254
2023-06-04,CF,Central African Republic,AFRO,0,15367,0,113,15254
2023-06-11,CF,Central African Republic,AFRO,0,15367,0,113,15254
2023-06-18,CF,Central African Republic,AFRO,0,15367,0,113,15254
2023-06-25,CF,Central African Republic,AFRO,0,15367,0,113,15254
2023-07-02,CF,Central African Republic,AFRO,0,15367,0,113,15254
2023-07-09,CF,Central African Republic,AFRO,0,15367,0,113,15254
2023-07-16,CF,Central African Republic,AFRO,0,15367,0,113,15254
2023-07-23,CF,Central African Republic,AFRO,0,15367,0,113,15254
2023-07-30,CF,Central African Republic,AFRO,0,15367,0,113,15254
2023-08-06,CF,Central African Republic,AFRO,0,15367,0,113,15254
2023-08-13,CF,Central African Republic,AFRO,0,15367,0,113,15254
2023-08-20,CF,Central African Republic,AFRO,0,15367,0,113,15254
2023-08-27,CF,Central African Republic,AFRO,0,15367,0,113,15254
2023-09-03,CF,Central African Republic,AFRO,0,15367,0,113,15254
2023-09-10,CF,Central African Republic,AFRO,0,15367,0,113,15254
2023-09-17,CF,Central African Republic,AFRO,0,15367,0,113,15254
2023-09-24,CF,Central African Republic,AFRO,0,15367,0,113,15254
2023-10-01,CF,Central African Republic,AFRO,0,15367,0,113,15254
2023-10-08,CF,Central African Republic,AFRO,0,15367,0,113,15254
2023-10-15,CF,Central African Republic,AFRO,0,15367,0,113,15254
2023-10-22,CF,Central African Republic,AFRO,0,15367,0,113,15254
2023-10-29,CF,Central African Republic,AFRO,0,15367,0,113,15254
2023-11-05,CF,Central African Republic,AFRO,0,15367,0,113,15254
2023-11-12,CF,Central African Republic,AFRO,0,15367,0,113,15254
2023-11-19,CF,Central African Republic,AFRO,0,15367,0,113,15254
2023-11-26,CF,Central African Republic,AFRO,43,15410,0,113,15297
2023-12-03,CF,Central African Republic,AFRO,30,15440,0,113,15327
2023-12-10,CF,Central African Republic,AFRO,0,15440,0,113,15327
2023-12-17,CF,Central African Republic,AFRO,0,15440,0,113,15327
2023-12-24,CF,Central African Republic,AFRO,0,15440,0,113,15327
2023-12-31,CF,Central African Republic,AFRO,0,15440,0,113,15327
2024-01-07,CF,Central African Republic,AFRO,0,15440,0,113,15327
2024-01-14,CF,Central African Republic,AFRO,0,15440,0,113,15327
2024-01-21,CF,Central African Republic,AFRO,0,15440,0,113,15327
2024-01-28,CF,Central African Republic,AFRO,0,15440,0,113,15327
2024-02-04,CF,Central African Republic,AFRO,0,15440,0,113,15327
2024-02-11,CF,Central African Republic,AFRO,0,15440,0,113,15327
2024-02-18,CF,Central African Republic,AFRO,0,15440,0,113,15327
2024-02-25,CF,Central African Republic,AFRO,0,15440,0,113,15327
2024-03-03,CF,Central African Republic,AFRO,0,15440,0,113,15327
2024-03-10,CF,Central African Republic,AFRO,0,15440,0,113,15327
2024-03-17,CF,Central African Republic,AFRO,0,15440,0,113,15327
2024-03-24,CF,Central African Republic,AFRO,0,15440,0,113,15327
2024-03-31,CF,Central African Republic,AFRO,0,15440,0,113,15327
2024-04-07,CF,Central African Republic,AFRO,0,15440,0,113,15327
2024-04-14,CF,Central African Republic,AFRO,0,15440,0,113,15327
2024-04-21,CF,Central African Republic,AFRO,0,15440,0,113,15327
2024-04-28,CF,Central African Republic,AFRO,0,15440,0,113,15327
2024-05-05,CF,Central African Republic,AFRO,0,15440,0,113,15327
2024-05-12,CF,Central African Republic,AFRO,0,15440,0,113,15327
2024-05-19,CF,Central African Republic,AFRO,0,15440,0,113,15327
2024-05-26,CF,Central African Republic,AFRO,0,15440,0,113,15327
2024-06-02,CF,Central African Republic,AFRO,0,15440,0,113,15327
2024-06-09,CF,Central African Republic,AFRO,0,15440,0,113,15327
2024-06-16,CF,Central African Republic,AFRO,0,15440,0,113,15327
2024-06-23,CF,Central African Republic,AFRO,0,15440,0,113,15327
2024-06-30,CF,Central African Republic,AFRO,0,15440,0,113,15327
2024-07-07,CF,Central African Republic,AFRO,0,15440,0,113,15327
2024-07-14,CF,Central African Republic,AFRO,1,15441,0,113,15328
2024-07-21,CF,Central African Republic,AFRO,0,15441,0,113,15328
2024-07-28,CF,Central African Republic,AFRO,0,15441,0,113,15328
2024-08-04,CF,Central African Republic,AFRO,0,15441,0,113,15328
2024-08-11,CF,Central African Republic,AFRO,0,15441,0,113,15328
2024-08-18,CF,Central African Republic,AFRO,0,15441,0,113,15328
2024-08-25,CF,Central African Republic,AFRO,0,15441,0,113,15328
2024-09-01,CF,Central African Republic,AFRO,0,15441,0,113,15328
2024-09-08,CF,Central African Republic,AFRO,0,15441,0,113,15328
2024-09-15,CF,Central African Republic,AFRO,0,15441,0,113,15328
2024-09-22,CF,Central African Republic,AFRO,0,15441,0,113,15328
2024-09-29,CF,Central African Republic,AFRO,1,15442,0,113,15329
2024-10-06,CF,Central African Republic,AFRO,0,15442,0,113,15329
2024-10-13,CF,Central African Republic,AFRO,1,15443,0,113,15330
2024-10-20,CF,Central African Republic,AFRO,0,15443,0,113,15330
2024-10-27,CF,Central African Republic,AFRO,0,15443,0,113,15330
2024-11-03,CF,Central African Republic,AFRO,0,15443,0,113,15330
2024-11-10,CF,Central African Republic,AFRO,0,15443,0,113,15330
2024-11-17,CF,Central African Republic,AFRO,0,15443,0,113,15330
2020-01-05,TD,Chad,AFRO,0,0,0,0,0
2020-01-12,TD,Chad,AFRO,0,0,0,0,0
2020-01-19,TD,Chad,AFRO,0,0,0,0,0
2020-01-26,TD,Chad,AFRO,0,0,0,0,0
2020-02-02,TD,Chad,AFRO,0,0,0,0,0
2020-02-09,TD,Chad,AFRO,0,0,0,0,0
2020-02-16,TD,Chad,AFRO,0,0,0,0,0
2020-02-23,TD,Chad,AFRO,0,0,0,0,0
2020-03-01,TD,Chad,AFRO,0,0,0,0,0
2020-03-08,TD,Chad,AFRO,0,0,0,0,0
2020-03-15,TD,Chad,AFRO,0,0,0,0,0
2020-03-22,TD,Chad,AFRO,1,1,0,0,1
2020-03-29,TD,Chad,AFRO,4,5,0,0,5
2020-04-05,TD,Chad,AFRO,4,9,0,0,9
2020-04-12,TD,Chad,AFRO,9,18,0,0,18
2020-04-19,TD,Chad,AFRO,15,33,0,0,33
2020-04-26,TD,Chad,AFRO,13,46,0,0,46
2020-05-03,TD,Chad,AFRO,71,117,20,20,97
2020-05-10,TD,Chad,AFRO,205,322,21,41,281
2020-05-17,TD,Chad,AFRO,181,503,14,55,448
2020-05-24,TD,Chad,AFRO,172,675,7,62,613
2020-05-31,TD,Chad,AFRO,103,778,5,67,711
2020-06-07,TD,Chad,AFRO,59,837,4,71,766
2020-06-14,TD,Chad,AFRO,11,848,3,74,774
2020-06-21,TD,Chad,AFRO,10,858,2,76,782
2020-06-28,TD,Chad,AFRO,7,865,0,76,789
2020-07-05,TD,Chad,AFRO,6,871,0,76,795
2020-07-12,TD,Chad,AFRO,3,874,0,76,798
2020-07-19,TD,Chad,AFRO,15,889,1,77,812
2020-07-26,TD,Chad,AFRO,26,915,0,77,838
2020-08-02,TD,Chad,AFRO,21,936,0,77,859
2020-08-09,TD,Chad,AFRO,6,942,1,78,864
2020-08-16,TD,Chad,AFRO,10,952,0,78,874
2020-08-23,TD,Chad,AFRO,30,982,0,78,904
2020-08-30,TD,Chad,AFRO,26,1008,1,79,929
2020-09-06,TD,Chad,AFRO,26,1034,0,79,955
2020-09-13,TD,Chad,AFRO,49,1083,3,82,1001
2020-09-20,TD,Chad,AFRO,66,1149,1,83,1066
2020-09-27,TD,Chad,AFRO,28,1177,2,85,1092
2020-10-04,TD,Chad,AFRO,37,1214,2,87,1127
2020-10-11,TD,Chad,AFRO,77,1291,6,93,1198
2020-10-18,TD,Chad,AFRO,74,1365,1,94,1271
2020-10-25,TD,Chad,AFRO,69,1434,3,97,1337
2020-11-01,TD,Chad,AFRO,64,1498,2,99,1399
2020-11-08,TD,Chad,AFRO,45,1543,1,100,1443
2020-11-15,TD,Chad,AFRO,48,1591,1,101,1490
2020-11-22,TD,Chad,AFRO,42,1633,1,102,1531
2020-11-29,TD,Chad,AFRO,30,1663,0,102,1561
2020-12-06,TD,Chad,AFRO,59,1722,1,103,1619
2020-12-13,TD,Chad,AFRO,29,1751,0,103,1648
2020-12-20,TD,Chad,AFRO,116,1867,0,103,1764
2020-12-27,TD,Chad,AFRO,119,1986,1,104,1882
2021-01-03,TD,Chad,AFRO,183,2169,1,105,2064
2021-01-10,TD,Chad,AFRO,341,2510,3,108,2402
2021-01-17,TD,Chad,AFRO,345,2855,4,112,2743
2021-01-24,TD,Chad,AFRO,282,3137,4,116,3021
2021-01-31,TD,Chad,AFRO,210,3347,3,119,3228
2021-02-07,TD,Chad,AFRO,126,3473,7,126,3347
2021-02-14,TD,Chad,AFRO,149,3622,2,128,3494
2021-02-21,TD,Chad,AFRO,172,3794,5,133,3661
2021-02-28,TD,Chad,AFRO,179,3973,7,140,3833
2021-03-07,TD,Chad,AFRO,188,4161,0,140,4021
2021-03-14,TD,Chad,AFRO,127,4288,13,153,4135
2021-03-21,TD,Chad,AFRO,122,4410,4,157,4253
2021-03-28,TD,Chad,AFRO,91,4501,3,160,4341
2021-04-04,TD,Chad,AFRO,88,4589,4,164,4425
2021-04-11,TD,Chad,AFRO,36,4625,3,167,4458
2021-04-18,TD,Chad,AFRO,66,4691,1,168,4523
2021-04-25,TD,Chad,AFRO,61,4752,1,169,4583
2021-05-02,TD,Chad,AFRO,72,4824,1,170,4654
2021-05-09,TD,Chad,AFRO,50,4874,1,171,4703
2021-05-16,TD,Chad,AFRO,27,4901,2,173,4728
2021-05-23,TD,Chad,AFRO,22,4923,0,173,4750
2021-05-30,TD,Chad,AFRO,5,4928,0,173,4755
2021-06-06,TD,Chad,AFRO,11,4939,1,174,4765
2021-06-13,TD,Chad,AFRO,3,4942,0,174,4768
2021-06-20,TD,Chad,AFRO,4,4946,0,174,4772
2021-06-27,TD,Chad,AFRO,5,4951,0,174,4777
2021-07-04,TD,Chad,AFRO,0,4951,0,174,4777
2021-07-11,TD,Chad,AFRO,3,4954,0,174,4780
2021-07-18,TD,Chad,AFRO,10,4964,0,174,4790
2021-07-25,TD,Chad,AFRO,5,4969,0,174,4795
2021-08-01,TD,Chad,AFRO,4,4973,0,174,4799
2021-08-08,TD,Chad,AFRO,4,4977,0,174,4803
2021-08-15,TD,Chad,AFRO,5,4982,0,174,4808
2021-08-22,TD,Chad,AFRO,3,4985,0,174,4811
2021-08-29,TD,Chad,AFRO,5,4990,0,174,4816
2021-09-05,TD,Chad,AFRO,5,4995,0,174,4821
2021-09-12,TD,Chad,AFRO,19,5014,0,174,4840
2021-09-19,TD,Chad,AFRO,12,5026,0,174,4852
2021-09-26,TD,Chad,AFRO,5,5031,0,174,4857
2021-10-03,TD,Chad,AFRO,11,5042,0,174,4868
2021-10-10,TD,Chad,AFRO,17,5059,0,174,4885
2021-10-17,TD,Chad,AFRO,8,5067,0,174,4893
2021-10-24,TD,Chad,AFRO,0,5067,0,174,4893
2021-10-31,TD,Chad,AFRO,0,5067,0,174,4893
2021-11-07,TD,Chad,AFRO,38,5105,1,175,4930
2021-11-14,TD,Chad,AFRO,0,5105,0,175,4930
2021-11-21,TD,Chad,AFRO,0,5105,0,175,4930
2021-11-28,TD,Chad,AFRO,0,5105,0,175,4930
2021-12-05,TD,Chad,AFRO,596,5701,6,181,5520
2021-12-12,TD,Chad,AFRO,0,5701,0,181,5520
2021-12-19,TD,Chad,AFRO,0,5701,0,181,5520
2021-12-26,TD,Chad,AFRO,0,5701,0,181,5520
2022-01-02,TD,Chad,AFRO,482,6183,3,184,5999
2022-01-09,TD,Chad,AFRO,0,6183,0,184,5999
2022-01-16,TD,Chad,AFRO,373,6556,1,185,6371
2022-01-23,TD,Chad,AFRO,331,6887,0,185,6702
2022-01-30,TD,Chad,AFRO,186,7073,5,190,6883
2022-02-06,TD,Chad,AFRO,82,7155,0,190,6965
2022-02-13,TD,Chad,AFRO,59,7214,0,190,7024
2022-02-20,TD,Chad,AFRO,0,7214,0,190,7024
2022-02-27,TD,Chad,AFRO,32,7246,0,190,7056
2022-03-06,TD,Chad,AFRO,9,7255,0,190,7065
2022-03-13,TD,Chad,AFRO,3,7258,0,190,7068
2022-03-20,TD,Chad,AFRO,9,7267,0,190,7077
2022-03-27,TD,Chad,AFRO,19,7286,0,190,7096
2022-04-03,TD,Chad,AFRO,22,7308,1,191,7117
2022-04-10,TD,Chad,AFRO,39,7347,1,192,7155
2022-04-17,TD,Chad,AFRO,31,7378,0,192,7186
2022-04-24,TD,Chad,AFRO,18,7396,1,193,7203
2022-05-01,TD,Chad,AFRO,15,7411,0,193,7218
2022-05-08,TD,Chad,AFRO,1,7412,0,193,7219
2022-05-15,TD,Chad,AFRO,2,7414,0,193,7221
2022-05-22,TD,Chad,AFRO,1,7415,0,193,7222
2022-05-29,TD,Chad,AFRO,2,7417,0,193,7224
2022-06-05,TD,Chad,AFRO,0,7417,0,193,7224
2022-06-12,TD,Chad,AFRO,1,7418,0,193,7225
2022-06-19,TD,Chad,AFRO,2,7420,0,193,7227
2022-06-26,TD,Chad,AFRO,4,7424,0,193,7231
2022-07-03,TD,Chad,AFRO,1,7425,0,193,7232
2022-07-10,TD,Chad,AFRO,1,7426,0,193,7233
2022-07-17,TD,Chad,AFRO,1,7427,0,193,7234
2022-07-24,TD,Chad,AFRO,3,7430,0,193,7237
2022-07-31,TD,Chad,AFRO,2,7432,0,193,7239
2022-08-07,TD,Chad,AFRO,5,7437,0,193,7244
2022-08-14,TD,Chad,AFRO,5,7442,0,193,7249
2022-08-21,TD,Chad,AFRO,14,7456,0,193,7263
2022-08-28,TD,Chad,AFRO,33,7489,0,193,7296
2022-09-04,TD,Chad,AFRO,47,7536,0,193,7343
2022-09-11,TD,Chad,AFRO,11,7547,0,193,7354
2022-09-18,TD,Chad,AFRO,11,7558,0,193,7365
2022-09-25,TD,Chad,AFRO,13,7571,0,193,7378
2022-10-02,TD,Chad,AFRO,10,7581,0,193,7388
2022-10-09,TD,Chad,AFRO,9,7590,0,193,7397
2022-10-16,TD,Chad,AFRO,15,7605,0,193,7412
2022-10-23,TD,Chad,AFRO,8,7613,0,193,7420
2022-10-30,TD,Chad,AFRO,7,7620,1,194,7426
2022-11-06,TD,Chad,AFRO,7,7627,0,194,7433
2022-11-13,TD,Chad,AFRO,4,7631,0,194,7437
2022-11-20,TD,Chad,AFRO,6,7637,0,194,7443
2022-11-27,TD,Chad,AFRO,4,7641,0,194,7447
2022-12-04,TD,Chad,AFRO,5,7646,0,194,7452
2022-12-11,TD,Chad,AFRO,1,7647,0,194,7453
2022-12-18,TD,Chad,AFRO,1,7648,0,194,7454
2022-12-25,TD,Chad,AFRO,1,7649,0,194,7455
2023-01-01,TD,Chad,AFRO,1,7650,0,194,7456
2023-01-08,TD,Chad,AFRO,1,7651,0,194,7457
2023-01-15,TD,Chad,AFRO,0,7651,0,194,7457
2023-01-22,TD,Chad,AFRO,0,7651,0,194,7457
2023-01-29,TD,Chad,AFRO,1,7652,0,194,7458
2023-02-05,TD,Chad,AFRO,0,7652,0,194,7458
2023-02-12,TD,Chad,AFRO,0,7652,0,194,7458
2023-02-19,TD,Chad,AFRO,9,7661,0,194,7467
2023-02-26,TD,Chad,AFRO,14,7675,0,194,7481
2023-03-05,TD,Chad,AFRO,3,7678,0,194,7484
2023-03-12,TD,Chad,AFRO,1,7679,0,194,7485
2023-03-19,TD,Chad,AFRO,3,7682,0,194,7488
2023-03-26,TD,Chad,AFRO,3,7685,0,194,7491
2023-04-02,TD,Chad,AFRO,3,7688,0,194,7494
2023-04-09,TD,Chad,AFRO,7,7695,0,194,7501
2023-04-16,TD,Chad,AFRO,1,7696,0,194,7502
2023-04-23,TD,Chad,AFRO,1,7697,0,194,7503
2023-04-30,TD,Chad,AFRO,1,7698,0,194,7504
2023-05-07,TD,Chad,AFRO,0,7698,0,194,7504
2023-05-14,TD,Chad,AFRO,0,7698,0,194,7504
2023-05-21,TD,Chad,AFRO,0,7698,0,194,7504
2023-05-28,TD,Chad,AFRO,0,7698,0,194,7504
2023-06-04,TD,Chad,AFRO,0,7698,0,194,7504
2023-06-11,TD,Chad,AFRO,0,7698,0,194,7504
2023-06-18,TD,Chad,AFRO,0,7698,0,194,7504
2023-06-25,TD,Chad,AFRO,0,7698,0,194,7504
2023-07-02,TD,Chad,AFRO,0,7698,0,194,7504
2023-07-09,TD,Chad,AFRO,0,7698,0,194,7504
2023-07-16,TD,Chad,AFRO,0,7698,0,194,7504
2023-07-23,TD,Chad,AFRO,0,7698,0,194,7504
2023-07-30,TD,Chad,AFRO,0,7698,0,194,7504
2023-08-06,TD,Chad,AFRO,0,7698,0,194,7504
2023-08-13,TD,Chad,AFRO,0,7698,0,194,7504
2023-08-20,TD,Chad,AFRO,0,7698,0,194,7504
2023-08-27,TD,Chad,AFRO,0,7698,0,194,7504
2023-09-03,TD,Chad,AFRO,0,7698,0,194,7504
2023-09-10,TD,Chad,AFRO,0,7698,0,194,7504
2023-09-17,TD,Chad,AFRO,0,7698,0,194,7504
2023-09-24,TD,Chad,AFRO,0,7698,0,194,7504
2023-10-01,TD,Chad,AFRO,0,7698,0,194,7504
2023-10-08,TD,Chad,AFRO,0,7698,0,194,7504
2023-10-15,TD,Chad,AFRO,0,7698,0,194,7504
2023-10-22,TD,Chad,AFRO,0,7698,0,194,7504
2023-10-29,TD,Chad,AFRO,0,7698,0,194,7504
2023-11-05,TD,Chad,AFRO,0,7698,0,194,7504
2023-11-12,TD,Chad,AFRO,0,7698,0,194,7504
2023-11-19,TD,Chad,AFRO,0,7698,0,194,7504
2023-11-26,TD,Chad,AFRO,0,7698,0,194,7504
2023-12-03,TD,Chad,AFRO,0,7698,0,194,7504
2023-12-10,TD,Chad,AFRO,0,7698,0,194,7504
2023-12-17,TD,Chad,AFRO,0,7698,0,194,7504
2023-12-24,TD,Chad,AFRO,0,7698,0,194,7504
2023-12-31,TD,Chad,AFRO,0,7698,0,194,7504
2024-01-07,TD,Chad,AFRO,0,7698,0,194,7504
2024-01-14,TD,Chad,AFRO,0,7698,0,194,7504
2024-01-21,TD,Chad,AFRO,0,7698,0,194,7504
2024-01-28,TD,Chad,AFRO,0,7698,0,194,7504
2024-02-04,TD,Chad,AFRO,0,7698,0,194,7504
2024-02-11,TD,Chad,AFRO,0,7698,0,194,7504
2024-02-18,TD,Chad,AFRO,0,7698,0,194,7504
2024-02-25,TD,Chad,AFRO,0,7698,0,194,7504
2024-03-03,TD,Chad,AFRO,0,7698,0,194,7504
2024-03-10,TD,Chad,AFRO,0,7698,0,194,7504
2024-03-17,TD,Chad,AFRO,4,7702,0,194,7508
2024-03-24,TD,Chad,AFRO,0,7702,0,194,7508
2024-03-31,TD,Chad,AFRO,0,7702,0,194,7508
2024-04-07,TD,Chad,AFRO,0,7702,0,194,7508
2024-04-14,TD,Chad,AFRO,0,7702,0,194,7508
2024-04-21,TD,Chad,AFRO,0,7702,0,194,7508
2024-04-28,TD,Chad,AFRO,0,7702,0,194,7508
2024-05-05,TD,Chad,AFRO,0,7702,0,194,7508
2024-05-12,TD,Chad,AFRO,0,7702,0,194,7508
2024-05-19,TD,Chad,AFRO,0,7702,0,194,7508
2024-05-26,TD,Chad,AFRO,0,7702,0,194,7508
2024-06-02,TD,Chad,AFRO,0,7702,0,194,7508
2024-06-09,TD,Chad,AFRO,0,7702,0,194,7508
2024-06-16,TD,Chad,AFRO,0,7702,0,194,7508
2024-06-23,TD,Chad,AFRO,0,7702,0,194,7508
2024-06-30,TD,Chad,AFRO,0,7702,0,194,7508
2024-07-07,TD,Chad,AFRO,0,7702,0,194,7508
2024-07-14,TD,Chad,AFRO,0,7702,0,194,7508
2024-07-21,TD,Chad,AFRO,0,7702,0,194,7508
2024-07-28,TD,Chad,AFRO,0,7702,0,194,7508
2024-08-04,TD,Chad,AFRO,0,7702,0,194,7508
2024-08-11,TD,Chad,AFRO,0,7702,0,194,7508
2024-08-18,TD,Chad,AFRO,0,7702,0,194,7508
2024-08-25,TD,Chad,AFRO,0,7702,0,194,7508
2024-09-01,TD,Chad,AFRO,0,7702,0,194,7508
2024-09-08,TD,Chad,AFRO,0,7702,0,194,7508
2024-09-15,TD,Chad,AFRO,0,7702,0,194,7508
2024-09-22,TD,Chad,AFRO,0,7702,0,194,7508
2024-09-29,TD,Chad,AFRO,0,7702,0,194,7508
2024-10-06,TD,Chad,AFRO,0,7702,0,194,7508
2024-10-13,TD,Chad,AFRO,0,7702,0,194,7508
2024-10-20,TD,Chad,AFRO,0,7702,0,194,7508
2024-10-27,TD,Chad,AFRO,0,7702,0,194,7508
2024-11-03,TD,Chad,AFRO,0,7702,0,194,7508
2024-11-10,TD,Chad,AFRO,0,7702,0,194,7508
2024-11-17,TD,Chad,AFRO,0,7702,0,194,7508
2020-01-05,CL,Chile,AMRO,0,0,0,0,0
2020-01-12,CL,Chile,AMRO,0,0,0,0,0
2020-01-19,CL,Chile,AMRO,0,0,0,0,0
2020-01-26,CL,Chile,AMRO,0,0,0,0,0
2020-02-02,CL,Chile,AMRO,0,0,0,0,0
2020-02-09,CL,Chile,AMRO,0,0,0,0,0
2020-02-16,CL,Chile,AMRO,0,0,0,0,0
2020-02-23,CL,Chile,AMRO,0,0,0,0,0
2020-03-01,CL,Chile,AMRO,1,1,0,0,1
2020-03-08,CL,Chile,AMRO,6,7,0,0,7
2020-03-15,CL,Chile,AMRO,54,61,0,0,61
2020-03-22,CL,Chile,AMRO,476,537,0,0,537
2020-03-29,CL,Chile,AMRO,1372,1909,6,6,1903
2020-04-05,CL,Chile,AMRO,2252,4161,21,27,4134
2020-04-12,CL,Chile,AMRO,2766,6927,46,73,6854
2020-04-19,CL,Chile,AMRO,2803,9730,53,126,9604
2020-04-26,CL,Chile,AMRO,3128,12858,55,181,12677
2020-05-03,CL,Chile,AMRO,5577,18435,66,247,18188
2020-05-10,CL,Chile,AMRO,8784,27219,57,304,26915
2020-05-17,CL,Chile,AMRO,14209,41428,117,421,41007
2020-05-24,CL,Chile,AMRO,23965,65393,252,673,64720
2020-05-31,CL,Chile,AMRO,29465,94858,324,997,93861
2020-06-07,CL,Chile,AMRO,32887,127745,544,1541,126204
2020-06-14,CL,Chile,AMRO,39610,167355,1560,3101,164254
2020-06-21,CL,Chile,AMRO,69393,236748,1194,4295,232453
2020-06-28,CL,Chile,AMRO,31018,267766,1052,5347,262419
2020-07-05,CL,Chile,AMRO,24081,291847,845,6192,285655
2020-07-12,CL,Chile,AMRO,20182,312029,689,6881,305148
2020-07-19,CL,Chile,AMRO,16817,328846,1564,8445,320401
2020-07-26,CL,Chile,AMRO,14746,343592,575,9020,334572
2020-08-02,CL,Chile,AMRO,14066,357658,513,9533,348125
2020-08-09,CL,Chile,AMRO,13365,371023,478,10011,361012
2020-08-16,CL,Chile,AMRO,12879,383902,384,10395,373507
2020-08-23,CL,Chile,AMRO,11806,395708,397,10792,384916
2020-08-30,CL,Chile,AMRO,12301,408009,389,11181,396828
2020-09-06,CL,Chile,AMRO,12425,420434,370,11551,408883
2020-09-13,CL,Chile,AMRO,12232,432666,344,11895,420771
2020-09-20,CL,Chile,AMRO,12008,444674,359,12254,432420
2020-09-27,CL,Chile,AMRO,11305,455979,337,12591,443388
2020-10-04,CL,Chile,AMRO,12492,468471,328,12919,455552
2020-10-11,CL,Chile,AMRO,11124,479595,353,13272,466323
2020-10-18,CL,Chile,AMRO,10408,490003,316,13588,476415
2020-10-25,CL,Chile,AMRO,10539,500542,304,13892,486650
2020-11-01,CL,Chile,AMRO,9714,510256,315,14207,496049
2020-11-08,CL,Chile,AMRO,9721,519977,292,14499,505478
2020-11-15,CL,Chile,AMRO,9699,529676,278,14777,514899
2020-11-22,CL,Chile,AMRO,9467,539143,253,15030,524113
2020-11-29,CL,Chile,AMRO,9798,548941,292,15322,533619
2020-12-06,CL,Chile,AMRO,9727,558668,270,15592,543076
2020-12-13,CL,Chile,AMRO,11113,569781,254,15846,553935
2020-12-20,CL,Chile,AMRO,13573,583354,255,16101,567253
2020-12-27,CL,Chile,AMRO,15040,598394,303,16404,581990
2021-01-03,CL,Chile,AMRO,17508,615902,320,16724,599178
2021-01-10,CL,Chile,AMRO,21840,637742,313,17037,620705
2021-01-17,CL,Chile,AMRO,27751,665493,398,17435,648058
2021-01-24,CL,Chile,AMRO,29154,694647,419,17854,676793
2021-01-31,CL,Chile,AMRO,28253,722900,485,18339,704561
2021-02-07,CL,Chile,AMRO,25182,748082,556,18895,729187
2021-02-14,CL,Chile,AMRO,24313,772395,548,19443,752952
2021-02-21,CL,Chile,AMRO,23450,795845,531,19974,775871
2021-02-28,CL,Chile,AMRO,25573,821418,502,20476,800942
2021-03-07,CL,Chile,AMRO,29065,850483,532,21008,829475
2021-03-14,CL,Chile,AMRO,34896,885379,566,21574,863805
2021-03-21,CL,Chile,AMRO,39710,925089,606,22180,902909
2021-03-28,CL,Chile,AMRO,44824,969913,473,22653,947260
2021-04-04,CL,Chile,AMRO,49565,1019478,871,23524,995954
2021-04-11,CL,Chile,AMRO,49044,1068522,689,24213,1044309
2021-04-18,CL,Chile,AMRO,48826,1117348,842,25055,1092293
2021-04-25,CL,Chile,AMRO,45463,1162811,687,25742,1137069
2021-05-02,CL,Chile,AMRO,41944,1204755,715,26457,1178298
2021-05-09,CL,Chile,AMRO,37221,1241976,644,27101,1214875
2021-05-16,CL,Chile,AMRO,38276,1280252,633,27734,1252518
2021-05-23,CL,Chile,AMRO,43161,1323413,652,28386,1295027
2021-05-30,CL,Chile,AMRO,46343,1369756,661,29047,1340709
2021-06-06,CL,Chile,AMRO,50510,1420266,769,29816,1390450
2021-06-13,CL,Chile,AMRO,48726,1468992,763,30579,1438413
2021-06-20,CL,Chile,AMRO,42283,1511275,813,31392,1479883
2021-06-27,CL,Chile,AMRO,31367,1542642,771,32163,1510479
2021-07-04,CL,Chile,AMRO,23819,1566461,810,32973,1533488
2021-07-11,CL,Chile,AMRO,18699,1585160,794,33767,1551393
2021-07-18,CL,Chile,AMRO,13321,1598481,636,34403,1564078
2021-07-25,CL,Chile,AMRO,9268,1607749,555,34958,1572791
2021-08-01,CL,Chile,AMRO,8022,1615771,490,35448,1580323
2021-08-08,CL,Chile,AMRO,6738,1622509,503,35951,1586558
2021-08-15,CL,Chile,AMRO,5784,1628293,380,36331,1591962
2021-08-22,CL,Chile,AMRO,4860,1633153,274,36605,1596548
2021-08-29,CL,Chile,AMRO,4081,1637234,236,36841,1600393
2021-09-05,CL,Chile,AMRO,3432,1640666,226,37067,1603599
2021-09-12,CL,Chile,AMRO,2964,1643630,134,37201,1606429
2021-09-19,CL,Chile,AMRO,3364,1646994,138,37339,1609655
2021-09-26,CL,Chile,AMRO,3991,1650985,93,37432,1613553
2021-10-03,CL,Chile,AMRO,4899,1655884,52,37484,1618400
2021-10-10,CL,Chile,AMRO,5486,1661370,70,37554,1623816
2021-10-17,CL,Chile,AMRO,7866,1669236,43,37597,1631639
2021-10-24,CL,Chile,AMRO,10781,1680017,65,37662,1642355
2021-10-31,CL,Chile,AMRO,12860,1692877,81,37743,1655134
2021-11-07,CL,Chile,AMRO,13745,1706622,98,37841,1668781
2021-11-14,CL,Chile,AMRO,17106,1723728,110,37951,1685777
2021-11-21,CL,Chile,AMRO,16768,1740496,143,38094,1702402
2021-11-28,CL,Chile,AMRO,16581,1757077,188,38282,1718795
2021-12-05,CL,Chile,AMRO,13543,1770620,183,38465,1732155
2021-12-12,CL,Chile,AMRO,10607,1781227,181,38646,1742581
2021-12-19,CL,Chile,AMRO,9297,1790524,194,38840,1751684
2021-12-26,CL,Chile,AMRO,8601,1799125,173,39013,1760112
2022-01-02,CL,Chile,AMRO,9273,1808398,127,39140,1769258
2022-01-09,CL,Chile,AMRO,17019,1825417,111,39251,1786166
2022-01-16,CL,Chile,AMRO,41684,1867101,125,39376,1827725
2022-01-23,CL,Chile,AMRO,82574,1949675,121,39497,1910178
2022-01-30,CL,Chile,AMRO,157937,2107612,156,39653,2067959
2022-02-06,CL,Chile,AMRO,227422,2335034,277,39930,2295104
2022-02-13,CL,Chile,AMRO,247900,2582934,534,40464,2542470
2022-02-20,CL,Chile,AMRO,236312,2819246,732,41196,2778050
2022-02-27,CL,Chile,AMRO,196384,3015630,874,42070,2973560
2022-03-06,CL,Chile,AMRO,152705,3168335,885,42955,3125380
2022-03-13,CL,Chile,AMRO,118141,3286476,830,43785,3242691
2022-03-20,CL,Chile,AMRO,95205,3381681,655,44440,3337241
2022-03-27,CL,Chile,AMRO,61337,3443018,11858,56298,3386720
2022-04-03,CL,Chile,AMRO,39157,3482175,391,56689,3425486
2022-04-10,CL,Chile,AMRO,26381,3508556,308,56997,3451559
2022-04-17,CL,Chile,AMRO,20070,3528626,234,57231,3471395
2022-04-24,CL,Chile,AMRO,15837,3544463,144,57375,3487088
2022-05-01,CL,Chile,AMRO,14168,3558631,152,57527,3501104
2022-05-08,CL,Chile,AMRO,17508,3576139,102,57629,3518510
2022-05-15,CL,Chile,AMRO,24757,3600896,85,57714,3543182
2022-05-22,CL,Chile,AMRO,36097,3636993,80,57794,3579199
2022-05-29,CL,Chile,AMRO,47592,3684585,83,57877,3626708
2022-06-05,CL,Chile,AMRO,55211,3739796,78,57955,3681841
2022-06-12,CL,Chile,AMRO,69174,3808970,121,58076,3750894
2022-06-19,CL,Chile,AMRO,73455,3882425,150,58226,3824199
2022-06-26,CL,Chile,AMRO,65587,3948012,159,58385,3889627
2022-07-03,CL,Chile,AMRO,65891,4013903,178,58563,3955340
2022-07-10,CL,Chile,AMRO,61630,4075533,224,58787,4016746
2022-07-17,CL,Chile,AMRO,54699,4130232,252,59039,4071193
2022-07-24,CL,Chile,AMRO,47285,4177517,264,59303,4118214
2022-07-31,CL,Chile,AMRO,56032,4233549,249,59552,4173997
2022-08-07,CL,Chile,AMRO,63595,4297144,221,59773,4237371
2022-08-14,CL,Chile,AMRO,72562,4369706,188,59961,4309745
2022-08-21,CL,Chile,AMRO,62880,4432586,213,60174,4372412
2022-08-28,CL,Chile,AMRO,54867,4487453,208,60382,4427071
2022-09-04,CL,Chile,AMRO,40080,4527533,189,60571,4466962
2022-09-11,CL,Chile,AMRO,32268,4559801,178,60749,4499052
2022-09-18,CL,Chile,AMRO,23853,4583654,174,60923,4522731
2022-09-25,CL,Chile,AMRO,19860,4603514,123,61046,4542468
2022-10-02,CL,Chile,AMRO,24409,4627923,132,61178,4566745
2022-10-09,CL,Chile,AMRO,21425,4649348,128,61306,4588042
2022-10-16,CL,Chile,AMRO,25025,4674373,106,61412,4612961
2022-10-23,CL,Chile,AMRO,34497,4708870,123,61535,4647335
2022-10-30,CL,Chile,AMRO,41905,4750775,117,61652,4689123
2022-11-06,CL,Chile,AMRO,35423,4786198,137,61789,4724409
2022-11-13,CL,Chile,AMRO,46640,4832838,194,61983,4770855
2022-11-20,CL,Chile,AMRO,39013,4871851,182,62165,4809686
2022-11-27,CL,Chile,AMRO,33684,4905535,192,62357,4843178
2022-12-04,CL,Chile,AMRO,27990,4933525,186,62543,4870982
2022-12-11,CL,Chile,AMRO,22011,4955536,165,62708,4892828
2022-12-18,CL,Chile,AMRO,24097,4979633,142,62850,4916783
2022-12-25,CL,Chile,AMRO,26526,5006159,162,63012,4943147
2023-01-01,CL,Chile,AMRO,31368,5037527,160,63172,4974355
2023-01-08,CL,Chile,AMRO,25207,5062734,158,63330,4999404
2023-01-15,CL,Chile,AMRO,22244,5084978,166,63496,5021482
2023-01-22,CL,Chile,AMRO,16859,5101837,144,63640,5038197
2023-01-29,CL,Chile,AMRO,13293,5115130,124,63764,5051366
2023-02-05,CL,Chile,AMRO,11527,5126657,111,63875,5062782
2023-02-12,CL,Chile,AMRO,10648,5137305,110,63985,5073320
2023-02-19,CL,Chile,AMRO,10378,5147683,82,64067,5083616
2023-02-26,CL,Chile,AMRO,13526,5161209,91,64158,5097051
2023-03-05,CL,Chile,AMRO,16561,5177770,64,64222,5113548
2023-03-12,CL,Chile,AMRO,22009,5199779,79,64301,5135478
2023-03-19,CL,Chile,AMRO,27654,5227433,78,64379,5163054
2023-03-26,CL,Chile,AMRO,22644,5250077,103,64482,5185595
2023-04-02,CL,Chile,AMRO,14253,5264330,-3432,61050,5203280
2023-04-09,CL,Chile,AMRO,8437,5272767,92,61142,5211625
2023-04-16,CL,Chile,AMRO,5485,5278252,105,61247,5217005
2023-04-23,CL,Chile,AMRO,3429,5281681,76,61323,5220358
2023-04-30,CL,Chile,AMRO,2227,5283908,61,61384,5222524
2023-05-07,CL,Chile,AMRO,1238,5285146,50,61434,5223712
2023-05-14,CL,Chile,AMRO,952,5286098,24,61458,5224640
2023-05-21,CL,Chile,AMRO,615,5286713,23,61481,5225232
2023-05-28,CL,Chile,AMRO,426,5287139,17,61498,5225641
2023-06-04,CL,Chile,AMRO,272,5287411,17,61515,5225896
2023-06-11,CL,Chile,AMRO,183,5287594,15,61530,5226064
2023-06-18,CL,Chile,AMRO,206,5287800,12,61542,5226258
2023-06-25,CL,Chile,AMRO,147,5287947,10,61552,5226395
2023-07-02,CL,Chile,AMRO,148,5288095,3,61555,5226540
2023-07-09,CL,Chile,AMRO,115,5288210,5,61560,5226650
2023-07-16,CL,Chile,AMRO,143,5288353,8,61568,5226785
2023-07-23,CL,Chile,AMRO,164,5288517,11,61579,5226938
2023-07-30,CL,Chile,AMRO,262,5288779,2,61581,5227198
2023-08-06,CL,Chile,AMRO,326,5289105,4,61585,5227520
2023-08-13,CL,Chile,AMRO,411,5289516,6,61591,5227925
2023-08-20,CL,Chile,AMRO,420,5289936,6,61597,5228339
2023-08-27,CL,Chile,AMRO,478,5290414,4,61601,5228813
2023-09-03,CL,Chile,AMRO,614,5291028,7,61608,5229420
2023-09-10,CL,Chile,AMRO,651,5291679,10,61618,5230061
2023-09-17,CL,Chile,AMRO,802,5292481,8,61626,5230855
2023-09-24,CL,Chile,AMRO,856,5293337,16,61642,5231695
2023-10-01,CL,Chile,AMRO,1421,5294758,25,61667,5233091
2023-10-08,CL,Chile,AMRO,1803,5296561,27,61694,5234867
2023-10-15,CL,Chile,AMRO,2083,5298644,34,61728,5236916
2023-10-22,CL,Chile,AMRO,3054,5301698,52,61780,5239918
2023-10-29,CL,Chile,AMRO,3433,5305131,37,61817,5243314
2023-11-05,CL,Chile,AMRO,3500,5308631,56,61873,5246758
2023-11-12,CL,Chile,AMRO,4087,5312718,46,61919,5250799
2023-11-19,CL,Chile,AMRO,3860,5316578,57,61976,5254602
2023-11-26,CL,Chile,AMRO,3776,5320354,57,62033,5258321
2023-12-03,CL,Chile,AMRO,3162,5323516,48,62081,5261435
2023-12-10,CL,Chile,AMRO,2179,5325695,48,62129,5263566
2023-12-17,CL,Chile,AMRO,1966,5327661,42,62171,5265490
2023-12-24,CL,Chile,AMRO,2838,5330499,32,62203,5268296
2023-12-31,CL,Chile,AMRO,2478,5332977,24,62227,5270750
2024-01-07,CL,Chile,AMRO,2411,5335388,16,62243,5273145
2024-01-14,CL,Chile,AMRO,2817,5338205,20,62263,5275942
2024-01-21,CL,Chile,AMRO,3436,5341641,20,62283,5279358
2024-01-28,CL,Chile,AMRO,3982,5345623,28,62311,5283312
2024-02-04,CL,Chile,AMRO,4857,5350480,35,62346,5288134
2024-02-11,CL,Chile,AMRO,5466,5355946,25,62371,5293575
2024-02-18,CL,Chile,AMRO,6661,5362607,27,62398,5300209
2024-02-25,CL,Chile,AMRO,6797,5369404,36,62434,5306970
2024-03-03,CL,Chile,AMRO,6984,5376388,40,62474,5313914
2024-03-10,CL,Chile,AMRO,6838,5383226,32,62506,5320720
2024-03-17,CL,Chile,AMRO,7173,5390399,32,62538,5327861
2024-03-24,CL,Chile,AMRO,4914,5395313,30,62568,5332745
2024-03-31,CL,Chile,AMRO,2125,5397438,18,62586,5334852
2024-04-07,CL,Chile,AMRO,1215,5398653,25,62611,5336042
2024-04-14,CL,Chile,AMRO,555,5399208,30,62641,5336567
2024-04-21,CL,Chile,AMRO,353,5399561,28,62669,5336892
2024-04-28,CL,Chile,AMRO,266,5399827,17,62686,5337141
2024-05-05,CL,Chile,AMRO,165,5399992,12,62698,5337294
2024-05-12,CL,Chile,AMRO,174,5400166,6,62704,5337462
2024-05-19,CL,Chile,AMRO,108,5400274,1,62705,5337569
2024-05-26,CL,Chile,AMRO,151,5400425,3,62708,5337717
2024-06-02,CL,Chile,AMRO,87,5400512,3,62711,5337801
2024-06-09,CL,Chile,AMRO,57,5400569,4,62715,5337854
2024-06-16,CL,Chile,AMRO,76,5400645,6,62721,5337924
2024-06-23,CL,Chile,AMRO,41,5400686,1,62722,5337964
2024-06-30,CL,Chile,AMRO,65,5400751,1,62723,5338028
2024-07-07,CL,Chile,AMRO,42,5400793,2,62725,5338068
2024-07-14,CL,Chile,AMRO,73,5400866,1,62726,5338140
2024-07-21,CL,Chile,AMRO,62,5400928,1,62727,5338201
2024-07-28,CL,Chile,AMRO,98,5401026,3,62730,5338296
2024-08-04,CL,Chile,AMRO,100,5401126,0,62730,5338396
2024-08-11,CL,Chile,AMRO,105,5401231,4,62734,5338497
2024-08-18,CL,Chile,AMRO,141,5401372,3,62737,5338635
2024-08-25,CL,Chile,AMRO,145,5401517,2,62739,5338778
2024-09-01,CL,Chile,AMRO,146,5401663,3,62742,5338921
2024-09-08,CL,Chile,AMRO,143,5401806,1,62743,5339063
2024-09-15,CL,Chile,AMRO,245,5402051,6,62749,5339302
2024-09-22,CL,Chile,AMRO,114,5402165,2,62751,5339414
2024-09-29,CL,Chile,AMRO,399,5402564,7,62758,5339806
2024-10-06,CL,Chile,AMRO,254,5402818,5,62763,5340055
2024-10-13,CL,Chile,AMRO,306,5403124,6,62769,5340355
2024-10-20,CL,Chile,AMRO,435,5403559,10,62779,5340780
2024-10-27,CL,Chile,AMRO,437,5403996,4,62783,5341213
2024-11-03,CL,Chile,AMRO,301,5404297,8,62791,5341506
2024-11-10,CL,Chile,AMRO,441,5404738,3,62794,5341944
2024-11-17,CL,Chile,AMRO,921,5405659,3,62797,5342862
2020-01-05,CN,China,WPRO,1,1,0,0,1
2020-01-12,CN,China,WPRO,44,45,1,1,44
2020-01-19,CN,China,WPRO,80,125,2,3,122
2020-01-26,CN,China,WPRO,1860,1985,53,56,1929
2020-02-02,CN,China,WPRO,12426,14411,305,361,14050
2020-02-09,CN,China,WPRO,22840,37251,544,905,36346
2020-02-16,CN,China,WPRO,31333,68584,862,1767,66817
2020-02-23,CN,China,WPRO,8458,77042,679,2446,74596
2020-03-01,CN,China,WPRO,2926,79968,427,2873,77095
2020-03-08,CN,China,WPRO,891,80859,228,3101,77758
2020-03-15,CN,China,WPRO,189,81048,103,3204,77844
2020-03-22,CN,China,WPRO,450,81498,63,3267,78231
2020-03-29,CN,China,WPRO,843,82341,39,3306,79035
2020-04-05,CN,China,WPRO,589,82930,32,3338,79592
2020-04-12,CN,China,WPRO,552,83482,11,3349,80133
2020-04-19,CN,China,WPRO,719,84201,1293,4642,79559
2020-04-26,CN,China,WPRO,137,84338,0,4642,79696
2020-05-03,CN,China,WPRO,55,84393,1,4643,79750
2020-05-10,CN,China,WPRO,37,84430,0,4643,79787
2020-05-17,CN,China,WPRO,54,84484,2,4645,79839
2020-05-24,CN,China,WPRO,41,84525,0,4645,79880
2020-05-31,CN,China,WPRO,45,84570,0,4645,79925
2020-06-07,CN,China,WPRO,59,84629,0,4645,79984
2020-06-14,CN,China,WPRO,100,84729,0,4645,80084
2020-06-21,CN,China,WPRO,268,84997,1,4646,80351
2020-06-28,CN,China,WPRO,193,85190,2,4648,80542
2020-07-05,CN,China,WPRO,116,85306,0,4648,80658
2020-07-12,CN,China,WPRO,216,85522,0,4648,80874
2020-07-19,CN,China,WPRO,415,85937,5,4653,81284
2020-07-26,CN,China,WPRO,902,86839,6,4659,82180
2020-08-02,CN,China,WPRO,1463,88302,15,4674,83628
2020-08-09,CN,China,WPRO,847,89149,14,4688,84461
2020-08-16,CN,China,WPRO,612,89761,22,4710,85051
2020-08-23,CN,China,WPRO,380,90141,7,4717,85424
2020-08-30,CN,China,WPRO,210,90351,11,4728,85623
2020-09-06,CN,China,WPRO,166,90517,7,4735,85782
2020-09-13,CN,China,WPRO,149,90666,6,4741,85925
2020-09-20,CN,China,WPRO,174,90840,3,4744,86096
2020-09-27,CN,China,WPRO,126,90966,2,4746,86220
2020-10-04,CN,China,WPRO,155,91121,0,4746,86375
2020-10-11,CN,China,WPRO,184,91305,0,4746,86559
2020-10-18,CN,China,WPRO,184,91489,0,4746,86743
2020-10-25,CN,China,WPRO,185,91674,0,4746,86928
2020-11-01,CN,China,WPRO,247,91921,0,4746,87175
2020-11-08,CN,China,WPRO,274,92195,2,4748,87447
2020-11-15,CN,China,WPRO,233,92428,1,4749,87679
2020-11-22,CN,China,WPRO,220,92648,0,4749,87899
2020-11-29,CN,China,WPRO,681,93329,1,4750,88579
2020-12-06,CN,China,WPRO,831,94160,3,4753,89407
2020-12-13,CN,China,WPRO,790,94950,3,4756,90194
2020-12-20,CN,China,WPRO,766,95716,14,4770,90946
2020-12-27,CN,China,WPRO,608,96324,7,4777,91547
2021-01-03,CN,China,WPRO,648,96972,14,4791,92181
2021-01-10,CN,China,WPRO,680,97652,7,4798,92854
2021-01-17,CN,China,WPRO,1142,98794,6,4804,93990
2021-01-24,CN,China,WPRO,1342,100136,6,4810,95326
2021-01-31,CN,China,WPRO,838,100974,13,4823,96151
2021-02-07,CN,China,WPRO,342,101316,8,4831,96485
2021-02-14,CN,China,WPRO,220,101536,7,4838,96698
2021-02-21,CN,China,WPRO,164,101700,4,4842,96858
2021-02-28,CN,China,WPRO,220,101920,1,4843,97077
2021-03-07,CN,China,WPRO,181,102101,5,4848,97253
2021-03-14,CN,China,WPRO,262,102363,1,4849,97514
2021-03-21,CN,China,WPRO,176,102539,0,4849,97690
2021-03-28,CN,China,WPRO,159,102698,2,4851,97847
2021-04-04,CN,China,WPRO,210,102908,0,4851,98057
2021-04-11,CN,China,WPRO,205,103113,2,4853,98260
2021-04-18,CN,China,WPRO,202,103315,3,4856,98459
2021-04-25,CN,China,WPRO,169,103484,0,4856,98628
2021-05-02,CN,China,WPRO,183,103667,2,4858,98809
2021-05-09,CN,China,WPRO,141,103808,0,4858,98950
2021-05-16,CN,China,WPRO,617,104425,0,4858,99567
2021-05-23,CN,China,WPRO,2762,107187,11,4869,102318
2021-05-30,CN,China,WPRO,3959,111146,86,4955,106191
2021-06-06,CN,China,WPRO,3521,114667,151,5106,109561
2021-06-13,CN,China,WPRO,1634,116301,177,5283,111018
2021-06-20,CN,China,WPRO,1247,117548,112,5395,112153
2021-06-27,CN,China,WPRO,810,118358,83,5478,112880
2021-07-04,CN,China,WPRO,538,118896,57,5535,113361
2021-07-11,CN,China,WPRO,425,119321,53,5588,113733
2021-07-18,CN,China,WPRO,377,119698,28,5616,114082
2021-07-25,CN,China,WPRO,515,120213,18,5634,114579
2021-08-01,CN,China,WPRO,624,120837,3,5637,115200
2021-08-08,CN,China,WPRO,847,121684,20,5657,116027
2021-08-15,CN,China,WPRO,694,122378,12,5669,116709
2021-08-22,CN,China,WPRO,320,122698,7,5676,117022
2021-08-29,CN,China,WPRO,297,122995,6,5682,117313
2021-09-05,CN,China,WPRO,236,123231,3,5685,117546
2021-09-12,CN,China,WPRO,313,123544,2,5687,117857
2021-09-19,CN,China,WPRO,558,124102,2,5689,118413
2021-09-26,CN,China,WPRO,393,124495,1,5690,118805
2021-10-03,CN,China,WPRO,310,124805,2,5692,119113
2021-10-10,CN,China,WPRO,250,125055,3,5695,119360
2021-10-17,CN,China,WPRO,199,125254,0,5695,119559
2021-10-24,CN,China,WPRO,311,125565,0,5695,119870
2021-10-31,CN,China,WPRO,513,126078,1,5696,120382
2021-11-07,CN,China,WPRO,632,126710,0,5696,121014
2021-11-14,CN,China,WPRO,550,127260,1,5697,121563
2021-11-21,CN,China,WPRO,252,127512,0,5697,121815
2021-11-28,CN,China,WPRO,252,127764,0,5697,122067
2021-12-05,CN,China,WPRO,629,128393,0,5697,122696
2021-12-12,CN,China,WPRO,689,129082,0,5697,123385
2021-12-19,CN,China,WPRO,712,129794,2,5699,124095
2021-12-26,CN,China,WPRO,1064,130858,0,5699,125159
2022-01-02,CN,China,WPRO,1650,132508,0,5699,126809
2022-01-09,CN,China,WPRO,1643,134151,0,5699,128452
2022-01-16,CN,China,WPRO,1876,136027,1,5700,130327
2022-01-23,CN,China,WPRO,1323,137350,0,5700,131650
2022-01-30,CN,China,WPRO,1642,138992,0,5700,133292
2022-02-06,CN,China,WPRO,2057,141049,0,5700,135349
2022-02-13,CN,China,WPRO,8591,149640,6,5706,143934
2022-02-20,CN,China,WPRO,31127,180767,70,5776,174991
2022-02-27,CN,China,WPRO,120387,301154,372,6148,295006
2022-03-06,CN,China,WPRO,302580,603734,1348,7496,596238
2022-03-13,CN,China,WPRO,158173,761907,1986,9482,752425
2022-03-20,CN,China,WPRO,84389,846296,1905,11387,834909
2022-03-27,CN,China,WPRO,43971,890267,1356,12743,877524
2022-04-03,CN,China,WPRO,32276,922543,920,13663,908880
2022-04-10,CN,China,WPRO,21648,944191,599,14262,929929
2022-04-17,CN,China,WPRO,30667,974858,372,14634,960224
2022-04-24,CN,China,WPRO,42303,1017161,247,14881,1002280
2022-05-01,CN,China,WPRO,91983,1109144,392,15273,1093871
2022-05-08,CN,China,WPRO,227721,1336865,177,15450,1321415
2022-05-15,CN,China,WPRO,414077,1750942,192,15642,1735300
2022-05-22,CN,China,WPRO,554051,2304993,347,15989,2289004
2022-05-29,CN,China,WPRO,573340,2878333,669,16658,2861675
2022-06-05,CN,China,WPRO,513969,3392302,1044,17702,3374600
2022-06-12,CN,China,WPRO,489982,3882284,1194,18896,3863388
2022-06-19,CN,China,WPRO,406469,4288753,1091,19987,4268766
2022-06-26,CN,China,WPRO,323183,4611936,982,20969,4590967
2022-07-03,CN,China,WPRO,230021,4841957,689,21658,4820299
2022-07-10,CN,China,WPRO,223915,5065872,709,22367,5043505
2022-07-17,CN,China,WPRO,197555,5263427,528,22895,5240532
2022-07-24,CN,China,WPRO,180690,5444117,458,23353,5420764
2022-07-31,CN,China,WPRO,172003,5616120,351,23704,5592416
2022-08-07,CN,China,WPRO,163340,5779460,330,24034,5755426
2022-08-14,CN,China,WPRO,166696,5946156,224,24258,5921898
2022-08-21,CN,China,WPRO,172424,6118580,241,24499,6094081
2022-08-28,CN,China,WPRO,194464,6313044,267,24766,6288278
2022-09-04,CN,China,WPRO,238044,6551088,292,25058,6526030
2022-09-11,CN,China,WPRO,263288,6814376,296,25354,6789022
2022-09-18,CN,China,WPRO,297693,7112069,358,25712,7086357
2022-09-25,CN,China,WPRO,292476,7404545,532,26244,7378301
2022-10-02,CN,China,WPRO,303092,7707637,365,26609,7681028
2022-10-09,CN,China,WPRO,333830,8041467,435,27044,8014423
2022-10-16,CN,China,WPRO,328910,8370377,427,27471,8342906
2022-10-23,CN,China,WPRO,285348,8655725,479,27950,8627775
2022-10-30,CN,China,WPRO,257994,8913719,510,28460,8885259
2022-11-06,CN,China,WPRO,219102,9132821,479,28939,9103882
2022-11-13,CN,China,WPRO,171745,9304566,431,29370,9275196
2022-11-20,CN,China,WPRO,158813,9463379,468,29838,9433541
2022-11-27,CN,China,WPRO,144205,9607584,354,30192,9577392
2022-12-04,CN,China,WPRO,146141,9753725,375,30567,9723158
2022-12-11,CN,China,WPRO,1117898,10871623,871,31438,10840185
2022-12-18,CN,China,WPRO,11098550,21970173,1708,33146,21937027
2022-12-25,CN,China,WPRO,40475477,62445650,5849,38995,62406655
2023-01-01,CN,China,WPRO,24644876,87090526,17893,56888,87033638
2023-01-08,CN,China,WPRO,8061762,95152288,12991,69879,95082409
2023-01-15,CN,China,WPRO,2361571,97513859,0,69879,97443980
2023-01-22,CN,China,WPRO,755183,98269042,0,69879,98199163
2023-01-29,CN,China,WPRO,175542,98444584,0,69879,98374705
2023-02-05,CN,China,WPRO,192969,98637553,47687,117566,98519987
2023-02-12,CN,China,WPRO,148174,98785727,1360,118926,98666801
2023-02-19,CN,China,WPRO,118748,98904475,537,119463,98785012
2023-02-26,CN,China,WPRO,77670,98982145,358,119821,98862324
2023-03-05,CN,China,WPRO,84790,99066935,360,120181,98946754
2023-03-12,CN,China,WPRO,92268,99159203,329,120510,99038693
2023-03-19,CN,China,WPRO,65301,99224504,265,120775,99103729
2023-03-26,CN,China,WPRO,13602,99238106,119,120894,99117212
2023-04-02,CN,China,WPRO,1060,99239166,3,120897,99118269
2023-04-09,CN,China,WPRO,1228,99240394,8,120905,99119489
2023-04-16,CN,China,WPRO,1699,99242093,7,120912,99121181
2023-04-23,CN,China,WPRO,2206,99244299,11,120923,99123376
2023-04-30,CN,China,WPRO,3082,99247381,38,120961,99126420
2023-05-07,CN,China,WPRO,3736,99251117,54,121015,99130102
2023-05-14,CN,China,WPRO,4440,99255557,58,121073,99134484
2023-05-21,CN,China,WPRO,4437,99259994,71,121144,99138850
2023-05-28,CN,China,WPRO,6466,99266460,91,121235,99145225
2023-06-04,CN,China,WPRO,5030,99271490,1,121236,99150254
2023-06-11,CN,China,WPRO,6956,99278446,154,121390,99157056
2023-06-18,CN,China,WPRO,4555,99283001,0,121390,99161611
2023-06-25,CN,China,WPRO,2437,99285438,75,121465,99163973
2023-07-02,CN,China,WPRO,3878,99289316,25,121490,99167826
2023-07-09,CN,China,WPRO,2733,99292049,25,121515,99170534
2023-07-16,CN,China,WPRO,2666,99294715,21,121536,99173179
2023-07-23,CN,China,WPRO,2445,99297160,0,121536,99175624
2023-07-30,CN,China,WPRO,2541,99299701,0,121536,99178165
2023-08-06,CN,China,WPRO,1954,99301655,111,121647,99180008
2023-08-13,CN,China,WPRO,964,99302619,24,121671,99180948
2023-08-20,CN,China,WPRO,1463,99304082,0,121671,99182411
2023-08-27,CN,China,WPRO,1587,99305669,8,121679,99183990
2023-09-03,CN,China,WPRO,1647,99307316,0,121679,99185637
2023-09-10,CN,China,WPRO,1527,99308843,23,121702,99187141
2023-09-17,CN,China,WPRO,1025,99309868,12,121714,99188154
2023-09-24,CN,China,WPRO,1152,99311020,8,121722,99189298
2023-10-01,CN,China,WPRO,2551,99313571,0,121722,99191849
2023-10-08,CN,China,WPRO,1555,99315126,75,121797,99193329
2023-10-15,CN,China,WPRO,1372,99316498,12,121809,99194689
2023-10-22,CN,China,WPRO,1070,99317568,14,121823,99195745
2023-10-29,CN,China,WPRO,805,99318373,12,121835,99196538
2023-11-05,CN,China,WPRO,636,99319009,32,121867,99197142
2023-11-12,CN,China,WPRO,559,99319568,6,121873,99197695
2023-11-19,CN,China,WPRO,467,99320035,1,121874,99198161
2023-11-26,CN,China,WPRO,390,99320425,3,121877,99198548
2023-12-03,CN,China,WPRO,420,99320845,9,121886,99198959
2023-12-10,CN,China,WPRO,397,99321242,2,121888,99199354
2023-12-17,CN,China,WPRO,395,99321637,0,121888,99199749
2023-12-24,CN,China,WPRO,505,99322142,1,121889,99200253
2023-12-31,CN,China,WPRO,585,99322727,4,121893,99200834
2024-01-07,CN,China,WPRO,1029,99323756,45,121938,99201818
2024-01-14,CN,China,WPRO,1352,99325108,-22,121916,99203192
2024-01-21,CN,China,WPRO,1315,99326423,5,121921,99204502
2024-01-28,CN,China,WPRO,1331,99327754,12,121933,99205821
2024-02-04,CN,China,WPRO,1495,99329249,13,121946,99207303
2024-02-11,CN,China,WPRO,1267,99330516,10,121956,99208560
2024-02-18,CN,China,WPRO,1208,99331724,20,121976,99209748
2024-02-25,CN,China,WPRO,3028,99334752,17,121993,99212759
2024-03-03,CN,China,WPRO,1999,99336751,41,122034,99214717
2024-03-10,CN,China,WPRO,3018,99339769,16,122050,99217719
2024-03-17,CN,China,WPRO,3426,99343195,0,122050,99221145
2024-03-24,CN,China,WPRO,2485,99345680,56,122106,99223574
2024-03-31,CN,China,WPRO,1768,99347448,19,122125,99225323
2024-04-07,CN,China,WPRO,1368,99348816,18,122143,99226673
2024-04-14,CN,China,WPRO,1511,99350327,10,122153,99228174
2024-04-21,CN,China,WPRO,1431,99351758,17,122170,99229588
2024-04-28,CN,China,WPRO,1403,99353161,6,122176,99230985
2024-05-05,CN,China,WPRO,1566,99354727,20,122196,99232531
2024-05-12,CN,China,WPRO,1754,99356481,5,122201,99234280
2024-05-19,CN,China,WPRO,1414,99357895,14,122215,99235680
2024-05-26,CN,China,WPRO,1108,99359003,10,122225,99236778
2024-06-02,CN,China,WPRO,799,99359802,18,122243,99237559
2024-06-09,CN,China,WPRO,731,99360533,5,122248,99238285
2024-06-16,CN,China,WPRO,805,99361338,6,122254,99239084
2024-06-23,CN,China,WPRO,910,99362248,3,122257,99239991
2024-06-30,CN,China,WPRO,1243,99363491,4,122261,99241230
2024-07-07,CN,China,WPRO,1671,99365162,10,122271,99242891
2024-07-14,CN,China,WPRO,1879,99367041,2,122273,99244768
2024-07-21,CN,China,WPRO,1988,99369029,7,122280,99246749
2024-07-28,CN,China,WPRO,2103,99371132,9,122289,99248843
2024-08-04,CN,China,WPRO,2087,99373219,15,122304,99250915
2024-08-11,CN,China,WPRO,2228,99375447,5,122309,99253138
2024-08-18,CN,China,WPRO,1376,99376823,10,122319,99254504
2024-08-25,CN,China,WPRO,1153,99377976,4,122323,99255653
2024-09-01,CN,China,WPRO,1063,99379039,21,122344,99256695
2024-09-08,CN,China,WPRO,667,99379706,7,122351,99257355
2024-09-15,CN,China,WPRO,488,99380194,1,122352,99257842
2024-09-22,CN,China,WPRO,169,99380363,6,122358,99258005
2024-09-29,CN,China,WPRO,279,99380642,2,122360,99258282
2024-10-06,CN,China,WPRO,192,99380834,7,122367,99258467
2024-10-13,CN,China,WPRO,67,99380901,0,122367,99258534
2024-10-20,CN,China,WPRO,101,99381002,0,122367,99258635
2024-10-27,CN,China,WPRO,76,99381078,0,122367,99258711
2024-11-03,CN,China,WPRO,73,99381151,7,122374,99258777
2024-11-10,CN,China,WPRO,38,99381189,1,122375,99258814
2024-11-17,CN,China,WPRO,44,99381233,2,122377,99258856
2020-01-05,CO,Colombia,AMRO,0,0,0,0,0
2020-01-12,CO,Colombia,AMRO,0,0,0,0,0
2020-01-19,CO,Colombia,AMRO,0,0,0,0,0
2020-01-26,CO,Colombia,AMRO,0,0,0,0,0
2020-02-02,CO,Colombia,AMRO,0,0,0,0,0
2020-02-09,CO,Colombia,AMRO,0,0,0,0,0
2020-02-16,CO,Colombia,AMRO,0,0,0,0,0
2020-02-23,CO,Colombia,AMRO,0,0,0,0,0
2020-03-01,CO,Colombia,AMRO,0,0,0,0,0
2020-03-08,CO,Colombia,AMRO,1,1,0,0,1
2020-03-15,CO,Colombia,AMRO,15,16,0,0,16
2020-03-22,CO,Colombia,AMRO,180,196,0,0,196
2020-03-29,CO,Colombia,AMRO,527,723,6,6,717
2020-04-05,CO,Colombia,AMRO,544,1267,19,25,1242
2020-04-12,CO,Colombia,AMRO,1206,2473,55,80,2393
2020-04-19,CO,Colombia,AMRO,966,3439,73,153,3286
2020-04-26,CO,Colombia,AMRO,1442,4881,72,225,4656
2020-05-03,CO,Colombia,AMRO,2125,7006,89,314,6692
2020-05-10,CO,Colombia,AMRO,3045,10051,114,428,9623
2020-05-17,CO,Colombia,AMRO,4165,14216,118,546,13670
2020-05-24,CO,Colombia,AMRO,4915,19131,136,682,18449
2020-05-31,CO,Colombia,AMRO,7557,26688,171,853,25835
2020-06-07,CO,Colombia,AMRO,9947,36635,292,1145,35490
2020-06-14,CO,Colombia,AMRO,10223,46858,400,1545,45313
2020-06-21,CO,Colombia,AMRO,16418,63276,500,2045,61231
2020-06-28,CO,Colombia,AMRO,21166,84442,766,2811,81631
2020-07-05,CO,Colombia,AMRO,25063,109505,966,3777,105728
2020-07-12,CO,Colombia,AMRO,31271,140776,1148,4925,135851
2020-07-19,CO,Colombia,AMRO,41364,182140,1363,6288,175852
2020-07-26,CO,Colombia,AMRO,51401,233541,1687,7975,225566
2020-08-02,CO,Colombia,AMRO,61967,295508,2130,10105,285403
2020-08-09,CO,Colombia,AMRO,71688,367196,2145,12250,354946
2020-08-16,CO,Colombia,AMRO,77915,445111,2242,14492,430619
2020-08-23,CO,Colombia,AMRO,77027,522138,2076,16568,505570
2020-08-30,CO,Colombia,AMRO,68382,590520,2199,18767,571753
2020-09-06,CO,Colombia,AMRO,59542,650062,2121,20888,629174
2020-09-13,CO,Colombia,AMRO,52026,702088,1630,22518,679570
2020-09-20,CO,Colombia,AMRO,48383,750471,1332,23850,726621
2020-09-27,CO,Colombia,AMRO,47846,798317,1253,25103,773214
2020-10-04,CO,Colombia,AMRO,43214,841531,1294,26397,815134
2020-10-11,CO,Colombia,AMRO,52769,894300,1098,27495,866805
2020-10-18,CO,Colombia,AMRO,51054,945354,1121,28616,916738
2020-10-25,CO,Colombia,AMRO,53588,998942,1186,29802,969140
2020-11-01,CO,Colombia,AMRO,64209,1063151,1333,31135,1032016
2020-11-08,CO,Colombia,AMRO,64582,1127733,1270,32405,1095328
2020-11-15,CO,Colombia,AMRO,54964,1182697,1264,33669,1149028
2020-11-22,CO,Colombia,AMRO,50747,1233444,1260,34929,1198515
2020-11-29,CO,Colombia,AMRO,57066,1290510,1285,36214,1254296
2020-12-06,CO,Colombia,AMRO,62097,1352607,1253,37467,1315140
2020-12-13,CO,Colombia,AMRO,56302,1408909,1202,38669,1370240
2020-12-20,CO,Colombia,AMRO,73163,1482072,1350,40019,1442053
2020-12-27,CO,Colombia,AMRO,92635,1574707,1671,41690,1533017
2021-01-03,CO,Colombia,AMRO,80173,1654880,1805,43495,1611385
2021-01-10,CO,Colombia,AMRO,100688,1755568,1936,45431,1710137
2021-01-17,CO,Colombia,AMRO,114611,1870179,2437,47868,1822311
2021-01-24,CO,Colombia,AMRO,117239,1987418,2718,50586,1936832
2021-01-31,CO,Colombia,AMRO,90215,2077633,2698,53284,2024349
2021-02-07,CO,Colombia,AMRO,65027,2142660,2119,55403,2087257
2021-02-14,CO,Colombia,AMRO,42509,2185169,1793,57196,2127973
2021-02-21,CO,Colombia,AMRO,31832,2217001,1315,58511,2158490
2021-02-28,CO,Colombia,AMRO,27791,2244792,1007,59518,2185274
2021-03-07,CO,Colombia,AMRO,24790,2269582,782,60300,2209282
2021-03-14,CO,Colombia,AMRO,25035,2294617,650,60950,2233667
2021-03-21,CO,Colombia,AMRO,29809,2324426,821,61771,2262655
2021-03-28,CO,Colombia,AMRO,42911,2367337,874,62645,2304692
2021-04-04,CO,Colombia,AMRO,60711,2428048,1132,63777,2364271
2021-04-11,CO,Colombia,AMRO,76158,2504206,1506,65283,2438923
2021-04-18,CO,Colombia,AMRO,115216,2619422,2281,67564,2551858
2021-04-25,CO,Colombia,AMRO,121122,2740544,2882,70446,2670098
2021-05-02,CO,Colombia,AMRO,119180,2859724,3274,73720,2786004
2021-05-09,CO,Colombia,AMRO,108902,2968626,3147,76867,2891759
2021-05-16,CO,Colombia,AMRO,115834,3084460,3383,80250,3004210
2021-05-23,CO,Colombia,AMRO,107590,3192050,3469,83719,3108331
2021-05-30,CO,Colombia,AMRO,150517,3342567,3488,87207,3255360
2021-06-06,CO,Colombia,AMRO,175479,3518046,3683,90890,3427156
2021-06-13,CO,Colombia,AMRO,176661,3694707,3725,94615,3600092
2021-06-20,CO,Colombia,AMRO,193907,3888614,4131,98746,3789868
2021-06-27,CO,Colombia,AMRO,204132,4092746,4575,103321,3989425
2021-07-04,CO,Colombia,AMRO,204556,4297302,4402,107723,4189579
2021-07-11,CO,Colombia,AMRO,174320,4471622,4008,111731,4359891
2021-07-18,CO,Colombia,AMRO,129713,4601335,3602,115333,4486002
2021-07-25,CO,Colombia,AMRO,104399,4705734,2855,118188,4587546
2021-08-01,CO,Colombia,AMRO,70557,4776291,2244,120432,4655859
2021-08-08,CO,Colombia,AMRO,52292,4828583,1655,122087,4706496
2021-08-15,CO,Colombia,AMRO,32039,4860622,1134,123221,4737401
2021-08-22,CO,Colombia,AMRO,23310,4883932,802,124023,4759909
2021-08-29,CO,Colombia,AMRO,17231,4901163,625,124648,4776515
2021-09-05,CO,Colombia,AMRO,13718,4914881,510,125158,4789723
2021-09-12,CO,Colombia,AMRO,11891,4926772,371,125529,4801243
2021-09-19,CO,Colombia,AMRO,10824,4937596,297,125826,4811770
2021-09-26,CO,Colombia,AMRO,10917,4948513,242,126068,4822445
2021-10-03,CO,Colombia,AMRO,10631,4959144,268,126336,4832808
2021-10-10,CO,Colombia,AMRO,9987,4969131,216,126552,4842579
2021-10-17,CO,Colombia,AMRO,9558,4978689,244,126796,4851893
2021-10-24,CO,Colombia,AMRO,9332,4988021,198,126994,4861027
2021-10-31,CO,Colombia,AMRO,11027,4999048,231,127225,4871823
2021-11-07,CO,Colombia,AMRO,11934,5010982,231,127456,4883526
2021-11-14,CO,Colombia,AMRO,15840,5026822,265,127721,4899101
2021-11-21,CO,Colombia,AMRO,16000,5042822,292,128013,4914809
2021-11-28,CO,Colombia,AMRO,17735,5060557,330,128343,4932214
2021-12-05,CO,Colombia,AMRO,15821,5076378,342,128685,4947693
2021-12-12,CO,Colombia,AMRO,13317,5089695,326,129011,4960684
2021-12-19,CO,Colombia,AMRO,13574,5103269,334,129345,4973924
2021-12-26,CO,Colombia,AMRO,14985,5118254,341,129686,4988568
2022-01-02,CO,Colombia,AMRO,39186,5157440,256,129942,5027498
2022-01-09,CO,Colombia,AMRO,111422,5268862,308,130250,5138612
2022-01-16,CO,Colombia,AMRO,207042,5475904,481,130731,5345173
2022-01-23,CO,Colombia,AMRO,210161,5686065,1093,131824,5554241
2022-01-30,CO,Colombia,AMRO,151343,5837408,1736,133560,5703848
2022-02-06,CO,Colombia,AMRO,106375,5943783,1722,135282,5808501
2022-02-13,CO,Colombia,AMRO,64208,6007991,1482,136764,5871227
2022-02-20,CO,Colombia,AMRO,31172,6039163,1105,137869,5901294
2022-02-27,CO,Colombia,AMRO,19552,6058715,632,138501,5920214
2022-03-06,CO,Colombia,AMRO,10710,6069425,483,138984,5930441
2022-03-13,CO,Colombia,AMRO,6231,6075656,271,139255,5936401
2022-03-20,CO,Colombia,AMRO,4240,6079896,160,139415,5940481
2022-03-27,CO,Colombia,AMRO,3047,6082943,129,139544,5943399
2022-04-03,CO,Colombia,AMRO,2327,6085270,92,139636,5945634
2022-04-10,CO,Colombia,AMRO,2173,6087443,67,139703,5947740
2022-04-17,CO,Colombia,AMRO,1938,6089381,38,139741,5949640
2022-04-24,CO,Colombia,AMRO,1422,6090803,24,139765,5951038
2022-05-01,CO,Colombia,AMRO,1600,6092403,28,139793,5952610
2022-05-08,CO,Colombia,AMRO,1242,6093645,16,139809,5953836
2022-05-15,CO,Colombia,AMRO,1671,6095316,12,139821,5955495
2022-05-22,CO,Colombia,AMRO,3795,6099111,12,139833,5959278
2022-05-29,CO,Colombia,AMRO,4344,6103455,21,139854,5963601
2022-06-05,CO,Colombia,AMRO,5650,6109105,13,139867,5969238
2022-06-12,CO,Colombia,AMRO,8742,6117847,27,139894,5977953
2022-06-19,CO,Colombia,AMRO,13810,6131657,24,139918,5991739
2022-06-26,CO,Colombia,AMRO,19697,6151354,52,139970,6011384
2022-07-03,CO,Colombia,AMRO,23827,6175181,100,140070,6035111
2022-07-10,CO,Colombia,AMRO,23667,6198848,132,140202,6058646
2022-07-17,CO,Colombia,AMRO,24649,6223497,163,140365,6083132
2022-07-24,CO,Colombia,AMRO,24137,6247634,238,140603,6107031
2022-07-31,CO,Colombia,AMRO,18164,6265798,242,140845,6124953
2022-08-07,CO,Colombia,AMRO,13200,6278998,230,141075,6137923
2022-08-14,CO,Colombia,AMRO,7394,6286392,212,141287,6145105
2022-08-21,CO,Colombia,AMRO,6738,6293130,119,141406,6151724
2022-08-28,CO,Colombia,AMRO,6465,6299595,113,141519,6158076
2022-09-04,CO,Colombia,AMRO,3214,6302809,127,141646,6161163
2022-09-11,CO,Colombia,AMRO,1508,6304317,62,141708,6162609
2022-09-18,CO,Colombia,AMRO,1245,6305562,38,141746,6163816
2022-09-25,CO,Colombia,AMRO,990,6306552,23,141769,6164783
2022-10-02,CO,Colombia,AMRO,820,6307372,25,141794,6165578
2022-10-09,CO,Colombia,AMRO,715,6308087,13,141807,6166280
2022-10-16,CO,Colombia,AMRO,471,6308558,13,141820,6166738
2022-10-23,CO,Colombia,AMRO,610,6309168,7,141827,6167341
2022-10-30,CO,Colombia,AMRO,548,6309716,10,141837,6167879
2022-11-06,CO,Colombia,AMRO,616,6310332,13,141850,6168482
2022-11-13,CO,Colombia,AMRO,1027,6311359,12,141862,6169497
2022-11-20,CO,Colombia,AMRO,1298,6312657,19,141881,6170776
2022-11-27,CO,Colombia,AMRO,2112,6314769,14,141895,6172874
2022-12-04,CO,Colombia,AMRO,3252,6318021,16,141911,6176110
2022-12-11,CO,Colombia,AMRO,5336,6323357,32,141943,6181414
2022-12-18,CO,Colombia,AMRO,7052,6330409,53,141996,6188413
2022-12-25,CO,Colombia,AMRO,7930,6338339,80,142076,6196263
2023-01-01,CO,Colombia,AMRO,6776,6345115,103,142179,6202936
2023-01-08,CO,Colombia,AMRO,4856,6349971,80,142259,6207712
2023-01-15,CO,Colombia,AMRO,0,6349971,0,142259,6207712
2023-01-22,CO,Colombia,AMRO,4820,6354791,126,142385,6212406
2023-01-29,CO,Colombia,AMRO,1518,6356309,101,142486,6213823
2023-02-05,CO,Colombia,AMRO,891,6357200,58,142544,6214656
2023-02-12,CO,Colombia,AMRO,868,6358068,32,142576,6215492
2023-02-19,CO,Colombia,AMRO,707,6358775,20,142596,6216179
2023-02-26,CO,Colombia,AMRO,689,6359464,19,142615,6216849
2023-03-05,CO,Colombia,AMRO,625,6360089,14,142629,6217460
2023-03-12,CO,Colombia,AMRO,691,6360780,10,142639,6218141
2023-03-19,CO,Colombia,AMRO,513,6361293,13,142652,6218641
2023-03-26,CO,Colombia,AMRO,517,6361810,13,142665,6219145
2023-04-02,CO,Colombia,AMRO,502,6362312,13,142678,6219634
2023-04-09,CO,Colombia,AMRO,746,6363058,12,142690,6220368
2023-04-16,CO,Colombia,AMRO,486,6363544,8,142698,6220846
2023-04-23,CO,Colombia,AMRO,470,6364014,8,142706,6221308
2023-04-30,CO,Colombia,AMRO,622,6364636,7,142713,6221923
2023-05-07,CO,Colombia,AMRO,626,6365262,9,142722,6222540
2023-05-14,CO,Colombia,AMRO,732,6365994,5,142727,6223267
2023-05-21,CO,Colombia,AMRO,0,6365994,0,142727,6223267
2023-05-28,CO,Colombia,AMRO,0,6365994,0,142727,6223267
2023-06-04,CO,Colombia,AMRO,0,6365994,0,142727,6223267
2023-06-11,CO,Colombia,AMRO,0,6365994,0,142727,6223267
2023-06-18,CO,Colombia,AMRO,0,6365994,0,142727,6223267
2023-06-25,CO,Colombia,AMRO,0,6365994,0,142727,6223267
2023-07-02,CO,Colombia,AMRO,0,6365994,0,142727,6223267
2023-07-09,CO,Colombia,AMRO,0,6365994,0,142727,6223267
2023-07-16,CO,Colombia,AMRO,0,6365994,0,142727,6223267
2023-07-23,CO,Colombia,AMRO,0,6365994,0,142727,6223267
2023-07-30,CO,Colombia,AMRO,0,6365994,0,142727,6223267
2023-08-06,CO,Colombia,AMRO,0,6365994,0,142727,6223267
2023-08-13,CO,Colombia,AMRO,0,6365994,0,142727,6223267
2023-08-20,CO,Colombia,AMRO,0,6365994,0,142727,6223267
2023-08-27,CO,Colombia,AMRO,0,6365994,0,142727,6223267
2023-09-03,CO,Colombia,AMRO,0,6365994,0,142727,6223267
2023-09-10,CO,Colombia,AMRO,0,6365994,0,142727,6223267
2023-09-17,CO,Colombia,AMRO,0,6365994,0,142727,6223267
2023-09-24,CO,Colombia,AMRO,0,6365994,0,142727,6223267
2023-10-01,CO,Colombia,AMRO,0,6365994,0,142727,6223267
2023-10-08,CO,Colombia,AMRO,0,6365994,0,142727,6223267
2023-10-15,CO,Colombia,AMRO,0,6365994,0,142727,6223267
2023-10-22,CO,Colombia,AMRO,0,6365994,0,142727,6223267
2023-10-29,CO,Colombia,AMRO,0,6365994,0,142727,6223267
2023-11-05,CO,Colombia,AMRO,0,6365994,0,142727,6223267
2023-11-12,CO,Colombia,AMRO,0,6365994,0,142727,6223267
2023-11-19,CO,Colombia,AMRO,0,6365994,0,142727,6223267
2023-11-26,CO,Colombia,AMRO,0,6365994,0,142727,6223267
2023-12-03,CO,Colombia,AMRO,0,6365994,0,142727,6223267
2023-12-10,CO,Colombia,AMRO,0,6365994,0,142727,6223267
2023-12-17,CO,Colombia,AMRO,0,6365994,0,142727,6223267
2023-12-24,CO,Colombia,AMRO,0,6365994,0,142727,6223267
2023-12-31,CO,Colombia,AMRO,0,6365994,0,142727,6223267
2024-01-07,CO,Colombia,AMRO,978,6366972,0,142727,6224245
2024-01-14,CO,Colombia,AMRO,2156,6369128,0,142727,6226401
2024-01-21,CO,Colombia,AMRO,2307,6371435,0,142727,6228708
2024-01-28,CO,Colombia,AMRO,1878,6373313,0,142727,6230586
2024-02-04,CO,Colombia,AMRO,2964,6376277,0,142727,6233550
2024-02-11,CO,Colombia,AMRO,923,6377200,0,142727,6234473
2024-02-18,CO,Colombia,AMRO,1130,6378330,0,142727,6235603
2024-02-25,CO,Colombia,AMRO,1696,6380026,0,142727,6237299
2024-03-03,CO,Colombia,AMRO,2339,6382365,0,142727,6239638
2024-03-10,CO,Colombia,AMRO,1056,6383421,0,142727,6240694
2024-03-17,CO,Colombia,AMRO,676,6384097,0,142727,6241370
2024-03-24,CO,Colombia,AMRO,266,6384363,0,142727,6241636
2024-03-31,CO,Colombia,AMRO,212,6384575,0,142727,6241848
2024-04-07,CO,Colombia,AMRO,160,6384735,0,142727,6242008
2024-04-14,CO,Colombia,AMRO,139,6384874,0,142727,6242147
2024-04-21,CO,Colombia,AMRO,151,6385025,0,142727,6242298
2024-04-28,CO,Colombia,AMRO,147,6385172,0,142727,6242445
2024-05-05,CO,Colombia,AMRO,137,6385309,0,142727,6242582
2024-05-12,CO,Colombia,AMRO,101,6385410,0,142727,6242683
2024-05-19,CO,Colombia,AMRO,158,6385568,0,142727,6242841
2024-05-26,CO,Colombia,AMRO,172,6385740,0,142727,6243013
2024-06-02,CO,Colombia,AMRO,207,6385947,0,142727,6243220
2024-06-09,CO,Colombia,AMRO,265,6386212,0,142727,6243485
2024-06-16,CO,Colombia,AMRO,264,6386476,0,142727,6243749
2024-06-23,CO,Colombia,AMRO,470,6386946,0,142727,6244219
2024-06-30,CO,Colombia,AMRO,453,6387399,0,142727,6244672
2024-07-07,CO,Colombia,AMRO,687,6388086,0,142727,6245359
2024-07-14,CO,Colombia,AMRO,792,6388878,0,142727,6246151
2024-07-21,CO,Colombia,AMRO,960,6389838,0,142727,6247111
2024-07-28,CO,Colombia,AMRO,1062,6390900,0,142727,6248173
2024-08-04,CO,Colombia,AMRO,976,6391876,0,142727,6249149
2024-08-11,CO,Colombia,AMRO,596,6392472,0,142727,6249745
2024-08-18,CO,Colombia,AMRO,499,6392971,0,142727,6250244
2024-08-25,CO,Colombia,AMRO,362,6393333,0,142727,6250606
2024-09-01,CO,Colombia,AMRO,241,6393574,0,142727,6250847
2024-09-08,CO,Colombia,AMRO,179,6393753,0,142727,6251026
2024-09-15,CO,Colombia,AMRO,164,6393917,0,142727,6251190
2024-09-22,CO,Colombia,AMRO,105,6394022,0,142727,6251295
2024-09-29,CO,Colombia,AMRO,102,6394124,0,142727,6251397
2024-10-06,CO,Colombia,AMRO,89,6394213,0,142727,6251486
2024-10-13,CO,Colombia,AMRO,55,6394268,0,142727,6251541
2024-10-20,CO,Colombia,AMRO,38,6394306,0,142727,6251579
2024-10-27,CO,Colombia,AMRO,55,6394361,0,142727,6251634
2024-11-03,CO,Colombia,AMRO,53,6394414,0,142727,6251687
2024-11-10,CO,Colombia,AMRO,52,6394466,0,142727,6251739
2024-11-17,CO,Colombia,AMRO,42,6394508,0,142727,6251781
2020-01-05,KM,Comoros,AFRO,0,0,0,0,0
2020-01-12,KM,Comoros,AFRO,0,0,0,0,0
2020-01-19,KM,Comoros,AFRO,0,0,0,0,0
2020-01-26,KM,Comoros,AFRO,0,0,0,0,0
2020-02-02,KM,Comoros,AFRO,0,0,0,0,0
2020-02-09,KM,Comoros,AFRO,0,0,0,0,0
2020-02-16,KM,Comoros,AFRO,0,0,0,0,0
2020-02-23,KM,Comoros,AFRO,0,0,0,0,0
2020-03-01,KM,Comoros,AFRO,0,0,0,0,0
2020-03-08,KM,Comoros,AFRO,0,0,0,0,0
2020-03-15,KM,Comoros,AFRO,0,0,0,0,0
2020-03-22,KM,Comoros,AFRO,0,0,0,0,0
2020-03-29,KM,Comoros,AFRO,0,0,0,0,0
2020-04-05,KM,Comoros,AFRO,0,0,0,0,0
2020-04-12,KM,Comoros,AFRO,0,0,0,0,0
2020-04-19,KM,Comoros,AFRO,0,0,0,0,0
2020-04-26,KM,Comoros,AFRO,0,0,0,0,0
2020-05-03,KM,Comoros,AFRO,3,3,0,0,3
2020-05-10,KM,Comoros,AFRO,8,11,1,1,10
2020-05-17,KM,Comoros,AFRO,0,11,0,1,10
2020-05-24,KM,Comoros,AFRO,23,34,0,1,33
2020-05-31,KM,Comoros,AFRO,28,62,1,2,60
2020-06-07,KM,Comoros,AFRO,9,71,0,2,69
2020-06-14,KM,Comoros,AFRO,35,106,0,2,104
2020-06-21,KM,Comoros,AFRO,71,177,3,5,172
2020-06-28,KM,Comoros,AFRO,46,223,2,7,216
2020-07-05,KM,Comoros,AFRO,18,241,0,7,234
2020-07-12,KM,Comoros,AFRO,6,247,0,7,240
2020-07-19,KM,Comoros,AFRO,17,264,0,7,257
2020-07-26,KM,Comoros,AFRO,20,284,0,7,277
2020-08-02,KM,Comoros,AFRO,32,316,0,7,309
2020-08-09,KM,Comoros,AFRO,13,329,0,7,322
2020-08-16,KM,Comoros,AFRO,6,335,0,7,328
2020-08-23,KM,Comoros,AFRO,12,347,0,7,340
2020-08-30,KM,Comoros,AFRO,6,353,0,7,346
2020-09-06,KM,Comoros,AFRO,25,378,0,7,371
2020-09-13,KM,Comoros,AFRO,9,387,0,7,380
2020-09-20,KM,Comoros,AFRO,13,400,0,7,393
2020-09-27,KM,Comoros,AFRO,4,404,0,7,397
2020-10-04,KM,Comoros,AFRO,10,414,0,7,407
2020-10-11,KM,Comoros,AFRO,8,422,0,7,415
2020-10-18,KM,Comoros,AFRO,12,434,0,7,427
2020-10-25,KM,Comoros,AFRO,21,455,0,7,448
2020-11-01,KM,Comoros,AFRO,20,475,0,7,468
2020-11-08,KM,Comoros,AFRO,18,493,0,7,486
2020-11-15,KM,Comoros,AFRO,16,509,0,7,502
2020-11-22,KM,Comoros,AFRO,17,526,0,7,519
2020-11-29,KM,Comoros,AFRO,15,541,0,7,534
2020-12-06,KM,Comoros,AFRO,5,546,0,7,539
2020-12-13,KM,Comoros,AFRO,12,558,0,7,551
2020-12-20,KM,Comoros,AFRO,38,596,0,7,589
2020-12-27,KM,Comoros,AFRO,65,661,0,7,654
2021-01-03,KM,Comoros,AFRO,133,794,6,13,781
2021-01-10,KM,Comoros,AFRO,286,1080,5,18,1062
2021-01-17,KM,Comoros,AFRO,427,1507,23,41,1466
2021-01-24,KM,Comoros,AFRO,683,2190,29,70,2120
2021-01-31,KM,Comoros,AFRO,458,2648,20,90,2558
2021-02-07,KM,Comoros,AFRO,368,3016,18,108,2908
2021-02-14,KM,Comoros,AFRO,246,3262,20,128,3134
2021-02-21,KM,Comoros,AFRO,158,3420,15,143,3277
2021-02-28,KM,Comoros,AFRO,81,3501,1,144,3357
2021-03-07,KM,Comoros,AFRO,25,3526,2,146,3380
2021-03-14,KM,Comoros,AFRO,30,3556,0,146,3410
2021-03-21,KM,Comoros,AFRO,40,3596,0,146,3450
2021-03-28,KM,Comoros,AFRO,24,3620,0,146,3474
2021-04-04,KM,Comoros,AFRO,99,3719,0,146,3573
2021-04-11,KM,Comoros,AFRO,70,3789,0,146,3643
2021-04-18,KM,Comoros,AFRO,30,3819,0,146,3673
2021-04-25,KM,Comoros,AFRO,10,3829,0,146,3683
2021-05-02,KM,Comoros,AFRO,10,3839,0,146,3693
2021-05-09,KM,Comoros,AFRO,15,3854,0,146,3708
2021-05-16,KM,Comoros,AFRO,9,3863,0,146,3717
2021-05-23,KM,Comoros,AFRO,9,3872,0,146,3726
2021-05-30,KM,Comoros,AFRO,9,3881,0,146,3735
2021-06-06,KM,Comoros,AFRO,7,3888,0,146,3742
2021-06-13,KM,Comoros,AFRO,11,3899,0,146,3753
2021-06-20,KM,Comoros,AFRO,9,3908,0,146,3762
2021-06-27,KM,Comoros,AFRO,16,3924,0,146,3778
2021-07-04,KM,Comoros,AFRO,34,3958,0,146,3812
2021-07-11,KM,Comoros,AFRO,38,3996,0,146,3850
2021-07-18,KM,Comoros,AFRO,15,4011,1,147,3864
2021-07-25,KM,Comoros,AFRO,10,4021,0,147,3874
2021-08-01,KM,Comoros,AFRO,7,4028,0,147,3881
2021-08-08,KM,Comoros,AFRO,3,4031,0,147,3884
2021-08-15,KM,Comoros,AFRO,7,4038,0,147,3891
2021-08-22,KM,Comoros,AFRO,10,4048,0,147,3901
2021-08-29,KM,Comoros,AFRO,14,4062,0,147,3915
2021-09-05,KM,Comoros,AFRO,22,4084,0,147,3937
2021-09-12,KM,Comoros,AFRO,10,4094,0,147,3947
2021-09-19,KM,Comoros,AFRO,12,4106,0,147,3959
2021-09-26,KM,Comoros,AFRO,11,4117,0,147,3970
2021-10-03,KM,Comoros,AFRO,38,4155,0,147,4008
2021-10-10,KM,Comoros,AFRO,10,4165,0,147,4018
2021-10-17,KM,Comoros,AFRO,21,4186,0,147,4039
2021-10-24,KM,Comoros,AFRO,19,4205,0,147,4058
2021-10-31,KM,Comoros,AFRO,54,4259,0,147,4112
2021-11-07,KM,Comoros,AFRO,56,4315,0,147,4168
2021-11-14,KM,Comoros,AFRO,73,4388,2,149,4239
2021-11-21,KM,Comoros,AFRO,62,4450,1,150,4300
2021-11-28,KM,Comoros,AFRO,48,4498,0,150,4348
2021-12-05,KM,Comoros,AFRO,44,4542,0,150,4392
2021-12-12,KM,Comoros,AFRO,25,4567,1,151,4416
2021-12-19,KM,Comoros,AFRO,100,4667,0,151,4516
2021-12-26,KM,Comoros,AFRO,936,5603,2,153,5450
2022-01-02,KM,Comoros,AFRO,1232,6835,5,158,6677
2022-01-09,KM,Comoros,AFRO,759,7594,0,158,7436
2022-01-16,KM,Comoros,AFRO,151,7745,1,159,7586
2022-01-23,KM,Comoros,AFRO,66,7811,0,159,7652
2022-01-30,KM,Comoros,AFRO,18,7829,1,160,7669
2022-02-06,KM,Comoros,AFRO,99,7928,0,160,7768
2022-02-13,KM,Comoros,AFRO,70,7998,0,160,7838
2022-02-20,KM,Comoros,AFRO,22,8020,0,160,7860
2022-02-27,KM,Comoros,AFRO,13,8033,0,160,7873
2022-03-06,KM,Comoros,AFRO,15,8048,0,160,7888
2022-03-13,KM,Comoros,AFRO,15,8063,0,160,7903
2022-03-20,KM,Comoros,AFRO,13,8076,0,160,7916
2022-03-27,KM,Comoros,AFRO,7,8083,0,160,7923
2022-04-03,KM,Comoros,AFRO,10,8093,0,160,7933
2022-04-10,KM,Comoros,AFRO,6,8099,0,160,7939
2022-04-17,KM,Comoros,AFRO,4,8103,0,160,7943
2022-04-24,KM,Comoros,AFRO,2,8105,0,160,7945
2022-05-01,KM,Comoros,AFRO,2,8107,0,160,7947
2022-05-08,KM,Comoros,AFRO,1,8108,0,160,7948
2022-05-15,KM,Comoros,AFRO,2,8110,0,160,7950
2022-05-22,KM,Comoros,AFRO,9,8119,0,160,7959
2022-05-29,KM,Comoros,AFRO,6,8125,0,160,7965
2022-06-05,KM,Comoros,AFRO,6,8131,0,160,7971
2022-06-12,KM,Comoros,AFRO,4,8135,0,160,7975
2022-06-19,KM,Comoros,AFRO,1,8136,0,160,7976
2022-06-26,KM,Comoros,AFRO,8,8144,0,160,7984
2022-07-03,KM,Comoros,AFRO,40,8184,0,160,8024
2022-07-10,KM,Comoros,AFRO,48,8232,0,160,8072
2022-07-17,KM,Comoros,AFRO,38,8270,0,160,8110
2022-07-24,KM,Comoros,AFRO,31,8301,0,160,8141
2022-07-31,KM,Comoros,AFRO,28,8329,0,160,8169
2022-08-07,KM,Comoros,AFRO,23,8352,0,160,8192
2022-08-14,KM,Comoros,AFRO,51,8403,0,160,8243
2022-08-21,KM,Comoros,AFRO,22,8425,0,160,8265
2022-08-28,KM,Comoros,AFRO,25,8450,0,160,8290
2022-09-04,KM,Comoros,AFRO,5,8455,0,160,8295
2022-09-11,KM,Comoros,AFRO,12,8467,0,160,8307
2022-09-18,KM,Comoros,AFRO,4,8471,0,160,8311
2022-09-25,KM,Comoros,AFRO,1,8472,0,160,8312
2022-10-02,KM,Comoros,AFRO,3,8475,0,160,8315
2022-10-09,KM,Comoros,AFRO,5,8480,0,160,8320
2022-10-16,KM,Comoros,AFRO,91,8571,0,160,8411
2022-10-23,KM,Comoros,AFRO,101,8672,0,160,8512
2022-10-30,KM,Comoros,AFRO,165,8837,0,160,8677
2022-11-06,KM,Comoros,AFRO,69,8906,0,160,8746
2022-11-13,KM,Comoros,AFRO,30,8936,0,160,8776
2022-11-20,KM,Comoros,AFRO,20,8956,0,160,8796
2022-11-27,KM,Comoros,AFRO,9,8965,0,160,8805
2022-12-04,KM,Comoros,AFRO,3,8968,0,160,8808
2022-12-11,KM,Comoros,AFRO,11,8979,0,160,8819
2022-12-18,KM,Comoros,AFRO,0,8979,0,160,8819
2022-12-25,KM,Comoros,AFRO,3,8982,0,160,8822
2023-01-01,KM,Comoros,AFRO,3,8985,0,160,8825
2023-01-08,KM,Comoros,AFRO,1,8986,0,160,8826
2023-01-15,KM,Comoros,AFRO,1,8987,0,160,8827
2023-01-22,KM,Comoros,AFRO,5,8992,0,160,8832
2023-01-29,KM,Comoros,AFRO,1,8993,0,160,8833
2023-02-05,KM,Comoros,AFRO,0,8993,0,160,8833
2023-02-12,KM,Comoros,AFRO,0,8993,0,160,8833
2023-02-19,KM,Comoros,AFRO,5,8998,0,160,8838
2023-02-26,KM,Comoros,AFRO,5,9003,0,160,8843
2023-03-05,KM,Comoros,AFRO,20,9023,0,160,8863
2023-03-12,KM,Comoros,AFRO,29,9052,0,160,8892
2023-03-19,KM,Comoros,AFRO,15,9067,0,160,8907
2023-03-26,KM,Comoros,AFRO,13,9080,0,160,8920
2023-04-02,KM,Comoros,AFRO,7,9087,0,160,8927
2023-04-09,KM,Comoros,AFRO,12,9099,0,160,8939
2023-04-16,KM,Comoros,AFRO,6,9105,0,160,8945
2023-04-23,KM,Comoros,AFRO,0,9105,0,160,8945
2023-04-30,KM,Comoros,AFRO,4,9109,0,160,8949
2023-05-07,KM,Comoros,AFRO,0,9109,0,160,8949
2023-05-14,KM,Comoros,AFRO,0,9109,0,160,8949
2023-05-21,KM,Comoros,AFRO,0,9109,0,160,8949
2023-05-28,KM,Comoros,AFRO,0,9109,0,160,8949
2023-06-04,KM,Comoros,AFRO,0,9109,0,160,8949
2023-06-11,KM,Comoros,AFRO,0,9109,0,160,8949
2023-06-18,KM,Comoros,AFRO,0,9109,0,160,8949
2023-06-25,KM,Comoros,AFRO,0,9109,0,160,8949
2023-07-02,KM,Comoros,AFRO,0,9109,0,160,8949
2023-07-09,KM,Comoros,AFRO,0,9109,0,160,8949
2023-07-16,KM,Comoros,AFRO,0,9109,0,160,8949
2023-07-23,KM,Comoros,AFRO,0,9109,0,160,8949
2023-07-30,KM,Comoros,AFRO,0,9109,0,160,8949
2023-08-06,KM,Comoros,AFRO,0,9109,0,160,8949
2023-08-13,KM,Comoros,AFRO,0,9109,0,160,8949
2023-08-20,KM,Comoros,AFRO,0,9109,0,160,8949
2023-08-27,KM,Comoros,AFRO,0,9109,0,160,8949
2023-09-03,KM,Comoros,AFRO,0,9109,0,160,8949
2023-09-10,KM,Comoros,AFRO,0,9109,0,160,8949
2023-09-17,KM,Comoros,AFRO,0,9109,0,160,8949
2023-09-24,KM,Comoros,AFRO,0,9109,0,160,8949
2023-10-01,KM,Comoros,AFRO,0,9109,0,160,8949
2023-10-08,KM,Comoros,AFRO,0,9109,0,160,8949
2023-10-15,KM,Comoros,AFRO,0,9109,0,160,8949
2023-10-22,KM,Comoros,AFRO,0,9109,0,160,8949
2023-10-29,KM,Comoros,AFRO,0,9109,0,160,8949
2023-11-05,KM,Comoros,AFRO,0,9109,0,160,8949
2023-11-12,KM,Comoros,AFRO,0,9109,0,160,8949
2023-11-19,KM,Comoros,AFRO,0,9109,0,160,8949
2023-11-26,KM,Comoros,AFRO,0,9109,0,160,8949
2023-12-03,KM,Comoros,AFRO,0,9109,0,160,8949
2023-12-10,KM,Comoros,AFRO,0,9109,0,160,8949
2023-12-17,KM,Comoros,AFRO,0,9109,0,160,8949
2023-12-24,KM,Comoros,AFRO,0,9109,0,160,8949
2023-12-31,KM,Comoros,AFRO,0,9109,0,160,8949
2024-01-07,KM,Comoros,AFRO,0,9109,0,160,8949
2024-01-14,KM,Comoros,AFRO,0,9109,0,160,8949
2024-01-21,KM,Comoros,AFRO,0,9109,0,160,8949
2024-01-28,KM,Comoros,AFRO,0,9109,0,160,8949
2024-02-04,KM,Comoros,AFRO,0,9109,0,160,8949
2024-02-11,KM,Comoros,AFRO,0,9109,0,160,8949
2024-02-18,KM,Comoros,AFRO,0,9109,0,160,8949
2024-02-25,KM,Comoros,AFRO,0,9109,0,160,8949
2024-03-03,KM,Comoros,AFRO,0,9109,0,160,8949
2024-03-10,KM,Comoros,AFRO,0,9109,0,160,8949
2024-03-17,KM,Comoros,AFRO,0,9109,0,160,8949
2024-03-24,KM,Comoros,AFRO,0,9109,0,160,8949
2024-03-31,KM,Comoros,AFRO,0,9109,0,160,8949
2024-04-07,KM,Comoros,AFRO,0,9109,0,160,8949
2024-04-14,KM,Comoros,AFRO,0,9109,0,160,8949
2024-04-21,KM,Comoros,AFRO,0,9109,0,160,8949
2024-04-28,KM,Comoros,AFRO,0,9109,0,160,8949
2024-05-05,KM,Comoros,AFRO,0,9109,0,160,8949
2024-05-12,KM,Comoros,AFRO,0,9109,0,160,8949
2024-05-19,KM,Comoros,AFRO,0,9109,0,160,8949
2024-05-26,KM,Comoros,AFRO,0,9109,0,160,8949
2024-06-02,KM,Comoros,AFRO,0,9109,0,160,8949
2024-06-09,KM,Comoros,AFRO,0,9109,0,160,8949
2024-06-16,KM,Comoros,AFRO,0,9109,0,160,8949
2024-06-23,KM,Comoros,AFRO,0,9109,0,160,8949
2024-06-30,KM,Comoros,AFRO,0,9109,0,160,8949
2024-07-07,KM,Comoros,AFRO,0,9109,0,160,8949
2024-07-14,KM,Comoros,AFRO,0,9109,0,160,8949
2024-07-21,KM,Comoros,AFRO,0,9109,0,160,8949
2024-07-28,KM,Comoros,AFRO,0,9109,0,160,8949
2024-08-04,KM,Comoros,AFRO,0,9109,0,160,8949
2024-08-11,KM,Comoros,AFRO,0,9109,0,160,8949
2024-08-18,KM,Comoros,AFRO,0,9109,0,160,8949
2024-08-25,KM,Comoros,AFRO,0,9109,0,160,8949
2024-09-01,KM,Comoros,AFRO,0,9109,0,160,8949
2024-09-08,KM,Comoros,AFRO,0,9109,0,160,8949
2024-09-15,KM,Comoros,AFRO,0,9109,0,160,8949
2024-09-22,KM,Comoros,AFRO,0,9109,0,160,8949
2024-09-29,KM,Comoros,AFRO,0,9109,0,160,8949
2024-10-06,KM,Comoros,AFRO,0,9109,0,160,8949
2024-10-13,KM,Comoros,AFRO,0,9109,0,160,8949
2024-10-20,KM,Comoros,AFRO,0,9109,0,160,8949
2024-10-27,KM,Comoros,AFRO,0,9109,0,160,8949
2024-11-03,KM,Comoros,AFRO,0,9109,0,160,8949
2024-11-10,KM,Comoros,AFRO,0,9109,0,160,8949
2024-11-17,KM,Comoros,AFRO,0,9109,0,160,8949
2020-01-05,CG,Congo,AFRO,0,0,0,0,0
2020-01-12,CG,Congo,AFRO,0,0,0,0,0
2020-01-19,CG,Congo,AFRO,0,0,0,0,0
2020-01-26,CG,Congo,AFRO,0,0,0,0,0
2020-02-02,CG,Congo,AFRO,0,0,0,0,0
2020-02-09,CG,Congo,AFRO,0,0,0,0,0
2020-02-16,CG,Congo,AFRO,0,0,0,0,0
2020-02-23,CG,Congo,AFRO,0,0,0,0,0
2020-03-01,CG,Congo,AFRO,0,0,0,0,0
2020-03-08,CG,Congo,AFRO,0,0,0,0,0
2020-03-15,CG,Congo,AFRO,1,1,0,0,1
2020-03-22,CG,Congo,AFRO,2,3,0,0,3
2020-03-29,CG,Congo,AFRO,16,19,0,0,19
2020-04-05,CG,Congo,AFRO,30,49,4,4,45
2020-04-12,CG,Congo,AFRO,21,70,0,4,66
2020-04-19,CG,Congo,AFRO,73,143,1,5,138
2020-04-26,CG,Congo,AFRO,57,200,2,7,193
2020-05-03,CG,Congo,AFRO,29,229,2,9,220
2020-05-10,CG,Congo,AFRO,58,287,0,9,278
2020-05-17,CG,Congo,AFRO,123,410,5,14,396
2020-05-24,CG,Congo,AFRO,77,487,1,15,472
2020-05-31,CG,Congo,AFRO,117,604,4,19,585
2020-06-07,CG,Congo,AFRO,79,683,2,21,662
2020-06-14,CG,Congo,AFRO,96,779,4,25,754
2020-06-21,CG,Congo,AFRO,104,883,2,27,856
2020-06-28,CG,Congo,AFRO,446,1329,13,40,1289
2020-07-05,CG,Congo,AFRO,228,1557,4,44,1513
2020-07-12,CG,Congo,AFRO,665,2222,3,47,2175
2020-07-19,CG,Congo,AFRO,411,2633,2,49,2584
2020-07-26,CG,Congo,AFRO,526,3159,5,54,3105
2020-08-02,CG,Congo,AFRO,228,3387,2,56,3331
2020-08-09,CG,Congo,AFRO,277,3664,2,58,3606
2020-08-16,CG,Congo,AFRO,167,3831,9,67,3764
2020-08-23,CG,Congo,AFRO,19,3850,1,68,3782
2020-08-30,CG,Congo,AFRO,129,3979,1,69,3910
2020-09-06,CG,Congo,AFRO,888,4867,12,81,4786
2020-09-13,CG,Congo,AFRO,67,4934,7,88,4846
2020-09-20,CG,Congo,AFRO,68,5002,1,89,4913
2020-09-27,CG,Congo,AFRO,89,5091,0,89,5002
2020-10-04,CG,Congo,AFRO,20,5111,0,89,5022
2020-10-11,CG,Congo,AFRO,45,5156,3,92,5064
2020-10-18,CG,Congo,AFRO,0,5156,0,92,5064
2020-10-25,CG,Congo,AFRO,134,5290,0,92,5198
2020-11-01,CG,Congo,AFRO,58,5348,0,92,5256
2020-11-08,CG,Congo,AFRO,31,5379,0,92,5287
2020-11-15,CG,Congo,AFRO,136,5515,0,92,5423
2020-11-22,CG,Congo,AFRO,117,5632,1,93,5539
2020-11-29,CG,Congo,AFRO,142,5774,1,94,5680
2020-12-06,CG,Congo,AFRO,0,5774,0,94,5680
2020-12-13,CG,Congo,AFRO,275,6049,5,99,5950
2020-12-20,CG,Congo,AFRO,224,6273,1,100,6173
2020-12-27,CG,Congo,AFRO,116,6389,0,100,6289
2021-01-03,CG,Congo,AFRO,771,7160,12,112,7048
2021-01-10,CG,Congo,AFRO,441,7601,0,112,7489
2021-01-17,CG,Congo,AFRO,193,7794,5,117,7677
2021-01-24,CG,Congo,AFRO,93,7887,0,117,7770
2021-01-31,CG,Congo,AFRO,173,8060,5,122,7938
2021-02-07,CG,Congo,AFRO,294,8354,0,122,8232
2021-02-14,CG,Congo,AFRO,65,8419,1,123,8296
2021-02-21,CG,Congo,AFRO,206,8625,4,127,8498
2021-02-28,CG,Congo,AFRO,195,8820,1,128,8692
2021-03-07,CG,Congo,AFRO,359,9179,3,131,9048
2021-03-14,CG,Congo,AFRO,150,9329,0,131,9198
2021-03-21,CG,Congo,AFRO,352,9681,4,135,9546
2021-03-28,CG,Congo,AFRO,0,9681,0,135,9546
2021-04-04,CG,Congo,AFRO,403,10084,2,137,9947
2021-04-11,CG,Congo,AFRO,0,10084,0,137,9947
2021-04-18,CG,Congo,AFRO,0,10084,0,137,9947
2021-04-25,CG,Congo,AFRO,594,10678,7,144,10534
2021-05-02,CG,Congo,AFRO,338,11016,3,147,10869
2021-05-09,CG,Congo,AFRO,327,11343,1,148,11195
2021-05-16,CG,Congo,AFRO,133,11476,2,150,11326
2021-05-23,CG,Congo,AFRO,182,11658,3,153,11505
2021-05-30,CG,Congo,AFRO,187,11845,1,154,11691
2021-06-06,CG,Congo,AFRO,75,11920,1,155,11765
2021-06-13,CG,Congo,AFRO,0,11920,0,155,11765
2021-06-20,CG,Congo,AFRO,484,12404,9,164,12240
2021-06-27,CG,Congo,AFRO,192,12596,1,165,12431
2021-07-04,CG,Congo,AFRO,194,12790,2,167,12623
2021-07-11,CG,Congo,AFRO,143,12933,5,172,12761
2021-07-18,CG,Congo,AFRO,117,13050,4,176,12874
2021-07-25,CG,Congo,AFRO,106,13156,1,177,12979
2021-08-01,CG,Congo,AFRO,60,13216,1,178,13038
2021-08-08,CG,Congo,AFRO,77,13293,1,179,13114
2021-08-15,CG,Congo,AFRO,105,13398,0,179,13219
2021-08-22,CG,Congo,AFRO,95,13493,0,179,13314
2021-08-29,CG,Congo,AFRO,95,13588,4,183,13405
2021-09-05,CG,Congo,AFRO,113,13701,0,183,13518
2021-09-12,CG,Congo,AFRO,0,13701,0,183,13518
2021-09-19,CG,Congo,AFRO,313,14014,8,191,13823
2021-09-26,CG,Congo,AFRO,230,14244,2,193,14051
2021-10-03,CG,Congo,AFRO,317,14561,6,199,14362
2021-10-10,CG,Congo,AFRO,694,15255,20,219,15036
2021-10-17,CG,Congo,AFRO,707,15962,12,231,15731
2021-10-24,CG,Congo,AFRO,906,16868,18,249,16619
2021-10-31,CG,Congo,AFRO,802,17670,29,278,17392
2021-11-07,CG,Congo,AFRO,483,18153,31,309,17844
2021-11-14,CG,Congo,AFRO,386,18539,22,331,18208
2021-11-21,CG,Congo,AFRO,298,18837,18,349,18488
2021-11-28,CG,Congo,AFRO,133,18970,5,354,18616
2021-12-05,CG,Congo,AFRO,96,19066,5,359,18707
2021-12-12,CG,Congo,AFRO,0,19066,0,359,18707
2021-12-19,CG,Congo,AFRO,113,19179,6,365,18814
2021-12-26,CG,Congo,AFRO,910,20089,2,367,19722
2022-01-02,CG,Congo,AFRO,1188,21277,2,369,20908
2022-01-09,CG,Congo,AFRO,1141,22418,1,370,22048
2022-01-16,CG,Congo,AFRO,826,23244,1,371,22873
2022-01-23,CG,Congo,AFRO,241,23485,0,371,23114
2022-01-30,CG,Congo,AFRO,220,23705,0,371,23334
2022-02-06,CG,Congo,AFRO,87,23792,4,375,23417
2022-02-13,CG,Congo,AFRO,20,23812,0,375,23437
2022-02-20,CG,Congo,AFRO,51,23863,2,377,23486
2022-02-27,CG,Congo,AFRO,95,23958,1,378,23580
2022-03-06,CG,Congo,AFRO,21,23979,0,378,23601
2022-03-13,CG,Congo,AFRO,8,23987,0,378,23609
2022-03-20,CG,Congo,AFRO,13,24000,6,384,23616
2022-03-27,CG,Congo,AFRO,7,24007,0,384,23623
2022-04-03,CG,Congo,AFRO,10,24017,1,385,23632
2022-04-10,CG,Congo,AFRO,11,24028,0,385,23643
2022-04-17,CG,Congo,AFRO,1,24029,0,385,23644
2022-04-24,CG,Congo,AFRO,0,24029,0,385,23644
2022-05-01,CG,Congo,AFRO,12,24041,0,385,23656
2022-05-08,CG,Congo,AFRO,11,24052,0,385,23667
2022-05-15,CG,Congo,AFRO,0,24052,0,385,23667
2022-05-22,CG,Congo,AFRO,0,24052,0,385,23667
2022-05-29,CG,Congo,AFRO,0,24052,0,385,23667
2022-06-05,CG,Congo,AFRO,76,24128,0,385,23743
2022-06-12,CG,Congo,AFRO,0,24128,0,385,23743
2022-06-19,CG,Congo,AFRO,0,24128,0,385,23743
2022-06-26,CG,Congo,AFRO,0,24128,0,385,23743
2022-07-03,CG,Congo,AFRO,293,24421,1,386,24035
2022-07-10,CG,Congo,AFRO,0,24421,0,386,24035
2022-07-17,CG,Congo,AFRO,183,24604,0,386,24218
2022-07-24,CG,Congo,AFRO,86,24690,0,386,24304
2022-07-31,CG,Congo,AFRO,100,24790,0,386,24404
2022-08-07,CG,Congo,AFRO,16,24806,0,386,24420
2022-08-14,CG,Congo,AFRO,15,24821,0,386,24435
2022-08-21,CG,Congo,AFRO,19,24840,0,386,24454
2022-08-28,CG,Congo,AFRO,11,24851,0,386,24465
2022-09-04,CG,Congo,AFRO,20,24871,0,386,24485
2022-09-11,CG,Congo,AFRO,15,24886,0,386,24500
2022-09-18,CG,Congo,AFRO,8,24894,0,386,24508
2022-09-25,CG,Congo,AFRO,22,24916,0,386,24530
2022-10-02,CG,Congo,AFRO,32,24948,0,386,24562
2022-10-09,CG,Congo,AFRO,45,24993,0,386,24607
2022-10-16,CG,Congo,AFRO,23,25016,0,386,24630
2022-10-23,CG,Congo,AFRO,27,25043,0,386,24657
2022-10-30,CG,Congo,AFRO,3,25046,0,386,24660
2022-11-06,CG,Congo,AFRO,5,25051,0,386,24665
2022-11-13,CG,Congo,AFRO,5,25056,0,386,24670
2022-11-20,CG,Congo,AFRO,2,25058,0,386,24672
2022-11-27,CG,Congo,AFRO,3,25061,0,386,24675
2022-12-04,CG,Congo,AFRO,1,25062,0,386,24676
2022-12-11,CG,Congo,AFRO,0,25062,0,386,24676
2022-12-18,CG,Congo,AFRO,1,25063,0,386,24677
2022-12-25,CG,Congo,AFRO,0,25063,0,386,24677
2023-01-01,CG,Congo,AFRO,0,25063,0,386,24677
2023-01-08,CG,Congo,AFRO,1,25064,0,386,24678
2023-01-15,CG,Congo,AFRO,0,25064,0,386,24678
2023-01-22,CG,Congo,AFRO,3,25067,2,388,24679
2023-01-29,CG,Congo,AFRO,2,25069,0,388,24681
2023-02-05,CG,Congo,AFRO,1,25070,0,388,24682
2023-02-12,CG,Congo,AFRO,3,25073,0,388,24685
2023-02-19,CG,Congo,AFRO,4,25077,0,388,24689
2023-02-26,CG,Congo,AFRO,0,25077,0,388,24689
2023-03-05,CG,Congo,AFRO,10,25087,0,388,24699
2023-03-12,CG,Congo,AFRO,12,25099,0,388,24711
2023-03-19,CG,Congo,AFRO,11,25110,0,388,24722
2023-03-26,CG,Congo,AFRO,33,25143,1,389,24754
2023-04-02,CG,Congo,AFRO,0,25143,0,389,24754
2023-04-09,CG,Congo,AFRO,32,25175,0,389,24786
2023-04-16,CG,Congo,AFRO,10,25185,0,389,24796
2023-04-23,CG,Congo,AFRO,3,25188,0,389,24799
2023-04-30,CG,Congo,AFRO,4,25192,0,389,24803
2023-05-07,CG,Congo,AFRO,0,25192,0,389,24803
2023-05-14,CG,Congo,AFRO,2,25194,0,389,24805
2023-05-21,CG,Congo,AFRO,1,25195,0,389,24806
2023-05-28,CG,Congo,AFRO,1,25196,0,389,24807
2023-06-04,CG,Congo,AFRO,0,25196,0,389,24807
2023-06-11,CG,Congo,AFRO,0,25196,0,389,24807
2023-06-18,CG,Congo,AFRO,0,25196,0,389,24807
2023-06-25,CG,Congo,AFRO,0,25196,0,389,24807
2023-07-02,CG,Congo,AFRO,0,25196,0,389,24807
2023-07-09,CG,Congo,AFRO,0,25196,0,389,24807
2023-07-16,CG,Congo,AFRO,0,25196,0,389,24807
2023-07-23,CG,Congo,AFRO,0,25196,0,389,24807
2023-07-30,CG,Congo,AFRO,0,25196,0,389,24807
2023-08-06,CG,Congo,AFRO,0,25196,0,389,24807
2023-08-13,CG,Congo,AFRO,0,25196,0,389,24807
2023-08-20,CG,Congo,AFRO,0,25196,0,389,24807
2023-08-27,CG,Congo,AFRO,0,25196,0,389,24807
2023-09-03,CG,Congo,AFRO,0,25196,0,389,24807
2023-09-10,CG,Congo,AFRO,0,25196,0,389,24807
2023-09-17,CG,Congo,AFRO,0,25196,0,389,24807
2023-09-24,CG,Congo,AFRO,0,25196,0,389,24807
2023-10-01,CG,Congo,AFRO,0,25196,0,389,24807
2023-10-08,CG,Congo,AFRO,3,25199,0,389,24810
2023-10-15,CG,Congo,AFRO,4,25203,0,389,24814
2023-10-22,CG,Congo,AFRO,3,25206,0,389,24817
2023-10-29,CG,Congo,AFRO,3,25209,0,389,24820
2023-11-05,CG,Congo,AFRO,4,25213,0,389,24824
2023-11-12,CG,Congo,AFRO,0,25213,0,389,24824
2023-11-19,CG,Congo,AFRO,0,25213,0,389,24824
2023-11-26,CG,Congo,AFRO,0,25213,0,389,24824
2023-12-03,CG,Congo,AFRO,0,25213,0,389,24824
2023-12-10,CG,Congo,AFRO,0,25213,0,389,24824
2023-12-17,CG,Congo,AFRO,0,25213,0,389,24824
2023-12-24,CG,Congo,AFRO,0,25213,0,389,24824
2023-12-31,CG,Congo,AFRO,0,25213,0,389,24824
2024-01-07,CG,Congo,AFRO,0,25213,0,389,24824
2024-01-14,CG,Congo,AFRO,0,25213,0,389,24824
2024-01-21,CG,Congo,AFRO,0,25213,0,389,24824
2024-01-28,CG,Congo,AFRO,0,25213,0,389,24824
2024-02-04,CG,Congo,AFRO,0,25213,0,389,24824
2024-02-11,CG,Congo,AFRO,0,25213,0,389,24824
2024-02-18,CG,Congo,AFRO,1,25214,0,389,24825
2024-02-25,CG,Congo,AFRO,0,25214,0,389,24825
2024-03-03,CG,Congo,AFRO,1,25215,0,389,24826
2024-03-10,CG,Congo,AFRO,0,25215,0,389,24826
2024-03-17,CG,Congo,AFRO,0,25215,0,389,24826
2024-03-24,CG,Congo,AFRO,0,25215,0,389,24826
2024-03-31,CG,Congo,AFRO,1,25216,0,389,24827
2024-04-07,CG,Congo,AFRO,1,25217,0,389,24828
2024-04-14,CG,Congo,AFRO,1,25218,0,389,24829
2024-04-21,CG,Congo,AFRO,0,25218,0,389,24829
2024-04-28,CG,Congo,AFRO,1,25219,0,389,24830
2024-05-05,CG,Congo,AFRO,0,25219,0,389,24830
2024-05-12,CG,Congo,AFRO,0,25219,0,389,24830
2024-05-19,CG,Congo,AFRO,0,25219,0,389,24830
2024-05-26,CG,Congo,AFRO,1,25220,0,389,24831
2024-06-02,CG,Congo,AFRO,0,25220,0,389,24831
2024-06-09,CG,Congo,AFRO,0,25220,0,389,24831
2024-06-16,CG,Congo,AFRO,6,25226,0,389,24837
2024-06-23,CG,Congo,AFRO,0,25226,0,389,24837
2024-06-30,CG,Congo,AFRO,0,25226,0,389,24837
2024-07-07,CG,Congo,AFRO,0,25226,0,389,24837
2024-07-14,CG,Congo,AFRO,1,25227,0,389,24838
2024-07-21,CG,Congo,AFRO,0,25227,0,389,24838
2024-07-28,CG,Congo,AFRO,0,25227,0,389,24838
2024-08-04,CG,Congo,AFRO,0,25227,0,389,24838
2024-08-11,CG,Congo,AFRO,2,25229,0,389,24840
2024-08-18,CG,Congo,AFRO,3,25232,0,389,24843
2024-08-25,CG,Congo,AFRO,0,25232,0,389,24843
2024-09-01,CG,Congo,AFRO,0,25232,0,389,24843
2024-09-08,CG,Congo,AFRO,0,25232,0,389,24843
2024-09-15,CG,Congo,AFRO,0,25232,0,389,24843
2024-09-22,CG,Congo,AFRO,2,25234,0,389,24845
2024-09-29,CG,Congo,AFRO,0,25234,0,389,24845
2024-10-06,CG,Congo,AFRO,0,25234,0,389,24845
2024-10-13,CG,Congo,AFRO,0,25234,0,389,24845
2024-10-20,CG,Congo,AFRO,0,25234,0,389,24845
2024-10-27,CG,Congo,AFRO,0,25234,0,389,24845
2024-11-03,CG,Congo,AFRO,0,25234,0,389,24845
2024-11-10,CG,Congo,AFRO,0,25234,0,389,24845
2024-11-17,CG,Congo,AFRO,0,25234,0,389,24845
2020-01-05,CK,Cook Islands,WPRO,0,0,0,0,0
2020-01-12,CK,Cook Islands,WPRO,0,0,0,0,0
2020-01-19,CK,Cook Islands,WPRO,0,0,0,0,0
2020-01-26,CK,Cook Islands,WPRO,0,0,0,0,0
2020-02-02,CK,Cook Islands,WPRO,0,0,0,0,0
2020-02-09,CK,Cook Islands,WPRO,0,0,0,0,0
2020-02-16,CK,Cook Islands,WPRO,0,0,0,0,0
2020-02-23,CK,Cook Islands,WPRO,0,0,0,0,0
2020-03-01,CK,Cook Islands,WPRO,0,0,0,0,0
2020-03-08,CK,Cook Islands,WPRO,0,0,0,0,0
2020-03-15,CK,Cook Islands,WPRO,0,0,0,0,0
2020-03-22,CK,Cook Islands,WPRO,0,0,0,0,0
2020-03-29,CK,Cook Islands,WPRO,0,0,0,0,0
2020-04-05,CK,Cook Islands,WPRO,0,0,0,0,0
2020-04-12,CK,Cook Islands,WPRO,0,0,0,0,0
2020-04-19,CK,Cook Islands,WPRO,0,0,0,0,0
2020-04-26,CK,Cook Islands,WPRO,0,0,0,0,0
2020-05-03,CK,Cook Islands,WPRO,0,0,0,0,0
2020-05-10,CK,Cook Islands,WPRO,0,0,0,0,0
2020-05-17,CK,Cook Islands,WPRO,0,0,0,0,0
2020-05-24,CK,Cook Islands,WPRO,0,0,0,0,0
2020-05-31,CK,Cook Islands,WPRO,0,0,0,0,0
2020-06-07,CK,Cook Islands,WPRO,0,0,0,0,0
2020-06-14,CK,Cook Islands,WPRO,0,0,0,0,0
2020-06-21,CK,Cook Islands,WPRO,0,0,0,0,0
2020-06-28,CK,Cook Islands,WPRO,0,0,0,0,0
2020-07-05,CK,Cook Islands,WPRO,0,0,0,0,0
2020-07-12,CK,Cook Islands,WPRO,0,0,0,0,0
2020-07-19,CK,Cook Islands,WPRO,0,0,0,0,0
2020-07-26,CK,Cook Islands,WPRO,0,0,0,0,0
2020-08-02,CK,Cook Islands,WPRO,0,0,0,0,0
2020-08-09,CK,Cook Islands,WPRO,0,0,0,0,0
2020-08-16,CK,Cook Islands,WPRO,0,0,0,0,0
2020-08-23,CK,Cook Islands,WPRO,0,0,0,0,0
2020-08-30,CK,Cook Islands,WPRO,0,0,0,0,0
2020-09-06,CK,Cook Islands,WPRO,0,0,0,0,0
2020-09-13,CK,Cook Islands,WPRO,0,0,0,0,0
2020-09-20,CK,Cook Islands,WPRO,0,0,0,0,0
2020-09-27,CK,Cook Islands,WPRO,0,0,0,0,0
2020-10-04,CK,Cook Islands,WPRO,0,0,0,0,0
2020-10-11,CK,Cook Islands,WPRO,0,0,0,0,0
2020-10-18,CK,Cook Islands,WPRO,0,0,0,0,0
2020-10-25,CK,Cook Islands,WPRO,0,0,0,0,0
2020-11-01,CK,Cook Islands,WPRO,0,0,0,0,0
2020-11-08,CK,Cook Islands,WPRO,0,0,0,0,0
2020-11-15,CK,Cook Islands,WPRO,0,0,0,0,0
2020-11-22,CK,Cook Islands,WPRO,0,0,0,0,0
2020-11-29,CK,Cook Islands,WPRO,0,0,0,0,0
2020-12-06,CK,Cook Islands,WPRO,0,0,0,0,0
2020-12-13,CK,Cook Islands,WPRO,0,0,0,0,0
2020-12-20,CK,Cook Islands,WPRO,0,0,0,0,0
2020-12-27,CK,Cook Islands,WPRO,0,0,0,0,0
2021-01-03,CK,Cook Islands,WPRO,0,0,0,0,0
2021-01-10,CK,Cook Islands,WPRO,0,0,0,0,0
2021-01-17,CK,Cook Islands,WPRO,0,0,0,0,0
2021-01-24,CK,Cook Islands,WPRO,0,0,0,0,0
2021-01-31,CK,Cook Islands,WPRO,0,0,0,0,0
2021-02-07,CK,Cook Islands,WPRO,0,0,0,0,0
2021-02-14,CK,Cook Islands,WPRO,0,0,0,0,0
2021-02-21,CK,Cook Islands,WPRO,0,0,0,0,0
2021-02-28,CK,Cook Islands,WPRO,0,0,0,0,0
2021-03-07,CK,Cook Islands,WPRO,0,0,0,0,0
2021-03-14,CK,Cook Islands,WPRO,0,0,0,0,0
2021-03-21,CK,Cook Islands,WPRO,0,0,0,0,0
2021-03-28,CK,Cook Islands,WPRO,0,0,0,0,0
2021-04-04,CK,Cook Islands,WPRO,0,0,0,0,0
2021-04-11,CK,Cook Islands,WPRO,0,0,0,0,0
2021-04-18,CK,Cook Islands,WPRO,0,0,0,0,0
2021-04-25,CK,Cook Islands,WPRO,0,0,0,0,0
2021-05-02,CK,Cook Islands,WPRO,0,0,0,0,0
2021-05-09,CK,Cook Islands,WPRO,0,0,0,0,0
2021-05-16,CK,Cook Islands,WPRO,0,0,0,0,0
2021-05-23,CK,Cook Islands,WPRO,0,0,0,0,0
2021-05-30,CK,Cook Islands,WPRO,0,0,0,0,0
2021-06-06,CK,Cook Islands,WPRO,0,0,0,0,0
2021-06-13,CK,Cook Islands,WPRO,0,0,0,0,0
2021-06-20,CK,Cook Islands,WPRO,0,0,0,0,0
2021-06-27,CK,Cook Islands,WPRO,0,0,0,0,0
2021-07-04,CK,Cook Islands,WPRO,0,0,0,0,0
2021-07-11,CK,Cook Islands,WPRO,0,0,0,0,0
2021-07-18,CK,Cook Islands,WPRO,0,0,0,0,0
2021-07-25,CK,Cook Islands,WPRO,0,0,0,0,0
2021-08-01,CK,Cook Islands,WPRO,0,0,0,0,0
2021-08-08,CK,Cook Islands,WPRO,0,0,0,0,0
2021-08-15,CK,Cook Islands,WPRO,0,0,0,0,0
2021-08-22,CK,Cook Islands,WPRO,0,0,0,0,0
2021-08-29,CK,Cook Islands,WPRO,0,0,0,0,0
2021-09-05,CK,Cook Islands,WPRO,0,0,0,0,0
2021-09-12,CK,Cook Islands,WPRO,0,0,0,0,0
2021-09-19,CK,Cook Islands,WPRO,0,0,0,0,0
2021-09-26,CK,Cook Islands,WPRO,0,0,0,0,0
2021-10-03,CK,Cook Islands,WPRO,0,0,0,0,0
2021-10-10,CK,Cook Islands,WPRO,0,0,0,0,0
2021-10-17,CK,Cook Islands,WPRO,0,0,0,0,0
2021-10-24,CK,Cook Islands,WPRO,0,0,0,0,0
2021-10-31,CK,Cook Islands,WPRO,0,0,0,0,0
2021-11-07,CK,Cook Islands,WPRO,0,0,0,0,0
2021-11-14,CK,Cook Islands,WPRO,0,0,0,0,0
2021-11-21,CK,Cook Islands,WPRO,0,0,0,0,0
2021-11-28,CK,Cook Islands,WPRO,0,0,0,0,0
2021-12-05,CK,Cook Islands,WPRO,0,0,0,0,0
2021-12-12,CK,Cook Islands,WPRO,0,0,0,0,0
2021-12-19,CK,Cook Islands,WPRO,0,0,0,0,0
2021-12-26,CK,Cook Islands,WPRO,0,0,0,0,0
2022-01-02,CK,Cook Islands,WPRO,0,0,0,0,0
2022-01-09,CK,Cook Islands,WPRO,0,0,0,0,0
2022-01-16,CK,Cook Islands,WPRO,0,0,0,0,0
2022-01-23,CK,Cook Islands,WPRO,0,0,0,0,0
2022-01-30,CK,Cook Islands,WPRO,0,0,0,0,0
2022-02-06,CK,Cook Islands,WPRO,0,0,0,0,0
2022-02-13,CK,Cook Islands,WPRO,0,0,0,0,0
2022-02-20,CK,Cook Islands,WPRO,4,4,0,0,4
2022-02-27,CK,Cook Islands,WPRO,6,10,0,0,10
2022-03-06,CK,Cook Islands,WPRO,122,132,0,0,132
2022-03-13,CK,Cook Islands,WPRO,206,338,0,0,338
2022-03-20,CK,Cook Islands,WPRO,446,784,0,0,784
2022-03-27,CK,Cook Islands,WPRO,611,1395,0,0,1395
2022-04-03,CK,Cook Islands,WPRO,1011,2406,0,0,2406
2022-04-10,CK,Cook Islands,WPRO,765,3171,0,0,3171
2022-04-17,CK,Cook Islands,WPRO,517,3688,0,0,3688
2022-04-24,CK,Cook Islands,WPRO,1039,4727,1,1,4726
2022-05-01,CK,Cook Islands,WPRO,343,5070,0,1,5069
2022-05-08,CK,Cook Islands,WPRO,197,5267,0,1,5266
2022-05-15,CK,Cook Islands,WPRO,148,5415,0,1,5414
2022-05-22,CK,Cook Islands,WPRO,128,5543,0,1,5542
2022-05-29,CK,Cook Islands,WPRO,93,5636,0,1,5635
2022-06-05,CK,Cook Islands,WPRO,61,5697,0,1,5696
2022-06-12,CK,Cook Islands,WPRO,20,5717,0,1,5716
2022-06-19,CK,Cook Islands,WPRO,10,5727,0,1,5726
2022-06-26,CK,Cook Islands,WPRO,41,5768,0,1,5767
2022-07-03,CK,Cook Islands,WPRO,6,5774,0,1,5773
2022-07-10,CK,Cook Islands,WPRO,20,5794,0,1,5793
2022-07-17,CK,Cook Islands,WPRO,20,5814,0,1,5813
2022-07-24,CK,Cook Islands,WPRO,33,5847,0,1,5846
2022-07-31,CK,Cook Islands,WPRO,195,6042,0,1,6041
2022-08-07,CK,Cook Islands,WPRO,87,6129,0,1,6128
2022-08-14,CK,Cook Islands,WPRO,80,6209,0,1,6208
2022-08-21,CK,Cook Islands,WPRO,56,6265,0,1,6264
2022-08-28,CK,Cook Islands,WPRO,0,6265,0,1,6264
2022-09-04,CK,Cook Islands,WPRO,108,6373,0,1,6372
2022-09-11,CK,Cook Islands,WPRO,13,6386,0,1,6385
2022-09-18,CK,Cook Islands,WPRO,3,6389,0,1,6388
2022-09-25,CK,Cook Islands,WPRO,0,6389,0,1,6388
2022-10-02,CK,Cook Islands,WPRO,0,6389,0,1,6388
2022-10-09,CK,Cook Islands,WPRO,0,6389,0,1,6388
2022-10-16,CK,Cook Islands,WPRO,0,6389,0,1,6388
2022-10-23,CK,Cook Islands,WPRO,0,6389,0,1,6388
2022-10-30,CK,Cook Islands,WPRO,0,6389,0,1,6388
2022-11-06,CK,Cook Islands,WPRO,0,6389,0,1,6388
2022-11-13,CK,Cook Islands,WPRO,0,6389,0,1,6388
2022-11-20,CK,Cook Islands,WPRO,0,6389,0,1,6388
2022-11-27,CK,Cook Islands,WPRO,0,6389,0,1,6388
2022-12-04,CK,Cook Islands,WPRO,0,6389,0,1,6388
2022-12-11,CK,Cook Islands,WPRO,0,6389,0,1,6388
2022-12-18,CK,Cook Islands,WPRO,0,6389,0,1,6388
2022-12-25,CK,Cook Islands,WPRO,236,6625,0,1,6624
2023-01-01,CK,Cook Islands,WPRO,85,6710,0,1,6709
2023-01-08,CK,Cook Islands,WPRO,134,6844,0,1,6843
2023-01-15,CK,Cook Islands,WPRO,108,6952,0,1,6951
2023-01-22,CK,Cook Islands,WPRO,36,6988,0,1,6987
2023-01-29,CK,Cook Islands,WPRO,11,6999,0,1,6998
2023-02-05,CK,Cook Islands,WPRO,20,7019,1,2,7017
2023-02-12,CK,Cook Islands,WPRO,3,7022,0,2,7020
2023-02-19,CK,Cook Islands,WPRO,4,7026,0,2,7024
2023-02-26,CK,Cook Islands,WPRO,2,7028,0,2,7026
2023-03-05,CK,Cook Islands,WPRO,1,7029,0,2,7027
2023-03-12,CK,Cook Islands,WPRO,3,7032,0,2,7030
2023-03-19,CK,Cook Islands,WPRO,1,7033,0,2,7031
2023-03-26,CK,Cook Islands,WPRO,4,7037,0,2,7035
2023-04-02,CK,Cook Islands,WPRO,5,7042,0,2,7040
2023-04-09,CK,Cook Islands,WPRO,8,7050,0,2,7048
2023-04-16,CK,Cook Islands,WPRO,5,7055,0,2,7053
2023-04-23,CK,Cook Islands,WPRO,4,7059,0,2,7057
2023-04-30,CK,Cook Islands,WPRO,3,7062,0,2,7060
2023-05-07,CK,Cook Islands,WPRO,5,7067,0,2,7065
2023-05-14,CK,Cook Islands,WPRO,12,7079,0,2,7077
2023-05-21,CK,Cook Islands,WPRO,27,7106,0,2,7104
2023-05-28,CK,Cook Islands,WPRO,14,7120,0,2,7118
2023-06-04,CK,Cook Islands,WPRO,8,7128,0,2,7126
2023-06-11,CK,Cook Islands,WPRO,9,7137,0,2,7135
2023-06-18,CK,Cook Islands,WPRO,5,7142,0,2,7140
2023-06-25,CK,Cook Islands,WPRO,1,7143,0,2,7141
2023-07-02,CK,Cook Islands,WPRO,1,7144,0,2,7142
2023-07-09,CK,Cook Islands,WPRO,0,7144,0,2,7142
2023-07-16,CK,Cook Islands,WPRO,3,7147,0,2,7145
2023-07-23,CK,Cook Islands,WPRO,2,7149,0,2,7147
2023-07-30,CK,Cook Islands,WPRO,2,7151,0,2,7149
2023-08-06,CK,Cook Islands,WPRO,1,7152,0,2,7150
2023-08-13,CK,Cook Islands,WPRO,0,7152,0,2,7150
2023-08-20,CK,Cook Islands,WPRO,0,7152,0,2,7150
2023-08-27,CK,Cook Islands,WPRO,0,7152,0,2,7150
2023-09-03,CK,Cook Islands,WPRO,0,7152,0,2,7150
2023-09-10,CK,Cook Islands,WPRO,0,7152,0,2,7150
2023-09-17,CK,Cook Islands,WPRO,6,7158,0,2,7156
2023-09-24,CK,Cook Islands,WPRO,0,7158,0,2,7156
2023-10-01,CK,Cook Islands,WPRO,0,7158,0,2,7156
2023-10-08,CK,Cook Islands,WPRO,0,7158,0,2,7156
2023-10-15,CK,Cook Islands,WPRO,10,7168,0,2,7166
2023-10-22,CK,Cook Islands,WPRO,0,7168,0,2,7166
2023-10-29,CK,Cook Islands,WPRO,0,7168,0,2,7166
2023-11-05,CK,Cook Islands,WPRO,0,7168,0,2,7166
2023-11-12,CK,Cook Islands,WPRO,0,7168,0,2,7166
2023-11-19,CK,Cook Islands,WPRO,4,7172,0,2,7170
2023-11-26,CK,Cook Islands,WPRO,2,7174,0,2,7172
2023-12-03,CK,Cook Islands,WPRO,0,7174,0,2,7172
2023-12-10,CK,Cook Islands,WPRO,0,7174,0,2,7172
2023-12-17,CK,Cook Islands,WPRO,0,7174,0,2,7172
2023-12-24,CK,Cook Islands,WPRO,29,7203,0,2,7201
2023-12-31,CK,Cook Islands,WPRO,0,7203,0,2,7201
2024-01-07,CK,Cook Islands,WPRO,0,7203,0,2,7201
2024-01-14,CK,Cook Islands,WPRO,42,7245,0,2,7243
2024-01-21,CK,Cook Islands,WPRO,0,7245,0,2,7243
2024-01-28,CK,Cook Islands,WPRO,22,7267,0,2,7265
2024-02-04,CK,Cook Islands,WPRO,8,7275,0,2,7273
2024-02-11,CK,Cook Islands,WPRO,0,7275,0,2,7273
2024-02-18,CK,Cook Islands,WPRO,22,7297,0,2,7295
2024-02-25,CK,Cook Islands,WPRO,6,7303,0,2,7301
2024-03-03,CK,Cook Islands,WPRO,9,7312,0,2,7310
2024-03-10,CK,Cook Islands,WPRO,8,7320,0,2,7318
2024-03-17,CK,Cook Islands,WPRO,1,7321,0,2,7319
2024-03-24,CK,Cook Islands,WPRO,3,7324,0,2,7322
2024-03-31,CK,Cook Islands,WPRO,0,7324,0,2,7322
2024-04-07,CK,Cook Islands,WPRO,0,7324,0,2,7322
2024-04-14,CK,Cook Islands,WPRO,0,7324,0,2,7322
2024-04-21,CK,Cook Islands,WPRO,0,7324,0,2,7322
2024-04-28,CK,Cook Islands,WPRO,2,7326,0,2,7324
2024-05-05,CK,Cook Islands,WPRO,0,7326,0,2,7324
2024-05-12,CK,Cook Islands,WPRO,0,7326,0,2,7324
2024-05-19,CK,Cook Islands,WPRO,0,7326,0,2,7324
2024-05-26,CK,Cook Islands,WPRO,0,7326,0,2,7324
2024-06-02,CK,Cook Islands,WPRO,0,7326,0,2,7324
2024-06-09,CK,Cook Islands,WPRO,0,7326,0,2,7324
2024-06-16,CK,Cook Islands,WPRO,1,7327,0,2,7325
2024-06-23,CK,Cook Islands,WPRO,0,7327,0,2,7325
2024-06-30,CK,Cook Islands,WPRO,0,7327,0,2,7325
2024-07-07,CK,Cook Islands,WPRO,14,7341,0,2,7339
2024-07-14,CK,Cook Islands,WPRO,3,7344,0,2,7342
2024-07-21,CK,Cook Islands,WPRO,0,7344,0,2,7342
2024-07-28,CK,Cook Islands,WPRO,0,7344,0,2,7342
2024-08-04,CK,Cook Islands,WPRO,1,7345,0,2,7343
2024-08-11,CK,Cook Islands,WPRO,0,7345,0,2,7343
2024-08-18,CK,Cook Islands,WPRO,30,7375,0,2,7373
2024-08-25,CK,Cook Islands,WPRO,0,7374,0,2,7372
2024-09-01,CK,Cook Islands,WPRO,0,7374,0,2,7372
2024-09-08,CK,Cook Islands,WPRO,0,7374,0,2,7372
2024-09-15,CK,Cook Islands,WPRO,0,7374,0,2,7372
2024-09-22,CK,Cook Islands,WPRO,0,7374,0,2,7372
2024-09-29,CK,Cook Islands,WPRO,0,7374,0,2,7372
2024-10-06,CK,Cook Islands,WPRO,1,7375,0,2,7373
2024-10-13,CK,Cook Islands,WPRO,0,7375,0,2,7373
2024-10-20,CK,Cook Islands,WPRO,0,7375,0,2,7373
2024-10-27,CK,Cook Islands,WPRO,0,7375,0,2,7373
2024-11-03,CK,Cook Islands,WPRO,0,7375,0,2,7373
2024-11-10,CK,Cook Islands,WPRO,0,7375,0,2,7373
2024-11-17,CK,Cook Islands,WPRO,0,7375,0,2,7373
2020-01-05,CR,Costa Rica,AMRO,0,0,0,0,0
2020-01-12,CR,Costa Rica,AMRO,0,0,0,0,0
2020-01-19,CR,Costa Rica,AMRO,0,0,0,0,0
2020-01-26,CR,Costa Rica,AMRO,0,0,0,0,0
2020-02-02,CR,Costa Rica,AMRO,0,0,0,0,0
2020-02-09,CR,Costa Rica,AMRO,0,0,0,0,0
2020-02-16,CR,Costa Rica,AMRO,0,0,0,0,0
2020-02-23,CR,Costa Rica,AMRO,0,0,0,0,0
2020-03-01,CR,Costa Rica,AMRO,0,0,0,0,0
2020-03-08,CR,Costa Rica,AMRO,2,2,0,0,2
2020-03-15,CR,Costa Rica,AMRO,24,26,0,0,26
2020-03-22,CR,Costa Rica,AMRO,87,113,2,2,111
2020-03-29,CR,Costa Rica,AMRO,150,263,0,2,261
2020-04-05,CR,Costa Rica,AMRO,153,416,0,2,414
2020-04-12,CR,Costa Rica,AMRO,142,558,1,3,555
2020-04-19,CR,Costa Rica,AMRO,91,649,1,4,645
2020-04-26,CR,Costa Rica,AMRO,38,687,2,6,681
2020-05-03,CR,Costa Rica,AMRO,38,725,0,6,719
2020-05-10,CR,Costa Rica,AMRO,48,773,0,6,767
2020-05-17,CR,Costa Rica,AMRO,70,843,2,8,835
2020-05-24,CR,Costa Rica,AMRO,68,911,2,10,901
2020-05-31,CR,Costa Rica,AMRO,111,1022,0,10,1012
2020-06-07,CR,Costa Rica,AMRO,206,1228,0,10,1218
2020-06-14,CR,Costa Rica,AMRO,384,1612,2,12,1600
2020-06-21,CR,Costa Rica,AMRO,446,2058,0,12,2046
2020-06-28,CR,Costa Rica,AMRO,778,2836,0,12,2824
2020-07-05,CR,Costa Rica,AMRO,1475,4311,6,18,4293
2020-07-12,CR,Costa Rica,AMRO,2534,6845,8,26,6819
2020-07-19,CR,Costa Rica,AMRO,3124,9969,21,47,9922
2020-07-26,CR,Costa Rica,AMRO,3700,13669,40,87,13582
2020-08-02,CR,Costa Rica,AMRO,4151,17820,63,150,17670
2020-08-09,CR,Costa Rica,AMRO,4261,22081,68,218,21863
2020-08-16,CR,Costa Rica,AMRO,4850,26931,63,281,26650
2020-08-23,CR,Costa Rica,AMRO,5203,32134,59,340,31794
2020-08-30,CR,Costa Rica,AMRO,6351,38485,67,407,38078
2020-09-06,CR,Costa Rica,AMRO,7195,45680,62,469,45211
2020-09-13,CR,Costa Rica,AMRO,8289,53969,114,583,53386
2020-09-20,CR,Costa Rica,AMRO,8405,62374,103,686,61688
2020-09-27,CR,Costa Rica,AMRO,8442,70816,126,812,70004
2020-10-04,CR,Costa Rica,AMRO,7013,77829,118,930,76899
2020-10-11,CR,Costa Rica,AMRO,8224,86053,125,1055,84998
2020-10-18,CR,Costa Rica,AMRO,8295,94348,113,1168,93180
2020-10-25,CR,Costa Rica,AMRO,7478,101826,97,1265,100561
2020-11-01,CR,Costa Rica,AMRO,7040,108866,106,1371,107495
2020-11-08,CR,Costa Rica,AMRO,6551,115417,82,1453,113964
2020-11-15,CR,Costa Rica,AMRO,6706,122123,84,1537,120586
2020-11-22,CR,Costa Rica,AMRO,7295,129418,71,1608,127810
2020-11-29,CR,Costa Rica,AMRO,7675,137093,82,1690,135403
2020-12-06,CR,Costa Rica,AMRO,6592,143685,83,1773,141912
2020-12-13,CR,Costa Rica,AMRO,7262,150947,122,1895,149052
2020-12-20,CR,Costa Rica,AMRO,6525,157472,101,1996,155476
2020-12-27,CR,Costa Rica,AMRO,6590,164062,107,2103,161959
2021-01-03,CR,Costa Rica,AMRO,6529,170591,90,2193,168398
2021-01-10,CR,Costa Rica,AMRO,7023,177614,112,2305,175309
2021-01-17,CR,Costa Rica,AMRO,6573,184187,111,2416,181771
2021-01-24,CR,Costa Rica,AMRO,5121,189308,102,2518,186790
2021-01-31,CR,Costa Rica,AMRO,3968,193276,86,2604,190672
2021-02-07,CR,Costa Rica,AMRO,3162,196438,68,2672,193766
2021-02-14,CR,Costa Rica,AMRO,2749,199187,42,2714,196473
2021-02-21,CR,Costa Rica,AMRO,2491,201678,49,2763,198915
2021-02-28,CR,Costa Rica,AMRO,2663,204341,37,2800,201541
2021-03-07,CR,Costa Rica,AMRO,2299,206640,33,2833,203807
2021-03-14,CR,Costa Rica,AMRO,2453,209093,29,2862,206231
2021-03-21,CR,Costa Rica,AMRO,2810,211903,34,2896,209007
2021-03-28,CR,Costa Rica,AMRO,3275,215178,35,2931,212247
2021-04-04,CR,Costa Rica,AMRO,2978,218156,43,2974,215182
2021-04-11,CR,Costa Rica,AMRO,4388,222544,44,3018,219526
2021-04-18,CR,Costa Rica,AMRO,6033,228577,53,3071,225506
2021-04-25,CR,Costa Rica,AMRO,8353,236930,65,3136,233794
2021-05-02,CR,Costa Rica,AMRO,14061,250991,95,3231,247760
2021-05-09,CR,Costa Rica,AMRO,14495,265486,134,3365,262121
2021-05-16,CR,Costa Rica,AMRO,17255,282741,182,3547,279194
2021-05-23,CR,Costa Rica,AMRO,16478,299219,218,3765,295454
2021-05-30,CR,Costa Rica,AMRO,14883,314102,197,3962,310140
2021-06-06,CR,Costa Rica,AMRO,13877,327979,191,4153,323826
2021-06-13,CR,Costa Rica,AMRO,11921,339900,169,4322,335578
2021-06-20,CR,Costa Rica,AMRO,10730,350630,151,4473,346157
2021-06-27,CR,Costa Rica,AMRO,10375,361005,129,4602,356403
2021-07-04,CR,Costa Rica,AMRO,10201,371206,84,4686,366520
2021-07-11,CR,Costa Rica,AMRO,9276,380482,87,4773,375709
2021-07-18,CR,Costa Rica,AMRO,9316,389798,101,4874,384924
2021-07-25,CR,Costa Rica,AMRO,8810,398608,67,4941,393667
2021-08-01,CR,Costa Rica,AMRO,8206,406814,89,5030,401784
2021-08-08,CR,Costa Rica,AMRO,9863,416677,94,5124,411553
2021-08-15,CR,Costa Rica,AMRO,11618,428295,87,5211,423084
2021-08-22,CR,Costa Rica,AMRO,12352,440647,101,5312,435335
2021-08-29,CR,Costa Rica,AMRO,15137,455784,119,5431,450353
2021-09-05,CR,Costa Rica,AMRO,16531,472315,137,5568,466747
2021-09-12,CR,Costa Rica,AMRO,17469,489784,186,5754,484030
2021-09-19,CR,Costa Rica,AMRO,15379,505163,195,5949,499214
2021-09-26,CR,Costa Rica,AMRO,16019,521182,240,6189,514993
2021-10-03,CR,Costa Rica,AMRO,12691,533873,224,6413,527460
2021-10-10,CR,Costa Rica,AMRO,10148,544021,199,6612,537409
2021-10-17,CR,Costa Rica,AMRO,7123,551144,185,6797,544347
2021-10-24,CR,Costa Rica,AMRO,4826,555970,149,6946,549024
2021-10-31,CR,Costa Rica,AMRO,3728,559698,83,7029,552669
2021-11-07,CR,Costa Rica,AMRO,2618,562316,105,7134,555182
2021-11-14,CR,Costa Rica,AMRO,1843,564159,63,7197,556962
2021-11-21,CR,Costa Rica,AMRO,1389,565548,54,7251,558297
2021-11-28,CR,Costa Rica,AMRO,1012,566560,36,7287,559273
2021-12-05,CR,Costa Rica,AMRO,823,567383,25,7312,560071
2021-12-12,CR,Costa Rica,AMRO,612,567995,20,7332,560663
2021-12-19,CR,Costa Rica,AMRO,543,568538,8,7340,561198
2021-12-26,CR,Costa Rica,AMRO,985,569523,9,7349,562174
2022-01-02,CR,Costa Rica,AMRO,3025,572548,8,7357,565191
2022-01-09,CR,Costa Rica,AMRO,11999,584547,15,7372,577175
2022-01-16,CR,Costa Rica,AMRO,25335,609882,34,7406,602476
2022-01-23,CR,Costa Rica,AMRO,33614,643496,45,7451,636045
2022-01-30,CR,Costa Rica,AMRO,38984,682480,82,7533,674947
2022-02-06,CR,Costa Rica,AMRO,39491,721971,108,7641,714330
2022-02-13,CR,Costa Rica,AMRO,35122,757093,131,7772,749321
2022-02-20,CR,Costa Rica,AMRO,26344,783437,122,7894,775543
2022-02-27,CR,Costa Rica,AMRO,19035,802472,105,7999,794473
2022-03-06,CR,Costa Rica,AMRO,12111,814583,83,8082,806501
2022-03-13,CR,Costa Rica,AMRO,8352,822935,78,8160,814775
2022-03-20,CR,Costa Rica,AMRO,6465,829400,66,8226,821174
2022-03-27,CR,Costa Rica,AMRO,5326,834726,40,8266,826460
2022-04-03,CR,Costa Rica,AMRO,4642,839368,42,8308,831060
2022-04-10,CR,Costa Rica,AMRO,4116,843484,35,8343,835141
2022-04-17,CR,Costa Rica,AMRO,2658,846142,22,8365,837777
2022-04-24,CR,Costa Rica,AMRO,1642,847784,18,8383,839401
2022-05-01,CR,Costa Rica,AMRO,4290,852074,22,8405,843669
2022-05-08,CR,Costa Rica,AMRO,5216,857290,16,8421,848869
2022-05-15,CR,Costa Rica,AMRO,8874,866164,23,8444,857720
2022-05-22,CR,Costa Rica,AMRO,11369,877533,28,8472,869061
2022-05-29,CR,Costa Rica,AMRO,13505,891038,23,8495,882543
2022-06-05,CR,Costa Rica,AMRO,13896,904934,30,8525,896409
2022-06-12,CR,Costa Rica,AMRO,14938,919872,8,8533,911339
2022-06-19,CR,Costa Rica,AMRO,16554,936426,0,8533,927893
2022-06-26,CR,Costa Rica,AMRO,17324,953750,26,8559,945191
2022-07-03,CR,Costa Rica,AMRO,18010,971760,38,8597,963163
2022-07-10,CR,Costa Rica,AMRO,20357,992117,27,8624,983493
2022-07-17,CR,Costa Rica,AMRO,17220,1009337,29,8653,1000684
2022-07-24,CR,Costa Rica,AMRO,19038,1028375,37,8690,1019685
2022-07-31,CR,Costa Rica,AMRO,16010,1044385,50,8740,1035645
2022-08-07,CR,Costa Rica,AMRO,13310,1057695,34,8774,1048921
2022-08-14,CR,Costa Rica,AMRO,11467,1069162,26,8800,1060362
2022-08-21,CR,Costa Rica,AMRO,10663,1079825,28,8828,1070997
2022-08-28,CR,Costa Rica,AMRO,8891,1088716,28,8856,1079860
2022-09-04,CR,Costa Rica,AMRO,8913,1097629,31,8887,1088742
2022-09-11,CR,Costa Rica,AMRO,8163,1105792,26,8913,1096879
2022-09-18,CR,Costa Rica,AMRO,6177,1111969,20,8933,1103036
2022-09-25,CR,Costa Rica,AMRO,6020,1117989,20,8953,1109036
2022-10-02,CR,Costa Rica,AMRO,5012,1123001,13,8966,1114035
2022-10-09,CR,Costa Rica,AMRO,4601,1127602,8,8974,1118628
2022-10-16,CR,Costa Rica,AMRO,2966,1130568,8,8982,1121586
2022-10-23,CR,Costa Rica,AMRO,2528,1133096,8,8990,1124106
2022-10-30,CR,Costa Rica,AMRO,2617,1135713,9,8999,1126714
2022-11-06,CR,Costa Rica,AMRO,2703,1138416,10,9009,1129407
2022-11-13,CR,Costa Rica,AMRO,2448,1140864,10,9019,1131845
2022-11-20,CR,Costa Rica,AMRO,2733,1143597,12,9031,1134566
2022-11-27,CR,Costa Rica,AMRO,2538,1146135,7,9038,1137097
2022-12-04,CR,Costa Rica,AMRO,2779,1148914,8,9046,1139868
2022-12-11,CR,Costa Rica,AMRO,3552,1152466,5,9051,1143415
2022-12-18,CR,Costa Rica,AMRO,4031,1156497,8,9059,1147438
2022-12-25,CR,Costa Rica,AMRO,5190,1161687,13,9072,1152615
2023-01-01,CR,Costa Rica,AMRO,5155,1166842,13,9085,1157757
2023-01-08,CR,Costa Rica,AMRO,4960,1171802,19,9104,1162698
2023-01-15,CR,Costa Rica,AMRO,5712,1177514,19,9123,1168391
2023-01-22,CR,Costa Rica,AMRO,4857,1182371,19,9142,1173229
2023-01-29,CR,Costa Rica,AMRO,3805,1186176,16,9158,1177018
2023-02-05,CR,Costa Rica,AMRO,4201,1190377,23,9181,1181196
2023-02-12,CR,Costa Rica,AMRO,4207,1194584,14,9195,1185389
2023-02-19,CR,Costa Rica,AMRO,4471,1199055,19,9214,1189841
2023-02-26,CR,Costa Rica,AMRO,5109,1204164,16,9230,1194934
2023-03-05,CR,Costa Rica,AMRO,5561,1209725,15,9245,1200480
2023-03-12,CR,Costa Rica,AMRO,4926,1214651,21,9266,1205385
2023-03-19,CR,Costa Rica,AMRO,4423,1219074,25,9291,1209783
2023-03-26,CR,Costa Rica,AMRO,3587,1222661,18,9309,1213352
2023-04-02,CR,Costa Rica,AMRO,3654,1226315,17,9326,1216989
2023-04-09,CR,Costa Rica,AMRO,0,1226315,0,9326,1216989
2023-04-16,CR,Costa Rica,AMRO,0,1226315,0,9326,1216989
2023-04-23,CR,Costa Rica,AMRO,1231,1227546,13,9339,1218207
2023-04-30,CR,Costa Rica,AMRO,1113,1228659,12,9351,1219308
2023-05-07,CR,Costa Rica,AMRO,928,1229587,11,9362,1220225
2023-05-14,CR,Costa Rica,AMRO,965,1230552,4,9366,1221186
2023-05-21,CR,Costa Rica,AMRO,0,1230552,0,9366,1221186
2023-05-28,CR,Costa Rica,AMRO,0,1230552,0,9366,1221186
2023-06-04,CR,Costa Rica,AMRO,0,1230552,0,9366,1221186
2023-06-11,CR,Costa Rica,AMRO,0,1230552,0,9366,1221186
2023-06-18,CR,Costa Rica,AMRO,0,1230552,0,9366,1221186
2023-06-25,CR,Costa Rica,AMRO,0,1230552,0,9366,1221186
2023-07-02,CR,Costa Rica,AMRO,0,1230552,0,9366,1221186
2023-07-09,CR,Costa Rica,AMRO,0,1230552,0,9366,1221186
2023-07-16,CR,Costa Rica,AMRO,0,1230552,0,9366,1221186
2023-07-23,CR,Costa Rica,AMRO,0,1230552,0,9366,1221186
2023-07-30,CR,Costa Rica,AMRO,0,1230552,0,9366,1221186
2023-08-06,CR,Costa Rica,AMRO,0,1230552,0,9366,1221186
2023-08-13,CR,Costa Rica,AMRO,0,1230552,0,9366,1221186
2023-08-20,CR,Costa Rica,AMRO,0,1230552,0,9366,1221186
2023-08-27,CR,Costa Rica,AMRO,0,1230552,0,9366,1221186
2023-09-03,CR,Costa Rica,AMRO,0,1230552,0,9366,1221186
2023-09-10,CR,Costa Rica,AMRO,0,1230552,0,9366,1221186
2023-09-17,CR,Costa Rica,AMRO,0,1230552,0,9366,1221186
2023-09-24,CR,Costa Rica,AMRO,0,1230552,0,9366,1221186
2023-10-01,CR,Costa Rica,AMRO,0,1230552,0,9366,1221186
2023-10-08,CR,Costa Rica,AMRO,0,1230552,0,9366,1221186
2023-10-15,CR,Costa Rica,AMRO,0,1230552,0,9366,1221186
2023-10-22,CR,Costa Rica,AMRO,0,1230552,0,9366,1221186
2023-10-29,CR,Costa Rica,AMRO,0,1230552,0,9366,1221186
2023-11-05,CR,Costa Rica,AMRO,0,1230552,0,9366,1221186
2023-11-12,CR,Costa Rica,AMRO,0,1230552,0,9366,1221186
2023-11-19,CR,Costa Rica,AMRO,0,1230552,0,9366,1221186
2023-11-26,CR,Costa Rica,AMRO,0,1230552,0,9366,1221186
2023-12-03,CR,Costa Rica,AMRO,0,1230552,0,9366,1221186
2023-12-10,CR,Costa Rica,AMRO,0,1230552,0,9366,1221186
2023-12-17,CR,Costa Rica,AMRO,0,1230552,0,9366,1221186
2023-12-24,CR,Costa Rica,AMRO,0,1230552,0,9366,1221186
2023-12-31,CR,Costa Rica,AMRO,0,1230552,0,9366,1221186
2024-01-07,CR,Costa Rica,AMRO,195,1230747,0,9366,1221381
2024-01-14,CR,Costa Rica,AMRO,224,1230971,0,9366,1221605
2024-01-21,CR,Costa Rica,AMRO,305,1231276,1,9367,1221909
2024-01-28,CR,Costa Rica,AMRO,248,1231524,0,9367,1222157
2024-02-04,CR,Costa Rica,AMRO,173,1231697,0,9367,1222330
2024-02-11,CR,Costa Rica,AMRO,179,1231876,1,9368,1222508
2024-02-18,CR,Costa Rica,AMRO,144,1232020,0,9368,1222652
2024-02-25,CR,Costa Rica,AMRO,94,1232114,0,9368,1222746
2024-03-03,CR,Costa Rica,AMRO,73,1232187,1,9369,1222818
2024-03-10,CR,Costa Rica,AMRO,92,1232279,0,9369,1222910
2024-03-17,CR,Costa Rica,AMRO,77,1232356,0,9369,1222987
2024-03-24,CR,Costa Rica,AMRO,76,1232432,0,9369,1223063
2024-03-31,CR,Costa Rica,AMRO,96,1232528,0,9369,1223159
2024-04-07,CR,Costa Rica,AMRO,70,1232598,0,9369,1223229
2024-04-14,CR,Costa Rica,AMRO,80,1232678,0,9369,1223309
2024-04-21,CR,Costa Rica,AMRO,98,1232776,1,9370,1223406
2024-04-28,CR,Costa Rica,AMRO,104,1232880,0,9370,1223510
2024-05-05,CR,Costa Rica,AMRO,61,1232941,0,9370,1223571
2024-05-12,CR,Costa Rica,AMRO,87,1233028,0,9370,1223658
2024-05-19,CR,Costa Rica,AMRO,108,1233136,0,9370,1223766
2024-05-26,CR,Costa Rica,AMRO,106,1233242,0,9370,1223872
2024-06-02,CR,Costa Rica,AMRO,65,1233307,1,9371,1223936
2024-06-09,CR,Costa Rica,AMRO,61,1233368,0,9371,1223997
2024-06-16,CR,Costa Rica,AMRO,113,1233481,0,9371,1224110
2024-06-23,CR,Costa Rica,AMRO,135,1233616,0,9371,1224245
2024-06-30,CR,Costa Rica,AMRO,177,1233793,0,9371,1224422
2024-07-07,CR,Costa Rica,AMRO,213,1234006,1,9372,1224634
2024-07-14,CR,Costa Rica,AMRO,41,1234047,0,9372,1224675
2024-07-21,CR,Costa Rica,AMRO,413,1234460,0,9372,1225088
2024-07-28,CR,Costa Rica,AMRO,294,1234754,0,9372,1225382
2024-08-04,CR,Costa Rica,AMRO,233,1234987,1,9373,1225614
2024-08-11,CR,Costa Rica,AMRO,183,1235170,1,9374,1225796
2024-08-18,CR,Costa Rica,AMRO,129,1235299,0,9374,1225925
2024-08-25,CR,Costa Rica,AMRO,114,1235413,0,9374,1226039
2024-09-01,CR,Costa Rica,AMRO,79,1235492,0,9374,1226118
2024-09-08,CR,Costa Rica,AMRO,43,1235535,0,9374,1226161
2024-09-15,CR,Costa Rica,AMRO,44,1235579,0,9374,1226205
2024-09-22,CR,Costa Rica,AMRO,41,1235620,0,9374,1226246
2024-09-29,CR,Costa Rica,AMRO,31,1235651,0,9374,1226277
2024-10-06,CR,Costa Rica,AMRO,20,1235671,0,9374,1226297
2024-10-13,CR,Costa Rica,AMRO,20,1235691,0,9374,1226317
2024-10-20,CR,Costa Rica,AMRO,23,1235714,0,9374,1226340
2024-10-27,CR,Costa Rica,AMRO,18,1235732,0,9374,1226358
2024-11-03,CR,Costa Rica,AMRO,11,1235743,0,9374,1226369
2024-11-10,CR,Costa Rica,AMRO,18,1235761,0,9374,1226387
2024-11-17,CR,Costa Rica,AMRO,14,1235775,0,9374,1226401
2020-01-05,CI,Côte d'Ivoire,AFRO,0,0,0,0,0
2020-01-12,CI,Côte d'Ivoire,AFRO,0,0,0,0,0
2020-01-19,CI,Côte d'Ivoire,AFRO,0,0,0,0,0
2020-01-26,CI,Côte d'Ivoire,AFRO,0,0,0,0,0
2020-02-02,CI,Côte d'Ivoire,AFRO,0,0,0,0,0
2020-02-09,CI,Côte d'Ivoire,AFRO,0,0,0,0,0
2020-02-16,CI,Côte d'Ivoire,AFRO,0,0,0,0,0
2020-02-23,CI,Côte d'Ivoire,AFRO,0,0,0,0,0
2020-03-01,CI,Côte d'Ivoire,AFRO,0,0,0,0,0
2020-03-08,CI,Côte d'Ivoire,AFRO,0,0,0,0,0
2020-03-15,CI,Côte d'Ivoire,AFRO,9,9,0,0,9
2020-03-22,CI,Côte d'Ivoire,AFRO,53,62,0,0,62
2020-03-29,CI,Côte d'Ivoire,AFRO,116,178,0,0,178
2020-04-05,CI,Côte d'Ivoire,AFRO,160,338,4,4,334
2020-04-12,CI,Côte d'Ivoire,AFRO,290,628,1,5,623
2020-04-19,CI,Côte d'Ivoire,AFRO,240,868,4,9,859
2020-04-26,CI,Côte d'Ivoire,AFRO,282,1150,6,15,1135
2020-05-03,CI,Côte d'Ivoire,AFRO,212,1362,1,16,1346
2020-05-10,CI,Côte d'Ivoire,AFRO,305,1667,6,22,1645
2020-05-17,CI,Côte d'Ivoire,AFRO,394,2061,4,26,2035
2020-05-24,CI,Côte d'Ivoire,AFRO,305,2366,5,31,2335
2020-05-31,CI,Côte d'Ivoire,AFRO,433,2799,3,34,2765
2020-06-07,CI,Côte d'Ivoire,AFRO,758,3557,3,37,3520
2020-06-14,CI,Côte d'Ivoire,AFRO,1291,4848,9,46,4802
2020-06-21,CI,Côte d'Ivoire,AFRO,2428,7276,7,53,7223
2020-06-28,CI,Côte d'Ivoire,AFRO,1668,8944,14,67,8877
2020-07-05,CI,Côte d'Ivoire,AFRO,1300,10244,6,73,10171
2020-07-12,CI,Côte d'Ivoire,AFRO,2199,12443,10,83,12360
2020-07-19,CI,Côte d'Ivoire,AFRO,1469,13912,9,92,13820
2020-07-26,CI,Côte d'Ivoire,AFRO,1582,15494,3,95,15399
2020-08-02,CI,Côte d'Ivoire,AFRO,615,16109,8,103,16006
2020-08-09,CI,Côte d'Ivoire,AFRO,627,16736,2,105,16631
2020-08-16,CI,Côte d'Ivoire,AFRO,378,17114,4,109,17005
2020-08-23,CI,Côte d'Ivoire,AFRO,376,17490,5,114,17376
2020-08-30,CI,Côte d'Ivoire,AFRO,519,18009,2,116,17893
2020-09-06,CI,Côte d'Ivoire,AFRO,579,18588,4,120,18468
2020-09-13,CI,Côte d'Ivoire,AFRO,399,18987,1,121,18866
2020-09-20,CI,Côte d'Ivoire,AFRO,282,19269,0,121,19148
2020-09-27,CI,Côte d'Ivoire,AFRO,331,19600,0,121,19479
2020-10-04,CI,Côte d'Ivoire,AFRO,249,19849,0,121,19728
2020-10-11,CI,Côte d'Ivoire,AFRO,279,20128,0,121,20007
2020-10-18,CI,Côte d'Ivoire,AFRO,173,20301,1,122,20179
2020-10-25,CI,Côte d'Ivoire,AFRO,128,20429,0,122,20307
2020-11-01,CI,Côte d'Ivoire,AFRO,287,20716,5,127,20589
2020-11-08,CI,Côte d'Ivoire,AFRO,141,20857,0,127,20730
2020-11-15,CI,Côte d'Ivoire,AFRO,132,20989,2,129,20860
2020-11-22,CI,Côte d'Ivoire,AFRO,181,21170,1,130,21040
2020-11-29,CI,Côte d'Ivoire,AFRO,135,21305,2,132,21173
2020-12-06,CI,Côte d'Ivoire,AFRO,180,21485,1,133,21352
2020-12-13,CI,Côte d'Ivoire,AFRO,154,21639,1,134,21505
2020-12-20,CI,Côte d'Ivoire,AFRO,133,21772,0,134,21638
2020-12-27,CI,Côte d'Ivoire,AFRO,309,22081,0,134,21947
2021-01-03,CI,Côte d'Ivoire,AFRO,169,22250,4,138,22112
2021-01-10,CI,Côte d'Ivoire,AFRO,1232,23482,2,140,23342
2021-01-17,CI,Côte d'Ivoire,AFRO,1546,25028,2,142,24886
2021-01-24,CI,Côte d'Ivoire,AFRO,1584,26612,4,146,26466
2021-01-31,CI,Côte d'Ivoire,AFRO,1566,28178,7,153,28025
2021-02-07,CI,Côte d'Ivoire,AFRO,1389,29567,10,163,29404
2021-02-14,CI,Côte d'Ivoire,AFRO,1317,30884,11,174,30710
2021-02-21,CI,Côte d'Ivoire,AFRO,1030,31914,11,185,31729
2021-02-28,CI,Côte d'Ivoire,AFRO,717,32631,7,192,32439
2021-03-07,CI,Côte d'Ivoire,AFRO,2304,34935,8,200,34735
2021-03-14,CI,Côte d'Ivoire,AFRO,2369,37304,11,211,37093
2021-03-21,CI,Côte d'Ivoire,AFRO,2609,39913,6,217,39696
2021-03-28,CI,Côte d'Ivoire,AFRO,2555,42468,12,229,42239
2021-04-04,CI,Côte d'Ivoire,AFRO,1858,44326,18,247,44079
2021-04-11,CI,Côte d'Ivoire,AFRO,819,45145,14,261,44884
2021-04-18,CI,Côte d'Ivoire,AFRO,374,45519,13,274,45245
2021-04-25,CI,Côte d'Ivoire,AFRO,301,45820,7,281,45539
2021-05-02,CI,Côte d'Ivoire,AFRO,294,46114,5,286,45828
2021-05-09,CI,Côte d'Ivoire,AFRO,271,46385,5,291,46094
2021-05-16,CI,Côte d'Ivoire,AFRO,234,46619,6,297,46322
2021-05-23,CI,Côte d'Ivoire,AFRO,323,46942,1,298,46644
2021-05-30,CI,Côte d'Ivoire,AFRO,253,47195,3,301,46894
2021-06-06,CI,Côte d'Ivoire,AFRO,281,47476,5,306,47170
2021-06-13,CI,Côte d'Ivoire,AFRO,186,47662,0,306,47356
2021-06-20,CI,Côte d'Ivoire,AFRO,369,48031,1,307,47724
2021-06-27,CI,Côte d'Ivoire,AFRO,145,48176,4,311,47865
2021-07-04,CI,Côte d'Ivoire,AFRO,337,48513,4,315,48198
2021-07-11,CI,Côte d'Ivoire,AFRO,263,48776,3,318,48458
2021-07-18,CI,Côte d'Ivoire,AFRO,349,49125,2,320,48805
2021-07-25,CI,Côte d'Ivoire,AFRO,429,49554,4,324,49230
2021-08-01,CI,Côte d'Ivoire,AFRO,581,50135,5,329,49806
2021-08-08,CI,Côte d'Ivoire,AFRO,1063,51198,12,341,50857
2021-08-15,CI,Côte d'Ivoire,AFRO,1004,52202,18,359,51843
2021-08-22,CI,Côte d'Ivoire,AFRO,1254,53456,30,389,53067
2021-08-29,CI,Côte d'Ivoire,AFRO,1400,54856,35,424,54432
2021-09-05,CI,Côte d'Ivoire,AFRO,1879,56735,40,464,56271
2021-09-12,CI,Côte d'Ivoire,AFRO,1049,57784,42,506,57278
2021-09-19,CI,Côte d'Ivoire,AFRO,1105,58889,55,561,58328
2021-09-26,CI,Côte d'Ivoire,AFRO,889,59778,32,593,59185
2021-10-03,CI,Côte d'Ivoire,AFRO,598,60376,43,636,59740
2021-10-10,CI,Côte d'Ivoire,AFRO,409,60785,23,659,60126
2021-10-17,CI,Côte d'Ivoire,AFRO,197,60982,15,674,60308
2021-10-24,CI,Côte d'Ivoire,AFRO,196,61178,16,690,60488
2021-10-31,CI,Côte d'Ivoire,AFRO,114,61292,5,695,60597
2021-11-07,CI,Côte d'Ivoire,AFRO,112,61404,4,699,60705
2021-11-14,CI,Côte d'Ivoire,AFRO,99,61503,3,702,60801
2021-11-21,CI,Côte d'Ivoire,AFRO,74,61577,0,702,60875
2021-11-28,CI,Côte d'Ivoire,AFRO,127,61704,2,704,61000
2021-12-05,CI,Côte d'Ivoire,AFRO,113,61817,1,705,61112
2021-12-12,CI,Côte d'Ivoire,AFRO,79,61896,1,706,61190
2021-12-19,CI,Côte d'Ivoire,AFRO,181,62077,0,706,61371
2021-12-26,CI,Côte d'Ivoire,AFRO,1770,63847,1,707,63140
2022-01-02,CI,Côte d'Ivoire,AFRO,7968,71815,11,718,71097
2022-01-09,CI,Côte d'Ivoire,AFRO,4917,76732,15,733,75999
2022-01-16,CI,Côte d'Ivoire,AFRO,2356,79088,20,753,78335
2022-01-23,CI,Côte d'Ivoire,AFRO,1026,80114,25,778,79336
2022-01-30,CI,Côte d'Ivoire,AFRO,509,80623,6,784,79839
2022-02-06,CI,Côte d'Ivoire,AFRO,278,80901,2,786,80115
2022-02-13,CI,Côte d'Ivoire,AFRO,217,81118,3,789,80329
2022-02-20,CI,Côte d'Ivoire,AFRO,228,81346,2,791,80555
2022-02-27,CI,Côte d'Ivoire,AFRO,121,81467,1,792,80675
2022-03-06,CI,Côte d'Ivoire,AFRO,79,81546,3,795,80751
2022-03-13,CI,Côte d'Ivoire,AFRO,31,81577,0,795,80782
2022-03-20,CI,Côte d'Ivoire,AFRO,78,81655,1,796,80859
2022-03-27,CI,Côte d'Ivoire,AFRO,42,81697,0,796,80901
2022-04-03,CI,Côte d'Ivoire,AFRO,64,81761,0,796,80965
2022-04-10,CI,Côte d'Ivoire,AFRO,53,81814,0,796,81018
2022-04-17,CI,Côte d'Ivoire,AFRO,43,81857,1,797,81060
2022-04-24,CI,Côte d'Ivoire,AFRO,30,81887,2,799,81088
2022-05-01,CI,Côte d'Ivoire,AFRO,43,81930,0,799,81131
2022-05-08,CI,Côte d'Ivoire,AFRO,40,81970,0,799,81171
2022-05-15,CI,Côte d'Ivoire,AFRO,22,81992,0,799,81193
2022-05-22,CI,Côte d'Ivoire,AFRO,65,82057,0,799,81258
2022-05-29,CI,Côte d'Ivoire,AFRO,126,82183,0,799,81384
2022-06-05,CI,Côte d'Ivoire,AFRO,97,82280,0,799,81481
2022-06-12,CI,Côte d'Ivoire,AFRO,187,82467,0,799,81668
2022-06-19,CI,Côte d'Ivoire,AFRO,192,82659,2,801,81858
2022-06-26,CI,Côte d'Ivoire,AFRO,340,82999,4,805,82194
2022-07-03,CI,Côte d'Ivoire,AFRO,638,83637,0,805,82832
2022-07-10,CI,Côte d'Ivoire,AFRO,405,84042,0,805,83237
2022-07-17,CI,Côte d'Ivoire,AFRO,459,84501,1,806,83695
2022-07-24,CI,Côte d'Ivoire,AFRO,449,84950,3,809,84141
2022-07-31,CI,Côte d'Ivoire,AFRO,356,85306,2,811,84495
2022-08-07,CI,Côte d'Ivoire,AFRO,406,85712,0,811,84901
2022-08-14,CI,Côte d'Ivoire,AFRO,380,86092,4,815,85277
2022-08-21,CI,Côte d'Ivoire,AFRO,348,86440,2,817,85623
2022-08-28,CI,Côte d'Ivoire,AFRO,166,86606,0,817,85789
2022-09-04,CI,Côte d'Ivoire,AFRO,202,86808,2,819,85989
2022-09-11,CI,Côte d'Ivoire,AFRO,111,86919,3,822,86097
2022-09-18,CI,Côte d'Ivoire,AFRO,100,87019,0,822,86197
2022-09-25,CI,Côte d'Ivoire,AFRO,110,87129,1,823,86306
2022-10-02,CI,Côte d'Ivoire,AFRO,129,87258,3,826,86432
2022-10-09,CI,Côte d'Ivoire,AFRO,164,87422,0,826,86596
2022-10-16,CI,Côte d'Ivoire,AFRO,152,87574,1,827,86747
2022-10-23,CI,Côte d'Ivoire,AFRO,119,87693,0,827,86866
2022-10-30,CI,Côte d'Ivoire,AFRO,71,87764,0,827,86937
2022-11-06,CI,Côte d'Ivoire,AFRO,66,87830,2,829,87001
2022-11-13,CI,Côte d'Ivoire,AFRO,24,87854,0,829,87025
2022-11-20,CI,Côte d'Ivoire,AFRO,16,87870,1,830,87040
2022-11-27,CI,Côte d'Ivoire,AFRO,15,87885,0,830,87055
2022-12-04,CI,Côte d'Ivoire,AFRO,2,87887,0,830,87057
2022-12-11,CI,Côte d'Ivoire,AFRO,7,87894,0,830,87064
2022-12-18,CI,Côte d'Ivoire,AFRO,17,87911,0,830,87081
2022-12-25,CI,Côte d'Ivoire,AFRO,22,87933,0,830,87103
2023-01-01,CI,Côte d'Ivoire,AFRO,8,87941,1,831,87110
2023-01-08,CI,Côte d'Ivoire,AFRO,16,87957,2,833,87124
2023-01-15,CI,Côte d'Ivoire,AFRO,3,87960,0,833,87127
2023-01-22,CI,Côte d'Ivoire,AFRO,6,87966,0,833,87133
2023-01-29,CI,Côte d'Ivoire,AFRO,8,87974,0,833,87141
2023-02-05,CI,Côte d'Ivoire,AFRO,26,88000,0,833,87167
2023-02-12,CI,Côte d'Ivoire,AFRO,58,88058,1,834,87224
2023-02-19,CI,Côte d'Ivoire,AFRO,51,88109,0,834,87275
2023-02-26,CI,Côte d'Ivoire,AFRO,73,88182,0,834,87348
2023-03-05,CI,Côte d'Ivoire,AFRO,58,88240,0,834,87406
2023-03-12,CI,Côte d'Ivoire,AFRO,28,88268,0,834,87434
2023-03-19,CI,Côte d'Ivoire,AFRO,25,88293,0,834,87459
2023-03-26,CI,Côte d'Ivoire,AFRO,4,88297,0,834,87463
2023-04-02,CI,Côte d'Ivoire,AFRO,4,88301,0,834,87467
2023-04-09,CI,Côte d'Ivoire,AFRO,7,88308,0,834,87474
2023-04-16,CI,Côte d'Ivoire,AFRO,8,88316,0,834,87482
2023-04-23,CI,Côte d'Ivoire,AFRO,5,88321,0,834,87487
2023-04-30,CI,Côte d'Ivoire,AFRO,2,88323,0,834,87489
2023-05-07,CI,Côte d'Ivoire,AFRO,3,88326,0,834,87492
2023-05-14,CI,Côte d'Ivoire,AFRO,3,88329,0,834,87495
2023-05-21,CI,Côte d'Ivoire,AFRO,1,88330,0,834,87496
2023-05-28,CI,Côte d'Ivoire,AFRO,0,88330,0,834,87496
2023-06-04,CI,Côte d'Ivoire,AFRO,1,88331,1,835,87496
2023-06-11,CI,Côte d'Ivoire,AFRO,1,88332,0,835,87497
2023-06-18,CI,Côte d'Ivoire,AFRO,0,88332,0,835,87497
2023-06-25,CI,Côte d'Ivoire,AFRO,3,88335,0,835,87500
2023-07-02,CI,Côte d'Ivoire,AFRO,1,88336,0,835,87501
2023-07-09,CI,Côte d'Ivoire,AFRO,0,88336,0,835,87501
2023-07-16,CI,Côte d'Ivoire,AFRO,2,88338,0,835,87503
2023-07-23,CI,Côte d'Ivoire,AFRO,0,88338,0,835,87503
2023-07-30,CI,Côte d'Ivoire,AFRO,0,88338,0,835,87503
2023-08-06,CI,Côte d'Ivoire,AFRO,0,88338,0,835,87503
2023-08-13,CI,Côte d'Ivoire,AFRO,0,88338,0,835,87503
2023-08-20,CI,Côte d'Ivoire,AFRO,0,88338,0,835,87503
2023-08-27,CI,Côte d'Ivoire,AFRO,0,88338,0,835,87503
2023-09-03,CI,Côte d'Ivoire,AFRO,0,88338,0,835,87503
2023-09-10,CI,Côte d'Ivoire,AFRO,0,88338,0,835,87503
2023-09-17,CI,Côte d'Ivoire,AFRO,0,88338,0,835,87503
2023-09-24,CI,Côte d'Ivoire,AFRO,0,88338,0,835,87503
2023-10-01,CI,Côte d'Ivoire,AFRO,0,88338,0,835,87503
2023-10-08,CI,Côte d'Ivoire,AFRO,15,88353,0,835,87518
2023-10-15,CI,Côte d'Ivoire,AFRO,0,88353,0,835,87518
2023-10-22,CI,Côte d'Ivoire,AFRO,4,88357,0,835,87522
2023-10-29,CI,Côte d'Ivoire,AFRO,7,88364,0,835,87529
2023-11-05,CI,Côte d'Ivoire,AFRO,4,88368,0,835,87533
2023-11-12,CI,Côte d'Ivoire,AFRO,1,88369,0,835,87534
2023-11-19,CI,Côte d'Ivoire,AFRO,0,88369,0,835,87534
2023-11-26,CI,Côte d'Ivoire,AFRO,11,88380,0,835,87545
2023-12-03,CI,Côte d'Ivoire,AFRO,0,88380,0,835,87545
2023-12-10,CI,Côte d'Ivoire,AFRO,0,88380,0,835,87545
2023-12-17,CI,Côte d'Ivoire,AFRO,4,88384,0,835,87549
2023-12-24,CI,Côte d'Ivoire,AFRO,0,88384,0,835,87549
2023-12-31,CI,Côte d'Ivoire,AFRO,0,88384,0,835,87549
2024-01-07,CI,Côte d'Ivoire,AFRO,0,88384,0,835,87549
2024-01-14,CI,Côte d'Ivoire,AFRO,0,88384,0,835,87549
2024-01-21,CI,Côte d'Ivoire,AFRO,0,88384,0,835,87549
2024-01-28,CI,Côte d'Ivoire,AFRO,0,88384,0,835,87549
2024-02-04,CI,Côte d'Ivoire,AFRO,0,88384,0,835,87549
2024-02-11,CI,Côte d'Ivoire,AFRO,0,88384,0,835,87549
2024-02-18,CI,Côte d'Ivoire,AFRO,0,88384,0,835,87549
2024-02-25,CI,Côte d'Ivoire,AFRO,0,88384,0,835,87549
2024-03-03,CI,Côte d'Ivoire,AFRO,0,88384,0,835,87549
2024-03-10,CI,Côte d'Ivoire,AFRO,0,88384,0,835,87549
2024-03-17,CI,Côte d'Ivoire,AFRO,6,88390,0,835,87555
2024-03-24,CI,Côte d'Ivoire,AFRO,9,88399,0,835,87564
2024-03-31,CI,Côte d'Ivoire,AFRO,4,88403,0,835,87568
2024-04-07,CI,Côte d'Ivoire,AFRO,5,88408,0,835,87573
2024-04-14,CI,Côte d'Ivoire,AFRO,8,88416,0,835,87581
2024-04-21,CI,Côte d'Ivoire,AFRO,5,88421,0,835,87586
2024-04-28,CI,Côte d'Ivoire,AFRO,4,88425,0,835,87590
2024-05-05,CI,Côte d'Ivoire,AFRO,0,88425,0,835,87590
2024-05-12,CI,Côte d'Ivoire,AFRO,0,88425,0,835,87590
2024-05-19,CI,Côte d'Ivoire,AFRO,0,88425,0,835,87590
2024-05-26,CI,Côte d'Ivoire,AFRO,2,88427,0,835,87592
2024-06-02,CI,Côte d'Ivoire,AFRO,0,88427,0,835,87592
2024-06-09,CI,Côte d'Ivoire,AFRO,1,88428,0,835,87593
2024-06-16,CI,Côte d'Ivoire,AFRO,0,88428,0,835,87593
2024-06-23,CI,Côte d'Ivoire,AFRO,2,88430,0,835,87595
2024-06-30,CI,Côte d'Ivoire,AFRO,0,88430,0,835,87595
2024-07-07,CI,Côte d'Ivoire,AFRO,1,88431,0,835,87596
2024-07-14,CI,Côte d'Ivoire,AFRO,1,88432,0,835,87597
2024-07-21,CI,Côte d'Ivoire,AFRO,1,88433,0,835,87598
2024-07-28,CI,Côte d'Ivoire,AFRO,1,88434,0,835,87599
2024-08-04,CI,Côte d'Ivoire,AFRO,0,88434,0,835,87599
2024-08-11,CI,Côte d'Ivoire,AFRO,1,88435,0,835,87600
2024-08-18,CI,Côte d'Ivoire,AFRO,2,88437,0,835,87602
2024-08-25,CI,Côte d'Ivoire,AFRO,2,88439,0,835,87604
2024-09-01,CI,Côte d'Ivoire,AFRO,3,88442,0,835,87607
2024-09-08,CI,Côte d'Ivoire,AFRO,1,88443,0,835,87608
2024-09-15,CI,Côte d'Ivoire,AFRO,0,88443,0,835,87608
2024-09-22,CI,Côte d'Ivoire,AFRO,1,88444,0,835,87609
2024-09-29,CI,Côte d'Ivoire,AFRO,2,88446,0,835,87611
2024-10-06,CI,Côte d'Ivoire,AFRO,2,88448,0,835,87613
2024-10-13,CI,Côte d'Ivoire,AFRO,0,88448,0,835,87613
2024-10-20,CI,Côte d'Ivoire,AFRO,3,88451,0,835,87616
2024-10-27,CI,Côte d'Ivoire,AFRO,3,88454,0,835,87619
2024-11-03,CI,Côte d'Ivoire,AFRO,0,88454,0,835,87619
2024-11-10,CI,Côte d'Ivoire,AFRO,0,88454,0,835,87619
2024-11-17,CI,Côte d'Ivoire,AFRO,0,88454,0,835,87619
2020-01-05,HR,Croatia,EURO,0,0,0,0,0
2020-01-12,HR,Croatia,EURO,0,0,0,0,0
2020-01-19,HR,Croatia,EURO,0,0,0,0,0
2020-01-26,HR,Croatia,EURO,0,0,0,0,0
2020-02-02,HR,Croatia,EURO,0,0,0,0,0
2020-02-09,HR,Croatia,EURO,0,0,0,0,0
2020-02-16,HR,Croatia,EURO,0,0,0,0,0
2020-02-23,HR,Croatia,EURO,0,0,0,0,0
2020-03-01,HR,Croatia,EURO,6,6,0,0,6
2020-03-08,HR,Croatia,EURO,6,12,0,0,12
2020-03-15,HR,Croatia,EURO,26,38,0,0,38
2020-03-22,HR,Croatia,EURO,168,206,1,1,205
2020-03-29,HR,Croatia,EURO,451,657,4,5,652
2020-04-05,HR,Croatia,EURO,469,1126,7,12,1114
2020-04-12,HR,Croatia,EURO,408,1534,9,21,1513
2020-04-19,HR,Croatia,EURO,298,1832,18,39,1793
2020-04-26,HR,Croatia,EURO,184,2016,15,54,1962
2020-05-03,HR,Croatia,EURO,72,2088,23,77,2011
2020-05-10,HR,Croatia,EURO,88,2176,10,87,2089
2020-05-17,HR,Croatia,EURO,48,2224,8,95,2129
2020-05-24,HR,Croatia,EURO,19,2243,4,99,2144
2020-05-31,HR,Croatia,EURO,3,2246,4,103,2143
2020-06-07,HR,Croatia,EURO,1,2247,1,104,2143
2020-06-14,HR,Croatia,EURO,4,2251,3,107,2144
2020-06-21,HR,Croatia,EURO,48,2299,0,107,2192
2020-06-28,HR,Croatia,EURO,325,2624,0,107,2517
2020-07-05,HR,Croatia,EURO,470,3094,6,113,2981
2020-07-12,HR,Croatia,EURO,578,3672,5,118,3554
2020-07-19,HR,Croatia,EURO,581,4253,2,120,4133
2020-07-26,HR,Croatia,EURO,539,4792,13,133,4659
2020-08-02,HR,Croatia,EURO,432,5224,12,145,5079
2020-08-09,HR,Croatia,EURO,319,5543,12,157,5386
2020-08-16,HR,Croatia,EURO,877,6420,8,165,6255
2020-08-23,HR,Croatia,EURO,1480,7900,5,170,7730
2020-08-30,HR,Croatia,EURO,1961,9861,13,183,9678
2020-09-06,HR,Croatia,EURO,1878,11739,14,197,11542
2020-09-13,HR,Croatia,EURO,1629,13368,21,218,13150
2020-09-20,HR,Croatia,EURO,1357,14725,26,244,14481
2020-09-27,HR,Croatia,EURO,1282,16007,25,269,15738
2020-10-04,HR,Croatia,EURO,1394,17401,24,293,17108
2020-10-11,HR,Croatia,EURO,2531,19932,24,317,19615
2020-10-18,HR,Croatia,EURO,4829,24761,38,355,24406
2020-10-25,HR,Croatia,EURO,9198,33959,74,429,33530
2020-11-01,HR,Croatia,EURO,15357,49316,117,546,48770
2020-11-08,HR,Croatia,EURO,15388,64704,206,752,63952
2020-11-15,HR,Croatia,EURO,17140,81844,254,1006,80838
2020-11-22,HR,Croatia,EURO,18566,100410,298,1304,99106
2020-11-29,HR,Croatia,EURO,23283,123693,351,1655,122038
2020-12-06,HR,Croatia,EURO,23761,147454,447,2102,145352
2020-12-13,HR,Croatia,EURO,25069,172523,460,2562,169961
2020-12-20,HR,Croatia,EURO,20464,192987,539,3101,189886
2020-12-27,HR,Croatia,EURO,11325,204312,512,3613,200699
2021-01-03,HR,Croatia,EURO,7950,212262,403,4016,208246
2021-01-10,HR,Croatia,EURO,7085,219347,326,4342,215005
2021-01-17,HR,Croatia,EURO,5228,224575,246,4588,219987
2021-01-24,HR,Croatia,EURO,3993,228568,211,4799,223769
2021-01-31,HR,Croatia,EURO,3522,232090,199,4998,227092
2021-02-07,HR,Croatia,EURO,3036,235126,146,5144,229982
2021-02-14,HR,Croatia,EURO,2333,237459,155,5299,232160
2021-02-21,HR,Croatia,EURO,2226,239685,121,5420,234265
2021-02-28,HR,Croatia,EURO,2932,242617,91,5511,237106
2021-03-07,HR,Croatia,EURO,3503,246120,74,5585,240535
2021-03-14,HR,Croatia,EURO,4364,250484,85,5670,244814
2021-03-21,HR,Croatia,EURO,6321,256805,83,5753,251052
2021-03-28,HR,Croatia,EURO,9096,265901,119,5872,260029
2021-04-04,HR,Croatia,EURO,12749,278650,153,6025,272625
2021-04-11,HR,Croatia,EURO,12249,290899,244,6269,284630
2021-04-18,HR,Croatia,EURO,15326,306225,254,6523,299702
2021-04-25,HR,Croatia,EURO,15147,321372,292,6815,314557
2021-05-02,HR,Croatia,EURO,12857,334229,315,7130,327099
2021-05-09,HR,Croatia,EURO,9600,343829,294,7424,336405
2021-05-16,HR,Croatia,EURO,6081,349910,263,7687,342223
2021-05-23,HR,Croatia,EURO,3825,353735,196,7883,345852
2021-05-30,HR,Croatia,EURO,2220,355955,119,8002,347953
2021-06-06,HR,Croatia,EURO,1453,357408,78,8080,349328
2021-06-13,HR,Croatia,EURO,1096,358504,52,8132,350372
2021-06-20,HR,Croatia,EURO,611,359115,37,8169,350946
2021-06-27,HR,Croatia,EURO,492,359607,28,8197,351410
2021-07-04,HR,Croatia,EURO,574,360181,18,8215,351966
2021-07-11,HR,Croatia,EURO,587,360768,12,8227,352541
2021-07-18,HR,Croatia,EURO,720,361488,9,8236,353252
2021-07-25,HR,Croatia,EURO,1008,362496,9,8245,354251
2021-08-01,HR,Croatia,EURO,1119,363615,14,8259,355356
2021-08-08,HR,Croatia,EURO,1217,364832,12,8271,356561
2021-08-15,HR,Croatia,EURO,1892,366724,11,8282,358442
2021-08-22,HR,Croatia,EURO,2668,369392,16,8298,361094
2021-08-29,HR,Croatia,EURO,3422,372814,26,8324,364490
2021-09-05,HR,Croatia,EURO,4485,377299,38,8362,368937
2021-09-12,HR,Croatia,EURO,5809,383108,65,8427,374681
2021-09-19,HR,Croatia,EURO,8001,391109,66,8493,382616
2021-09-26,HR,Croatia,EURO,7945,399054,87,8580,390474
2021-10-03,HR,Croatia,EURO,8701,407755,84,8664,399091
2021-10-10,HR,Croatia,EURO,9195,416950,99,8763,408187
2021-10-17,HR,Croatia,EURO,9663,426613,114,8877,417736
2021-10-24,HR,Croatia,EURO,16419,443032,133,9010,434022
2021-10-31,HR,Croatia,EURO,23997,467029,188,9198,457831
2021-11-07,HR,Croatia,EURO,30139,497168,252,9450,487718
2021-11-14,HR,Croatia,EURO,37433,534601,390,9840,524761
2021-11-21,HR,Croatia,EURO,31517,566118,403,10243,555875
2021-11-28,HR,Croatia,EURO,33859,599977,452,10695,589282
2021-12-05,HR,Croatia,EURO,28264,628241,455,11150,617091
2021-12-12,HR,Croatia,EURO,23622,651863,424,11574,640289
2021-12-19,HR,Croatia,EURO,21564,673427,356,11930,661497
2021-12-26,HR,Croatia,EURO,19675,693102,349,12279,680823
2022-01-02,HR,Croatia,EURO,27436,720538,292,12571,707967
2022-01-09,HR,Croatia,EURO,37734,758272,270,12841,745431
2022-01-16,HR,Croatia,EURO,53431,811703,232,13073,798630
2022-01-23,HR,Croatia,EURO,58262,869965,298,13371,856594
2022-01-30,HR,Croatia,EURO,59537,929502,360,13731,915771
2022-02-06,HR,Croatia,EURO,49498,979000,347,14078,964922
2022-02-13,HR,Croatia,EURO,33703,1012703,346,14424,998279
2022-02-20,HR,Croatia,EURO,26454,1039157,349,14773,1024384
2022-02-27,HR,Croatia,EURO,14411,1053568,239,15012,1038556
2022-03-06,HR,Croatia,EURO,9385,1062953,182,15194,1047759
2022-03-13,HR,Croatia,EURO,9477,1072430,127,15321,1057109
2022-03-20,HR,Croatia,EURO,10681,1083111,104,15425,1067686
2022-03-27,HR,Croatia,EURO,9987,1093098,84,15509,1077589
2022-04-03,HR,Croatia,EURO,8823,1101921,83,15592,1086329
2022-04-10,HR,Croatia,EURO,6630,1108551,83,15675,1092876
2022-04-17,HR,Croatia,EURO,4584,1113135,50,15725,1097410
2022-04-24,HR,Croatia,EURO,4040,1117175,53,15778,1101397
2022-05-01,HR,Croatia,EURO,5284,1122459,50,15828,1106631
2022-05-08,HR,Croatia,EURO,4877,1127336,53,15881,1111455
2022-05-15,HR,Croatia,EURO,3769,1131105,44,15925,1115180
2022-05-22,HR,Croatia,EURO,2922,1134027,36,15961,1118066
2022-05-29,HR,Croatia,EURO,2202,1136229,18,15979,1120250
2022-06-05,HR,Croatia,EURO,1635,1137864,19,15998,1121866
2022-06-12,HR,Croatia,EURO,1799,1139663,18,16016,1123647
2022-06-19,HR,Croatia,EURO,1913,1141576,11,16027,1125549
2022-06-26,HR,Croatia,EURO,3477,1145053,21,16048,1129005
2022-07-03,HR,Croatia,EURO,5600,1150653,25,16073,1134580
2022-07-10,HR,Croatia,EURO,7767,1158420,30,16103,1142317
2022-07-17,HR,Croatia,EURO,8712,1167132,44,16147,1150985
2022-07-24,HR,Croatia,EURO,9387,1176519,59,16206,1160313
2022-07-31,HR,Croatia,EURO,9280,1185799,94,16300,1169499
2022-08-07,HR,Croatia,EURO,6756,1192555,89,16389,1176166
2022-08-14,HR,Croatia,EURO,7558,1200113,95,16484,1183629
2022-08-21,HR,Croatia,EURO,5835,1205948,75,16559,1189389
2022-08-28,HR,Croatia,EURO,5471,1211419,87,16646,1194773
2022-09-04,HR,Croatia,EURO,4580,1215999,86,16732,1199267
2022-09-11,HR,Croatia,EURO,4016,1220015,60,16792,1203223
2022-09-18,HR,Croatia,EURO,4351,1224366,45,16837,1207529
2022-09-25,HR,Croatia,EURO,4208,1228574,38,16875,1211699
2022-10-02,HR,Croatia,EURO,4686,1233260,37,16912,1216348
2022-10-09,HR,Croatia,EURO,4427,1237687,47,16959,1220728
2022-10-16,HR,Croatia,EURO,3696,1241383,53,17012,1224371
2022-10-23,HR,Croatia,EURO,2982,1244365,58,17070,1227295
2022-10-30,HR,Croatia,EURO,2366,1246731,58,17128,1229603
2022-11-06,HR,Croatia,EURO,1719,1248450,57,17185,1231265
2022-11-13,HR,Croatia,EURO,1493,1249943,33,17218,1232725
2022-11-20,HR,Croatia,EURO,1282,1251225,42,17260,1233965
2022-11-27,HR,Croatia,EURO,1661,1252886,32,17292,1235594
2022-12-04,HR,Croatia,EURO,1758,1254644,47,17339,1237305
2022-12-11,HR,Croatia,EURO,2174,1256818,57,17396,1239422
2022-12-18,HR,Croatia,EURO,2295,1259113,51,17447,1241666
2022-12-25,HR,Croatia,EURO,2653,1261766,68,17515,1244251
2023-01-01,HR,Croatia,EURO,2135,1263901,81,17596,1246305
2023-01-08,HR,Croatia,EURO,1432,1265333,73,17669,1247664
2023-01-15,HR,Croatia,EURO,1072,1266405,90,17759,1248646
2023-01-22,HR,Croatia,EURO,616,1267021,50,17809,1249212
2023-01-29,HR,Croatia,EURO,446,1267467,49,17858,1249609
2023-02-05,HR,Croatia,EURO,383,1267850,33,17891,1249959
2023-02-12,HR,Croatia,EURO,335,1268185,30,17921,1250264
2023-02-19,HR,Croatia,EURO,376,1268561,21,17942,1250619
2023-02-26,HR,Croatia,EURO,105,1268666,8,17950,1250716
2023-03-05,HR,Croatia,EURO,326,1268992,21,17971,1251021
2023-03-12,HR,Croatia,EURO,334,1269326,16,17987,1251339
2023-03-19,HR,Croatia,EURO,361,1269687,19,18006,1251681
2023-03-26,HR,Croatia,EURO,388,1270075,19,18025,1252050
2023-04-02,HR,Croatia,EURO,438,1270513,19,18044,1252469
2023-04-09,HR,Croatia,EURO,378,1270891,25,18069,1252822
2023-04-16,HR,Croatia,EURO,385,1271276,22,18091,1253185
2023-04-23,HR,Croatia,EURO,542,1271818,38,18129,1253689
2023-04-30,HR,Croatia,EURO,559,1272377,26,18155,1254222
2023-05-07,HR,Croatia,EURO,509,1272886,25,18180,1254706
2023-05-14,HR,Croatia,EURO,370,1273256,33,18213,1255043
2023-05-21,HR,Croatia,EURO,252,1273508,17,18230,1255278
2023-05-28,HR,Croatia,EURO,163,1273671,16,18246,1255425
2023-06-04,HR,Croatia,EURO,124,1273795,9,18255,1255540
2023-06-11,HR,Croatia,EURO,76,1273871,11,18266,1255605
2023-06-18,HR,Croatia,EURO,36,1273907,1,18267,1255640
2023-06-25,HR,Croatia,EURO,52,1273959,2,18269,1255690
2023-07-02,HR,Croatia,EURO,32,1273991,4,18273,1255718
2023-07-09,HR,Croatia,EURO,23,1274014,2,18275,1255739
2023-07-16,HR,Croatia,EURO,26,1274040,1,18276,1255764
2023-07-23,HR,Croatia,EURO,28,1274068,5,18281,1255787
2023-07-30,HR,Croatia,EURO,22,1274090,1,18282,1255808
2023-08-06,HR,Croatia,EURO,33,1274123,4,18286,1255837
2023-08-13,HR,Croatia,EURO,31,1274154,2,18288,1255866
2023-08-20,HR,Croatia,EURO,44,1274198,2,18290,1255908
2023-08-27,HR,Croatia,EURO,83,1274281,2,18292,1255989
2023-09-03,HR,Croatia,EURO,153,1274434,5,18297,1256137
2023-09-10,HR,Croatia,EURO,169,1274603,9,18306,1256297
2023-09-17,HR,Croatia,EURO,231,1274834,12,18318,1256516
2023-09-24,HR,Croatia,EURO,237,1275071,14,18332,1256739
2023-10-01,HR,Croatia,EURO,266,1275337,19,18351,1256986
2023-10-08,HR,Croatia,EURO,222,1275559,7,18358,1257201
2023-10-15,HR,Croatia,EURO,203,1275762,16,18374,1257388
2023-10-22,HR,Croatia,EURO,239,1276001,23,18397,1257604
2023-10-29,HR,Croatia,EURO,215,1276216,17,18414,1257802
2023-11-05,HR,Croatia,EURO,1692,1277908,19,18433,1259475
2023-11-12,HR,Croatia,EURO,1982,1279890,13,18446,1261444
2023-11-19,HR,Croatia,EURO,2535,1282425,24,18470,1263955
2023-11-26,HR,Croatia,EURO,3035,1285460,17,18487,1266973
2023-12-03,HR,Croatia,EURO,4369,1289829,42,18529,1271300
2023-12-10,HR,Croatia,EURO,5294,1295123,43,18572,1276551
2023-12-17,HR,Croatia,EURO,6422,1301545,55,18627,1282918
2023-12-24,HR,Croatia,EURO,5383,1306928,37,18664,1288264
2023-12-31,HR,Croatia,EURO,2800,1309728,23,18687,1291041
2024-01-07,HR,Croatia,EURO,2365,1312093,38,18725,1293368
2024-01-14,HR,Croatia,EURO,2076,1314169,7,18732,1295437
2024-01-21,HR,Croatia,EURO,1294,1315463,4,18736,1296727
2024-01-28,HR,Croatia,EURO,847,1316310,8,18744,1297566
2024-02-04,HR,Croatia,EURO,555,1316865,4,18748,1298117
2024-02-11,HR,Croatia,EURO,370,1317235,0,18748,1298487
2024-02-18,HR,Croatia,EURO,217,1317452,0,18748,1298704
2024-02-25,HR,Croatia,EURO,194,1317646,1,18749,1298897
2024-03-03,HR,Croatia,EURO,143,1317789,1,18750,1299039
2024-03-10,HR,Croatia,EURO,97,1317886,0,18750,1299136
2024-03-17,HR,Croatia,EURO,85,1317971,1,18751,1299220
2024-03-24,HR,Croatia,EURO,61,1318032,0,18751,1299281
2024-03-31,HR,Croatia,EURO,42,1318074,0,18751,1299323
2024-04-07,HR,Croatia,EURO,41,1318115,0,18751,1299364
2024-04-14,HR,Croatia,EURO,25,1318140,1,18752,1299388
2024-04-21,HR,Croatia,EURO,49,1318189,0,18752,1299437
2024-04-28,HR,Croatia,EURO,49,1318238,0,18752,1299486
2024-05-05,HR,Croatia,EURO,61,1318299,0,18752,1299547
2024-05-12,HR,Croatia,EURO,71,1318370,0,18752,1299618
2024-05-19,HR,Croatia,EURO,89,1318459,0,18752,1299707
2024-05-26,HR,Croatia,EURO,72,1318531,0,18752,1299779
2024-06-02,HR,Croatia,EURO,40,1318571,0,18752,1299819
2024-06-09,HR,Croatia,EURO,126,1318697,0,18752,1299945
2024-06-16,HR,Croatia,EURO,182,1318879,0,18752,1300127
2024-06-23,HR,Croatia,EURO,216,1319095,0,18752,1300343
2024-06-30,HR,Croatia,EURO,255,1319350,0,18752,1300598
2024-07-07,HR,Croatia,EURO,408,1319758,0,18752,1301006
2024-07-14,HR,Croatia,EURO,476,1320234,0,18752,1301482
2024-07-21,HR,Croatia,EURO,674,1320908,1,18753,1302155
2024-07-28,HR,Croatia,EURO,918,1321826,0,18753,1303073
2024-08-04,HR,Croatia,EURO,925,1322751,1,18754,1303997
2024-08-11,HR,Croatia,EURO,922,1323673,3,18757,1304916
2024-08-18,HR,Croatia,EURO,1150,1324823,3,18760,1306063
2024-08-25,HR,Croatia,EURO,2201,1327024,1,18761,1308263
2024-09-01,HR,Croatia,EURO,2556,1329580,0,18761,1310819
2024-09-08,HR,Croatia,EURO,2747,1332327,1,18762,1313565
2024-09-15,HR,Croatia,EURO,2493,1334820,3,18765,1316055
2024-09-22,HR,Croatia,EURO,2979,1337799,4,18769,1319030
2024-09-29,HR,Croatia,EURO,3394,1341193,2,18771,1322422
2024-10-06,HR,Croatia,EURO,2476,1343669,3,18774,1324895
2024-10-13,HR,Croatia,EURO,2202,1345871,0,18774,1327097
2024-10-20,HR,Croatia,EURO,1596,1347467,0,18774,1328693
2024-10-27,HR,Croatia,EURO,1177,1348644,2,18776,1329868
2024-11-03,HR,Croatia,EURO,791,1349435,1,18777,1330658
2024-11-10,HR,Croatia,EURO,666,1350101,0,18777,1331324
2024-11-17,HR,Croatia,EURO,586,1350687,0,18777,1331910
2020-01-05,CU,Cuba,AMRO,0,0,0,0,0
2020-01-12,CU,Cuba,AMRO,0,0,0,0,0
2020-01-19,CU,Cuba,AMRO,0,0,0,0,0
2020-01-26,CU,Cuba,AMRO,0,0,0,0,0
2020-02-02,CU,Cuba,AMRO,0,0,0,0,0
2020-02-09,CU,Cuba,AMRO,0,0,0,0,0
2020-02-16,CU,Cuba,AMRO,0,0,0,0,0
2020-02-23,CU,Cuba,AMRO,0,0,0,0,0
2020-03-01,CU,Cuba,AMRO,0,0,0,0,0
2020-03-08,CU,Cuba,AMRO,0,0,0,0,0
2020-03-15,CU,Cuba,AMRO,4,4,0,0,4
2020-03-22,CU,Cuba,AMRO,12,16,1,1,15
2020-03-29,CU,Cuba,AMRO,103,119,2,3,116
2020-04-05,CU,Cuba,AMRO,169,288,3,6,282
2020-04-12,CU,Cuba,AMRO,332,620,10,16,604
2020-04-19,CU,Cuba,AMRO,366,986,16,32,954
2020-04-26,CU,Cuba,AMRO,351,1337,19,51,1286
2020-05-03,CU,Cuba,AMRO,274,1611,15,66,1545
2020-05-10,CU,Cuba,AMRO,143,1754,8,74,1680
2020-05-17,CU,Cuba,AMRO,108,1862,5,79,1783
2020-05-24,CU,Cuba,AMRO,69,1931,2,81,1850
2020-05-31,CU,Cuba,AMRO,94,2025,2,83,1942
2020-06-07,CU,Cuba,AMRO,148,2173,0,83,2090
2020-06-14,CU,Cuba,AMRO,65,2238,1,84,2154
2020-06-21,CU,Cuba,AMRO,71,2309,1,85,2224
2020-06-28,CU,Cuba,AMRO,21,2330,1,86,2244
2020-07-05,CU,Cuba,AMRO,39,2369,0,86,2283
2020-07-12,CU,Cuba,AMRO,51,2420,1,87,2333
2020-07-19,CU,Cuba,AMRO,25,2445,0,87,2358
2020-07-26,CU,Cuba,AMRO,33,2478,0,87,2391
2020-08-02,CU,Cuba,AMRO,155,2633,0,87,2546
2020-08-09,CU,Cuba,AMRO,255,2888,1,88,2800
2020-08-16,CU,Cuba,AMRO,404,3292,0,88,3204
2020-08-23,CU,Cuba,AMRO,325,3617,1,89,3528
2020-08-30,CU,Cuba,AMRO,308,3925,5,94,3831
2020-09-06,CU,Cuba,AMRO,373,4298,6,100,4198
2020-09-13,CU,Cuba,AMRO,355,4653,8,108,4545
2020-09-20,CU,Cuba,AMRO,402,5055,5,113,4942
2020-09-27,CU,Cuba,AMRO,357,5412,7,120,5292
2020-10-04,CU,Cuba,AMRO,368,5780,2,122,5658
2020-10-11,CU,Cuba,AMRO,168,5948,1,123,5825
2020-10-18,CU,Cuba,AMRO,222,6170,2,125,6045
2020-10-25,CU,Cuba,AMRO,364,6534,3,128,6406
2020-11-01,CU,Cuba,AMRO,353,6887,0,128,6759
2020-11-08,CU,Cuba,AMRO,380,7267,2,130,7137
2020-11-15,CU,Cuba,AMRO,301,7568,1,131,7437
2020-11-22,CU,Cuba,AMRO,230,7798,1,132,7666
2020-11-29,CU,Cuba,AMRO,375,8173,1,133,8040
2020-12-06,CU,Cuba,AMRO,541,8714,3,136,8578
2020-12-13,CU,Cuba,AMRO,640,9354,1,137,9217
2020-12-20,CU,Cuba,AMRO,670,10024,0,137,9887
2020-12-27,CU,Cuba,AMRO,1014,11038,4,141,10897
2021-01-03,CU,Cuba,AMRO,1187,12225,5,146,12079
2021-01-10,CU,Cuba,AMRO,1963,14188,2,148,14040
2021-01-17,CU,Cuba,AMRO,3313,17501,18,166,17335
2021-01-24,CU,Cuba,AMRO,3126,20627,25,191,20436
2021-01-31,CU,Cuba,AMRO,5047,25674,22,213,25461
2021-02-07,CU,Cuba,AMRO,6337,32011,20,233,31778
2021-02-14,CU,Cuba,AMRO,5472,37483,28,261,37222
2021-02-21,CU,Cuba,AMRO,6001,43484,30,291,43193
2021-02-28,CU,Cuba,AMRO,5677,49161,27,318,48843
2021-03-07,CU,Cuba,AMRO,5674,54835,26,344,54491
2021-03-14,CU,Cuba,AMRO,5723,60558,22,366,60192
2021-03-21,CU,Cuba,AMRO,5404,65962,26,392,65570
2021-03-28,CU,Cuba,AMRO,5622,71584,22,414,71170
2021-04-04,CU,Cuba,AMRO,6798,78382,17,431,77951
2021-04-11,CU,Cuba,AMRO,7190,85572,22,453,85119
2021-04-18,CU,Cuba,AMRO,6902,92474,59,512,91962
2021-04-25,CU,Cuba,AMRO,7844,100318,69,581,99737
2021-05-02,CU,Cuba,AMRO,7304,107622,73,654,106968
2021-05-09,CU,Cuba,AMRO,7290,114912,68,722,114190
2021-05-16,CU,Cuba,AMRO,8309,123221,74,796,122425
2021-05-23,CU,Cuba,AMRO,8611,131832,67,863,130969
2021-05-30,CU,Cuba,AMRO,8255,140087,80,943,139144
2021-06-06,CU,Cuba,AMRO,7744,147831,60,1003,146828
2021-06-13,CU,Cuba,AMRO,8407,156238,54,1057,155181
2021-06-20,CU,Cuba,AMRO,10130,166368,91,1148,165220
2021-06-27,CU,Cuba,AMRO,13288,179656,83,1231,178425
2021-07-04,CU,Cuba,AMRO,21072,200728,106,1337,199391
2021-07-11,CU,Cuba,AMRO,30840,231568,122,1459,230109
2021-07-18,CU,Cuba,AMRO,44040,275608,384,1843,273765
2021-07-25,CU,Cuba,AMRO,48507,324115,428,2271,321844
2021-08-01,CU,Cuba,AMRO,60481,384596,487,2758,381838
2021-08-08,CU,Cuba,AMRO,64196,448792,597,3355,445437
2021-08-15,CU,Cuba,AMRO,60240,509032,570,3925,505107
2021-08-22,CU,Cuba,AMRO,64719,573751,556,4481,569270
2021-08-29,CU,Cuba,AMRO,60410,634161,586,5067,629094
2021-09-05,CU,Cuba,AMRO,46292,680453,550,5617,674836
2021-09-12,CU,Cuba,AMRO,56715,737168,602,6219,730949
2021-09-19,CU,Cuba,AMRO,55765,792933,514,6733,786200
2021-09-26,CU,Cuba,AMRO,54561,847494,430,7163,840331
2021-10-03,CU,Cuba,AMRO,39856,887350,371,7534,879816
2021-10-10,CU,Cuba,AMRO,27429,914779,278,7812,906967
2021-10-17,CU,Cuba,AMRO,17989,932768,225,8037,924731
2021-10-24,CU,Cuba,AMRO,11663,944431,130,8167,936264
2021-10-31,CU,Cuba,AMRO,6894,951325,63,8230,943095
2021-11-07,CU,Cuba,AMRO,4173,955498,31,8261,947237
2021-11-14,CU,Cuba,AMRO,2892,958390,18,8279,950111
2021-11-21,CU,Cuba,AMRO,2082,960472,14,8293,952179
2021-11-28,CU,Cuba,AMRO,1595,962067,7,8300,953767
2021-12-05,CU,Cuba,AMRO,935,963002,7,8307,954695
2021-12-12,CU,Cuba,AMRO,564,963566,6,8313,955253
2021-12-19,CU,Cuba,AMRO,469,964035,1,8314,955721
2021-12-26,CU,Cuba,AMRO,572,964607,6,8320,956287
2022-01-02,CU,Cuba,AMRO,1866,966473,3,8323,958150
2022-01-09,CU,Cuba,AMRO,8214,974687,3,8326,966361
2022-01-16,CU,Cuba,AMRO,20944,995631,9,8335,987296
2022-01-23,CU,Cuba,AMRO,22973,1018604,23,8358,1010246
2022-01-30,CU,Cuba,AMRO,21238,1039842,32,8390,1031452
2022-02-06,CU,Cuba,AMRO,12378,1052220,41,8431,1043789
2022-02-13,CU,Cuba,AMRO,7614,1059834,36,8467,1051367
2022-02-20,CU,Cuba,AMRO,4923,1064757,19,8486,1056271
2022-02-27,CU,Cuba,AMRO,4000,1068757,8,8494,1060263
2022-03-06,CU,Cuba,AMRO,3717,1072474,5,8499,1063975
2022-03-13,CU,Cuba,AMRO,3755,1076229,4,8503,1067726
2022-03-20,CU,Cuba,AMRO,4457,1080686,3,8506,1072180
2022-03-27,CU,Cuba,AMRO,5675,1086361,3,8509,1077852
2022-04-03,CU,Cuba,AMRO,5491,1091852,3,8512,1083340
2022-04-10,CU,Cuba,AMRO,4382,1096234,5,8517,1087717
2022-04-17,CU,Cuba,AMRO,3210,1099444,3,8520,1090924
2022-04-24,CU,Cuba,AMRO,2042,1101486,3,8523,1092963
2022-05-01,CU,Cuba,AMRO,1455,1102941,3,8526,1094415
2022-05-08,CU,Cuba,AMRO,935,1103876,1,8527,1095349
2022-05-15,CU,Cuba,AMRO,620,1104496,2,8529,1095967
2022-05-22,CU,Cuba,AMRO,439,1104935,0,8529,1096406
2022-05-29,CU,Cuba,AMRO,292,1105227,0,8529,1096698
2022-06-05,CU,Cuba,AMRO,216,1105443,0,8529,1096914
2022-06-12,CU,Cuba,AMRO,149,1105592,0,8529,1097063
2022-06-19,CU,Cuba,AMRO,137,1105729,0,8529,1097200
2022-06-26,CU,Cuba,AMRO,167,1105896,0,8529,1097367
2022-07-03,CU,Cuba,AMRO,191,1106087,0,8529,1097558
2022-07-10,CU,Cuba,AMRO,278,1106365,0,8529,1097836
2022-07-17,CU,Cuba,AMRO,365,1106730,0,8529,1098201
2022-07-24,CU,Cuba,AMRO,581,1107311,0,8529,1098782
2022-07-31,CU,Cuba,AMRO,674,1107985,0,8529,1099456
2022-08-07,CU,Cuba,AMRO,721,1108706,0,8529,1100177
2022-08-14,CU,Cuba,AMRO,654,1109360,0,8529,1100831
2022-08-21,CU,Cuba,AMRO,551,1109911,0,8529,1101382
2022-08-28,CU,Cuba,AMRO,426,1110337,1,8530,1101807
2022-09-04,CU,Cuba,AMRO,331,1110668,0,8530,1102138
2022-09-11,CU,Cuba,AMRO,190,1110858,0,8530,1102328
2022-09-18,CU,Cuba,AMRO,153,1111011,0,8530,1102481
2022-09-25,CU,Cuba,AMRO,117,1111128,0,8530,1102598
2022-10-02,CU,Cuba,AMRO,66,1111194,0,8530,1102664
2022-10-09,CU,Cuba,AMRO,39,1111233,0,8530,1102703
2022-10-16,CU,Cuba,AMRO,18,1111251,0,8530,1102721
2022-10-23,CU,Cuba,AMRO,15,1111266,0,8530,1102736
2022-10-30,CU,Cuba,AMRO,15,1111281,0,8530,1102751
2022-11-06,CU,Cuba,AMRO,10,1111291,0,8530,1102761
2022-11-13,CU,Cuba,AMRO,26,1111317,0,8530,1102787
2022-11-20,CU,Cuba,AMRO,20,1111337,0,8530,1102807
2022-11-27,CU,Cuba,AMRO,31,1111368,0,8530,1102838
2022-12-04,CU,Cuba,AMRO,53,1111421,0,8530,1102891
2022-12-11,CU,Cuba,AMRO,109,1111530,0,8530,1103000
2022-12-18,CU,Cuba,AMRO,117,1111647,0,8530,1103117
2022-12-25,CU,Cuba,AMRO,180,1111827,0,8530,1103297
2023-01-01,CU,Cuba,AMRO,166,1111993,0,8530,1103463
2023-01-08,CU,Cuba,AMRO,141,1112134,0,8530,1103604
2023-01-15,CU,Cuba,AMRO,129,1112263,0,8530,1103733
2023-01-22,CU,Cuba,AMRO,78,1112341,0,8530,1103811
2023-01-29,CU,Cuba,AMRO,53,1112394,0,8530,1103864
2023-02-05,CU,Cuba,AMRO,79,1112473,0,8530,1103943
2023-02-12,CU,Cuba,AMRO,40,1112513,0,8530,1103983
2023-02-19,CU,Cuba,AMRO,30,1112543,0,8530,1104013
2023-02-26,CU,Cuba,AMRO,35,1112578,0,8530,1104048
2023-03-05,CU,Cuba,AMRO,44,1112622,0,8530,1104092
2023-03-12,CU,Cuba,AMRO,15,1112637,0,8530,1104107
2023-03-19,CU,Cuba,AMRO,60,1112697,0,8530,1104167
2023-03-26,CU,Cuba,AMRO,81,1112778,0,8530,1104248
2023-04-02,CU,Cuba,AMRO,47,1112825,0,8530,1104295
2023-04-09,CU,Cuba,AMRO,28,1112853,0,8530,1104323
2023-04-16,CU,Cuba,AMRO,137,1112990,0,8530,1104460
2023-04-23,CU,Cuba,AMRO,98,1113088,0,8530,1104558
2023-04-30,CU,Cuba,AMRO,0,1113088,0,8530,1104558
2023-05-07,CU,Cuba,AMRO,312,1113400,0,8530,1104870
2023-05-14,CU,Cuba,AMRO,194,1113594,0,8530,1105064
2023-05-21,CU,Cuba,AMRO,0,1113594,0,8530,1105064
2023-05-28,CU,Cuba,AMRO,0,1113594,0,8530,1105064
2023-06-04,CU,Cuba,AMRO,0,1113594,0,8530,1105064
2023-06-11,CU,Cuba,AMRO,0,1113594,0,8530,1105064
2023-06-18,CU,Cuba,AMRO,0,1113594,0,8530,1105064
2023-06-25,CU,Cuba,AMRO,0,1113594,0,8530,1105064
2023-07-02,CU,Cuba,AMRO,0,1113594,0,8530,1105064
2023-07-09,CU,Cuba,AMRO,0,1113594,0,8530,1105064
2023-07-16,CU,Cuba,AMRO,0,1113594,0,8530,1105064
2023-07-23,CU,Cuba,AMRO,0,1113594,0,8530,1105064
2023-07-30,CU,Cuba,AMRO,0,1113594,0,8530,1105064
2023-08-06,CU,Cuba,AMRO,0,1113594,0,8530,1105064
2023-08-13,CU,Cuba,AMRO,0,1113594,0,8530,1105064
2023-08-20,CU,Cuba,AMRO,0,1113594,0,8530,1105064
2023-08-27,CU,Cuba,AMRO,0,1113594,0,8530,1105064
2023-09-03,CU,Cuba,AMRO,0,1113594,0,8530,1105064
2023-09-10,CU,Cuba,AMRO,0,1113594,0,8530,1105064
2023-09-17,CU,Cuba,AMRO,0,1113594,0,8530,1105064
2023-09-24,CU,Cuba,AMRO,0,1113594,0,8530,1105064
2023-10-01,CU,Cuba,AMRO,0,1113594,0,8530,1105064
2023-10-08,CU,Cuba,AMRO,0,1113594,0,8530,1105064
2023-10-15,CU,Cuba,AMRO,0,1113594,0,8530,1105064
2023-10-22,CU,Cuba,AMRO,0,1113594,0,8530,1105064
2023-10-29,CU,Cuba,AMRO,0,1113594,0,8530,1105064
2023-11-05,CU,Cuba,AMRO,0,1113594,0,8530,1105064
2023-11-12,CU,Cuba,AMRO,0,1113594,0,8530,1105064
2023-11-19,CU,Cuba,AMRO,0,1113594,0,8530,1105064
2023-11-26,CU,Cuba,AMRO,0,1113594,0,8530,1105064
2023-12-03,CU,Cuba,AMRO,0,1113594,0,8530,1105064
2023-12-10,CU,Cuba,AMRO,0,1113594,0,8530,1105064
2023-12-17,CU,Cuba,AMRO,0,1113594,0,8530,1105064
2023-12-24,CU,Cuba,AMRO,0,1113594,0,8530,1105064
2023-12-31,CU,Cuba,AMRO,0,1113594,0,8530,1105064
2024-01-07,CU,Cuba,AMRO,3,1113597,0,8530,1105067
2024-01-14,CU,Cuba,AMRO,4,1113601,0,8530,1105071
2024-01-21,CU,Cuba,AMRO,12,1113613,0,8530,1105083
2024-01-28,CU,Cuba,AMRO,8,1113621,0,8530,1105091
2024-02-04,CU,Cuba,AMRO,13,1113634,0,8530,1105104
2024-02-11,CU,Cuba,AMRO,12,1113646,0,8530,1105116
2024-02-18,CU,Cuba,AMRO,2,1113648,0,8530,1105118
2024-02-25,CU,Cuba,AMRO,6,1113654,0,8530,1105124
2024-03-03,CU,Cuba,AMRO,3,1113657,0,8530,1105127
2024-03-10,CU,Cuba,AMRO,1,1113658,0,8530,1105128
2024-03-17,CU,Cuba,AMRO,1,1113659,0,8530,1105129
2024-03-24,CU,Cuba,AMRO,1,1113660,0,8530,1105130
2024-03-31,CU,Cuba,AMRO,2,1113662,0,8530,1105132
2024-04-07,CU,Cuba,AMRO,0,1113662,0,8530,1105132
2024-04-14,CU,Cuba,AMRO,0,1113662,0,8530,1105132
2024-04-21,CU,Cuba,AMRO,0,1113662,0,8530,1105132
2024-04-28,CU,Cuba,AMRO,0,1113662,0,8530,1105132
2024-05-05,CU,Cuba,AMRO,0,1113662,0,8530,1105132
2024-05-12,CU,Cuba,AMRO,0,1113662,0,8530,1105132
2024-05-19,CU,Cuba,AMRO,0,1113662,0,8530,1105132
2024-05-26,CU,Cuba,AMRO,0,1113662,0,8530,1105132
2024-06-02,CU,Cuba,AMRO,0,1113662,0,8530,1105132
2024-06-09,CU,Cuba,AMRO,0,1113662,0,8530,1105132
2024-06-16,CU,Cuba,AMRO,0,1113662,0,8530,1105132
2024-06-23,CU,Cuba,AMRO,0,1113662,0,8530,1105132
2024-06-30,CU,Cuba,AMRO,0,1113662,0,8530,1105132
2024-07-07,CU,Cuba,AMRO,0,1113662,0,8530,1105132
2024-07-14,CU,Cuba,AMRO,0,1113662,0,8530,1105132
2024-07-21,CU,Cuba,AMRO,0,1113662,0,8530,1105132
2024-07-28,CU,Cuba,AMRO,0,1113662,0,8530,1105132
2024-08-04,CU,Cuba,AMRO,0,1113662,0,8530,1105132
2024-08-11,CU,Cuba,AMRO,0,1113662,0,8530,1105132
2024-08-18,CU,Cuba,AMRO,0,1113662,0,8530,1105132
2024-08-25,CU,Cuba,AMRO,0,1113662,0,8530,1105132
2024-09-01,CU,Cuba,AMRO,0,1113662,0,8530,1105132
2024-09-08,CU,Cuba,AMRO,0,1113662,0,8530,1105132
2024-09-15,CU,Cuba,AMRO,0,1113662,0,8530,1105132
2024-09-22,CU,Cuba,AMRO,0,1113662,0,8530,1105132
2024-09-29,CU,Cuba,AMRO,0,1113662,0,8530,1105132
2024-10-06,CU,Cuba,AMRO,0,1113662,0,8530,1105132
2024-10-13,CU,Cuba,AMRO,0,1113662,0,8530,1105132
2024-10-20,CU,Cuba,AMRO,0,1113662,0,8530,1105132
2024-10-27,CU,Cuba,AMRO,0,1113662,0,8530,1105132
2024-11-03,CU,Cuba,AMRO,0,1113662,0,8530,1105132
2024-11-10,CU,Cuba,AMRO,0,1113662,0,8530,1105132
2024-11-17,CU,Cuba,AMRO,0,1113662,0,8530,1105132
2020-01-05,CW,Curaçao,AMRO,0,0,0,0,0
2020-01-12,CW,Curaçao,AMRO,0,0,0,0,0
2020-01-19,CW,Curaçao,AMRO,0,0,0,0,0
2020-01-26,CW,Curaçao,AMRO,0,0,0,0,0
2020-02-02,CW,Curaçao,AMRO,0,0,0,0,0
2020-02-09,CW,Curaçao,AMRO,0,0,0,0,0
2020-02-16,CW,Curaçao,AMRO,0,0,0,0,0
2020-02-23,CW,Curaçao,AMRO,0,0,0,0,0
2020-03-01,CW,Curaçao,AMRO,0,0,0,0,0
2020-03-08,CW,Curaçao,AMRO,0,0,0,0,0
2020-03-15,CW,Curaçao,AMRO,1,1,0,0,1
2020-03-22,CW,Curaçao,AMRO,2,3,1,1,2
2020-03-29,CW,Curaçao,AMRO,4,7,0,1,6
2020-04-05,CW,Curaçao,AMRO,4,11,0,1,10
2020-04-12,CW,Curaçao,AMRO,3,14,0,1,13
2020-04-19,CW,Curaçao,AMRO,0,14,0,1,13
2020-04-26,CW,Curaçao,AMRO,0,14,0,1,13
2020-05-03,CW,Curaçao,AMRO,2,16,0,1,15
2020-05-10,CW,Curaçao,AMRO,0,16,0,1,15
2020-05-17,CW,Curaçao,AMRO,0,16,0,1,15
2020-05-24,CW,Curaçao,AMRO,0,16,0,1,15
2020-05-31,CW,Curaçao,AMRO,4,20,0,1,19
2020-06-07,CW,Curaçao,AMRO,1,21,0,1,20
2020-06-14,CW,Curaçao,AMRO,1,22,0,1,21
2020-06-21,CW,Curaçao,AMRO,1,23,0,1,22
2020-06-28,CW,Curaçao,AMRO,0,23,0,1,22
2020-07-05,CW,Curaçao,AMRO,2,25,0,1,24
2020-07-12,CW,Curaçao,AMRO,0,25,0,1,24
2020-07-19,CW,Curaçao,AMRO,3,28,0,1,27
2020-07-26,CW,Curaçao,AMRO,1,29,0,1,28
2020-08-02,CW,Curaçao,AMRO,0,29,0,1,28
2020-08-09,CW,Curaçao,AMRO,2,31,0,1,30
2020-08-16,CW,Curaçao,AMRO,1,32,0,1,31
2020-08-23,CW,Curaçao,AMRO,5,37,0,1,36
2020-08-30,CW,Curaçao,AMRO,18,55,0,1,54
2020-09-06,CW,Curaçao,AMRO,23,78,0,1,77
2020-09-13,CW,Curaçao,AMRO,57,135,0,1,134
2020-09-20,CW,Curaçao,AMRO,75,210,0,1,209
2020-09-27,CW,Curaçao,AMRO,105,315,0,1,314
2020-10-04,CW,Curaçao,AMRO,84,399,0,1,398
2020-10-11,CW,Curaçao,AMRO,133,532,0,1,531
2020-10-18,CW,Curaçao,AMRO,141,673,0,1,672
2020-10-25,CW,Curaçao,AMRO,130,803,0,1,802
2020-11-01,CW,Curaçao,AMRO,141,944,0,1,943
2020-11-08,CW,Curaçao,AMRO,86,1030,1,2,1028
2020-11-15,CW,Curaçao,AMRO,185,1215,0,2,1213
2020-11-22,CW,Curaçao,AMRO,346,1561,1,3,1558
2020-11-29,CW,Curaçao,AMRO,485,2046,0,3,2043
2020-12-06,CW,Curaçao,AMRO,694,2740,4,7,2733
2020-12-13,CW,Curaçao,AMRO,664,3404,1,8,3396
2020-12-20,CW,Curaçao,AMRO,419,3823,3,11,3812
2020-12-27,CW,Curaçao,AMRO,228,4051,1,12,4039
2021-01-03,CW,Curaçao,AMRO,179,4230,2,14,4216
2021-01-10,CW,Curaçao,AMRO,175,4405,4,18,4387
2021-01-17,CW,Curaçao,AMRO,93,4498,1,19,4479
2021-01-24,CW,Curaçao,AMRO,39,4537,1,20,4517
2021-01-31,CW,Curaçao,AMRO,37,4574,0,20,4554
2021-02-07,CW,Curaçao,AMRO,23,4597,1,21,4576
2021-02-14,CW,Curaçao,AMRO,36,4633,1,22,4611
2021-02-21,CW,Curaçao,AMRO,33,4666,0,22,4644
2021-02-28,CW,Curaçao,AMRO,42,4708,0,22,4686
2021-03-07,CW,Curaçao,AMRO,43,4751,0,22,4729
2021-03-14,CW,Curaçao,AMRO,164,4915,0,22,4893
2021-03-21,CW,Curaçao,AMRO,605,5520,1,23,5497
2021-03-28,CW,Curaçao,AMRO,1128,6648,4,27,6621
2021-04-04,CW,Curaçao,AMRO,2186,8834,11,38,8796
2021-04-11,CW,Curaçao,AMRO,1798,10632,22,60,10572
2021-04-18,CW,Curaçao,AMRO,1042,11674,20,80,11594
2021-04-25,CW,Curaçao,AMRO,348,12022,19,99,11923
2021-05-02,CW,Curaçao,AMRO,159,12181,9,108,12073
2021-05-09,CW,Curaçao,AMRO,41,12222,5,113,12109
2021-05-16,CW,Curaçao,AMRO,22,12244,5,118,12126
2021-05-23,CW,Curaçao,AMRO,22,12266,4,122,12144
2021-05-30,CW,Curaçao,AMRO,5,12271,0,122,12149
2021-06-06,CW,Curaçao,AMRO,5,12276,0,122,12154
2021-06-13,CW,Curaçao,AMRO,15,12291,1,123,12168
2021-06-20,CW,Curaçao,AMRO,17,12308,0,123,12185
2021-06-27,CW,Curaçao,AMRO,19,12327,3,126,12201
2021-07-04,CW,Curaçao,AMRO,16,12343,0,126,12217
2021-07-11,CW,Curaçao,AMRO,21,12364,0,126,12238
2021-07-18,CW,Curaçao,AMRO,173,12537,0,126,12411
2021-07-25,CW,Curaçao,AMRO,501,13038,0,126,12912
2021-08-01,CW,Curaçao,AMRO,455,13493,0,126,13367
2021-08-08,CW,Curaçao,AMRO,414,13907,4,130,13777
2021-08-15,CW,Curaçao,AMRO,489,14396,2,132,14264
2021-08-22,CW,Curaçao,AMRO,406,14802,4,136,14666
2021-08-29,CW,Curaçao,AMRO,332,15134,6,142,14992
2021-09-05,CW,Curaçao,AMRO,245,15379,5,147,15232
2021-09-12,CW,Curaçao,AMRO,217,15596,6,153,15443
2021-09-19,CW,Curaçao,AMRO,329,15925,2,155,15770
2021-09-26,CW,Curaçao,AMRO,329,16254,3,158,16096
2021-10-03,CW,Curaçao,AMRO,246,16500,5,163,16337
2021-10-10,CW,Curaçao,AMRO,204,16704,5,168,16536
2021-10-17,CW,Curaçao,AMRO,181,16885,1,169,16716
2021-10-24,CW,Curaçao,AMRO,99,16984,3,172,16812
2021-10-31,CW,Curaçao,AMRO,69,17053,2,174,16879
2021-11-07,CW,Curaçao,AMRO,58,17111,1,175,16936
2021-11-14,CW,Curaçao,AMRO,76,17187,0,175,17012
2021-11-21,CW,Curaçao,AMRO,83,17270,0,175,17095
2021-11-28,CW,Curaçao,AMRO,104,17374,3,178,17196
2021-12-05,CW,Curaçao,AMRO,66,17440,1,179,17261
2021-12-12,CW,Curaçao,AMRO,100,17540,1,180,17360
2021-12-19,CW,Curaçao,AMRO,153,17693,3,183,17510
2021-12-26,CW,Curaçao,AMRO,606,18299,3,186,18113
2022-01-02,CW,Curaçao,AMRO,2411,20710,3,189,20521
2022-01-09,CW,Curaçao,AMRO,5278,25988,2,191,25797
2022-01-16,CW,Curaçao,AMRO,5941,31929,8,199,31730
2022-01-23,CW,Curaçao,AMRO,3378,35307,11,210,35097
2022-01-30,CW,Curaçao,AMRO,1415,36722,15,225,36497
2022-02-06,CW,Curaçao,AMRO,804,37526,17,242,37284
2022-02-13,CW,Curaçao,AMRO,646,38172,7,249,37923
2022-02-20,CW,Curaçao,AMRO,436,38608,11,260,38348
2022-02-27,CW,Curaçao,AMRO,259,38867,1,261,38606
2022-03-06,CW,Curaçao,AMRO,216,39083,0,261,38822
2022-03-13,CW,Curaçao,AMRO,102,39185,3,264,38921
2022-03-20,CW,Curaçao,AMRO,375,39560,1,265,39295
2022-03-27,CW,Curaçao,AMRO,293,39853,0,265,39588
2022-04-03,CW,Curaçao,AMRO,493,40346,2,267,40079
2022-04-10,CW,Curaçao,AMRO,456,40802,0,267,40535
2022-04-17,CW,Curaçao,AMRO,504,41306,4,271,41035
2022-04-24,CW,Curaçao,AMRO,423,41729,0,271,41458
2022-05-01,CW,Curaçao,AMRO,306,42035,2,273,41762
2022-05-08,CW,Curaçao,AMRO,295,42330,1,274,42056
2022-05-15,CW,Curaçao,AMRO,344,42674,1,275,42399
2022-05-22,CW,Curaçao,AMRO,475,43149,1,276,42873
2022-05-29,CW,Curaçao,AMRO,473,43622,1,277,43345
2022-06-05,CW,Curaçao,AMRO,331,43953,0,277,43676
2022-06-12,CW,Curaçao,AMRO,174,44127,0,277,43850
2022-06-19,CW,Curaçao,AMRO,187,44314,1,278,44036
2022-06-26,CW,Curaçao,AMRO,126,44440,0,278,44162
2022-07-03,CW,Curaçao,AMRO,105,44545,0,278,44267
2022-07-10,CW,Curaçao,AMRO,117,44662,0,278,44384
2022-07-17,CW,Curaçao,AMRO,120,44782,2,280,44502
2022-07-24,CW,Curaçao,AMRO,150,44932,2,282,44650
2022-07-31,CW,Curaçao,AMRO,131,45063,0,282,44781
2022-08-07,CW,Curaçao,AMRO,0,45063,0,282,44781
2022-08-14,CW,Curaçao,AMRO,146,45209,1,283,44926
2022-08-21,CW,Curaçao,AMRO,34,45243,2,285,44958
2022-08-28,CW,Curaçao,AMRO,34,45277,1,286,44991
2022-09-04,CW,Curaçao,AMRO,25,45302,1,287,45015
2022-09-11,CW,Curaçao,AMRO,16,45318,0,287,45031
2022-09-18,CW,Curaçao,AMRO,27,45345,0,287,45058
2022-09-25,CW,Curaçao,AMRO,12,45357,0,287,45070
2022-10-02,CW,Curaçao,AMRO,11,45368,0,287,45081
2022-10-09,CW,Curaçao,AMRO,22,45390,0,287,45103
2022-10-16,CW,Curaçao,AMRO,16,45406,2,289,45117
2022-10-23,CW,Curaçao,AMRO,28,45434,0,289,45145
2022-10-30,CW,Curaçao,AMRO,33,45467,1,290,45177
2022-11-06,CW,Curaçao,AMRO,22,45489,3,293,45196
2022-11-13,CW,Curaçao,AMRO,18,45507,0,293,45214
2022-11-20,CW,Curaçao,AMRO,29,45536,1,294,45242
2022-11-27,CW,Curaçao,AMRO,23,45559,1,295,45264
2022-12-04,CW,Curaçao,AMRO,27,45586,0,295,45291
2022-12-11,CW,Curaçao,AMRO,44,45630,2,297,45333
2022-12-18,CW,Curaçao,AMRO,39,45669,1,298,45371
2022-12-25,CW,Curaçao,AMRO,38,45707,1,299,45408
2023-01-01,CW,Curaçao,AMRO,13,45720,0,299,45421
2023-01-08,CW,Curaçao,AMRO,14,45734,0,299,45435
2023-01-15,CW,Curaçao,AMRO,11,45745,0,299,45446
2023-01-22,CW,Curaçao,AMRO,21,45766,2,301,45465
2023-01-29,CW,Curaçao,AMRO,7,45773,0,301,45472
2023-02-05,CW,Curaçao,AMRO,0,45773,0,301,45472
2023-02-12,CW,Curaçao,AMRO,7,45780,0,301,45479
2023-02-19,CW,Curaçao,AMRO,1,45781,0,301,45480
2023-02-26,CW,Curaçao,AMRO,5,45786,0,301,45485
2023-03-05,CW,Curaçao,AMRO,0,45786,0,301,45485
2023-03-12,CW,Curaçao,AMRO,1,45787,0,301,45486
2023-03-19,CW,Curaçao,AMRO,2,45789,0,301,45488
2023-03-26,CW,Curaçao,AMRO,4,45793,0,301,45492
2023-04-02,CW,Curaçao,AMRO,5,45798,0,301,45497
2023-04-09,CW,Curaçao,AMRO,0,45798,0,301,45497
2023-04-16,CW,Curaçao,AMRO,0,45798,0,301,45497
2023-04-23,CW,Curaçao,AMRO,0,45798,0,301,45497
2023-04-30,CW,Curaçao,AMRO,0,45798,0,301,45497
2023-05-07,CW,Curaçao,AMRO,14,45812,1,302,45510
2023-05-14,CW,Curaçao,AMRO,0,45812,0,302,45510
2023-05-21,CW,Curaçao,AMRO,0,45812,0,302,45510
2023-05-28,CW,Curaçao,AMRO,0,45812,0,302,45510
2023-06-04,CW,Curaçao,AMRO,5,45817,0,302,45515
2023-06-11,CW,Curaçao,AMRO,0,45817,0,302,45515
2023-06-18,CW,Curaçao,AMRO,0,45817,0,302,45515
2023-06-25,CW,Curaçao,AMRO,0,45817,0,302,45515
2023-07-02,CW,Curaçao,AMRO,66,45883,3,305,45578
2023-07-09,CW,Curaçao,AMRO,0,45883,0,305,45578
2023-07-16,CW,Curaçao,AMRO,0,45883,0,305,45578
2023-07-23,CW,Curaçao,AMRO,0,45883,0,305,45578
2023-07-30,CW,Curaçao,AMRO,0,45883,0,305,45578
2023-08-06,CW,Curaçao,AMRO,0,45883,0,305,45578
2023-08-13,CW,Curaçao,AMRO,0,45883,0,305,45578
2023-08-20,CW,Curaçao,AMRO,0,45883,0,305,45578
2023-08-27,CW,Curaçao,AMRO,0,45883,0,305,45578
2023-09-03,CW,Curaçao,AMRO,0,45883,0,305,45578
2023-09-10,CW,Curaçao,AMRO,0,45883,0,305,45578
2023-09-17,CW,Curaçao,AMRO,0,45883,0,305,45578
2023-09-24,CW,Curaçao,AMRO,0,45883,0,305,45578
2023-10-01,CW,Curaçao,AMRO,0,45883,0,305,45578
2023-10-08,CW,Curaçao,AMRO,0,45883,0,305,45578
2023-10-15,CW,Curaçao,AMRO,0,45883,0,305,45578
2023-10-22,CW,Curaçao,AMRO,0,45883,0,305,45578
2023-10-29,CW,Curaçao,AMRO,0,45883,0,305,45578
2023-11-05,CW,Curaçao,AMRO,0,45883,0,305,45578
2023-11-12,CW,Curaçao,AMRO,0,45883,0,305,45578
2023-11-19,CW,Curaçao,AMRO,0,45883,0,305,45578
2023-11-26,CW,Curaçao,AMRO,0,45883,0,305,45578
2023-12-03,CW,Curaçao,AMRO,0,45883,0,305,45578
2023-12-10,CW,Curaçao,AMRO,0,45883,0,305,45578
2023-12-17,CW,Curaçao,AMRO,0,45883,0,305,45578
2023-12-24,CW,Curaçao,AMRO,0,45883,0,305,45578
2023-12-31,CW,Curaçao,AMRO,0,45883,0,305,45578
2024-01-07,CW,Curaçao,AMRO,0,45883,0,305,45578
2024-01-14,CW,Curaçao,AMRO,0,45883,0,305,45578
2024-01-21,CW,Curaçao,AMRO,0,45883,0,305,45578
2024-01-28,CW,Curaçao,AMRO,0,45883,0,305,45578
2024-02-04,CW,Curaçao,AMRO,0,45883,0,305,45578
2024-02-11,CW,Curaçao,AMRO,0,45883,0,305,45578
2024-02-18,CW,Curaçao,AMRO,0,45883,0,305,45578
2024-02-25,CW,Curaçao,AMRO,0,45883,0,305,45578
2024-03-03,CW,Curaçao,AMRO,0,45883,0,305,45578
2024-03-10,CW,Curaçao,AMRO,0,45883,0,305,45578
2024-03-17,CW,Curaçao,AMRO,0,45883,0,305,45578
2024-03-24,CW,Curaçao,AMRO,0,45883,0,305,45578
2024-03-31,CW,Curaçao,AMRO,0,45883,0,305,45578
2024-04-07,CW,Curaçao,AMRO,0,45883,0,305,45578
2024-04-14,CW,Curaçao,AMRO,0,45883,0,305,45578
2024-04-21,CW,Curaçao,AMRO,0,45883,0,305,45578
2024-04-28,CW,Curaçao,AMRO,0,45883,0,305,45578
2024-05-05,CW,Curaçao,AMRO,0,45883,0,305,45578
2024-05-12,CW,Curaçao,AMRO,0,45883,0,305,45578
2024-05-19,CW,Curaçao,AMRO,0,45883,0,305,45578
2024-05-26,CW,Curaçao,AMRO,0,45883,0,305,45578
2024-06-02,CW,Curaçao,AMRO,0,45883,0,305,45578
2024-06-09,CW,Curaçao,AMRO,0,45883,0,305,45578
2024-06-16,CW,Curaçao,AMRO,0,45883,0,305,45578
2024-06-23,CW,Curaçao,AMRO,0,45883,0,305,45578
2024-06-30,CW,Curaçao,AMRO,0,45883,0,305,45578
2024-07-07,CW,Curaçao,AMRO,0,45883,0,305,45578
2024-07-14,CW,Curaçao,AMRO,0,45883,0,305,45578
2024-07-21,CW,Curaçao,AMRO,0,45883,0,305,45578
2024-07-28,CW,Curaçao,AMRO,0,45883,0,305,45578
2024-08-04,CW,Curaçao,AMRO,0,45883,0,305,45578
2024-08-11,CW,Curaçao,AMRO,0,45883,0,305,45578
2024-08-18,CW,Curaçao,AMRO,0,45883,0,305,45578
2024-08-25,CW,Curaçao,AMRO,0,45883,0,305,45578
2024-09-01,CW,Curaçao,AMRO,0,45883,0,305,45578
2024-09-08,CW,Curaçao,AMRO,0,45883,0,305,45578
2024-09-15,CW,Curaçao,AMRO,0,45883,0,305,45578
2024-09-22,CW,Curaçao,AMRO,0,45883,0,305,45578
2024-09-29,CW,Curaçao,AMRO,0,45883,0,305,45578
2024-10-06,CW,Curaçao,AMRO,0,45883,0,305,45578
2024-10-13,CW,Curaçao,AMRO,0,45883,0,305,45578
2024-10-20,CW,Curaçao,AMRO,0,45883,0,305,45578
2024-10-27,CW,Curaçao,AMRO,0,45883,0,305,45578
2024-11-03,CW,Curaçao,AMRO,0,45883,0,305,45578
2024-11-10,CW,Curaçao,AMRO,0,45883,0,305,45578
2024-11-17,CW,Curaçao,AMRO,0,45883,0,305,45578
2020-01-05,CY,Cyprus,EURO,0,0,0,0,0
2020-01-12,CY,Cyprus,EURO,0,0,0,0,0
2020-01-19,CY,Cyprus,EURO,0,0,0,0,0
2020-01-26,CY,Cyprus,EURO,0,0,0,0,0
2020-02-02,CY,Cyprus,EURO,0,0,0,0,0
2020-02-09,CY,Cyprus,EURO,0,0,0,0,0
2020-02-16,CY,Cyprus,EURO,0,0,0,0,0
2020-02-23,CY,Cyprus,EURO,0,0,0,0,0
2020-03-01,CY,Cyprus,EURO,0,0,0,0,0
2020-03-08,CY,Cyprus,EURO,0,0,0,0,0
2020-03-15,CY,Cyprus,EURO,21,21,0,0,21
2020-03-22,CY,Cyprus,EURO,63,84,0,0,84
2020-03-29,CY,Cyprus,EURO,95,179,5,5,174
2020-04-05,CY,Cyprus,EURO,247,426,4,9,417
2020-04-12,CY,Cyprus,EURO,190,616,1,10,606
2020-04-19,CY,Cyprus,EURO,145,761,2,12,749
2020-04-26,CY,Cyprus,EURO,49,810,2,14,796
2020-05-03,CY,Cyprus,EURO,54,864,1,15,849
2020-05-10,CY,Cyprus,EURO,28,892,0,15,877
2020-05-17,CY,Cyprus,EURO,22,914,2,17,897
2020-05-24,CY,Cyprus,EURO,13,927,0,17,910
2020-05-31,CY,Cyprus,EURO,16,943,0,17,926
2020-06-07,CY,Cyprus,EURO,17,960,1,18,942
2020-06-14,CY,Cyprus,EURO,20,980,0,18,962
2020-06-21,CY,Cyprus,EURO,5,985,1,19,966
2020-06-28,CY,Cyprus,EURO,9,994,0,19,975
2020-07-05,CY,Cyprus,EURO,8,1002,0,19,983
2020-07-12,CY,Cyprus,EURO,12,1014,0,19,995
2020-07-19,CY,Cyprus,EURO,23,1037,0,19,1018
2020-07-26,CY,Cyprus,EURO,16,1053,0,19,1034
2020-08-02,CY,Cyprus,EURO,71,1124,0,19,1105
2020-08-09,CY,Cyprus,EURO,109,1233,0,19,1214
2020-08-16,CY,Cyprus,EURO,99,1332,1,20,1312
2020-08-23,CY,Cyprus,EURO,85,1417,1,21,1396
2020-08-30,CY,Cyprus,EURO,66,1483,0,21,1462
2020-09-06,CY,Cyprus,EURO,24,1507,0,21,1486
2020-09-13,CY,Cyprus,EURO,16,1523,0,21,1502
2020-09-20,CY,Cyprus,EURO,57,1580,1,22,1558
2020-09-27,CY,Cyprus,EURO,104,1684,0,22,1662
2020-10-04,CY,Cyprus,EURO,127,1811,0,22,1789
2020-10-11,CY,Cyprus,EURO,175,1986,3,25,1961
2020-10-18,CY,Cyprus,EURO,393,2379,0,25,2354
2020-10-25,CY,Cyprus,EURO,1065,3444,0,25,3419
2020-11-01,CY,Cyprus,EURO,922,4366,1,26,4340
2020-11-08,CY,Cyprus,EURO,1505,5871,1,27,5844
2020-11-15,CY,Cyprus,EURO,1180,7051,12,39,7012
2020-11-22,CY,Cyprus,EURO,1405,8456,4,43,8413
2020-11-29,CY,Cyprus,EURO,1775,10231,5,48,10183
2020-12-06,CY,Cyprus,EURO,1951,12182,12,60,12122
2020-12-13,CY,Cyprus,EURO,2619,14801,19,79,14722
2020-12-20,CY,Cyprus,EURO,2676,17477,13,92,17385
2020-12-27,CY,Cyprus,EURO,1915,19392,22,114,19278
2021-01-03,CY,Cyprus,EURO,4511,23903,18,132,23771
2021-01-10,CY,Cyprus,EURO,3566,27469,18,150,27319
2021-01-17,CY,Cyprus,EURO,1800,29269,20,170,29099
2021-01-24,CY,Cyprus,EURO,1076,30345,16,186,30159
2021-01-31,CY,Cyprus,EURO,883,31228,14,200,31028
2021-02-07,CY,Cyprus,EURO,928,32156,14,214,31942
2021-02-14,CY,Cyprus,EURO,746,32902,11,225,32677
2021-02-21,CY,Cyprus,EURO,763,33665,9,234,33431
2021-02-28,CY,Cyprus,EURO,1271,34936,2,236,34700
2021-03-07,CY,Cyprus,EURO,2315,37251,1,237,37014
2021-03-14,CY,Cyprus,EURO,2702,39953,6,243,39710
2021-03-21,CY,Cyprus,EURO,2605,42558,4,247,42311
2021-03-28,CY,Cyprus,EURO,2423,44981,8,255,44726
2021-04-04,CY,Cyprus,EURO,3271,48252,11,266,47986
2021-04-11,CY,Cyprus,EURO,3753,52005,11,277,51728
2021-04-18,CY,Cyprus,EURO,4372,56377,18,295,56082
2021-04-25,CY,Cyprus,EURO,6169,62546,10,305,62241
2021-05-02,CY,Cyprus,EURO,4903,67449,15,320,67129
2021-05-09,CY,Cyprus,EURO,2791,70240,21,341,69899
2021-05-16,CY,Cyprus,EURO,1736,71976,12,353,71623
2021-05-23,CY,Cyprus,EURO,937,72913,8,361,72552
2021-05-30,CY,Cyprus,EURO,527,73440,7,368,73072
2021-06-06,CY,Cyprus,EURO,432,73872,3,371,73501
2021-06-13,CY,Cyprus,EURO,407,74279,10,381,73898
2021-06-20,CY,Cyprus,EURO,425,74704,1,382,74322
2021-06-27,CY,Cyprus,EURO,987,75691,0,382,75309
2021-07-04,CY,Cyprus,EURO,3262,78953,0,382,78571
2021-07-11,CY,Cyprus,EURO,5978,84931,6,388,84543
2021-07-18,CY,Cyprus,EURO,6915,91846,5,393,91453
2021-07-25,CY,Cyprus,EURO,6653,98499,15,408,98091
2021-08-01,CY,Cyprus,EURO,5170,103669,24,432,103237
2021-08-08,CY,Cyprus,EURO,3647,107316,18,450,106866
2021-08-15,CY,Cyprus,EURO,3114,110430,23,473,109957
2021-08-22,CY,Cyprus,EURO,2433,112863,23,496,112367
2021-08-29,CY,Cyprus,EURO,1929,114792,22,518,114274
2021-09-05,CY,Cyprus,EURO,1830,116622,18,536,116086
2021-09-12,CY,Cyprus,EURO,1210,117832,15,551,117281
2021-09-19,CY,Cyprus,EURO,1032,118864,10,561,118303
2021-09-26,CY,Cyprus,EURO,826,119690,5,566,119124
2021-10-03,CY,Cyprus,EURO,726,120416,3,569,119847
2021-10-10,CY,Cyprus,EURO,855,121271,4,573,120698
2021-10-17,CY,Cyprus,EURO,993,122264,5,578,121686
2021-10-24,CY,Cyprus,EURO,1005,123269,7,585,122684
2021-10-31,CY,Cyprus,EURO,1064,124333,7,592,123741
2021-11-07,CY,Cyprus,EURO,1482,125815,2,594,125221
2021-11-14,CY,Cyprus,EURO,1663,127478,2,596,126882
2021-11-21,CY,Cyprus,EURO,2410,129888,2,598,129290
2021-11-28,CY,Cyprus,EURO,3049,132937,2,600,132337
2021-12-05,CY,Cyprus,EURO,3588,136525,9,609,135916
2021-12-12,CY,Cyprus,EURO,3933,140458,7,616,139842
2021-12-19,CY,Cyprus,EURO,4255,144713,11,627,144086
2021-12-26,CY,Cyprus,EURO,5135,149848,10,637,149211
2022-01-02,CY,Cyprus,EURO,17631,167479,11,648,166831
2022-01-09,CY,Cyprus,EURO,25723,193202,16,664,192538
2022-01-16,CY,Cyprus,EURO,22407,215609,21,685,214924
2022-01-23,CY,Cyprus,EURO,15773,231382,39,724,230658
2022-01-30,CY,Cyprus,EURO,16980,248362,24,748,247614
2022-02-06,CY,Cyprus,EURO,20295,268657,13,761,267896
2022-02-13,CY,Cyprus,EURO,18231,286888,32,793,286095
2022-02-20,CY,Cyprus,EURO,16440,303328,43,836,302492
2022-02-27,CY,Cyprus,EURO,14348,317676,34,870,316806
2022-03-06,CY,Cyprus,EURO,13832,331508,20,890,330618
2022-03-13,CY,Cyprus,EURO,19180,350688,24,914,349774
2022-03-20,CY,Cyprus,EURO,22970,373658,16,930,372728
2022-03-27,CY,Cyprus,EURO,31886,405544,16,946,404598
2022-04-03,CY,Cyprus,EURO,31405,436949,13,959,435990
2022-04-10,CY,Cyprus,EURO,19015,455964,16,975,454989
2022-04-17,CY,Cyprus,EURO,8240,464204,13,988,463216
2022-04-24,CY,Cyprus,EURO,6115,470319,18,1006,469313
2022-05-01,CY,Cyprus,EURO,9901,480220,9,1015,479205
2022-05-08,CY,Cyprus,EURO,3444,483664,12,1027,482637
2022-05-15,CY,Cyprus,EURO,2422,486086,24,1051,485035
2022-05-22,CY,Cyprus,EURO,2103,488189,6,1057,487132
2022-05-29,CY,Cyprus,EURO,1774,489963,2,1059,488904
2022-06-05,CY,Cyprus,EURO,1814,491777,8,1067,490710
2022-06-12,CY,Cyprus,EURO,2207,493984,1,1068,492916
2022-06-19,CY,Cyprus,EURO,3470,497454,2,1070,496384
2022-06-26,CY,Cyprus,EURO,7263,504717,2,1072,503645
2022-07-03,CY,Cyprus,EURO,10879,515596,3,1075,514521
2022-07-10,CY,Cyprus,EURO,14914,530510,4,1079,529431
2022-07-17,CY,Cyprus,EURO,15386,545896,7,1086,544810
2022-07-24,CY,Cyprus,EURO,10152,556048,13,1099,554949
2022-07-31,CY,Cyprus,EURO,6863,562911,16,1115,561796
2022-08-07,CY,Cyprus,EURO,5472,568383,28,1143,567240
2022-08-14,CY,Cyprus,EURO,3611,571994,6,1149,570845
2022-08-21,CY,Cyprus,EURO,2130,574124,3,1152,572972
2022-08-28,CY,Cyprus,EURO,2154,576278,16,1168,575110
2022-09-04,CY,Cyprus,EURO,1752,578030,4,1172,576858
2022-09-11,CY,Cyprus,EURO,1869,579899,1,1173,578726
2022-09-18,CY,Cyprus,EURO,2482,582381,5,1178,581203
2022-09-25,CY,Cyprus,EURO,2932,585313,2,1180,584133
2022-10-02,CY,Cyprus,EURO,2681,587994,2,1182,586812
2022-10-09,CY,Cyprus,EURO,2789,590783,5,1187,589596
2022-10-16,CY,Cyprus,EURO,2759,593542,2,1189,592353
2022-10-23,CY,Cyprus,EURO,2755,596297,2,1191,595106
2022-10-30,CY,Cyprus,EURO,2821,599118,3,1194,597924
2022-11-06,CY,Cyprus,EURO,3544,602662,6,1200,601462
2022-11-13,CY,Cyprus,EURO,3625,606287,10,1210,605077
2022-11-20,CY,Cyprus,EURO,3736,610023,8,1218,608805
2022-11-27,CY,Cyprus,EURO,4214,614237,8,1226,613011
2022-12-04,CY,Cyprus,EURO,4011,618248,11,1237,617011
2022-12-11,CY,Cyprus,EURO,3854,622102,5,1242,620860
2022-12-18,CY,Cyprus,EURO,3460,625562,8,1250,624312
2022-12-25,CY,Cyprus,EURO,2947,628509,5,1255,627254
2023-01-01,CY,Cyprus,EURO,2602,631111,3,1258,629853
2023-01-08,CY,Cyprus,EURO,3598,634709,4,1262,633447
2023-01-15,CY,Cyprus,EURO,3353,638062,8,1270,636792
2023-01-22,CY,Cyprus,EURO,2667,640729,10,1280,639449
2023-01-29,CY,Cyprus,EURO,1934,642663,7,1287,641376
2023-02-05,CY,Cyprus,EURO,1497,644160,4,1291,642869
2023-02-12,CY,Cyprus,EURO,1355,645515,2,1293,644222
2023-02-19,CY,Cyprus,EURO,1516,647031,4,1297,645734
2023-02-26,CY,Cyprus,EURO,2062,649093,8,1305,647788
2023-03-05,CY,Cyprus,EURO,1592,650685,25,1330,649355
2023-03-12,CY,Cyprus,EURO,1701,652386,5,1335,651051
2023-03-19,CY,Cyprus,EURO,1281,653667,6,1341,652326
2023-03-26,CY,Cyprus,EURO,1047,654714,4,1345,653369
2023-04-02,CY,Cyprus,EURO,950,655664,4,1349,654315
2023-04-09,CY,Cyprus,EURO,1240,656904,1,1350,655554
2023-04-16,CY,Cyprus,EURO,0,656904,0,1350,655554
2023-04-23,CY,Cyprus,EURO,1546,658450,4,1354,657096
2023-04-30,CY,Cyprus,EURO,0,658450,0,1354,657096
2023-05-07,CY,Cyprus,EURO,2404,660854,10,1364,659490
2023-05-14,CY,Cyprus,EURO,0,660854,0,1364,659490
2023-05-21,CY,Cyprus,EURO,0,660854,0,1364,659490
2023-05-28,CY,Cyprus,EURO,0,660854,0,1364,659490
2023-06-04,CY,Cyprus,EURO,0,660854,0,1364,659490
2023-06-11,CY,Cyprus,EURO,0,660854,0,1364,659490
2023-06-18,CY,Cyprus,EURO,0,660854,0,1364,659490
2023-06-25,CY,Cyprus,EURO,0,660854,0,1364,659490
2023-07-02,CY,Cyprus,EURO,0,660854,0,1364,659490
2023-07-09,CY,Cyprus,EURO,0,660854,0,1364,659490
2023-07-16,CY,Cyprus,EURO,0,660854,0,1364,659490
2023-07-23,CY,Cyprus,EURO,0,660854,0,1364,659490
2023-07-30,CY,Cyprus,EURO,0,660854,0,1364,659490
2023-08-06,CY,Cyprus,EURO,0,660854,0,1364,659490
2023-08-13,CY,Cyprus,EURO,0,660854,0,1364,659490
2023-08-20,CY,Cyprus,EURO,0,660854,0,1364,659490
2023-08-27,CY,Cyprus,EURO,0,660854,0,1364,659490
2023-09-03,CY,Cyprus,EURO,0,660854,0,1364,659490
2023-09-10,CY,Cyprus,EURO,0,660854,0,1364,659490
2023-09-17,CY,Cyprus,EURO,0,660854,0,1364,659490
2023-09-24,CY,Cyprus,EURO,0,660854,0,1364,659490
2023-10-01,CY,Cyprus,EURO,0,660854,0,1364,659490
2023-10-08,CY,Cyprus,EURO,0,660854,0,1364,659490
2023-10-15,CY,Cyprus,EURO,0,660854,0,1364,659490
2023-10-22,CY,Cyprus,EURO,0,660854,0,1364,659490
2023-10-29,CY,Cyprus,EURO,0,660854,0,1364,659490
2023-11-05,CY,Cyprus,EURO,974,661828,0,1364,660464
2023-11-12,CY,Cyprus,EURO,825,662653,4,1368,661285
2023-11-19,CY,Cyprus,EURO,678,663331,0,1368,661963
2023-11-26,CY,Cyprus,EURO,778,664109,0,1368,662741
2023-12-03,CY,Cyprus,EURO,1053,665162,1,1369,663793
2023-12-10,CY,Cyprus,EURO,1686,666848,7,1376,665472
2023-12-17,CY,Cyprus,EURO,2190,669038,9,1385,667653
2023-12-24,CY,Cyprus,EURO,2908,671946,4,1389,670557
2023-12-31,CY,Cyprus,EURO,3529,675475,5,1394,674081
2024-01-07,CY,Cyprus,EURO,7823,683298,11,1405,681893
2024-01-14,CY,Cyprus,EURO,2166,685464,15,1420,684044
2024-01-21,CY,Cyprus,EURO,1482,686946,6,1426,685520
2024-01-28,CY,Cyprus,EURO,913,687859,3,1429,686430
2024-02-04,CY,Cyprus,EURO,843,688702,4,1433,687269
2024-02-11,CY,Cyprus,EURO,527,689229,3,1436,687793
2024-02-18,CY,Cyprus,EURO,450,689679,2,1438,688241
2024-02-25,CY,Cyprus,EURO,382,690061,0,1438,688623
2024-03-03,CY,Cyprus,EURO,320,690381,2,1440,688941
2024-03-10,CY,Cyprus,EURO,292,690673,1,1441,689232
2024-03-17,CY,Cyprus,EURO,177,690850,0,1441,689409
2024-03-24,CY,Cyprus,EURO,126,690976,0,1441,689535
2024-03-31,CY,Cyprus,EURO,100,691076,1,1442,689634
2024-04-07,CY,Cyprus,EURO,90,691166,0,1442,689724
2024-04-14,CY,Cyprus,EURO,91,691257,2,1444,689813
2024-04-21,CY,Cyprus,EURO,65,691322,0,1444,689878
2024-04-28,CY,Cyprus,EURO,70,691392,0,1444,689948
2024-05-05,CY,Cyprus,EURO,101,691493,1,1445,690048
2024-05-12,CY,Cyprus,EURO,149,691642,0,1445,690197
2024-05-19,CY,Cyprus,EURO,148,691790,0,1445,690345
2024-05-26,CY,Cyprus,EURO,200,691990,0,1445,690545
2024-06-02,CY,Cyprus,EURO,248,692238,1,1446,690792
2024-06-09,CY,Cyprus,EURO,378,692616,0,1446,691170
2024-06-16,CY,Cyprus,EURO,677,693293,1,1447,691846
2024-06-23,CY,Cyprus,EURO,936,694229,2,1449,692780
2024-06-30,CY,Cyprus,EURO,1418,695647,1,1450,694197
2024-07-07,CY,Cyprus,EURO,1810,697457,2,1452,696005
2024-07-14,CY,Cyprus,EURO,1775,699232,5,1457,697775
2024-07-21,CY,Cyprus,EURO,1629,700861,8,1465,699396
2024-07-28,CY,Cyprus,EURO,1326,702187,3,1468,700719
2024-08-04,CY,Cyprus,EURO,957,703144,3,1471,701673
2024-08-11,CY,Cyprus,EURO,629,703773,2,1473,702300
2024-08-18,CY,Cyprus,EURO,674,704447,5,1478,702969
2024-08-25,CY,Cyprus,EURO,573,705020,3,1481,703539
2024-09-01,CY,Cyprus,EURO,561,705581,0,1481,704100
2024-09-08,CY,Cyprus,EURO,518,706099,6,1487,704612
2024-09-15,CY,Cyprus,EURO,515,706614,2,1489,705125
2024-09-22,CY,Cyprus,EURO,476,707090,0,1489,705601
2024-09-29,CY,Cyprus,EURO,425,707515,0,1489,706026
2024-10-06,CY,Cyprus,EURO,419,707934,1,1490,706444
2024-10-13,CY,Cyprus,EURO,337,708271,2,1492,706779
2024-10-20,CY,Cyprus,EURO,288,708559,0,1492,707067
2024-10-27,CY,Cyprus,EURO,21,708580,0,1492,707088
2024-11-03,CY,Cyprus,EURO,113,708693,2,1494,707199
2024-11-10,CY,Cyprus,EURO,98,708791,3,1497,707294
2024-11-17,CY,Cyprus,EURO,80,708871,0,1497,707374
2020-01-05,CZ,Czechia,EURO,0,0,0,0,0
2020-01-12,CZ,Czechia,EURO,0,0,0,0,0
2020-01-19,CZ,Czechia,EURO,0,0,0,0,0
2020-01-26,CZ,Czechia,EURO,0,0,0,0,0
2020-02-02,CZ,Czechia,EURO,0,0,0,0,0
2020-02-09,CZ,Czechia,EURO,0,0,0,0,0
2020-02-16,CZ,Czechia,EURO,0,0,0,0,0
2020-02-23,CZ,Czechia,EURO,0,0,0,0,0
2020-03-01,CZ,Czechia,EURO,0,0,0,0,0
2020-03-08,CZ,Czechia,EURO,27,27,0,0,27
2020-03-15,CZ,Czechia,EURO,163,190,0,0,190
2020-03-22,CZ,Czechia,EURO,869,1059,0,0,1059
2020-03-29,CZ,Czechia,EURO,1624,2683,17,17,2666
2020-04-05,CZ,Czechia,EURO,1821,4504,49,66,4438
2020-04-12,CZ,Czechia,EURO,1438,5942,70,136,5806
2020-04-19,CZ,Czechia,EURO,754,6696,44,180,6516
2020-04-26,CZ,Czechia,EURO,701,7397,42,222,7175
2020-05-03,CZ,Czechia,EURO,412,7809,29,251,7558
2020-05-10,CZ,Czechia,EURO,344,8153,26,277,7876
2020-05-17,CZ,Czechia,EURO,372,8525,18,295,8230
2020-05-24,CZ,Czechia,EURO,448,8973,18,313,8660
2020-05-31,CZ,Czechia,EURO,346,9319,5,318,9001
2020-06-07,CZ,Czechia,EURO,351,9670,7,325,9345
2020-06-14,CZ,Czechia,EURO,429,10099,5,330,9769
2020-06-21,CZ,Czechia,EURO,460,10559,8,338,10221
2020-06-28,CZ,Czechia,EURO,853,11412,8,346,11066
2020-07-05,CZ,Czechia,EURO,1142,12554,4,350,12204
2020-07-12,CZ,Czechia,EURO,678,13232,4,354,12878
2020-07-19,CZ,Czechia,EURO,748,13980,6,360,13620
2020-07-26,CZ,Czechia,EURO,1353,15333,11,371,14962
2020-08-02,CZ,Czechia,EURO,1476,16809,13,384,16425
2020-08-09,CZ,Czechia,EURO,1549,18358,8,392,17966
2020-08-16,CZ,Czechia,EURO,1664,20022,8,400,19622
2020-08-23,CZ,Czechia,EURO,1895,21917,15,415,21502
2020-08-30,CZ,Czechia,EURO,2315,24232,10,425,23807
2020-09-06,CZ,Czechia,EURO,3658,27890,15,440,27450
2020-09-13,CZ,Czechia,EURO,7660,35550,27,467,35083
2020-09-20,CZ,Czechia,EURO,12920,48470,55,522,47948
2020-09-27,CZ,Czechia,EURO,15008,63478,89,611,62867
2020-10-04,CZ,Czechia,EURO,17352,80830,127,738,80092
2020-10-11,CZ,Czechia,EURO,33458,114288,293,1031,113257
2020-10-18,CZ,Czechia,EURO,54911,169199,457,1488,167711
2020-10-25,CZ,Czechia,EURO,82219,251418,826,2314,249104
2020-11-01,CZ,Czechia,EURO,84751,336169,1290,3604,332565
2020-11-08,CZ,Czechia,EURO,76531,412700,1552,5156,407544
2020-11-15,CZ,Czechia,EURO,47391,460091,1331,6487,453604
2020-11-22,CZ,Czechia,EURO,32810,492901,1001,7488,485413
2020-11-29,CZ,Czechia,EURO,28065,520966,899,8387,512579
2020-12-06,CZ,Czechia,EURO,27269,548235,760,9147,539088
2020-12-13,CZ,Czechia,EURO,33579,581814,680,9827,571987
2020-12-20,CZ,Czechia,EURO,45475,627289,779,10606,616683
2020-12-27,CZ,Czechia,EURO,47773,675062,761,11367,663695
2021-01-03,CZ,Czechia,EURO,70541,745603,954,12321,733282
2021-01-10,CZ,Czechia,EURO,92118,837721,1187,13508,824213
2021-01-17,CZ,Czechia,EURO,58893,896614,1190,14698,881916
2021-01-24,CZ,Czechia,EURO,49125,945739,1054,15752,929987
2021-01-31,CZ,Czechia,EURO,47939,993678,1002,16754,976924
2021-02-07,CZ,Czechia,EURO,50871,1044549,910,17664,1026885
2021-02-14,CZ,Czechia,EURO,53838,1098387,930,18594,1079793
2021-02-21,CZ,Czechia,EURO,65983,1164370,1092,19686,1144684
2021-02-28,CZ,Czechia,EURO,83422,1247792,1173,20859,1226933
2021-03-07,CZ,Czechia,EURO,87158,1334950,1398,22257,1312693
2021-03-14,CZ,Czechia,EURO,79038,1413988,1523,23780,1390208
2021-03-21,CZ,Czechia,EURO,67088,1481076,1459,25239,1455837
2021-03-28,CZ,Czechia,EURO,51053,1532129,1280,26519,1505610
2021-04-04,CZ,Czechia,EURO,37537,1569666,1007,27526,1542140
2021-04-11,CZ,Czechia,EURO,28894,1598560,847,28373,1570187
2021-04-18,CZ,Czechia,EURO,22178,1620738,587,28960,1591778
2021-04-25,CZ,Czechia,EURO,17828,1638566,445,29405,1609161
2021-05-02,CZ,Czechia,EURO,15073,1653639,358,29763,1623876
2021-05-09,CZ,Czechia,EURO,11224,1664863,263,30026,1634837
2021-05-16,CZ,Czechia,EURO,7982,1672845,190,30216,1642629
2021-05-23,CZ,Czechia,EURO,5241,1678086,108,30324,1647762
2021-05-30,CZ,Czechia,EURO,3400,1681486,67,30391,1651095
2021-06-06,CZ,Czechia,EURO,2461,1683947,39,30430,1653517
2021-06-13,CZ,Czechia,EURO,1542,1685489,28,30458,1655031
2021-06-20,CZ,Czechia,EURO,978,1686467,16,30474,1655993
2021-06-27,CZ,Czechia,EURO,732,1687199,12,30486,1656713
2021-07-04,CZ,Czechia,EURO,1020,1688219,5,30491,1657728
2021-07-11,CZ,Czechia,EURO,1393,1689612,3,30494,1659118
2021-07-18,CZ,Czechia,EURO,1700,1691312,4,30498,1660814
2021-07-25,CZ,Czechia,EURO,1459,1692771,4,30502,1662269
2021-08-01,CZ,Czechia,EURO,1252,1694023,2,30504,1663519
2021-08-08,CZ,Czechia,EURO,1216,1695239,6,30510,1664729
2021-08-15,CZ,Czechia,EURO,1356,1696595,2,30512,1666083
2021-08-22,CZ,Czechia,EURO,1322,1697917,13,30525,1667392
2021-08-29,CZ,Czechia,EURO,1395,1699312,7,30532,1668780
2021-09-05,CZ,Czechia,EURO,1741,1701053,3,30535,1670518
2021-09-12,CZ,Czechia,EURO,2674,1703727,6,30541,1673186
2021-09-19,CZ,Czechia,EURO,3104,1706831,16,30557,1676274
2021-09-26,CZ,Czechia,EURO,3340,1710171,15,30572,1679599
2021-10-03,CZ,Czechia,EURO,4525,1714696,11,30583,1684113
2021-10-10,CZ,Czechia,EURO,6141,1720837,26,30609,1690228
2021-10-17,CZ,Czechia,EURO,9397,1730234,47,30656,1699578
2021-10-24,CZ,Czechia,EURO,21024,1751258,79,30735,1720523
2021-10-31,CZ,Czechia,EURO,34304,1785562,156,30891,1754671
2021-11-07,CZ,Czechia,EURO,54713,1840275,298,31189,1809086
2021-11-14,CZ,Czechia,EURO,76286,1916561,441,31630,1884931
2021-11-21,CZ,Czechia,EURO,107749,2024310,642,32272,1992038
2021-11-28,CZ,Czechia,EURO,131080,2155390,768,33040,2122350
2021-12-05,CZ,Czechia,EURO,120518,2275908,848,33888,2242020
2021-12-12,CZ,Czechia,EURO,95994,2371902,798,34686,2337216
2021-12-19,CZ,Czechia,EURO,70819,2442721,775,35461,2407260
2021-12-26,CZ,Czechia,EURO,43730,2486451,527,35988,2450463
2022-01-02,CZ,Czechia,EURO,37317,2523768,448,36436,2487332
2022-01-09,CZ,Czechia,EURO,49854,2573622,361,36797,2536825
2022-01-16,CZ,Czechia,EURO,76148,2649770,239,37036,2612734
2022-01-23,CZ,Czechia,EURO,174118,2823888,175,37211,2786677
2022-01-30,CZ,Czechia,EURO,279661,3103549,157,37368,3066181
2022-02-06,CZ,Czechia,EURO,286572,3390121,289,37657,3352464
2022-02-13,CZ,Czechia,EURO,189772,3579893,388,38045,3541848
2022-02-20,CZ,Czechia,EURO,129271,3709164,377,38422,3670742
2022-02-27,CZ,Czechia,EURO,80424,3789588,357,38779,3750809
2022-03-06,CZ,Czechia,EURO,65371,3854959,300,39079,3815880
2022-03-13,CZ,Czechia,EURO,63916,3918875,219,39298,3879577
2022-03-20,CZ,Czechia,EURO,64737,3983612,192,39490,3944122
2022-03-27,CZ,Czechia,EURO,59392,4043004,194,39684,4003320
2022-04-03,CZ,Czechia,EURO,50470,4093474,154,39838,4053636
2022-04-10,CZ,Czechia,EURO,37781,4131255,172,40010,4091245
2022-04-17,CZ,Czechia,EURO,23016,4154271,92,40102,4114169
2022-04-24,CZ,Czechia,EURO,16520,4170791,91,40193,4130598
2022-05-01,CZ,Czechia,EURO,12147,4182938,77,40270,4142668
2022-05-08,CZ,Czechia,EURO,8010,4190948,57,40327,4150621
2022-05-15,CZ,Czechia,EURO,4219,4195167,25,40352,4154815
2022-05-22,CZ,Czechia,EURO,2686,4197853,15,40367,4157486
2022-05-29,CZ,Czechia,EURO,1896,4199749,11,40378,4159371
2022-06-05,CZ,Czechia,EURO,1706,4201455,7,40385,4161070
2022-06-12,CZ,Czechia,EURO,2275,4203730,8,40393,4163337
2022-06-19,CZ,Czechia,EURO,2945,4206675,4,40397,4166278
2022-06-26,CZ,Czechia,EURO,4645,4211320,3,40400,4170920
2022-07-03,CZ,Czechia,EURO,8243,4219563,10,40410,4179153
2022-07-10,CZ,Czechia,EURO,7976,4227539,20,40430,4187109
2022-07-17,CZ,Czechia,EURO,14675,4242214,22,40452,4201762
2022-07-24,CZ,Czechia,EURO,21407,4263621,43,40495,4223126
2022-07-31,CZ,Czechia,EURO,22707,4286328,86,40581,4245747
2022-08-07,CZ,Czechia,EURO,20552,4306880,102,40683,4266197
2022-08-14,CZ,Czechia,EURO,17817,4324697,83,40766,4283931
2022-08-21,CZ,Czechia,EURO,18267,4342964,87,40853,4302111
2022-08-28,CZ,Czechia,EURO,15470,4358434,62,40915,4317519
2022-09-04,CZ,Czechia,EURO,16021,4374455,45,40960,4333495
2022-09-11,CZ,Czechia,EURO,18605,4393060,56,41016,4352044
2022-09-18,CZ,Czechia,EURO,22160,4415220,52,41068,4374152
2022-09-25,CZ,Czechia,EURO,24278,4439498,65,41133,4398365
2022-10-02,CZ,Czechia,EURO,26213,4465711,100,41233,4424478
2022-10-09,CZ,Czechia,EURO,26201,4491912,123,41356,4450556
2022-10-16,CZ,Czechia,EURO,19903,4511815,142,41498,4470317
2022-10-23,CZ,Czechia,EURO,14417,4526232,97,41595,4484637
2022-10-30,CZ,Czechia,EURO,8162,4534394,79,41674,4492720
2022-11-06,CZ,Czechia,EURO,7155,4541549,63,41737,4499812
2022-11-13,CZ,Czechia,EURO,5214,4546763,62,41799,4504964
2022-11-20,CZ,Czechia,EURO,4122,4550885,39,41838,4509047
2022-11-27,CZ,Czechia,EURO,4863,4555748,41,41879,4513869
2022-12-04,CZ,Czechia,EURO,5617,4561365,43,41922,4519443
2022-12-11,CZ,Czechia,EURO,6162,4567527,54,41976,4525551
2022-12-18,CZ,Czechia,EURO,5531,4573058,54,42030,4531028
2022-12-25,CZ,Czechia,EURO,4468,4577526,69,42099,4535427
2023-01-01,CZ,Czechia,EURO,2728,4580254,67,42166,4538088
2023-01-08,CZ,Czechia,EURO,2915,4583169,62,42228,4540941
2023-01-15,CZ,Czechia,EURO,1955,4585124,39,42267,4542857
2023-01-22,CZ,Czechia,EURO,1813,4586937,32,42299,4544638
2023-01-29,CZ,Czechia,EURO,1964,4588901,16,42315,4546586
2023-02-05,CZ,Czechia,EURO,2720,4591621,22,42337,4549284
2023-02-12,CZ,Czechia,EURO,3823,4595444,24,42361,4553083
2023-02-19,CZ,Czechia,EURO,5723,4601167,35,42396,4558771
2023-02-26,CZ,Czechia,EURO,6972,4608139,48,42444,4565695
2023-03-05,CZ,Czechia,EURO,6012,4614151,43,42487,4571664
2023-03-12,CZ,Czechia,EURO,6289,4620440,36,42523,4577917
2023-03-19,CZ,Czechia,EURO,5728,4626168,57,42580,4583588
2023-03-26,CZ,Czechia,EURO,4673,4630841,56,42636,4588205
2023-04-02,CZ,Czechia,EURO,3359,4634200,46,42682,4591518
2023-04-09,CZ,Czechia,EURO,2070,4636270,28,42710,4593560
2023-04-16,CZ,Czechia,EURO,1768,4638038,23,42733,4595305
2023-04-23,CZ,Czechia,EURO,1406,4639444,22,42755,4596689
2023-04-30,CZ,Czechia,EURO,967,4640411,16,42771,4597640
2023-05-07,CZ,Czechia,EURO,558,4640969,12,42783,4598186
2023-05-14,CZ,Czechia,EURO,453,4641422,11,42794,4598628
2023-05-21,CZ,Czechia,EURO,350,4641772,6,42800,4598972
2023-05-28,CZ,Czechia,EURO,276,4642048,6,42806,4599242
2023-06-04,CZ,Czechia,EURO,232,4642280,3,42809,4599471
2023-06-11,CZ,Czechia,EURO,174,4642454,1,42810,4599644
2023-06-18,CZ,Czechia,EURO,131,4642585,2,42812,4599773
2023-06-25,CZ,Czechia,EURO,139,4642724,0,42812,4599912
2023-07-02,CZ,Czechia,EURO,72,4642796,1,42813,4599983
2023-07-09,CZ,Czechia,EURO,51,4642847,0,42813,4600034
2023-07-16,CZ,Czechia,EURO,67,4642914,2,42815,4600099
2023-07-23,CZ,Czechia,EURO,79,4642993,1,42816,4600177
2023-07-30,CZ,Czechia,EURO,76,4643069,0,42816,4600253
2023-08-06,CZ,Czechia,EURO,123,4643192,0,42816,4600376
2023-08-13,CZ,Czechia,EURO,168,4643360,0,42816,4600544
2023-08-20,CZ,Czechia,EURO,294,4643654,2,42818,4600836
2023-08-27,CZ,Czechia,EURO,398,4644052,1,42819,4601233
2023-09-03,CZ,Czechia,EURO,476,4644528,4,42823,4601705
2023-09-10,CZ,Czechia,EURO,891,4645419,6,42829,4602590
2023-09-17,CZ,Czechia,EURO,1762,4647181,5,42834,4604347
2023-09-24,CZ,Czechia,EURO,2251,4649432,10,42844,4606588
2023-10-01,CZ,Czechia,EURO,2175,4651607,8,42852,4608755
2023-10-08,CZ,Czechia,EURO,3016,4654623,14,42866,4611757
2023-10-15,CZ,Czechia,EURO,3035,4657658,20,42886,4614772
2023-10-22,CZ,Czechia,EURO,3535,4661193,18,42904,4618289
2023-10-29,CZ,Czechia,EURO,4418,4665611,16,42920,4622691
2023-11-05,CZ,Czechia,EURO,5151,4670762,37,42957,4627805
2023-11-12,CZ,Czechia,EURO,5524,4676286,26,42983,4633303
2023-11-19,CZ,Czechia,EURO,5524,4681810,26,43009,4638801
2023-11-26,CZ,Czechia,EURO,8535,4690345,34,43043,4647302
2023-12-03,CZ,Czechia,EURO,10321,4700666,49,43092,4657574
2023-12-10,CZ,Czechia,EURO,13257,4713923,65,43157,4670766
2023-12-17,CZ,Czechia,EURO,16022,4729945,76,43233,4686712
2023-12-24,CZ,Czechia,EURO,12319,4742264,70,43303,4698961
2023-12-31,CZ,Czechia,EURO,4359,4746623,51,43354,4703269
2024-01-07,CZ,Czechia,EURO,4420,4751043,57,43411,4707632
2024-01-14,CZ,Czechia,EURO,2246,4753289,32,43443,4709846
2024-01-21,CZ,Czechia,EURO,1608,4754897,20,43463,4711434
2024-01-28,CZ,Czechia,EURO,1217,4756114,8,43471,4712643
2024-02-04,CZ,Czechia,EURO,866,4756980,10,43481,4713499
2024-02-11,CZ,Czechia,EURO,637,4757617,4,43485,4714132
2024-02-18,CZ,Czechia,EURO,428,4758045,5,43490,4714555
2024-02-25,CZ,Czechia,EURO,251,4758296,2,43492,4714804
2024-03-03,CZ,Czechia,EURO,176,4758472,3,43495,4714977
2024-03-10,CZ,Czechia,EURO,168,4758640,4,43499,4715141
2024-03-17,CZ,Czechia,EURO,130,4758770,2,43501,4715269
2024-03-24,CZ,Czechia,EURO,95,4758865,1,43502,4715363
2024-03-31,CZ,Czechia,EURO,90,4758955,1,43503,4715452
2024-04-07,CZ,Czechia,EURO,88,4759043,0,43503,4715540
2024-04-14,CZ,Czechia,EURO,71,4759114,0,43503,4715611
2024-04-21,CZ,Czechia,EURO,59,4759173,0,43503,4715670
2024-04-28,CZ,Czechia,EURO,53,4759226,0,43503,4715723
2024-05-05,CZ,Czechia,EURO,62,4759288,0,43503,4715785
2024-05-12,CZ,Czechia,EURO,66,4759354,0,43503,4715851
2024-05-19,CZ,Czechia,EURO,64,4759418,1,43504,4715914
2024-05-26,CZ,Czechia,EURO,76,4759494,2,43506,4715988
2024-06-02,CZ,Czechia,EURO,68,4759562,0,43506,4716056
2024-06-09,CZ,Czechia,EURO,96,4759658,1,43507,4716151
2024-06-16,CZ,Czechia,EURO,156,4759814,0,43507,4716307
2024-06-23,CZ,Czechia,EURO,152,4759966,0,43507,4716459
2024-06-30,CZ,Czechia,EURO,183,4760149,1,43508,4716641
2024-07-07,CZ,Czechia,EURO,149,4760298,0,43508,4716790
2024-07-14,CZ,Czechia,EURO,285,4760583,0,43508,4717075
2024-07-21,CZ,Czechia,EURO,312,4760895,0,43508,4717387
2024-07-28,CZ,Czechia,EURO,456,4761351,0,43508,4717843
2024-08-04,CZ,Czechia,EURO,582,4761933,1,43509,4718424
2024-08-11,CZ,Czechia,EURO,833,4762766,2,43511,4719255
2024-08-18,CZ,Czechia,EURO,1044,4763810,2,43513,4720297
2024-08-25,CZ,Czechia,EURO,1308,4765118,3,43516,4721602
2024-09-01,CZ,Czechia,EURO,1897,4767015,10,43526,4723489
2024-09-08,CZ,Czechia,EURO,2581,4769596,8,43534,4726062
2024-09-15,CZ,Czechia,EURO,3283,4772879,10,43544,4729335
2024-09-22,CZ,Czechia,EURO,5345,4778224,12,43556,4734668
2024-09-29,CZ,Czechia,EURO,7861,4786085,26,43582,4742503
2024-10-06,CZ,Czechia,EURO,7851,4793936,22,43604,4750332
2024-10-13,CZ,Czechia,EURO,7801,4801737,30,43634,4758103
2024-10-20,CZ,Czechia,EURO,6057,4807794,32,43666,4764128
2024-10-27,CZ,Czechia,EURO,4188,4811982,25,43691,4768291
2024-11-03,CZ,Czechia,EURO,2391,4814373,21,43712,4770661
2024-11-10,CZ,Czechia,EURO,1932,4816305,6,43718,4772587
2024-11-17,CZ,Czechia,EURO,1785,4818090,5,43723,4774367
2020-01-05,KP,Democratic People's Republic of Korea,SEARO,0,0,0,0,0
2020-01-12,KP,Democratic People's Republic of Korea,SEARO,0,0,0,0,0
2020-01-19,KP,Democratic People's Republic of Korea,SEARO,0,0,0,0,0
2020-01-26,KP,Democratic People's Republic of Korea,SEARO,0,0,0,0,0
2020-02-02,KP,Democratic People's Republic of Korea,SEARO,0,0,0,0,0
2020-02-09,KP,Democratic People's Republic of Korea,SEARO,0,0,0,0,0
2020-02-16,KP,Democratic People's Republic of Korea,SEARO,0,0,0,0,0
2020-02-23,KP,Democratic People's Republic of Korea,SEARO,0,0,0,0,0
2020-03-01,KP,Democratic People's Republic of Korea,SEARO,0,0,0,0,0
2020-03-08,KP,Democratic People's Republic of Korea,SEARO,0,0,0,0,0
2020-03-15,KP,Democratic People's Republic of Korea,SEARO,0,0,0,0,0
2020-03-22,KP,Democratic People's Republic of Korea,SEARO,0,0,0,0,0
2020-03-29,KP,Democratic People's Republic of Korea,SEARO,0,0,0,0,0
2020-04-05,KP,Democratic People's Republic of Korea,SEARO,0,0,0,0,0
2020-04-12,KP,Democratic People's Republic of Korea,SEARO,0,0,0,0,0
2020-04-19,KP,Democratic People's Republic of Korea,SEARO,0,0,0,0,0
2020-04-26,KP,Democratic People's Republic of Korea,SEARO,0,0,0,0,0
2020-05-03,KP,Democratic People's Republic of Korea,SEARO,0,0,0,0,0
2020-05-10,KP,Democratic People's Republic of Korea,SEARO,0,0,0,0,0
2020-05-17,KP,Democratic People's Republic of Korea,SEARO,0,0,0,0,0
2020-05-24,KP,Democratic People's Republic of Korea,SEARO,0,0,0,0,0
2020-05-31,KP,Democratic People's Republic of Korea,SEARO,0,0,0,0,0
2020-06-07,KP,Democratic People's Republic of Korea,SEARO,0,0,0,0,0
2020-06-14,KP,Democratic People's Republic of Korea,SEARO,0,0,0,0,0
2020-06-21,KP,Democratic People's Republic of Korea,SEARO,0,0,0,0,0
2020-06-28,KP,Democratic People's Republic of Korea,SEARO,0,0,0,0,0
2020-07-05,KP,Democratic People's Republic of Korea,SEARO,0,0,0,0,0
2020-07-12,KP,Democratic People's Republic of Korea,SEARO,0,0,0,0,0
2020-07-19,KP,Democratic People's Republic of Korea,SEARO,0,0,0,0,0
2020-07-26,KP,Democratic People's Republic of Korea,SEARO,0,0,0,0,0
2020-08-02,KP,Democratic People's Republic of Korea,SEARO,0,0,0,0,0
2020-08-09,KP,Democratic People's Republic of Korea,SEARO,0,0,0,0,0
2020-08-16,KP,Democratic People's Republic of Korea,SEARO,0,0,0,0,0
2020-08-23,KP,Democratic People's Republic of Korea,SEARO,0,0,0,0,0
2020-08-30,KP,Democratic People's Republic of Korea,SEARO,0,0,0,0,0
2020-09-06,KP,Democratic People's Republic of Korea,SEARO,0,0,0,0,0
2020-09-13,KP,Democratic People's Republic of Korea,SEARO,0,0,0,0,0
2020-09-20,KP,Democratic People's Republic of Korea,SEARO,0,0,0,0,0
2020-09-27,KP,Democratic People's Republic of Korea,SEARO,0,0,0,0,0
2020-10-04,KP,Democratic People's Republic of Korea,SEARO,0,0,0,0,0
2020-10-11,KP,Democratic People's Republic of Korea,SEARO,0,0,0,0,0
2020-10-18,KP,Democratic People's Republic of Korea,SEARO,0,0,0,0,0
2020-10-25,KP,Democratic People's Republic of Korea,SEARO,0,0,0,0,0
2020-11-01,KP,Democratic People's Republic of Korea,SEARO,0,0,0,0,0
2020-11-08,KP,Democratic People's Republic of Korea,SEARO,0,0,0,0,0
2020-11-15,KP,Democratic People's Republic of Korea,SEARO,0,0,0,0,0
2020-11-22,KP,Democratic People's Republic of Korea,SEARO,0,0,0,0,0
2020-11-29,KP,Democratic People's Republic of Korea,SEARO,0,0,0,0,0
2020-12-06,KP,Democratic People's Republic of Korea,SEARO,0,0,0,0,0
2020-12-13,KP,Democratic People's Republic of Korea,SEARO,0,0,0,0,0
2020-12-20,KP,Democratic People's Republic of Korea,SEARO,0,0,0,0,0
2020-12-27,KP,Democratic People's Republic of Korea,SEARO,0,0,0,0,0
2021-01-03,KP,Democratic People's Republic of Korea,SEARO,0,0,0,0,0
2021-01-10,KP,Democratic People's Republic of Korea,SEARO,0,0,0,0,0
2021-01-17,KP,Democratic People's Republic of Korea,SEARO,0,0,0,0,0
2021-01-24,KP,Democratic People's Republic of Korea,SEARO,0,0,0,0,0
2021-01-31,KP,Democratic People's Republic of Korea,SEARO,0,0,0,0,0
2021-02-07,KP,Democratic People's Republic of Korea,SEARO,0,0,0,0,0
2021-02-14,KP,Democratic People's Republic of Korea,SEARO,0,0,0,0,0
2021-02-21,KP,Democratic People's Republic of Korea,SEARO,0,0,0,0,0
2021-02-28,KP,Democratic People's Republic of Korea,SEARO,0,0,0,0,0
2021-03-07,KP,Democratic People's Republic of Korea,SEARO,0,0,0,0,0
2021-03-14,KP,Democratic People's Republic of Korea,SEARO,0,0,0,0,0
2021-03-21,KP,Democratic People's Republic of Korea,SEARO,0,0,0,0,0
2021-03-28,KP,Democratic People's Republic of Korea,SEARO,0,0,0,0,0
2021-04-04,KP,Democratic People's Republic of Korea,SEARO,0,0,0,0,0
2021-04-11,KP,Democratic People's Republic of Korea,SEARO,0,0,0,0,0
2021-04-18,KP,Democratic People's Republic of Korea,SEARO,0,0,0,0,0
2021-04-25,KP,Democratic People's Republic of Korea,SEARO,0,0,0,0,0
2021-05-02,KP,Democratic People's Republic of Korea,SEARO,0,0,0,0,0
2021-05-09,KP,Democratic People's Republic of Korea,SEARO,0,0,0,0,0
2021-05-16,KP,Democratic People's Republic of Korea,SEARO,0,0,0,0,0
2021-05-23,KP,Democratic People's Republic of Korea,SEARO,0,0,0,0,0
2021-05-30,KP,Democratic People's Republic of Korea,SEARO,0,0,0,0,0
2021-06-06,KP,Democratic People's Republic of Korea,SEARO,0,0,0,0,0
2021-06-13,KP,Democratic People's Republic of Korea,SEARO,0,0,0,0,0
2021-06-20,KP,Democratic People's Republic of Korea,SEARO,0,0,0,0,0
2021-06-27,KP,Democratic People's Republic of Korea,SEARO,0,0,0,0,0
2021-07-04,KP,Democratic People's Republic of Korea,SEARO,0,0,0,0,0
2021-07-11,KP,Democratic People's Republic of Korea,SEARO,0,0,0,0,0
2021-07-18,KP,Democratic People's Republic of Korea,SEARO,0,0,0,0,0
2021-07-25,KP,Democratic People's Republic of Korea,SEARO,0,0,0,0,0
2021-08-01,KP,Democratic People's Republic of Korea,SEARO,0,0,0,0,0
2021-08-08,KP,Democratic People's Republic of Korea,SEARO,0,0,0,0,0
2021-08-15,KP,Democratic People's Republic of Korea,SEARO,0,0,0,0,0
2021-08-22,KP,Democratic People's Republic of Korea,SEARO,0,0,0,0,0
2021-08-29,KP,Democratic People's Republic of Korea,SEARO,0,0,0,0,0
2021-09-05,KP,Democratic People's Republic of Korea,SEARO,0,0,0,0,0
2021-09-12,KP,Democratic People's Republic of Korea,SEARO,0,0,0,0,0
2021-09-19,KP,Democratic People's Republic of Korea,SEARO,0,0,0,0,0
2021-09-26,KP,Democratic People's Republic of Korea,SEARO,0,0,0,0,0
2021-10-03,KP,Democratic People's Republic of Korea,SEARO,0,0,0,0,0
2021-10-10,KP,Democratic People's Republic of Korea,SEARO,0,0,0,0,0
2021-10-17,KP,Democratic People's Republic of Korea,SEARO,0,0,0,0,0
2021-10-24,KP,Democratic People's Republic of Korea,SEARO,0,0,0,0,0
2021-10-31,KP,Democratic People's Republic of Korea,SEARO,0,0,0,0,0
2021-11-07,KP,Democratic People's Republic of Korea,SEARO,0,0,0,0,0
2021-11-14,KP,Democratic People's Republic of Korea,SEARO,0,0,0,0,0
2021-11-21,KP,Democratic People's Republic of Korea,SEARO,0,0,0,0,0
2021-11-28,KP,Democratic People's Republic of Korea,SEARO,0,0,0,0,0
2021-12-05,KP,Democratic People's Republic of Korea,SEARO,0,0,0,0,0
2021-12-12,KP,Democratic People's Republic of Korea,SEARO,0,0,0,0,0
2021-12-19,KP,Democratic People's Republic of Korea,SEARO,0,0,0,0,0
2021-12-26,KP,Democratic People's Republic of Korea,SEARO,0,0,0,0,0
2022-01-02,KP,Democratic People's Republic of Korea,SEARO,0,0,0,0,0
2022-01-09,KP,Democratic People's Republic of Korea,SEARO,0,0,0,0,0
2022-01-16,KP,Democratic People's Republic of Korea,SEARO,0,0,0,0,0
2022-01-23,KP,Democratic People's Republic of Korea,SEARO,0,0,0,0,0
2022-01-30,KP,Democratic People's Republic of Korea,SEARO,0,0,0,0,0
2022-02-06,KP,Democratic People's Republic of Korea,SEARO,0,0,0,0,0
2022-02-13,KP,Democratic People's Republic of Korea,SEARO,0,0,0,0,0
2022-02-20,KP,Democratic People's Republic of Korea,SEARO,0,0,0,0,0
2022-02-27,KP,Democratic People's Republic of Korea,SEARO,0,0,0,0,0
2022-03-06,KP,Democratic People's Republic of Korea,SEARO,0,0,0,0,0
2022-03-13,KP,Democratic People's Republic of Korea,SEARO,0,0,0,0,0
2022-03-20,KP,Democratic People's Republic of Korea,SEARO,0,0,0,0,0
2022-03-27,KP,Democratic People's Republic of Korea,SEARO,0,0,0,0,0
2022-04-03,KP,Democratic People's Republic of Korea,SEARO,0,0,0,0,0
2022-04-10,KP,Democratic People's Republic of Korea,SEARO,0,0,0,0,0
2022-04-17,KP,Democratic People's Republic of Korea,SEARO,0,0,0,0,0
2022-04-24,KP,Democratic People's Republic of Korea,SEARO,0,0,0,0,0
2022-05-01,KP,Democratic People's Republic of Korea,SEARO,0,0,0,0,0
2022-05-08,KP,Democratic People's Republic of Korea,SEARO,0,0,0,0,0
2022-05-15,KP,Democratic People's Republic of Korea,SEARO,0,0,0,0,0
2022-05-22,KP,Democratic People's Republic of Korea,SEARO,0,0,0,0,0
2022-05-29,KP,Democratic People's Republic of Korea,SEARO,0,0,0,0,0
2022-06-05,KP,Democratic People's Republic of Korea,SEARO,0,0,0,0,0
2022-06-12,KP,Democratic People's Republic of Korea,SEARO,0,0,0,0,0
2022-06-19,KP,Democratic People's Republic of Korea,SEARO,0,0,0,0,0
2022-06-26,KP,Democratic People's Republic of Korea,SEARO,0,0,0,0,0
2022-07-03,KP,Democratic People's Republic of Korea,SEARO,0,0,0,0,0
2022-07-10,KP,Democratic People's Republic of Korea,SEARO,0,0,0,0,0
2022-07-17,KP,Democratic People's Republic of Korea,SEARO,0,0,0,0,0
2022-07-24,KP,Democratic People's Republic of Korea,SEARO,0,0,0,0,0
2022-07-31,KP,Democratic People's Republic of Korea,SEARO,0,0,0,0,0
2022-08-07,KP,Democratic People's Republic of Korea,SEARO,0,0,0,0,0
2022-08-14,KP,Democratic People's Republic of Korea,SEARO,0,0,0,0,0
2022-08-21,KP,Democratic People's Republic of Korea,SEARO,0,0,0,0,0
2022-08-28,KP,Democratic People's Republic of Korea,SEARO,0,0,0,0,0
2022-09-04,KP,Democratic People's Republic of Korea,SEARO,0,0,0,0,0
2022-09-11,KP,Democratic People's Republic of Korea,SEARO,0,0,0,0,0
2022-09-18,KP,Democratic People's Republic of Korea,SEARO,0,0,0,0,0
2022-09-25,KP,Democratic People's Republic of Korea,SEARO,0,0,0,0,0
2022-10-02,KP,Democratic People's Republic of Korea,SEARO,0,0,0,0,0
2022-10-09,KP,Democratic People's Republic of Korea,SEARO,0,0,0,0,0
2022-10-16,KP,Democratic People's Republic of Korea,SEARO,0,0,0,0,0
2022-10-23,KP,Democratic People's Republic of Korea,SEARO,0,0,0,0,0
2022-10-30,KP,Democratic People's Republic of Korea,SEARO,0,0,0,0,0
2022-11-06,KP,Democratic People's Republic of Korea,SEARO,0,0,0,0,0
2022-11-13,KP,Democratic People's Republic of Korea,SEARO,0,0,0,0,0
2022-11-20,KP,Democratic People's Republic of Korea,SEARO,0,0,0,0,0
2022-11-27,KP,Democratic People's Republic of Korea,SEARO,0,0,0,0,0
2022-12-04,KP,Democratic People's Republic of Korea,SEARO,0,0,0,0,0
2022-12-11,KP,Democratic People's Republic of Korea,SEARO,0,0,0,0,0
2022-12-18,KP,Democratic People's Republic of Korea,SEARO,0,0,0,0,0
2022-12-25,KP,Democratic People's Republic of Korea,SEARO,0,0,0,0,0
2023-01-01,KP,Democratic People's Republic of Korea,SEARO,0,0,0,0,0
2023-01-08,KP,Democratic People's Republic of Korea,SEARO,0,0,0,0,0
2023-01-15,KP,Democratic People's Republic of Korea,SEARO,0,0,0,0,0
2023-01-22,KP,Democratic People's Republic of Korea,SEARO,0,0,0,0,0
2023-01-29,KP,Democratic People's Republic of Korea,SEARO,0,0,0,0,0
2023-02-05,KP,Democratic People's Republic of Korea,SEARO,0,0,0,0,0
2023-02-12,KP,Democratic People's Republic of Korea,SEARO,0,0,0,0,0
2023-02-19,KP,Democratic People's Republic of Korea,SEARO,0,0,0,0,0
2023-02-26,KP,Democratic People's Republic of Korea,SEARO,0,0,0,0,0
2023-03-05,KP,Democratic People's Republic of Korea,SEARO,0,0,0,0,0
2023-03-12,KP,Democratic People's Republic of Korea,SEARO,0,0,0,0,0
2023-03-19,KP,Democratic People's Republic of Korea,SEARO,0,0,0,0,0
2023-03-26,KP,Democratic People's Republic of Korea,SEARO,0,0,0,0,0
2023-04-02,KP,Democratic People's Republic of Korea,SEARO,0,0,0,0,0
2023-04-09,KP,Democratic People's Republic of Korea,SEARO,0,0,0,0,0
2023-04-16,KP,Democratic People's Republic of Korea,SEARO,0,0,0,0,0
2023-04-23,KP,Democratic People's Republic of Korea,SEARO,0,0,0,0,0
2023-04-30,KP,Democratic People's Republic of Korea,SEARO,0,0,0,0,0
2023-05-07,KP,Democratic People's Republic of Korea,SEARO,0,0,0,0,0
2023-05-14,KP,Democratic People's Republic of Korea,SEARO,0,0,0,0,0
2023-05-21,KP,Democratic People's Republic of Korea,SEARO,0,0,0,0,0
2023-05-28,KP,Democratic People's Republic of Korea,SEARO,0,0,0,0,0
2023-06-04,KP,Democratic People's Republic of Korea,SEARO,0,0,0,0,0
2023-06-11,KP,Democratic People's Republic of Korea,SEARO,0,0,0,0,0
2023-06-18,KP,Democratic People's Republic of Korea,SEARO,0,0,0,0,0
2023-06-25,KP,Democratic People's Republic of Korea,SEARO,0,0,0,0,0
2023-07-02,KP,Democratic People's Republic of Korea,SEARO,0,0,0,0,0
2023-07-09,KP,Democratic People's Republic of Korea,SEARO,0,0,0,0,0
2023-07-16,KP,Democratic People's Republic of Korea,SEARO,0,0,0,0,0
2023-07-23,KP,Democratic People's Republic of Korea,SEARO,0,0,0,0,0
2023-07-30,KP,Democratic People's Republic of Korea,SEARO,0,0,0,0,0
2023-08-06,KP,Democratic People's Republic of Korea,SEARO,0,0,0,0,0
2023-08-13,KP,Democratic People's Republic of Korea,SEARO,0,0,0,0,0
2023-08-20,KP,Democratic People's Republic of Korea,SEARO,0,0,0,0,0
2023-08-27,KP,Democratic People's Republic of Korea,SEARO,0,0,0,0,0
2023-09-03,KP,Democratic People's Republic of Korea,SEARO,0,0,0,0,0
2023-09-10,KP,Democratic People's Republic of Korea,SEARO,0,0,0,0,0
2023-09-17,KP,Democratic People's Republic of Korea,SEARO,0,0,0,0,0
2023-09-24,KP,Democratic People's Republic of Korea,SEARO,0,0,0,0,0
2023-10-01,KP,Democratic People's Republic of Korea,SEARO,0,0,0,0,0
2023-10-08,KP,Democratic People's Republic of Korea,SEARO,0,0,0,0,0
2023-10-15,KP,Democratic People's Republic of Korea,SEARO,0,0,0,0,0
2023-10-22,KP,Democratic People's Republic of Korea,SEARO,0,0,0,0,0
2023-10-29,KP,Democratic People's Republic of Korea,SEARO,0,0,0,0,0
2023-11-05,KP,Democratic People's Republic of Korea,SEARO,0,0,0,0,0
2023-11-12,KP,Democratic People's Republic of Korea,SEARO,0,0,0,0,0
2023-11-19,KP,Democratic People's Republic of Korea,SEARO,0,0,0,0,0
2023-11-26,KP,Democratic People's Republic of Korea,SEARO,0,0,0,0,0
2023-12-03,KP,Democratic People's Republic of Korea,SEARO,0,0,0,0,0
2023-12-10,KP,Democratic People's Republic of Korea,SEARO,0,0,0,0,0
2023-12-17,KP,Democratic People's Republic of Korea,SEARO,0,0,0,0,0
2023-12-24,KP,Democratic People's Republic of Korea,SEARO,0,0,0,0,0
2023-12-31,KP,Democratic People's Republic of Korea,SEARO,0,0,0,0,0
2024-01-07,KP,Democratic People's Republic of Korea,SEARO,0,0,0,0,0
2024-01-14,KP,Democratic People's Republic of Korea,SEARO,0,0,0,0,0
2024-01-21,KP,Democratic People's Republic of Korea,SEARO,0,0,0,0,0
2024-01-28,KP,Democratic People's Republic of Korea,SEARO,0,0,0,0,0
2024-02-04,KP,Democratic People's Republic of Korea,SEARO,0,0,0,0,0
2024-02-11,KP,Democratic People's Republic of Korea,SEARO,0,0,0,0,0
2024-02-18,KP,Democratic People's Republic of Korea,SEARO,0,0,0,0,0
2024-02-25,KP,Democratic People's Republic of Korea,SEARO,0,0,0,0,0
2024-03-03,KP,Democratic People's Republic of Korea,SEARO,0,0,0,0,0
2024-03-10,KP,Democratic People's Republic of Korea,SEARO,0,0,0,0,0
2024-03-17,KP,Democratic People's Republic of Korea,SEARO,0,0,0,0,0
2024-03-24,KP,Democratic People's Republic of Korea,SEARO,0,0,0,0,0
2024-03-31,KP,Democratic People's Republic of Korea,SEARO,0,0,0,0,0
2024-04-07,KP,Democratic People's Republic of Korea,SEARO,0,0,0,0,0
2024-04-14,KP,Democratic People's Republic of Korea,SEARO,0,0,0,0,0
2024-04-21,KP,Democratic People's Republic of Korea,SEARO,0,0,0,0,0
2024-04-28,KP,Democratic People's Republic of Korea,SEARO,0,0,0,0,0
2024-05-05,KP,Democratic People's Republic of Korea,SEARO,0,0,0,0,0
2024-05-12,KP,Democratic People's Republic of Korea,SEARO,0,0,0,0,0
2024-05-19,KP,Democratic People's Republic of Korea,SEARO,0,0,0,0,0
2024-05-26,KP,Democratic People's Republic of Korea,SEARO,0,0,0,0,0
2024-06-02,KP,Democratic People's Republic of Korea,SEARO,0,0,0,0,0
2024-06-09,KP,Democratic People's Republic of Korea,SEARO,0,0,0,0,0
2024-06-16,KP,Democratic People's Republic of Korea,SEARO,0,0,0,0,0
2024-06-23,KP,Democratic People's Republic of Korea,SEARO,0,0,0,0,0
2024-06-30,KP,Democratic People's Republic of Korea,SEARO,0,0,0,0,0
2024-07-07,KP,Democratic People's Republic of Korea,SEARO,0,0,0,0,0
2024-07-14,KP,Democratic People's Republic of Korea,SEARO,0,0,0,0,0
2024-07-21,KP,Democratic People's Republic of Korea,SEARO,0,0,0,0,0
2024-07-28,KP,Democratic People's Republic of Korea,SEARO,0,0,0,0,0
2024-08-04,KP,Democratic People's Republic of Korea,SEARO,0,0,0,0,0
2024-08-11,KP,Democratic People's Republic of Korea,SEARO,0,0,0,0,0
2024-08-18,KP,Democratic People's Republic of Korea,SEARO,0,0,0,0,0
2024-08-25,KP,Democratic People's Republic of Korea,SEARO,0,0,0,0,0
2024-09-01,KP,Democratic People's Republic of Korea,SEARO,0,0,0,0,0
2024-09-08,KP,Democratic People's Republic of Korea,SEARO,0,0,0,0,0
2024-09-15,KP,Democratic People's Republic of Korea,SEARO,0,0,0,0,0
2024-09-22,KP,Democratic People's Republic of Korea,SEARO,0,0,0,0,0
2024-09-29,KP,Democratic People's Republic of Korea,SEARO,0,0,0,0,0
2024-10-06,KP,Democratic People's Republic of Korea,SEARO,0,0,0,0,0
2024-10-13,KP,Democratic People's Republic of Korea,SEARO,0,0,0,0,0
2024-10-20,KP,Democratic People's Republic of Korea,SEARO,0,0,0,0,0
2024-10-27,KP,Democratic People's Republic of Korea,SEARO,0,0,0,0,0
2024-11-03,KP,Democratic People's Republic of Korea,SEARO,0,0,0,0,0
2024-11-10,KP,Democratic People's Republic of Korea,SEARO,0,0,0,0,0
2024-11-17,KP,Democratic People's Republic of Korea,SEARO,0,0,0,0,0
2020-01-05,CD,Democratic Republic of the Congo,AFRO,0,0,0,0,0
2020-01-12,CD,Democratic Republic of the Congo,AFRO,0,0,0,0,0
2020-01-19,CD,Democratic Republic of the Congo,AFRO,0,0,0,0,0
2020-01-26,CD,Democratic Republic of the Congo,AFRO,0,0,0,0,0
2020-02-02,CD,Democratic Republic of the Congo,AFRO,0,0,0,0,0
2020-02-09,CD,Democratic Republic of the Congo,AFRO,0,0,0,0,0
2020-02-16,CD,Democratic Republic of the Congo,AFRO,0,0,0,0,0
2020-02-23,CD,Democratic Republic of the Congo,AFRO,0,0,0,0,0
2020-03-01,CD,Democratic Republic of the Congo,AFRO,0,0,0,0,0
2020-03-08,CD,Democratic Republic of the Congo,AFRO,0,0,0,0,0
2020-03-15,CD,Democratic Republic of the Congo,AFRO,2,2,0,0,2
2020-03-22,CD,Democratic Republic of the Congo,AFRO,28,30,0,0,30
2020-03-29,CD,Democratic Republic of the Congo,AFRO,35,65,0,0,65
2020-04-05,CD,Democratic Republic of the Congo,AFRO,89,154,0,0,154
2020-04-12,CD,Democratic Republic of the Congo,AFRO,80,234,0,0,234
2020-04-19,CD,Democratic Republic of the Congo,AFRO,93,327,213,213,114
2020-04-26,CD,Democratic Republic of the Congo,AFRO,115,442,3,216,226
2020-05-03,CD,Democratic Republic of the Congo,AFRO,232,674,5,221,453
2020-05-10,CD,Democratic Republic of the Congo,AFRO,317,991,8,229,762
2020-05-17,CD,Democratic Republic of the Congo,AFRO,463,1454,19,248,1206
2020-05-24,CD,Democratic Republic of the Congo,AFRO,686,2140,2,250,1890
2020-05-31,CD,Democratic Republic of the Congo,AFRO,908,3048,9,259,2789
2020-06-07,CD,Democratic Republic of the Congo,AFRO,829,3877,11,270,3607
2020-06-14,CD,Democratic Republic of the Congo,AFRO,900,4777,24,294,4483
2020-06-21,CD,Democratic Republic of the Congo,AFRO,1048,5825,24,318,5507
2020-06-28,CD,Democratic Republic of the Congo,AFRO,1001,6826,28,346,6480
2020-07-05,CD,Democratic Republic of the Congo,AFRO,584,7410,23,369,7041
2020-07-12,CD,Democratic Republic of the Congo,AFRO,622,8032,6,375,7657
2020-07-19,CD,Democratic Republic of the Congo,AFRO,370,8402,5,380,8022
2020-07-26,CD,Democratic Republic of the Congo,AFRO,427,8829,10,390,8439
2020-08-02,CD,Democratic Republic of the Congo,AFRO,285,9114,11,401,8713
2020-08-09,CD,Democratic Republic of the Congo,AFRO,339,9453,10,411,9042
2020-08-16,CD,Democratic Republic of the Congo,AFRO,222,9675,16,427,9248
2020-08-23,CD,Democratic Republic of the Congo,AFRO,154,9829,11,438,9391
2020-08-30,CD,Democratic Republic of the Congo,AFRO,215,10044,7,445,9599
2020-09-06,CD,Democratic Republic of the Congo,AFRO,165,10209,0,445,9764
2020-09-13,CD,Democratic Republic of the Congo,AFRO,180,10389,2,447,9942
2020-09-20,CD,Democratic Republic of the Congo,AFRO,125,10514,6,453,10061
2020-09-27,CD,Democratic Republic of the Congo,AFRO,97,10611,0,453,10158
2020-10-04,CD,Democratic Republic of the Congo,AFRO,148,10759,3,456,10303
2020-10-11,CD,Democratic Republic of the Congo,AFRO,97,10856,2,458,10398
2020-10-18,CD,Democratic Republic of the Congo,AFRO,171,11027,26,484,10543
2020-10-25,CD,Democratic Republic of the Congo,AFRO,133,11160,3,487,10673
2020-11-01,CD,Democratic Republic of the Congo,AFRO,212,11372,3,490,10882
2020-11-08,CD,Democratic Republic of the Congo,AFRO,218,11590,8,498,11092
2020-11-15,CD,Democratic Republic of the Congo,AFRO,248,11838,5,503,11335
2020-11-22,CD,Democratic Republic of the Congo,AFRO,400,12238,7,510,11728
2020-11-29,CD,Democratic Republic of the Congo,AFRO,463,12701,5,515,12186
2020-12-06,CD,Democratic Republic of the Congo,AFRO,825,13526,11,526,13000
2020-12-13,CD,Democratic Republic of the Congo,AFRO,934,14460,12,538,13922
2020-12-20,CD,Democratic Republic of the Congo,AFRO,1033,15493,14,552,14941
2020-12-27,CD,Democratic Republic of the Congo,AFRO,1344,16837,27,579,16258
2021-01-03,CD,Democratic Republic of the Congo,AFRO,1264,18101,22,601,17500
2021-01-10,CD,Democratic Republic of the Congo,AFRO,1333,19434,9,610,18824
2021-01-17,CD,Democratic Republic of the Congo,AFRO,1473,20907,20,630,20277
2021-01-24,CD,Democratic Republic of the Congo,AFRO,961,21868,31,661,21207
2021-01-31,CD,Democratic Republic of the Congo,AFRO,902,22770,10,671,22099
2021-02-07,CD,Democratic Republic of the Congo,AFRO,828,23598,10,681,22917
2021-02-14,CD,Democratic Republic of the Congo,AFRO,696,24294,11,692,23602
2021-02-21,CD,Democratic Republic of the Congo,AFRO,850,25144,8,700,24444
2021-02-28,CD,Democratic Republic of the Congo,AFRO,768,25912,7,707,25205
2021-03-07,CD,Democratic Republic of the Congo,AFRO,628,26540,5,712,25828
2021-03-14,CD,Democratic Republic of the Congo,AFRO,473,27013,5,717,26296
2021-03-21,CD,Democratic Republic of the Congo,AFRO,539,27552,9,726,26826
2021-03-28,CD,Democratic Republic of the Congo,AFRO,377,27929,13,739,27190
2021-04-04,CD,Democratic Republic of the Congo,AFRO,395,28324,6,745,27579
2021-04-11,CD,Democratic Republic of the Congo,AFRO,254,28578,0,745,27833
2021-04-18,CD,Democratic Republic of the Congo,AFRO,377,28955,0,745,28210
2021-04-25,CD,Democratic Republic of the Congo,AFRO,620,29575,11,756,28819
2021-05-02,CD,Democratic Republic of the Congo,AFRO,389,29964,12,768,29196
2021-05-09,CD,Democratic Republic of the Congo,AFRO,358,30322,4,772,29550
2021-05-16,CD,Democratic Republic of the Congo,AFRO,239,30561,4,776,29785
2021-05-23,CD,Democratic Republic of the Congo,AFRO,412,30973,3,779,30194
2021-05-30,CD,Democratic Republic of the Congo,AFRO,583,31556,3,782,30774
2021-06-06,CD,Democratic Republic of the Congo,AFRO,1645,33201,22,804,32397
2021-06-13,CD,Democratic Republic of the Congo,AFRO,2026,35227,30,834,34393
2021-06-20,CD,Democratic Republic of the Congo,AFRO,2581,37808,45,879,36929
2021-06-27,CD,Democratic Republic of the Congo,AFRO,2445,40253,37,916,39337
2021-07-04,CD,Democratic Republic of the Congo,AFRO,1927,42180,44,960,41220
2021-07-11,CD,Democratic Republic of the Congo,AFRO,1958,44138,20,980,43158
2021-07-18,CD,Democratic Republic of the Congo,AFRO,1870,46008,38,1018,44990
2021-07-25,CD,Democratic Republic of the Congo,AFRO,2119,48127,5,1023,47104
2021-08-01,CD,Democratic Republic of the Congo,AFRO,1889,50016,15,1038,48978
2021-08-08,CD,Democratic Republic of the Congo,AFRO,1872,51888,10,1048,50840
2021-08-15,CD,Democratic Republic of the Congo,AFRO,1365,53253,2,1050,52203
2021-08-22,CD,Democratic Republic of the Congo,AFRO,883,54136,5,1055,53081
2021-08-29,CD,Democratic Republic of the Congo,AFRO,726,54862,4,1059,53803
2021-09-05,CD,Democratic Republic of the Congo,AFRO,1135,55997,2,1061,54936
2021-09-12,CD,Democratic Republic of the Congo,AFRO,280,56277,7,1068,55209
2021-09-19,CD,Democratic Republic of the Congo,AFRO,257,56534,0,1068,55466
2021-09-26,CD,Democratic Republic of the Congo,AFRO,402,56936,16,1084,55852
2021-10-03,CD,Democratic Republic of the Congo,AFRO,146,57082,2,1086,55996
2021-10-10,CD,Democratic Republic of the Congo,AFRO,180,57262,1,1087,56175
2021-10-17,CD,Democratic Republic of the Congo,AFRO,99,57361,4,1091,56270
2021-10-24,CD,Democratic Republic of the Congo,AFRO,103,57464,0,1091,56373
2021-10-31,CD,Democratic Republic of the Congo,AFRO,117,57581,7,1098,56483
2021-11-07,CD,Democratic Republic of the Congo,AFRO,79,57660,1,1099,56561
2021-11-14,CD,Democratic Republic of the Congo,AFRO,181,57841,0,1099,56742
2021-11-21,CD,Democratic Republic of the Congo,AFRO,212,58053,5,1104,56949
2021-11-28,CD,Democratic Republic of the Congo,AFRO,252,58305,3,1107,57198
2021-12-05,CD,Democratic Republic of the Congo,AFRO,869,59174,6,1113,58061
2021-12-12,CD,Democratic Republic of the Congo,AFRO,3253,62427,13,1126,61301
2021-12-19,CD,Democratic Republic of the Congo,AFRO,6900,69327,0,1126,68201
2021-12-26,CD,Democratic Republic of the Congo,AFRO,5717,75044,79,1205,73839
2022-01-02,CD,Democratic Republic of the Congo,AFRO,4897,79941,20,1225,78716
2022-01-09,CD,Democratic Republic of the Congo,AFRO,2364,82305,0,1225,81080
2022-01-16,CD,Democratic Republic of the Congo,AFRO,1892,84197,53,1278,82919
2022-01-23,CD,Democratic Republic of the Congo,AFRO,728,84925,0,1278,83647
2022-01-30,CD,Democratic Republic of the Congo,AFRO,584,85509,0,1278,84231
2022-02-06,CD,Democratic Republic of the Congo,AFRO,215,85724,38,1316,84408
2022-02-13,CD,Democratic Republic of the Congo,AFRO,109,85833,0,1316,84517
2022-02-20,CD,Democratic Republic of the Congo,AFRO,123,85956,19,1335,84621
2022-02-27,CD,Democratic Republic of the Congo,AFRO,182,86138,0,1335,84803
2022-03-06,CD,Democratic Republic of the Congo,AFRO,151,86289,0,1335,84954
2022-03-13,CD,Democratic Republic of the Congo,AFRO,171,86460,0,1335,85125
2022-03-20,CD,Democratic Republic of the Congo,AFRO,137,86597,0,1335,85262
2022-03-27,CD,Democratic Republic of the Congo,AFRO,150,86747,2,1337,85410
2022-04-03,CD,Democratic Republic of the Congo,AFRO,125,86872,0,1337,85535
2022-04-10,CD,Democratic Republic of the Congo,AFRO,21,86893,0,1337,85556
2022-04-17,CD,Democratic Republic of the Congo,AFRO,130,87023,0,1337,85686
2022-04-24,CD,Democratic Republic of the Congo,AFRO,128,87151,0,1337,85814
2022-05-01,CD,Democratic Republic of the Congo,AFRO,146,87297,1,1338,85959
2022-05-08,CD,Democratic Republic of the Congo,AFRO,128,87425,0,1338,86087
2022-05-15,CD,Democratic Republic of the Congo,AFRO,208,87633,0,1338,86295
2022-05-22,CD,Democratic Republic of the Congo,AFRO,629,88262,0,1338,86924
2022-05-29,CD,Democratic Republic of the Congo,AFRO,584,88846,0,1338,87508
2022-06-05,CD,Democratic Republic of the Congo,AFRO,875,89721,2,1340,88381
2022-06-12,CD,Democratic Republic of the Congo,AFRO,665,90386,10,1350,89036
2022-06-19,CD,Democratic Republic of the Congo,AFRO,414,90800,4,1354,89446
2022-06-26,CD,Democratic Republic of the Congo,AFRO,555,91355,18,1372,89983
2022-07-03,CD,Democratic Republic of the Congo,AFRO,154,91509,4,1376,90133
2022-07-10,CD,Democratic Republic of the Congo,AFRO,339,91848,1,1377,90471
2022-07-17,CD,Democratic Republic of the Congo,AFRO,80,91928,13,1390,90538
2022-07-24,CD,Democratic Republic of the Congo,AFRO,373,92301,0,1390,90911
2022-07-31,CD,Democratic Republic of the Congo,AFRO,129,92430,1,1391,91039
2022-08-07,CD,Democratic Republic of the Congo,AFRO,93,92523,2,1393,91130
2022-08-14,CD,Democratic Republic of the Congo,AFRO,55,92578,0,1393,91185
2022-08-21,CD,Democratic Republic of the Congo,AFRO,51,92629,3,1396,91233
2022-08-28,CD,Democratic Republic of the Congo,AFRO,54,92683,5,1401,91282
2022-09-04,CD,Democratic Republic of the Congo,AFRO,52,92735,4,1405,91330
2022-09-11,CD,Democratic Republic of the Congo,AFRO,50,92785,18,1423,91362
2022-09-18,CD,Democratic Republic of the Congo,AFRO,56,92841,19,1442,91399
2022-09-25,CD,Democratic Republic of the Congo,AFRO,43,92884,0,1442,91442
2022-10-02,CD,Democratic Republic of the Congo,AFRO,36,92920,1,1443,91477
2022-10-09,CD,Democratic Republic of the Congo,AFRO,47,92967,1,1444,91523
2022-10-16,CD,Democratic Republic of the Congo,AFRO,4,92971,0,1444,91527
2022-10-23,CD,Democratic Republic of the Congo,AFRO,55,93026,1,1445,91581
2022-10-30,CD,Democratic Republic of the Congo,AFRO,59,93085,0,1445,91640
2022-11-06,CD,Democratic Republic of the Congo,AFRO,319,93404,2,1447,91957
2022-11-13,CD,Democratic Republic of the Congo,AFRO,374,93778,2,1449,92329
2022-11-20,CD,Democratic Republic of the Congo,AFRO,376,94154,6,1455,92699
2022-11-27,CD,Democratic Republic of the Congo,AFRO,49,94203,0,1455,92748
2022-12-04,CD,Democratic Republic of the Congo,AFRO,248,94451,1,1456,92995
2022-12-11,CD,Democratic Republic of the Congo,AFRO,262,94713,1,1457,93256
2022-12-18,CD,Democratic Republic of the Congo,AFRO,256,94969,4,1461,93508
2022-12-25,CD,Democratic Republic of the Congo,AFRO,101,95070,1,1462,93608
2023-01-01,CD,Democratic Republic of the Congo,AFRO,102,95172,0,1462,93710
2023-01-08,CD,Democratic Republic of the Congo,AFRO,83,95255,0,1462,93793
2023-01-15,CD,Democratic Republic of the Congo,AFRO,90,95345,1,1463,93882
2023-01-22,CD,Democratic Republic of the Congo,AFRO,127,95472,0,1463,94009
2023-01-29,CD,Democratic Republic of the Congo,AFRO,41,95513,0,1463,94050
2023-02-05,CD,Democratic Republic of the Congo,AFRO,71,95584,0,1463,94121
2023-02-12,CD,Democratic Republic of the Congo,AFRO,61,95645,1,1464,94181
2023-02-19,CD,Democratic Republic of the Congo,AFRO,65,95710,0,1464,94246
2023-02-26,CD,Democratic Republic of the Congo,AFRO,38,95748,0,1464,94284
2023-03-05,CD,Democratic Republic of the Congo,AFRO,31,95779,0,1464,94315
2023-03-12,CD,Democratic Republic of the Congo,AFRO,35,95814,0,1464,94350
2023-03-19,CD,Democratic Republic of the Congo,AFRO,47,95861,0,1464,94397
2023-03-26,CD,Democratic Republic of the Congo,AFRO,34,95895,0,1464,94431
2023-04-02,CD,Democratic Republic of the Congo,AFRO,49,95944,0,1464,94480
2023-04-09,CD,Democratic Republic of the Congo,AFRO,0,95944,0,1464,94480
2023-04-16,CD,Democratic Republic of the Congo,AFRO,0,95944,0,1464,94480
2023-04-23,CD,Democratic Republic of the Congo,AFRO,125,96069,0,1464,94605
2023-04-30,CD,Democratic Republic of the Congo,AFRO,143,96212,0,1464,94748
2023-05-07,CD,Democratic Republic of the Congo,AFRO,191,96403,1,1465,94938
2023-05-14,CD,Democratic Republic of the Congo,AFRO,249,96652,2,1467,95185
2023-05-21,CD,Democratic Republic of the Congo,AFRO,238,96890,0,1467,95423
2023-05-28,CD,Democratic Republic of the Congo,AFRO,122,97012,1,1468,95544
2023-06-04,CD,Democratic Republic of the Congo,AFRO,210,97222,0,1468,95754
2023-06-11,CD,Democratic Republic of the Congo,AFRO,187,97409,0,1468,95941
2023-06-18,CD,Democratic Republic of the Congo,AFRO,0,97409,0,1468,95941
2023-06-25,CD,Democratic Republic of the Congo,AFRO,182,97591,0,1468,96123
2023-07-02,CD,Democratic Republic of the Congo,AFRO,106,97697,0,1468,96229
2023-07-09,CD,Democratic Republic of the Congo,AFRO,0,97697,0,1468,96229
2023-07-16,CD,Democratic Republic of the Congo,AFRO,0,97697,0,1468,96229
2023-07-23,CD,Democratic Republic of the Congo,AFRO,0,97697,0,1468,96229
2023-07-30,CD,Democratic Republic of the Congo,AFRO,0,97697,0,1468,96229
2023-08-06,CD,Democratic Republic of the Congo,AFRO,0,97697,0,1468,96229
2023-08-13,CD,Democratic Republic of the Congo,AFRO,574,98271,0,1468,96803
2023-08-20,CD,Democratic Republic of the Congo,AFRO,221,98492,0,1468,97024
2023-08-27,CD,Democratic Republic of the Congo,AFRO,39,98531,0,1468,97063
2023-09-03,CD,Democratic Republic of the Congo,AFRO,27,98558,0,1468,97090
2023-09-10,CD,Democratic Republic of the Congo,AFRO,272,98830,0,1468,97362
2023-09-17,CD,Democratic Republic of the Congo,AFRO,33,98863,0,1468,97395
2023-09-24,CD,Democratic Republic of the Congo,AFRO,28,98891,0,1468,97423
2023-10-01,CD,Democratic Republic of the Congo,AFRO,290,99181,0,1468,97713
2023-10-08,CD,Democratic Republic of the Congo,AFRO,105,99286,0,1468,97818
2023-10-15,CD,Democratic Republic of the Congo,AFRO,2,99288,0,1468,97820
2023-10-22,CD,Democratic Republic of the Congo,AFRO,3,99291,0,1468,97823
2023-10-29,CD,Democratic Republic of the Congo,AFRO,1,99292,0,1468,97824
2023-11-05,CD,Democratic Republic of the Congo,AFRO,41,99333,0,1468,97865
2023-11-12,CD,Democratic Republic of the Congo,AFRO,0,99333,0,1468,97865
2023-11-19,CD,Democratic Republic of the Congo,AFRO,0,99333,0,1468,97865
2023-11-26,CD,Democratic Republic of the Congo,AFRO,0,99333,0,1468,97865
2023-12-03,CD,Democratic Republic of the Congo,AFRO,0,99333,0,1468,97865
2023-12-10,CD,Democratic Republic of the Congo,AFRO,0,99333,0,1468,97865
2023-12-17,CD,Democratic Republic of the Congo,AFRO,5,99338,0,1468,97870
2023-12-24,CD,Democratic Republic of the Congo,AFRO,0,99338,0,1468,97870
2023-12-31,CD,Democratic Republic of the Congo,AFRO,0,99338,0,1468,97870
2024-01-07,CD,Democratic Republic of the Congo,AFRO,27,99365,0,1468,97897
2024-01-14,CD,Democratic Republic of the Congo,AFRO,106,99471,0,1468,98003
2024-01-21,CD,Democratic Republic of the Congo,AFRO,131,99602,0,1468,98134
2024-01-28,CD,Democratic Republic of the Congo,AFRO,104,99706,0,1468,98238
2024-02-04,CD,Democratic Republic of the Congo,AFRO,128,99834,0,1468,98366
2024-02-11,CD,Democratic Republic of the Congo,AFRO,111,99945,0,1468,98477
2024-02-18,CD,Democratic Republic of the Congo,AFRO,67,100012,0,1468,98544
2024-02-25,CD,Democratic Republic of the Congo,AFRO,144,100156,0,1468,98688
2024-03-03,CD,Democratic Republic of the Congo,AFRO,62,100218,0,1468,98750
2024-03-10,CD,Democratic Republic of the Congo,AFRO,33,100251,0,1468,98783
2024-03-17,CD,Democratic Republic of the Congo,AFRO,38,100289,0,1468,98821
2024-03-24,CD,Democratic Republic of the Congo,AFRO,20,100309,0,1468,98841
2024-03-31,CD,Democratic Republic of the Congo,AFRO,41,100350,0,1468,98882
2024-04-07,CD,Democratic Republic of the Congo,AFRO,59,100409,0,1468,98941
2024-04-14,CD,Democratic Republic of the Congo,AFRO,43,100452,1,1469,98983
2024-04-21,CD,Democratic Republic of the Congo,AFRO,43,100495,1,1470,99025
2024-04-28,CD,Democratic Republic of the Congo,AFRO,39,100534,0,1470,99064
2024-05-05,CD,Democratic Republic of the Congo,AFRO,35,100569,0,1470,99099
2024-05-12,CD,Democratic Republic of the Congo,AFRO,50,100619,0,1470,99149
2024-05-19,CD,Democratic Republic of the Congo,AFRO,23,100642,0,1470,99172
2024-05-26,CD,Democratic Republic of the Congo,AFRO,54,100696,0,1470,99226
2024-06-02,CD,Democratic Republic of the Congo,AFRO,35,100731,1,1471,99260
2024-06-09,CD,Democratic Republic of the Congo,AFRO,25,100756,0,1471,99285
2024-06-16,CD,Democratic Republic of the Congo,AFRO,40,100796,0,1471,99325
2024-06-23,CD,Democratic Republic of the Congo,AFRO,36,100832,0,1471,99361
2024-06-30,CD,Democratic Republic of the Congo,AFRO,12,100844,0,1471,99373
2024-07-07,CD,Democratic Republic of the Congo,AFRO,23,100867,0,1471,99396
2024-07-14,CD,Democratic Republic of the Congo,AFRO,22,100889,0,1471,99418
2024-07-21,CD,Democratic Republic of the Congo,AFRO,44,100933,0,1471,99462
2024-07-28,CD,Democratic Republic of the Congo,AFRO,40,100973,3,1474,99499
2024-08-04,CD,Democratic Republic of the Congo,AFRO,0,100973,0,1474,99499
2024-08-11,CD,Democratic Republic of the Congo,AFRO,0,100973,0,1474,99499
2024-08-18,CD,Democratic Republic of the Congo,AFRO,0,100973,0,1474,99499
2024-08-25,CD,Democratic Republic of the Congo,AFRO,0,100973,0,1474,99499
2024-09-01,CD,Democratic Republic of the Congo,AFRO,0,100973,0,1474,99499
2024-09-08,CD,Democratic Republic of the Congo,AFRO,0,100973,0,1474,99499
2024-09-15,CD,Democratic Republic of the Congo,AFRO,0,100973,0,1474,99499
2024-09-22,CD,Democratic Republic of the Congo,AFRO,0,100973,0,1474,99499
2024-09-29,CD,Democratic Republic of the Congo,AFRO,0,100973,0,1474,99499
2024-10-06,CD,Democratic Republic of the Congo,AFRO,1,100974,0,1474,99500
2024-10-13,CD,Democratic Republic of the Congo,AFRO,2,100976,0,1474,99502
2024-10-20,CD,Democratic Republic of the Congo,AFRO,0,100976,0,1474,99502
2024-10-27,CD,Democratic Republic of the Congo,AFRO,1,100977,0,1474,99503
2024-11-03,CD,Democratic Republic of the Congo,AFRO,3,100980,0,1474,99506
2024-11-10,CD,Democratic Republic of the Congo,AFRO,0,100980,0,1474,99506
2024-11-17,CD,Democratic Republic of the Congo,AFRO,0,100980,0,1474,99506
2020-01-05,DK,Denmark,EURO,0,0,0,0,0
2020-01-12,DK,Denmark,EURO,0,0,0,0,0
2020-01-19,DK,Denmark,EURO,0,0,0,0,0
2020-01-26,DK,Denmark,EURO,0,0,0,0,0
2020-02-02,DK,Denmark,EURO,0,0,0,0,0
2020-02-09,DK,Denmark,EURO,0,0,0,0,0
2020-02-16,DK,Denmark,EURO,0,0,0,0,0
2020-02-23,DK,Denmark,EURO,0,0,0,0,0
2020-03-01,DK,Denmark,EURO,3,3,0,0,3
2020-03-08,DK,Denmark,EURO,20,23,0,0,23
2020-03-15,DK,Denmark,EURO,804,827,2,2,825
2020-03-22,DK,Denmark,EURO,499,1326,19,21,1305
2020-03-29,DK,Denmark,EURO,875,2201,44,65,2136
2020-04-05,DK,Denmark,EURO,1876,4077,96,161,3916
2020-04-12,DK,Denmark,EURO,1919,5996,99,260,5736
2020-04-19,DK,Denmark,EURO,1246,7242,86,346,6896
2020-04-26,DK,Denmark,EURO,1203,8445,72,418,8027
2020-05-03,DK,Denmark,EURO,962,9407,57,475,8932
2020-05-10,DK,Denmark,EURO,912,10319,51,526,9793
2020-05-17,DK,Denmark,EURO,539,10858,23,549,10309
2020-05-24,DK,Denmark,EURO,431,11289,18,567,10722
2020-05-31,DK,Denmark,EURO,344,11633,10,577,11056
2020-06-07,DK,Denmark,EURO,291,11924,16,593,11331
2020-06-14,DK,Denmark,EURO,215,12139,10,603,11536
2020-06-21,DK,Denmark,EURO,297,12436,3,606,11830
2020-06-28,DK,Denmark,EURO,264,12700,4,610,12090
2020-07-05,DK,Denmark,EURO,147,12847,2,612,12235
2020-07-12,DK,Denmark,EURO,129,12976,3,615,12361
2020-07-19,DK,Denmark,EURO,226,13202,2,617,12585
2020-07-26,DK,Denmark,EURO,272,13474,2,619,12855
2020-08-02,DK,Denmark,EURO,384,13858,2,621,13237
2020-08-09,DK,Denmark,EURO,708,14566,2,623,13943
2020-08-16,DK,Denmark,EURO,933,15499,4,627,14872
2020-08-23,DK,Denmark,EURO,718,16217,0,627,15590
2020-08-30,DK,Denmark,EURO,562,16779,3,630,16149
2020-09-06,DK,Denmark,EURO,957,17736,3,633,17103
2020-09-13,DK,Denmark,EURO,1821,19557,3,636,18921
2020-09-20,DK,Denmark,EURO,2879,22436,5,641,21795
2020-09-27,DK,Denmark,EURO,3777,26213,13,654,25559
2020-10-04,DK,Denmark,EURO,3089,29302,6,660,28642
2020-10-11,DK,Denmark,EURO,2780,32082,13,673,31409
2020-10-18,DK,Denmark,EURO,2859,34941,12,685,34256
2020-10-25,DK,Denmark,EURO,4470,39411,21,706,38705
2020-11-01,DK,Denmark,EURO,6940,46351,21,727,45624
2020-11-08,DK,Denmark,EURO,7879,54230,19,746,53484
2020-11-15,DK,Denmark,EURO,6848,61078,17,763,60315
2020-11-22,DK,Denmark,EURO,8557,69635,24,787,68848
2020-11-29,DK,Denmark,EURO,8719,78354,42,829,77525
2020-12-06,DK,Denmark,EURO,10504,88858,55,884,87974
2020-12-13,DK,Denmark,EURO,18258,107116,57,941,106175
2020-12-20,DK,Denmark,EURO,24490,131606,84,1025,130581
2020-12-27,DK,Denmark,EURO,19561,151167,134,1159,150008
2021-01-03,DK,Denmark,EURO,16374,167541,186,1345,166196
2021-01-10,DK,Denmark,EURO,12699,180240,197,1542,178698
2021-01-17,DK,Denmark,EURO,7959,188199,205,1747,186452
2021-01-24,DK,Denmark,EURO,5718,193917,222,1969,191948
2021-01-31,DK,Denmark,EURO,4178,198095,137,2106,195989
2021-02-07,DK,Denmark,EURO,3091,201186,109,2215,198971
2021-02-14,DK,Denmark,EURO,2881,204067,69,2284,201783
2021-02-21,DK,Denmark,EURO,3014,207081,49,2333,204748
2021-02-28,DK,Denmark,EURO,3651,210732,25,2358,208374
2021-03-07,DK,Denmark,EURO,3594,214326,19,2377,211949
2021-03-14,DK,Denmark,EURO,5592,219918,13,2390,217528
2021-03-21,DK,Denmark,EURO,4930,224848,9,2399,222449
2021-03-28,DK,Denmark,EURO,4701,229549,14,2413,227136
2021-04-04,DK,Denmark,EURO,5669,235218,15,2428,232790
2021-04-11,DK,Denmark,EURO,4383,239601,11,2439,237162
2021-04-18,DK,Denmark,EURO,4630,244231,13,2452,241779
2021-04-25,DK,Denmark,EURO,5279,249510,22,2474,247036
2021-05-02,DK,Denmark,EURO,5035,254545,15,2489,252056
2021-05-09,DK,Denmark,EURO,6137,260682,8,2497,258185
2021-05-16,DK,Denmark,EURO,7357,268039,5,2502,265537
2021-05-23,DK,Denmark,EURO,7120,275159,5,2507,272652
2021-05-30,DK,Denmark,EURO,6775,281934,9,2516,279418
2021-06-06,DK,Denmark,EURO,6202,288136,2,2518,285618
2021-06-13,DK,Denmark,EURO,3923,292059,7,2525,289534
2021-06-20,DK,Denmark,EURO,1904,293963,5,2530,291433
2021-06-27,DK,Denmark,EURO,1306,295269,1,2531,292738
2021-07-04,DK,Denmark,EURO,2156,297425,6,2537,294888
2021-07-11,DK,Denmark,EURO,3689,301114,2,2539,298575
2021-07-18,DK,Denmark,EURO,6845,307959,3,2542,305417
2021-07-25,DK,Denmark,EURO,5417,313376,0,2542,310834
2021-08-01,DK,Denmark,EURO,5931,319307,7,2549,316758
2021-08-08,DK,Denmark,EURO,6158,325465,3,2552,322913
2021-08-15,DK,Denmark,EURO,6962,332427,7,2559,329868
2021-08-22,DK,Denmark,EURO,6819,339246,5,2564,336682
2021-08-29,DK,Denmark,EURO,6605,345851,13,2577,343274
2021-09-05,DK,Denmark,EURO,4996,350847,13,2590,348257
2021-09-12,DK,Denmark,EURO,3592,354439,21,2611,351828
2021-09-19,DK,Denmark,EURO,2454,356893,14,2625,354268
2021-09-26,DK,Denmark,EURO,2291,359184,15,2640,356544
2021-10-03,DK,Denmark,EURO,2979,362163,23,2663,359500
2021-10-10,DK,Denmark,EURO,3693,365856,6,2669,363187
2021-10-17,DK,Denmark,EURO,4704,370560,11,2680,367880
2021-10-24,DK,Denmark,EURO,7005,377565,17,2697,374868
2021-10-31,DK,Denmark,EURO,11186,388751,16,2713,386038
2021-11-07,DK,Denmark,EURO,13894,402645,22,2735,399910
2021-11-14,DK,Denmark,EURO,19954,422599,25,2760,419839
2021-11-21,DK,Denmark,EURO,26577,449176,47,2807,446369
2021-11-28,DK,Denmark,EURO,27961,477137,56,2863,474274
2021-12-05,DK,Denmark,EURO,31448,508585,76,2939,505646
2021-12-12,DK,Denmark,EURO,42315,550900,66,3005,547895
2021-12-19,DK,Denmark,EURO,67015,617915,62,3067,614848
2021-12-26,DK,Denmark,EURO,79648,697563,130,3197,694366
2022-01-02,DK,Denmark,EURO,125719,823282,75,3272,820010
2022-01-09,DK,Denmark,EURO,126955,950237,99,3371,946866
2022-01-16,DK,Denmark,EURO,154800,1105037,113,3484,1101553
2022-01-23,DK,Denmark,EURO,250778,1355815,112,3596,1352219
2022-01-30,DK,Denmark,EURO,321474,1677289,121,3717,1673572
2022-02-06,DK,Denmark,EURO,289241,1966530,146,3863,1962667
2022-02-13,DK,Denmark,EURO,322546,2289076,175,4038,2285038
2022-02-20,DK,Denmark,EURO,263285,2552361,240,4278,2548083
2022-02-27,DK,Denmark,EURO,179445,2731806,260,4538,2727268
2022-03-06,DK,Denmark,EURO,121430,2853236,292,4830,2848406
2022-03-13,DK,Denmark,EURO,90711,2943947,298,5128,2938819
2022-03-20,DK,Denmark,EURO,55976,2999923,247,5375,2994548
2022-03-27,DK,Denmark,EURO,39281,3039204,208,5583,3033621
2022-04-03,DK,Denmark,EURO,25421,3064625,162,5745,3058880
2022-04-10,DK,Denmark,EURO,18807,3083432,140,5885,3077547
2022-04-17,DK,Denmark,EURO,13583,3097015,100,5985,3091030
2022-04-24,DK,Denmark,EURO,11999,3109014,87,6072,3102942
2022-05-01,DK,Denmark,EURO,7641,3116655,86,6158,3110497
2022-05-08,DK,Denmark,EURO,6084,3122739,76,6234,3116505
2022-05-15,DK,Denmark,EURO,4944,3127683,51,6285,3121398
2022-05-22,DK,Denmark,EURO,4289,3131972,35,6320,3125652
2022-05-29,DK,Denmark,EURO,3406,3135378,30,6350,3129028
2022-06-05,DK,Denmark,EURO,3796,3139174,28,6378,3132796
2022-06-12,DK,Denmark,EURO,4975,3144149,25,6403,3137746
2022-06-19,DK,Denmark,EURO,7527,3151676,20,6423,3145253
2022-06-26,DK,Denmark,EURO,10389,3162065,19,6442,3155623
2022-07-03,DK,Denmark,EURO,12802,3174867,34,6476,3168391
2022-07-10,DK,Denmark,EURO,15246,3190113,40,6516,3183597
2022-07-17,DK,Denmark,EURO,15481,3205594,39,6555,3199039
2022-07-24,DK,Denmark,EURO,14446,3220040,42,6597,3213443
2022-07-31,DK,Denmark,EURO,10945,3230985,52,6649,3224336
2022-08-07,DK,Denmark,EURO,10639,3241624,77,6726,3234898
2022-08-14,DK,Denmark,EURO,11809,3253433,74,6800,3246633
2022-08-21,DK,Denmark,EURO,9713,3263146,52,6852,3256294
2022-08-28,DK,Denmark,EURO,6891,3270037,47,6899,3263138
2022-09-04,DK,Denmark,EURO,5151,3275188,42,6941,3268247
2022-09-11,DK,Denmark,EURO,5462,3280650,31,6972,3273678
2022-09-18,DK,Denmark,EURO,5239,3285889,24,6996,3278893
2022-09-25,DK,Denmark,EURO,6252,3292141,34,7030,3285111
2022-10-02,DK,Denmark,EURO,8354,3300495,48,7078,3293417
2022-10-09,DK,Denmark,EURO,9047,3309542,49,7127,3302415
2022-10-16,DK,Denmark,EURO,9203,3318745,53,7180,3311565
2022-10-23,DK,Denmark,EURO,8060,3326805,80,7260,3319545
2022-10-30,DK,Denmark,EURO,6569,3333374,69,7329,3326045
2022-11-06,DK,Denmark,EURO,4564,3337938,66,7395,3330543
2022-11-13,DK,Denmark,EURO,4250,3342188,45,7440,3334748
2022-11-20,DK,Denmark,EURO,3856,3346044,38,7478,3338566
2022-11-27,DK,Denmark,EURO,4332,3350376,39,7517,3342859
2022-12-04,DK,Denmark,EURO,6538,3356914,25,7542,3349372
2022-12-11,DK,Denmark,EURO,8942,3365856,49,7591,3358265
2022-12-18,DK,Denmark,EURO,6909,3372765,51,7642,3365123
2022-12-25,DK,Denmark,EURO,9086,3381851,70,7712,3374139
2023-01-01,DK,Denmark,EURO,7754,3389605,81,7793,3381812
2023-01-08,DK,Denmark,EURO,4858,3394463,116,7909,3386554
2023-01-15,DK,Denmark,EURO,2454,3396917,96,8005,3388912
2023-01-22,DK,Denmark,EURO,1357,3398274,77,8082,3390192
2023-01-29,DK,Denmark,EURO,1064,3399338,46,8128,3391210
2023-02-05,DK,Denmark,EURO,1072,3400410,42,8170,3392240
2023-02-12,DK,Denmark,EURO,961,3401371,25,8195,3393176
2023-02-19,DK,Denmark,EURO,880,3402251,37,8232,3394019
2023-02-26,DK,Denmark,EURO,823,3403074,15,8247,3394827
2023-03-05,DK,Denmark,EURO,755,3403829,30,8277,3395552
2023-03-12,DK,Denmark,EURO,845,3404674,27,8304,3396370
2023-03-19,DK,Denmark,EURO,1248,3405922,30,8334,3397588
2023-03-26,DK,Denmark,EURO,1584,3407506,18,8352,3399154
2023-04-02,DK,Denmark,EURO,1309,3408815,39,8391,3400424
2023-04-09,DK,Denmark,EURO,815,3409630,29,8420,3401210
2023-04-16,DK,Denmark,EURO,833,3410463,44,8464,3401999
2023-04-23,DK,Denmark,EURO,751,3411214,45,8509,3402705
2023-04-30,DK,Denmark,EURO,586,3411800,37,8546,3403254
2023-05-07,DK,Denmark,EURO,524,3412324,40,8586,3403738
2023-05-14,DK,Denmark,EURO,602,3412926,46,8632,3404294
2023-05-21,DK,Denmark,EURO,367,3413293,32,8664,3404629
2023-05-28,DK,Denmark,EURO,349,3413642,24,8688,3404954
2023-06-04,DK,Denmark,EURO,193,3413835,27,8715,3405120
2023-06-11,DK,Denmark,EURO,172,3414007,15,8730,3405277
2023-06-18,DK,Denmark,EURO,162,3414169,11,8741,3405428
2023-06-25,DK,Denmark,EURO,26,3414195,3,8744,3405451
2023-07-02,DK,Denmark,EURO,79,3414274,3,8747,3405527
2023-07-09,DK,Denmark,EURO,59,3414333,7,8754,3405579
2023-07-16,DK,Denmark,EURO,86,3414419,2,8756,3405663
2023-07-23,DK,Denmark,EURO,91,3414510,8,8764,3405746
2023-07-30,DK,Denmark,EURO,59,3414569,1,8765,3405804
2023-08-06,DK,Denmark,EURO,105,3414674,6,8771,3405903
2023-08-13,DK,Denmark,EURO,141,3414815,2,8773,3406042
2023-08-20,DK,Denmark,EURO,276,3415091,7,8780,3406311
2023-08-27,DK,Denmark,EURO,284,3415375,2,8782,3406593
2023-09-03,DK,Denmark,EURO,369,3415744,8,8790,3406954
2023-09-10,DK,Denmark,EURO,429,3416173,9,8799,3407374
2023-09-17,DK,Denmark,EURO,381,3416554,12,8811,3407743
2023-09-24,DK,Denmark,EURO,144,3416698,3,8814,3407884
2023-10-01,DK,Denmark,EURO,319,3417017,10,8824,3408193
2023-10-08,DK,Denmark,EURO,0,3417017,0,8824,3408193
2023-10-15,DK,Denmark,EURO,0,3417017,0,8824,3408193
2023-10-22,DK,Denmark,EURO,0,3417017,0,8824,3408193
2023-10-29,DK,Denmark,EURO,0,3417017,0,8824,3408193
2023-11-05,DK,Denmark,EURO,941,3417958,43,8867,3409091
2023-11-12,DK,Denmark,EURO,1079,3419037,51,8918,3410119
2023-11-19,DK,Denmark,EURO,1210,3420247,50,8968,3411279
2023-11-26,DK,Denmark,EURO,1657,3421904,61,9029,3412875
2023-12-03,DK,Denmark,EURO,2050,3423954,71,9100,3414854
2023-12-10,DK,Denmark,EURO,2712,3426666,98,9198,3417468
2023-12-17,DK,Denmark,EURO,2688,3429354,120,9318,3420036
2023-12-24,DK,Denmark,EURO,1952,3431306,100,9418,3421888
2023-12-31,DK,Denmark,EURO,1040,3432346,75,9493,3422853
2024-01-07,DK,Denmark,EURO,732,3433078,38,9531,3423547
2024-01-14,DK,Denmark,EURO,392,3433470,31,9562,3423908
2024-01-21,DK,Denmark,EURO,316,3433786,23,9585,3424201
2024-01-28,DK,Denmark,EURO,216,3434002,17,9602,3424400
2024-02-04,DK,Denmark,EURO,170,3434172,6,9608,3424564
2024-02-11,DK,Denmark,EURO,129,3434301,15,9623,3424678
2024-02-18,DK,Denmark,EURO,119,3434420,8,9631,3424789
2024-02-25,DK,Denmark,EURO,91,3434511,7,9638,3424873
2024-03-03,DK,Denmark,EURO,87,3434598,4,9642,3424956
2024-03-10,DK,Denmark,EURO,62,3434660,5,9647,3425013
2024-03-17,DK,Denmark,EURO,63,3434723,3,9650,3425073
2024-03-24,DK,Denmark,EURO,65,3434788,6,9656,3425132
2024-03-31,DK,Denmark,EURO,56,3434844,2,9658,3425186
2024-04-07,DK,Denmark,EURO,43,3434887,3,9661,3425226
2024-04-14,DK,Denmark,EURO,52,3434939,4,9665,3425274
2024-04-21,DK,Denmark,EURO,38,3434977,3,9668,3425309
2024-04-28,DK,Denmark,EURO,42,3435019,2,9670,3425349
2024-05-05,DK,Denmark,EURO,62,3435081,3,9673,3425408
2024-05-12,DK,Denmark,EURO,51,3435132,2,9675,3425457
2024-05-19,DK,Denmark,EURO,67,3435199,1,9676,3425523
2024-05-26,DK,Denmark,EURO,60,3435259,1,9677,3425582
2024-06-02,DK,Denmark,EURO,61,3435320,2,9679,3425641
2024-06-09,DK,Denmark,EURO,64,3435384,2,9681,3425703
2024-06-16,DK,Denmark,EURO,115,3435499,5,9686,3425813
2024-06-23,DK,Denmark,EURO,180,3435679,7,9693,3425986
2024-06-30,DK,Denmark,EURO,259,3435938,5,9698,3426240
2024-07-07,DK,Denmark,EURO,307,3436245,6,9704,3426541
2024-07-14,DK,Denmark,EURO,460,3436705,14,9718,3426987
2024-07-21,DK,Denmark,EURO,506,3437211,20,9738,3427473
2024-07-28,DK,Denmark,EURO,418,3437629,17,9755,3427874
2024-08-04,DK,Denmark,EURO,335,3437964,16,9771,3428193
2024-08-11,DK,Denmark,EURO,343,3438307,16,9787,3428520
2024-08-18,DK,Denmark,EURO,401,3438708,9,9796,3428912
2024-08-25,DK,Denmark,EURO,445,3439153,12,9808,3429345
2024-09-01,DK,Denmark,EURO,505,3439658,15,9823,3429835
2024-09-08,DK,Denmark,EURO,519,3440177,18,9841,3430336
2024-09-15,DK,Denmark,EURO,339,3440516,16,9857,3430659
2024-09-22,DK,Denmark,EURO,363,3440879,19,9876,3431003
2024-09-29,DK,Denmark,EURO,358,3441237,12,9888,3431349
2024-10-06,DK,Denmark,EURO,382,3441619,21,9909,3431710
2024-10-13,DK,Denmark,EURO,474,3442093,17,9926,3432167
2024-10-20,DK,Denmark,EURO,394,3442487,26,9952,3432535
2024-10-27,DK,Denmark,EURO,421,3442908,25,9977,3432931
2024-11-03,DK,Denmark,EURO,352,3443260,20,9997,3433263
2024-11-10,DK,Denmark,EURO,274,3443534,8,10005,3433529
2024-11-17,DK,Denmark,EURO,251,3443785,5,10010,3433775
2020-01-05,DJ,Djibouti,EMRO,0,0,0,0,0
2020-01-12,DJ,Djibouti,EMRO,0,0,0,0,0
2020-01-19,DJ,Djibouti,EMRO,0,0,0,0,0
2020-01-26,DJ,Djibouti,EMRO,0,0,0,0,0
2020-02-02,DJ,Djibouti,EMRO,0,0,0,0,0
2020-02-09,DJ,Djibouti,EMRO,0,0,0,0,0
2020-02-16,DJ,Djibouti,EMRO,0,0,0,0,0
2020-02-23,DJ,Djibouti,EMRO,0,0,0,0,0
2020-03-01,DJ,Djibouti,EMRO,0,0,0,0,0
2020-03-08,DJ,Djibouti,EMRO,0,0,0,0,0
2020-03-15,DJ,Djibouti,EMRO,0,0,0,0,0
2020-03-22,DJ,Djibouti,EMRO,1,1,0,0,1
2020-03-29,DJ,Djibouti,EMRO,14,15,0,0,15
2020-04-05,DJ,Djibouti,EMRO,36,51,0,0,51
2020-04-12,DJ,Djibouti,EMRO,136,187,2,2,185
2020-04-19,DJ,Djibouti,EMRO,545,732,0,2,730
2020-04-26,DJ,Djibouti,EMRO,276,1008,0,2,1006
2020-05-03,DJ,Djibouti,EMRO,104,1112,0,2,1110
2020-05-10,DJ,Djibouti,EMRO,77,1189,1,3,1186
2020-05-17,DJ,Djibouti,EMRO,142,1331,1,4,1327
2020-05-24,DJ,Djibouti,EMRO,939,2270,6,10,2260
2020-05-31,DJ,Djibouti,EMRO,924,3194,12,22,3172
2020-06-07,DJ,Djibouti,EMRO,975,4169,4,26,4143
2020-06-14,DJ,Djibouti,EMRO,280,4449,15,41,4408
2020-06-21,DJ,Djibouti,EMRO,116,4565,4,45,4520
2020-06-28,DJ,Djibouti,EMRO,78,4643,7,52,4591
2020-07-05,DJ,Djibouti,EMRO,93,4736,3,55,4681
2020-07-12,DJ,Djibouti,EMRO,232,4968,1,56,4912
2020-07-19,DJ,Djibouti,EMRO,35,5003,0,56,4947
2020-07-26,DJ,Djibouti,EMRO,36,5039,2,58,4981
2020-08-02,DJ,Djibouti,EMRO,42,5081,0,58,5023
2020-08-09,DJ,Djibouti,EMRO,257,5338,1,59,5279
2020-08-16,DJ,Djibouti,EMRO,29,5367,0,59,5308
2020-08-23,DJ,Djibouti,EMRO,15,5382,1,60,5322
2020-08-30,DJ,Djibouti,EMRO,3,5385,0,60,5325
2020-09-06,DJ,Djibouti,EMRO,2,5387,0,60,5327
2020-09-13,DJ,Djibouti,EMRO,7,5394,1,61,5333
2020-09-20,DJ,Djibouti,EMRO,9,5403,0,61,5342
2020-09-27,DJ,Djibouti,EMRO,6,5409,0,61,5348
2020-10-04,DJ,Djibouti,EMRO,9,5418,0,61,5357
2020-10-11,DJ,Djibouti,EMRO,5,5423,0,61,5362
2020-10-18,DJ,Djibouti,EMRO,29,5452,0,61,5391
2020-10-25,DJ,Djibouti,EMRO,78,5530,0,61,5469
2020-11-01,DJ,Djibouti,EMRO,31,5561,0,61,5500
2020-11-08,DJ,Djibouti,EMRO,44,5605,0,61,5544
2020-11-15,DJ,Djibouti,EMRO,40,5645,0,61,5584
2020-11-22,DJ,Djibouti,EMRO,16,5661,0,61,5600
2020-11-29,DJ,Djibouti,EMRO,15,5676,0,61,5615
2020-12-06,DJ,Djibouti,EMRO,16,5692,0,61,5631
2020-12-13,DJ,Djibouti,EMRO,33,5725,0,61,5664
2020-12-20,DJ,Djibouti,EMRO,56,5781,0,61,5720
2020-12-27,DJ,Djibouti,EMRO,24,5805,0,61,5744
2021-01-03,DJ,Djibouti,EMRO,36,5841,0,61,5780
2021-01-10,DJ,Djibouti,EMRO,25,5866,0,61,5805
2021-01-17,DJ,Djibouti,EMRO,37,5903,0,61,5842
2021-01-24,DJ,Djibouti,EMRO,15,5918,0,61,5857
2021-01-31,DJ,Djibouti,EMRO,13,5931,1,62,5869
2021-02-07,DJ,Djibouti,EMRO,10,5941,1,63,5878
2021-02-14,DJ,Djibouti,EMRO,27,5968,0,63,5905
2021-02-21,DJ,Djibouti,EMRO,54,6022,0,63,5959
2021-02-28,DJ,Djibouti,EMRO,43,6065,0,63,6002
2021-03-07,DJ,Djibouti,EMRO,69,6134,0,63,6071
2021-03-14,DJ,Djibouti,EMRO,118,6252,0,63,6189
2021-03-21,DJ,Djibouti,EMRO,266,6518,0,63,6455
2021-03-28,DJ,Djibouti,EMRO,731,7249,3,66,7183
2021-04-04,DJ,Djibouti,EMRO,1260,8509,6,72,8437
2021-04-11,DJ,Djibouti,EMRO,1213,9722,21,93,9629
2021-04-18,DJ,Djibouti,EMRO,690,10412,21,114,10298
2021-04-25,DJ,Djibouti,EMRO,334,10746,18,132,10614
2021-05-02,DJ,Djibouti,EMRO,375,11121,13,145,10976
2021-05-09,DJ,Djibouti,EMRO,214,11335,4,149,11186
2021-05-16,DJ,Djibouti,EMRO,79,11414,2,151,11263
2021-05-23,DJ,Djibouti,EMRO,77,11491,1,152,11339
2021-05-30,DJ,Djibouti,EMRO,36,11527,2,154,11373
2021-06-06,DJ,Djibouti,EMRO,29,11556,0,154,11402
2021-06-13,DJ,Djibouti,EMRO,16,11572,0,154,11418
2021-06-20,DJ,Djibouti,EMRO,15,11587,1,155,11432
2021-06-27,DJ,Djibouti,EMRO,13,11600,0,155,11445
2021-07-04,DJ,Djibouti,EMRO,4,11604,0,155,11449
2021-07-11,DJ,Djibouti,EMRO,10,11614,0,155,11459
2021-07-18,DJ,Djibouti,EMRO,8,11622,0,155,11467
2021-07-25,DJ,Djibouti,EMRO,13,11635,0,155,11480
2021-08-01,DJ,Djibouti,EMRO,16,11651,1,156,11495
2021-08-08,DJ,Djibouti,EMRO,8,11659,0,156,11503
2021-08-15,DJ,Djibouti,EMRO,19,11678,0,156,11522
2021-08-22,DJ,Djibouti,EMRO,12,11690,1,157,11533
2021-08-29,DJ,Djibouti,EMRO,38,11728,0,157,11571
2021-09-05,DJ,Djibouti,EMRO,47,11775,0,157,11618
2021-09-12,DJ,Djibouti,EMRO,70,11845,0,157,11688
2021-09-19,DJ,Djibouti,EMRO,160,12005,2,159,11846
2021-09-26,DJ,Djibouti,EMRO,319,12324,3,162,12162
2021-10-03,DJ,Djibouti,EMRO,557,12881,7,169,12712
2021-10-10,DJ,Djibouti,EMRO,335,13216,8,177,13039
2021-10-17,DJ,Djibouti,EMRO,167,13383,2,179,13204
2021-10-24,DJ,Djibouti,EMRO,61,13444,2,181,13263
2021-10-31,DJ,Djibouti,EMRO,34,13478,0,181,13297
2021-11-07,DJ,Djibouti,EMRO,13,13491,5,186,13305
2021-11-14,DJ,Djibouti,EMRO,4,13495,0,186,13309
2021-11-21,DJ,Djibouti,EMRO,6,13501,0,186,13315
2021-11-28,DJ,Djibouti,EMRO,3,13504,0,186,13318
2021-12-05,DJ,Djibouti,EMRO,4,13508,1,187,13321
2021-12-12,DJ,Djibouti,EMRO,6,13514,2,189,13325
2021-12-19,DJ,Djibouti,EMRO,14,13528,0,189,13339
2021-12-26,DJ,Djibouti,EMRO,40,13568,0,189,13379
2022-01-02,DJ,Djibouti,EMRO,100,13668,0,189,13479
2022-01-09,DJ,Djibouti,EMRO,416,14084,0,189,13895
2022-01-16,DJ,Djibouti,EMRO,757,14841,0,189,14652
2022-01-23,DJ,Djibouti,EMRO,430,15271,0,189,15082
2022-01-30,DJ,Djibouti,EMRO,169,15440,0,189,15251
2022-02-06,DJ,Djibouti,EMRO,70,15510,0,189,15321
2022-02-13,DJ,Djibouti,EMRO,21,15531,0,189,15342
2022-02-20,DJ,Djibouti,EMRO,10,15541,0,189,15352
2022-02-27,DJ,Djibouti,EMRO,6,15547,0,189,15358
2022-03-06,DJ,Djibouti,EMRO,3,15550,0,189,15361
2022-03-13,DJ,Djibouti,EMRO,14,15564,0,189,15375
2022-03-20,DJ,Djibouti,EMRO,9,15573,0,189,15384
2022-03-27,DJ,Djibouti,EMRO,7,15580,0,189,15391
2022-04-03,DJ,Djibouti,EMRO,8,15588,0,189,15399
2022-04-10,DJ,Djibouti,EMRO,6,15594,0,189,15405
2022-04-17,DJ,Djibouti,EMRO,4,15598,0,189,15409
2022-04-24,DJ,Djibouti,EMRO,13,15611,0,189,15422
2022-05-01,DJ,Djibouti,EMRO,20,15631,0,189,15442
2022-05-08,DJ,Djibouti,EMRO,0,15631,0,189,15442
2022-05-15,DJ,Djibouti,EMRO,39,15670,0,189,15481
2022-05-22,DJ,Djibouti,EMRO,5,15675,0,189,15486
2022-05-29,DJ,Djibouti,EMRO,5,15680,0,189,15491
2022-06-05,DJ,Djibouti,EMRO,6,15686,0,189,15497
2022-06-12,DJ,Djibouti,EMRO,4,15690,0,189,15501
2022-06-19,DJ,Djibouti,EMRO,0,15690,0,189,15501
2022-06-26,DJ,Djibouti,EMRO,0,15690,0,189,15501
2022-07-03,DJ,Djibouti,EMRO,0,15690,0,189,15501
2022-07-10,DJ,Djibouti,EMRO,0,15690,0,189,15501
2022-07-17,DJ,Djibouti,EMRO,0,15690,0,189,15501
2022-07-24,DJ,Djibouti,EMRO,0,15690,0,189,15501
2022-07-31,DJ,Djibouti,EMRO,0,15690,0,189,15501
2022-08-07,DJ,Djibouti,EMRO,0,15690,0,189,15501
2022-08-14,DJ,Djibouti,EMRO,0,15690,0,189,15501
2022-08-21,DJ,Djibouti,EMRO,0,15690,0,189,15501
2022-08-28,DJ,Djibouti,EMRO,0,15690,0,189,15501
2022-09-04,DJ,Djibouti,EMRO,0,15690,0,189,15501
2022-09-11,DJ,Djibouti,EMRO,0,15690,0,189,15501
2022-09-18,DJ,Djibouti,EMRO,0,15690,0,189,15501
2022-09-25,DJ,Djibouti,EMRO,0,15690,0,189,15501
2022-10-02,DJ,Djibouti,EMRO,0,15690,0,189,15501
2022-10-09,DJ,Djibouti,EMRO,0,15690,0,189,15501
2022-10-16,DJ,Djibouti,EMRO,0,15690,0,189,15501
2022-10-23,DJ,Djibouti,EMRO,0,15690,0,189,15501
2022-10-30,DJ,Djibouti,EMRO,0,15690,0,189,15501
2022-11-06,DJ,Djibouti,EMRO,0,15690,0,189,15501
2022-11-13,DJ,Djibouti,EMRO,0,15690,0,189,15501
2022-11-20,DJ,Djibouti,EMRO,0,15690,0,189,15501
2022-11-27,DJ,Djibouti,EMRO,0,15690,0,189,15501
2022-12-04,DJ,Djibouti,EMRO,0,15690,0,189,15501
2022-12-11,DJ,Djibouti,EMRO,0,15690,0,189,15501
2022-12-18,DJ,Djibouti,EMRO,0,15690,0,189,15501
2022-12-25,DJ,Djibouti,EMRO,0,15690,0,189,15501
2023-01-01,DJ,Djibouti,EMRO,0,15690,0,189,15501
2023-01-08,DJ,Djibouti,EMRO,0,15690,0,189,15501
2023-01-15,DJ,Djibouti,EMRO,0,15690,0,189,15501
2023-01-22,DJ,Djibouti,EMRO,0,15690,0,189,15501
2023-01-29,DJ,Djibouti,EMRO,0,15690,0,189,15501
2023-02-05,DJ,Djibouti,EMRO,0,15690,0,189,15501
2023-02-12,DJ,Djibouti,EMRO,0,15690,0,189,15501
2023-02-19,DJ,Djibouti,EMRO,0,15690,0,189,15501
2023-02-26,DJ,Djibouti,EMRO,0,15690,0,189,15501
2023-03-05,DJ,Djibouti,EMRO,0,15690,0,189,15501
2023-03-12,DJ,Djibouti,EMRO,0,15690,0,189,15501
2023-03-19,DJ,Djibouti,EMRO,0,15690,0,189,15501
2023-03-26,DJ,Djibouti,EMRO,0,15690,0,189,15501
2023-04-02,DJ,Djibouti,EMRO,0,15690,0,189,15501
2023-04-09,DJ,Djibouti,EMRO,0,15690,0,189,15501
2023-04-16,DJ,Djibouti,EMRO,0,15690,0,189,15501
2023-04-23,DJ,Djibouti,EMRO,0,15690,0,189,15501
2023-04-30,DJ,Djibouti,EMRO,0,15690,0,189,15501
2023-05-07,DJ,Djibouti,EMRO,0,15690,0,189,15501
2023-05-14,DJ,Djibouti,EMRO,0,15690,0,189,15501
2023-05-21,DJ,Djibouti,EMRO,0,15690,0,189,15501
2023-05-28,DJ,Djibouti,EMRO,0,15690,0,189,15501
2023-06-04,DJ,Djibouti,EMRO,0,15690,0,189,15501
2023-06-11,DJ,Djibouti,EMRO,0,15690,0,189,15501
2023-06-18,DJ,Djibouti,EMRO,0,15690,0,189,15501
2023-06-25,DJ,Djibouti,EMRO,0,15690,0,189,15501
2023-07-02,DJ,Djibouti,EMRO,0,15690,0,189,15501
2023-07-09,DJ,Djibouti,EMRO,0,15690,0,189,15501
2023-07-16,DJ,Djibouti,EMRO,0,15690,0,189,15501
2023-07-23,DJ,Djibouti,EMRO,0,15690,0,189,15501
2023-07-30,DJ,Djibouti,EMRO,0,15690,0,189,15501
2023-08-06,DJ,Djibouti,EMRO,0,15690,0,189,15501
2023-08-13,DJ,Djibouti,EMRO,0,15690,0,189,15501
2023-08-20,DJ,Djibouti,EMRO,0,15690,0,189,15501
2023-08-27,DJ,Djibouti,EMRO,0,15690,0,189,15501
2023-09-03,DJ,Djibouti,EMRO,0,15690,0,189,15501
2023-09-10,DJ,Djibouti,EMRO,0,15690,0,189,15501
2023-09-17,DJ,Djibouti,EMRO,0,15690,0,189,15501
2023-09-24,DJ,Djibouti,EMRO,0,15690,0,189,15501
2023-10-01,DJ,Djibouti,EMRO,0,15690,0,189,15501
2023-10-08,DJ,Djibouti,EMRO,0,15690,0,189,15501
2023-10-15,DJ,Djibouti,EMRO,0,15690,0,189,15501
2023-10-22,DJ,Djibouti,EMRO,0,15690,0,189,15501
2023-10-29,DJ,Djibouti,EMRO,0,15690,0,189,15501
2023-11-05,DJ,Djibouti,EMRO,0,15690,0,189,15501
2023-11-12,DJ,Djibouti,EMRO,0,15690,0,189,15501
2023-11-19,DJ,Djibouti,EMRO,0,15690,0,189,15501
2023-11-26,DJ,Djibouti,EMRO,0,15690,0,189,15501
2023-12-03,DJ,Djibouti,EMRO,0,15690,0,189,15501
2023-12-10,DJ,Djibouti,EMRO,0,15690,0,189,15501
2023-12-17,DJ,Djibouti,EMRO,0,15690,0,189,15501
2023-12-24,DJ,Djibouti,EMRO,0,15690,0,189,15501
2023-12-31,DJ,Djibouti,EMRO,0,15690,0,189,15501
2024-01-07,DJ,Djibouti,EMRO,0,15690,0,189,15501
2024-01-14,DJ,Djibouti,EMRO,0,15690,0,189,15501
2024-01-21,DJ,Djibouti,EMRO,0,15690,0,189,15501
2024-01-28,DJ,Djibouti,EMRO,0,15690,0,189,15501
2024-02-04,DJ,Djibouti,EMRO,0,15690,0,189,15501
2024-02-11,DJ,Djibouti,EMRO,0,15690,0,189,15501
2024-02-18,DJ,Djibouti,EMRO,0,15690,0,189,15501
2024-02-25,DJ,Djibouti,EMRO,0,15690,0,189,15501
2024-03-03,DJ,Djibouti,EMRO,0,15690,0,189,15501
2024-03-10,DJ,Djibouti,EMRO,0,15690,0,189,15501
2024-03-17,DJ,Djibouti,EMRO,0,15690,0,189,15501
2024-03-24,DJ,Djibouti,EMRO,0,15690,0,189,15501
2024-03-31,DJ,Djibouti,EMRO,0,15690,0,189,15501
2024-04-07,DJ,Djibouti,EMRO,0,15690,0,189,15501
2024-04-14,DJ,Djibouti,EMRO,0,15690,0,189,15501
2024-04-21,DJ,Djibouti,EMRO,0,15690,0,189,15501
2024-04-28,DJ,Djibouti,EMRO,0,15690,0,189,15501
2024-05-05,DJ,Djibouti,EMRO,0,15690,0,189,15501
2024-05-12,DJ,Djibouti,EMRO,0,15690,0,189,15501
2024-05-19,DJ,Djibouti,EMRO,0,15690,0,189,15501
2024-05-26,DJ,Djibouti,EMRO,0,15690,0,189,15501
2024-06-02,DJ,Djibouti,EMRO,0,15690,0,189,15501
2024-06-09,DJ,Djibouti,EMRO,0,15690,0,189,15501
2024-06-16,DJ,Djibouti,EMRO,0,15690,0,189,15501
2024-06-23,DJ,Djibouti,EMRO,0,15690,0,189,15501
2024-06-30,DJ,Djibouti,EMRO,0,15690,0,189,15501
2024-07-07,DJ,Djibouti,EMRO,0,15690,0,189,15501
2024-07-14,DJ,Djibouti,EMRO,0,15690,0,189,15501
2024-07-21,DJ,Djibouti,EMRO,0,15690,0,189,15501
2024-07-28,DJ,Djibouti,EMRO,0,15690,0,189,15501
2024-08-04,DJ,Djibouti,EMRO,0,15690,0,189,15501
2024-08-11,DJ,Djibouti,EMRO,0,15690,0,189,15501
2024-08-18,DJ,Djibouti,EMRO,0,15690,0,189,15501
2024-08-25,DJ,Djibouti,EMRO,0,15690,0,189,15501
2024-09-01,DJ,Djibouti,EMRO,0,15690,0,189,15501
2024-09-08,DJ,Djibouti,EMRO,0,15690,0,189,15501
2024-09-15,DJ,Djibouti,EMRO,0,15690,0,189,15501
2024-09-22,DJ,Djibouti,EMRO,0,15690,0,189,15501
2024-09-29,DJ,Djibouti,EMRO,0,15690,0,189,15501
2024-10-06,DJ,Djibouti,EMRO,0,15690,0,189,15501
2024-10-13,DJ,Djibouti,EMRO,0,15690,0,189,15501
2024-10-20,DJ,Djibouti,EMRO,0,15690,0,189,15501
2024-10-27,DJ,Djibouti,EMRO,0,15690,0,189,15501
2024-11-03,DJ,Djibouti,EMRO,0,15690,0,189,15501
2024-11-10,DJ,Djibouti,EMRO,0,15690,0,189,15501
2024-11-17,DJ,Djibouti,EMRO,0,15690,0,189,15501
2020-01-05,DM,Dominica,AMRO,0,0,0,0,0
2020-01-12,DM,Dominica,AMRO,0,0,0,0,0
2020-01-19,DM,Dominica,AMRO,0,0,0,0,0
2020-01-26,DM,Dominica,AMRO,0,0,0,0,0
2020-02-02,DM,Dominica,AMRO,0,0,0,0,0
2020-02-09,DM,Dominica,AMRO,0,0,0,0,0
2020-02-16,DM,Dominica,AMRO,0,0,0,0,0
2020-02-23,DM,Dominica,AMRO,0,0,0,0,0
2020-03-01,DM,Dominica,AMRO,0,0,0,0,0
2020-03-08,DM,Dominica,AMRO,0,0,0,0,0
2020-03-15,DM,Dominica,AMRO,0,0,0,0,0
2020-03-22,DM,Dominica,AMRO,0,0,0,0,0
2020-03-29,DM,Dominica,AMRO,11,11,0,0,11
2020-04-05,DM,Dominica,AMRO,0,11,0,0,11
2020-04-12,DM,Dominica,AMRO,5,16,0,0,16
2020-04-19,DM,Dominica,AMRO,0,16,0,0,16
2020-04-26,DM,Dominica,AMRO,0,16,0,0,16
2020-05-03,DM,Dominica,AMRO,0,16,0,0,16
2020-05-10,DM,Dominica,AMRO,0,16,0,0,16
2020-05-17,DM,Dominica,AMRO,0,16,0,0,16
2020-05-24,DM,Dominica,AMRO,0,16,0,0,16
2020-05-31,DM,Dominica,AMRO,0,16,0,0,16
2020-06-07,DM,Dominica,AMRO,0,16,0,0,16
2020-06-14,DM,Dominica,AMRO,2,18,0,0,18
2020-06-21,DM,Dominica,AMRO,0,18,0,0,18
2020-06-28,DM,Dominica,AMRO,0,18,0,0,18
2020-07-05,DM,Dominica,AMRO,0,18,0,0,18
2020-07-12,DM,Dominica,AMRO,0,18,0,0,18
2020-07-19,DM,Dominica,AMRO,0,18,0,0,18
2020-07-26,DM,Dominica,AMRO,0,18,0,0,18
2020-08-02,DM,Dominica,AMRO,0,18,0,0,18
2020-08-09,DM,Dominica,AMRO,0,18,0,0,18
2020-08-16,DM,Dominica,AMRO,0,18,0,0,18
2020-08-23,DM,Dominica,AMRO,1,19,0,0,19
2020-08-30,DM,Dominica,AMRO,1,20,0,0,20
2020-09-06,DM,Dominica,AMRO,2,22,0,0,22
2020-09-13,DM,Dominica,AMRO,2,24,0,0,24
2020-09-20,DM,Dominica,AMRO,0,24,0,0,24
2020-09-27,DM,Dominica,AMRO,0,24,0,0,24
2020-10-04,DM,Dominica,AMRO,7,31,0,0,31
2020-10-11,DM,Dominica,AMRO,1,32,0,0,32
2020-10-18,DM,Dominica,AMRO,1,33,0,0,33
2020-10-25,DM,Dominica,AMRO,5,38,0,0,38
2020-11-01,DM,Dominica,AMRO,12,50,0,0,50
2020-11-08,DM,Dominica,AMRO,13,63,0,0,63
2020-11-15,DM,Dominica,AMRO,5,68,0,0,68
2020-11-22,DM,Dominica,AMRO,4,72,0,0,72
2020-11-29,DM,Dominica,AMRO,13,85,0,0,85
2020-12-06,DM,Dominica,AMRO,0,85,0,0,85
2020-12-13,DM,Dominica,AMRO,2,87,0,0,87
2020-12-20,DM,Dominica,AMRO,5,92,0,0,92
2020-12-27,DM,Dominica,AMRO,4,96,0,0,96
2021-01-03,DM,Dominica,AMRO,0,96,0,0,96
2021-01-10,DM,Dominica,AMRO,10,106,0,0,106
2021-01-17,DM,Dominica,AMRO,4,110,0,0,110
2021-01-24,DM,Dominica,AMRO,3,113,0,0,113
2021-01-31,DM,Dominica,AMRO,4,117,0,0,117
2021-02-07,DM,Dominica,AMRO,4,121,0,0,121
2021-02-14,DM,Dominica,AMRO,0,121,0,0,121
2021-02-21,DM,Dominica,AMRO,13,134,0,0,134
2021-02-28,DM,Dominica,AMRO,8,142,0,0,142
2021-03-07,DM,Dominica,AMRO,2,144,0,0,144
2021-03-14,DM,Dominica,AMRO,12,156,0,0,156
2021-03-21,DM,Dominica,AMRO,1,157,0,0,157
2021-03-28,DM,Dominica,AMRO,4,161,0,0,161
2021-04-04,DM,Dominica,AMRO,4,165,0,0,165
2021-04-11,DM,Dominica,AMRO,0,165,0,0,165
2021-04-18,DM,Dominica,AMRO,7,172,0,0,172
2021-04-25,DM,Dominica,AMRO,1,173,0,0,173
2021-05-02,DM,Dominica,AMRO,1,174,0,0,174
2021-05-09,DM,Dominica,AMRO,1,175,0,0,175
2021-05-16,DM,Dominica,AMRO,3,178,0,0,178
2021-05-23,DM,Dominica,AMRO,6,184,0,0,184
2021-05-30,DM,Dominica,AMRO,4,188,0,0,188
2021-06-06,DM,Dominica,AMRO,0,188,0,0,188
2021-06-13,DM,Dominica,AMRO,1,189,0,0,189
2021-06-20,DM,Dominica,AMRO,2,191,0,0,191
2021-06-27,DM,Dominica,AMRO,2,193,0,0,193
2021-07-04,DM,Dominica,AMRO,1,194,0,0,194
2021-07-11,DM,Dominica,AMRO,3,197,0,0,197
2021-07-18,DM,Dominica,AMRO,9,206,0,0,206
2021-07-25,DM,Dominica,AMRO,3,209,0,0,209
2021-08-01,DM,Dominica,AMRO,7,216,0,0,216
2021-08-08,DM,Dominica,AMRO,2,218,0,0,218
2021-08-15,DM,Dominica,AMRO,358,576,0,0,576
2021-08-22,DM,Dominica,AMRO,747,1323,1,1,1322
2021-08-29,DM,Dominica,AMRO,315,1638,3,4,1634
2021-09-05,DM,Dominica,AMRO,194,1832,0,4,1828
2021-09-12,DM,Dominica,AMRO,666,2498,3,7,2491
2021-09-19,DM,Dominica,AMRO,260,2758,1,8,2750
2021-09-26,DM,Dominica,AMRO,535,3293,7,15,3278
2021-10-03,DM,Dominica,AMRO,309,3602,6,21,3581
2021-10-10,DM,Dominica,AMRO,418,4020,5,26,3994
2021-10-17,DM,Dominica,AMRO,133,4153,2,28,4125
2021-10-24,DM,Dominica,AMRO,355,4508,2,30,4478
2021-10-31,DM,Dominica,AMRO,275,4783,2,32,4751
2021-11-07,DM,Dominica,AMRO,178,4961,0,32,4929
2021-11-14,DM,Dominica,AMRO,0,4961,0,32,4929
2021-11-21,DM,Dominica,AMRO,480,5441,3,35,5406
2021-11-28,DM,Dominica,AMRO,335,5776,2,37,5739
2021-12-05,DM,Dominica,AMRO,310,6086,5,42,6044
2021-12-12,DM,Dominica,AMRO,171,6257,0,42,6215
2021-12-19,DM,Dominica,AMRO,173,6430,2,44,6386
2021-12-26,DM,Dominica,AMRO,129,6559,1,45,6514
2022-01-02,DM,Dominica,AMRO,303,6862,2,47,6815
2022-01-09,DM,Dominica,AMRO,532,7394,0,47,7347
2022-01-16,DM,Dominica,AMRO,563,7957,1,48,7909
2022-01-23,DM,Dominica,AMRO,560,8517,1,49,8468
2022-01-30,DM,Dominica,AMRO,515,9032,2,51,8981
2022-02-06,DM,Dominica,AMRO,968,10000,0,51,9949
2022-02-13,DM,Dominica,AMRO,527,10527,2,53,10474
2022-02-20,DM,Dominica,AMRO,225,10752,4,57,10695
2022-02-27,DM,Dominica,AMRO,356,11108,0,57,11051
2022-03-06,DM,Dominica,AMRO,140,11248,4,61,11187
2022-03-13,DM,Dominica,AMRO,281,11529,1,62,11467
2022-03-20,DM,Dominica,AMRO,216,11745,0,62,11683
2022-03-27,DM,Dominica,AMRO,60,11805,1,63,11742
2022-04-03,DM,Dominica,AMRO,92,11897,0,63,11834
2022-04-10,DM,Dominica,AMRO,71,11968,0,63,11905
2022-04-17,DM,Dominica,AMRO,20,11988,0,63,11925
2022-04-24,DM,Dominica,AMRO,45,12033,0,63,11970
2022-05-01,DM,Dominica,AMRO,128,12161,0,63,12098
2022-05-08,DM,Dominica,AMRO,332,12493,0,63,12430
2022-05-15,DM,Dominica,AMRO,623,13116,0,63,13053
2022-05-22,DM,Dominica,AMRO,798,13914,0,63,13851
2022-05-29,DM,Dominica,AMRO,381,14295,4,67,14228
2022-06-05,DM,Dominica,AMRO,0,14295,0,67,14228
2022-06-12,DM,Dominica,AMRO,343,14638,0,67,14571
2022-06-19,DM,Dominica,AMRO,143,14781,0,67,14714
2022-06-26,DM,Dominica,AMRO,71,14852,1,68,14784
2022-07-03,DM,Dominica,AMRO,0,14852,0,68,14784
2022-07-10,DM,Dominica,AMRO,0,14852,0,68,14784
2022-07-17,DM,Dominica,AMRO,0,14852,0,68,14784
2022-07-24,DM,Dominica,AMRO,0,14852,0,68,14784
2022-07-31,DM,Dominica,AMRO,0,14852,0,68,14784
2022-08-07,DM,Dominica,AMRO,0,14852,0,68,14784
2022-08-14,DM,Dominica,AMRO,0,14852,0,68,14784
2022-08-21,DM,Dominica,AMRO,0,14852,0,68,14784
2022-08-28,DM,Dominica,AMRO,0,14852,0,68,14784
2022-09-04,DM,Dominica,AMRO,0,14852,0,68,14784
2022-09-11,DM,Dominica,AMRO,0,14852,0,68,14784
2022-09-18,DM,Dominica,AMRO,0,14852,0,68,14784
2022-09-25,DM,Dominica,AMRO,0,14852,0,68,14784
2022-10-02,DM,Dominica,AMRO,895,15747,6,74,15673
2022-10-09,DM,Dominica,AMRO,13,15760,0,74,15686
2022-10-16,DM,Dominica,AMRO,0,15760,0,74,15686
2022-10-23,DM,Dominica,AMRO,0,15760,0,74,15686
2022-10-30,DM,Dominica,AMRO,0,15760,0,74,15686
2022-11-06,DM,Dominica,AMRO,0,15760,0,74,15686
2022-11-13,DM,Dominica,AMRO,0,15760,0,74,15686
2022-11-20,DM,Dominica,AMRO,0,15760,0,74,15686
2022-11-27,DM,Dominica,AMRO,0,15760,0,74,15686
2022-12-04,DM,Dominica,AMRO,0,15760,0,74,15686
2022-12-11,DM,Dominica,AMRO,0,15760,0,74,15686
2022-12-18,DM,Dominica,AMRO,0,15760,0,74,15686
2022-12-25,DM,Dominica,AMRO,0,15760,0,74,15686
2023-01-01,DM,Dominica,AMRO,0,15760,0,74,15686
2023-01-08,DM,Dominica,AMRO,0,15760,0,74,15686
2023-01-15,DM,Dominica,AMRO,0,15760,0,74,15686
2023-01-22,DM,Dominica,AMRO,0,15760,0,74,15686
2023-01-29,DM,Dominica,AMRO,0,15760,0,74,15686
2023-02-05,DM,Dominica,AMRO,0,15760,0,74,15686
2023-02-12,DM,Dominica,AMRO,0,15760,0,74,15686
2023-02-19,DM,Dominica,AMRO,0,15760,0,74,15686
2023-02-26,DM,Dominica,AMRO,0,15760,0,74,15686
2023-03-05,DM,Dominica,AMRO,0,15760,0,74,15686
2023-03-12,DM,Dominica,AMRO,0,15760,0,74,15686
2023-03-19,DM,Dominica,AMRO,0,15760,0,74,15686
2023-03-26,DM,Dominica,AMRO,0,15760,0,74,15686
2023-04-02,DM,Dominica,AMRO,0,15760,0,74,15686
2023-04-09,DM,Dominica,AMRO,0,15760,0,74,15686
2023-04-16,DM,Dominica,AMRO,0,15760,0,74,15686
2023-04-23,DM,Dominica,AMRO,0,15760,0,74,15686
2023-04-30,DM,Dominica,AMRO,0,15760,0,74,15686
2023-05-07,DM,Dominica,AMRO,0,15760,0,74,15686
2023-05-14,DM,Dominica,AMRO,0,15760,0,74,15686
2023-05-21,DM,Dominica,AMRO,9,15769,0,74,15695
2023-05-28,DM,Dominica,AMRO,17,15786,0,74,15712
2023-06-04,DM,Dominica,AMRO,14,15800,0,74,15726
2023-06-11,DM,Dominica,AMRO,17,15817,0,74,15743
2023-06-18,DM,Dominica,AMRO,42,15859,0,74,15785
2023-06-25,DM,Dominica,AMRO,27,15886,0,74,15812
2023-07-02,DM,Dominica,AMRO,37,15923,0,74,15849
2023-07-09,DM,Dominica,AMRO,26,15949,0,74,15875
2023-07-16,DM,Dominica,AMRO,22,15971,0,74,15897
2023-07-23,DM,Dominica,AMRO,8,15979,0,74,15905
2023-07-30,DM,Dominica,AMRO,9,15988,0,74,15914
2023-08-06,DM,Dominica,AMRO,10,15998,0,74,15924
2023-08-13,DM,Dominica,AMRO,4,16002,0,74,15928
2023-08-20,DM,Dominica,AMRO,9,16011,0,74,15937
2023-08-27,DM,Dominica,AMRO,7,16018,0,74,15944
2023-09-03,DM,Dominica,AMRO,0,16018,0,74,15944
2023-09-10,DM,Dominica,AMRO,0,16018,0,74,15944
2023-09-17,DM,Dominica,AMRO,4,16022,0,74,15948
2023-09-24,DM,Dominica,AMRO,6,16028,0,74,15954
2023-10-01,DM,Dominica,AMRO,7,16035,0,74,15961
2023-10-08,DM,Dominica,AMRO,1,16036,0,74,15962
2023-10-15,DM,Dominica,AMRO,3,16039,0,74,15965
2023-10-22,DM,Dominica,AMRO,1,16040,0,74,15966
2023-10-29,DM,Dominica,AMRO,2,16042,0,74,15968
2023-11-05,DM,Dominica,AMRO,1,16043,0,74,15969
2023-11-12,DM,Dominica,AMRO,1,16044,0,74,15970
2023-11-19,DM,Dominica,AMRO,3,16047,0,74,15973
2023-11-26,DM,Dominica,AMRO,0,16047,0,74,15973
2023-12-03,DM,Dominica,AMRO,0,16047,0,74,15973
2023-12-10,DM,Dominica,AMRO,0,16047,0,74,15973
2023-12-17,DM,Dominica,AMRO,0,16047,0,74,15973
2023-12-24,DM,Dominica,AMRO,0,16047,0,74,15973
2023-12-31,DM,Dominica,AMRO,0,16047,0,74,15973
2024-01-07,DM,Dominica,AMRO,0,16047,0,74,15973
2024-01-14,DM,Dominica,AMRO,0,16047,0,74,15973
2024-01-21,DM,Dominica,AMRO,0,16047,0,74,15973
2024-01-28,DM,Dominica,AMRO,0,16047,0,74,15973
2024-02-04,DM,Dominica,AMRO,0,16047,0,74,15973
2024-02-11,DM,Dominica,AMRO,0,16047,0,74,15973
2024-02-18,DM,Dominica,AMRO,0,16047,0,74,15973
2024-02-25,DM,Dominica,AMRO,0,16047,0,74,15973
2024-03-03,DM,Dominica,AMRO,0,16047,0,74,15973
2024-03-10,DM,Dominica,AMRO,0,16047,0,74,15973
2024-03-17,DM,Dominica,AMRO,0,16047,0,74,15973
2024-03-24,DM,Dominica,AMRO,0,16047,0,74,15973
2024-03-31,DM,Dominica,AMRO,0,16047,0,74,15973
2024-04-07,DM,Dominica,AMRO,0,16047,0,74,15973
2024-04-14,DM,Dominica,AMRO,0,16047,0,74,15973
2024-04-21,DM,Dominica,AMRO,0,16047,0,74,15973
2024-04-28,DM,Dominica,AMRO,0,16047,0,74,15973
2024-05-05,DM,Dominica,AMRO,0,16047,0,74,15973
2024-05-12,DM,Dominica,AMRO,0,16047,0,74,15973
2024-05-19,DM,Dominica,AMRO,0,16047,0,74,15973
2024-05-26,DM,Dominica,AMRO,0,16047,0,74,15973
2024-06-02,DM,Dominica,AMRO,0,16047,0,74,15973
2024-06-09,DM,Dominica,AMRO,0,16047,0,74,15973
2024-06-16,DM,Dominica,AMRO,0,16047,0,74,15973
2024-06-23,DM,Dominica,AMRO,0,16047,0,74,15973
2024-06-30,DM,Dominica,AMRO,0,16047,0,74,15973
2024-07-07,DM,Dominica,AMRO,0,16047,0,74,15973
2024-07-14,DM,Dominica,AMRO,0,16047,0,74,15973
2024-07-21,DM,Dominica,AMRO,0,16047,0,74,15973
2024-07-28,DM,Dominica,AMRO,0,16047,0,74,15973
2024-08-04,DM,Dominica,AMRO,0,16047,0,74,15973
2024-08-11,DM,Dominica,AMRO,0,16047,0,74,15973
2024-08-18,DM,Dominica,AMRO,0,16047,0,74,15973
2024-08-25,DM,Dominica,AMRO,0,16047,0,74,15973
2024-09-01,DM,Dominica,AMRO,0,16047,0,74,15973
2024-09-08,DM,Dominica,AMRO,0,16047,0,74,15973
2024-09-15,DM,Dominica,AMRO,0,16047,0,74,15973
2024-09-22,DM,Dominica,AMRO,0,16047,0,74,15973
2024-09-29,DM,Dominica,AMRO,0,16047,0,74,15973
2024-10-06,DM,Dominica,AMRO,0,16047,0,74,15973
2024-10-13,DM,Dominica,AMRO,0,16047,0,74,15973
2024-10-20,DM,Dominica,AMRO,0,16047,0,74,15973
2024-10-27,DM,Dominica,AMRO,0,16047,0,74,15973
2024-11-03,DM,Dominica,AMRO,0,16047,0,74,15973
2024-11-10,DM,Dominica,AMRO,0,16047,0,74,15973
2024-11-17,DM,Dominica,AMRO,0,16047,0,74,15973
2020-01-05,DO,Dominican Republic,AMRO,0,0,0,0,0
2020-01-12,DO,Dominican Republic,AMRO,0,0,0,0,0
2020-01-19,DO,Dominican Republic,AMRO,0,0,0,0,0
2020-01-26,DO,Dominican Republic,AMRO,0,0,0,0,0
2020-02-02,DO,Dominican Republic,AMRO,0,0,0,0,0
2020-02-09,DO,Dominican Republic,AMRO,0,0,0,0,0
2020-02-16,DO,Dominican Republic,AMRO,0,0,0,0,0
2020-02-23,DO,Dominican Republic,AMRO,0,0,0,0,0
2020-03-01,DO,Dominican Republic,AMRO,0,0,0,0,0
2020-03-08,DO,Dominican Republic,AMRO,2,2,0,0,2
2020-03-15,DO,Dominican Republic,AMRO,3,5,0,0,5
2020-03-22,DO,Dominican Republic,AMRO,67,72,2,2,70
2020-03-29,DO,Dominican Republic,AMRO,509,581,18,20,561
2020-04-05,DO,Dominican Republic,AMRO,907,1488,48,68,1420
2020-04-12,DO,Dominican Republic,AMRO,1132,2620,58,126,2494
2020-04-19,DO,Dominican Republic,AMRO,1715,4335,91,217,4118
2020-04-26,DO,Dominican Republic,AMRO,1591,5926,56,273,5653
2020-05-03,DO,Dominican Republic,AMRO,1652,7578,53,326,7252
2020-05-10,DO,Dominican Republic,AMRO,2304,9882,59,385,9497
2020-05-17,DO,Dominican Republic,AMRO,2228,12110,43,428,11682
2020-05-24,DO,Dominican Republic,AMRO,2312,14422,30,458,13964
2020-05-31,DO,Dominican Republic,AMRO,2486,16908,40,498,16410
2020-06-07,DO,Dominican Republic,AMRO,2287,19195,38,536,18659
2020-06-14,DO,Dominican Republic,AMRO,3377,22572,41,577,21995
2020-06-21,DO,Dominican Republic,AMRO,3206,25778,78,655,25123
2020-06-28,DO,Dominican Republic,AMRO,4841,30619,63,718,29901
2020-07-05,DO,Dominican Republic,AMRO,5565,36184,68,786,35398
2020-07-12,DO,Dominican Republic,AMRO,6930,43114,94,880,42234
2020-07-19,DO,Dominican Republic,AMRO,8405,51519,91,971,50548
2020-07-26,DO,Dominican Republic,AMRO,9377,60896,84,1055,59841
2020-08-02,DO,Dominican Republic,AMRO,10519,71415,115,1170,70245
2020-08-09,DO,Dominican Republic,AMRO,7363,78778,119,1289,77489
2020-08-16,DO,Dominican Republic,AMRO,6767,85545,149,1438,84107
2020-08-23,DO,Dominican Republic,AMRO,5016,90561,116,1554,89007
2020-08-30,DO,Dominican Republic,AMRO,3165,93726,119,1673,92053
2020-09-06,DO,Dominican Republic,AMRO,5050,98776,167,1840,96936
2020-09-13,DO,Dominican Republic,AMRO,4316,103092,113,1953,101139
2020-09-20,DO,Dominican Republic,AMRO,4608,107700,91,2044,105656
2020-09-27,DO,Dominican Republic,AMRO,3257,110957,49,2093,108864
2020-10-04,DO,Dominican Republic,AMRO,2969,113926,35,2128,111798
2020-10-11,DO,Dominican Republic,AMRO,4088,118014,39,2167,115847
2020-10-18,DO,Dominican Republic,AMRO,2911,120925,28,2195,118730
2020-10-25,DO,Dominican Republic,AMRO,3093,124018,25,2220,121798
2020-11-01,DO,Dominican Republic,AMRO,3000,127018,25,2245,124773
2020-11-08,DO,Dominican Republic,AMRO,2627,129645,18,2263,127382
2020-11-15,DO,Dominican Republic,AMRO,3580,133225,19,2282,130943
2020-11-22,DO,Dominican Republic,AMRO,4545,137770,26,2308,135462
2020-11-29,DO,Dominican Republic,AMRO,4883,142653,20,2328,140325
2020-12-06,DO,Dominican Republic,AMRO,5002,147655,17,2345,145310
2020-12-13,DO,Dominican Republic,AMRO,5930,153585,15,2360,151225
2020-12-20,DO,Dominican Republic,AMRO,5479,159064,22,2382,156682
2020-12-27,DO,Dominican Republic,AMRO,6876,165940,22,2404,163536
2021-01-03,DO,Dominican Republic,AMRO,7025,172965,12,2416,170549
2021-01-10,DO,Dominican Republic,AMRO,7679,180644,8,2424,178220
2021-01-17,DO,Dominican Republic,AMRO,10695,191339,8,2432,188907
2021-01-24,DO,Dominican Republic,AMRO,11168,202507,81,2513,199994
2021-01-31,DO,Dominican Republic,AMRO,10046,212553,133,2646,209907
2021-02-07,DO,Dominican Republic,AMRO,9595,222148,155,2801,219347
2021-02-14,DO,Dominican Republic,AMRO,6747,228895,131,2932,225963
2021-02-21,DO,Dominican Republic,AMRO,5607,234502,96,3028,231474
2021-02-28,DO,Dominican Republic,AMRO,4507,239009,65,3093,235916
2021-03-07,DO,Dominican Republic,AMRO,3651,242660,69,3162,239498
2021-03-14,DO,Dominican Republic,AMRO,2956,245616,51,3213,242403
2021-03-21,DO,Dominican Republic,AMRO,3373,248989,56,3269,245720
2021-03-28,DO,Dominican Republic,AMRO,2593,251582,33,3302,248280
2021-04-04,DO,Dominican Republic,AMRO,2199,253781,32,3334,250447
2021-04-11,DO,Dominican Republic,AMRO,3405,257186,51,3385,253801
2021-04-18,DO,Dominican Republic,AMRO,3441,260627,29,3414,257213
2021-04-25,DO,Dominican Republic,AMRO,3317,263944,37,3451,260493
2021-05-02,DO,Dominican Republic,AMRO,2917,266861,36,3487,263374
2021-05-09,DO,Dominican Republic,AMRO,3739,270600,36,3523,267077
2021-05-16,DO,Dominican Republic,AMRO,5672,276272,46,3569,272703
2021-05-23,DO,Dominican Republic,AMRO,6413,282685,37,3606,279079
2021-05-30,DO,Dominican Republic,AMRO,7841,290526,22,3628,286898
2021-06-06,DO,Dominican Republic,AMRO,9155,299681,24,3652,296029
2021-06-13,DO,Dominican Republic,AMRO,8166,307847,53,3705,304142
2021-06-20,DO,Dominican Republic,AMRO,7968,315815,49,3754,312061
2021-06-27,DO,Dominican Republic,AMRO,6256,322071,42,3796,318275
2021-07-04,DO,Dominican Republic,AMRO,6305,328376,56,3852,324524
2021-07-11,DO,Dominican Republic,AMRO,4677,333053,37,3889,329164
2021-07-18,DO,Dominican Republic,AMRO,4094,337147,26,3915,333232
2021-07-25,DO,Dominican Republic,AMRO,2522,339669,22,3937,335732
2021-08-01,DO,Dominican Republic,AMRO,2236,341905,26,3963,337942
2021-08-08,DO,Dominican Republic,AMRO,2246,344151,11,3974,340177
2021-08-15,DO,Dominican Republic,AMRO,1809,345960,2,3976,341984
2021-08-22,DO,Dominican Republic,AMRO,1677,347637,13,3989,343648
2021-08-29,DO,Dominican Republic,AMRO,1983,349620,18,4007,345613
2021-09-05,DO,Dominican Republic,AMRO,1833,351453,5,4012,347441
2021-09-12,DO,Dominican Republic,AMRO,1618,353071,2,4014,349057
2021-09-19,DO,Dominican Republic,AMRO,1942,355013,13,4027,350986
2021-09-26,DO,Dominican Republic,AMRO,1921,356934,11,4038,352896
2021-10-03,DO,Dominican Republic,AMRO,3323,360257,11,4049,356208
2021-10-10,DO,Dominican Republic,AMRO,4806,365063,18,4067,360996
2021-10-17,DO,Dominican Republic,AMRO,4637,369700,17,4084,365616
2021-10-24,DO,Dominican Republic,AMRO,5845,375545,22,4106,371439
2021-10-31,DO,Dominican Republic,AMRO,5429,380974,23,4129,376845
2021-11-07,DO,Dominican Republic,AMRO,6295,387269,21,4150,383119
2021-11-14,DO,Dominican Republic,AMRO,7339,394608,16,4166,390442
2021-11-21,DO,Dominican Republic,AMRO,7306,401914,20,4186,397728
2021-11-28,DO,Dominican Republic,AMRO,4597,406511,18,4204,402307
2021-12-05,DO,Dominican Republic,AMRO,1734,408245,8,4212,404033
2021-12-12,DO,Dominican Republic,AMRO,1842,410087,6,4218,405869
2021-12-19,DO,Dominican Republic,AMRO,1179,411266,4,4222,407044
2021-12-26,DO,Dominican Republic,AMRO,2621,413887,15,4237,409650
2022-01-02,DO,Dominican Republic,AMRO,6040,419927,10,4247,415680
2022-01-09,DO,Dominican Republic,AMRO,31258,451185,8,4255,446930
2022-01-16,DO,Dominican Republic,AMRO,43410,494595,13,4268,490327
2022-01-23,DO,Dominican Republic,AMRO,42172,536767,17,4285,532482
2022-01-30,DO,Dominican Republic,AMRO,16064,552831,16,4301,548530
2022-02-06,DO,Dominican Republic,AMRO,8826,561657,21,4322,557335
2022-02-13,DO,Dominican Republic,AMRO,7367,569024,21,4343,564681
2022-02-20,DO,Dominican Republic,AMRO,2528,571552,14,4357,567195
2022-02-27,DO,Dominican Republic,AMRO,2519,574071,11,4368,569703
2022-03-06,DO,Dominican Republic,AMRO,1812,575883,3,4371,571512
2022-03-13,DO,Dominican Republic,AMRO,484,576367,3,4374,571993
2022-03-20,DO,Dominican Republic,AMRO,950,577317,1,4375,572942
2022-03-27,DO,Dominican Republic,AMRO,524,577841,0,4375,573466
2022-04-03,DO,Dominican Republic,AMRO,338,578179,0,4375,573804
2022-04-10,DO,Dominican Republic,AMRO,305,578484,0,4375,574109
2022-04-17,DO,Dominican Republic,AMRO,261,578745,0,4375,574370
2022-04-24,DO,Dominican Republic,AMRO,334,579079,1,4376,574703
2022-05-01,DO,Dominican Republic,AMRO,364,579443,0,4376,575067
2022-05-08,DO,Dominican Republic,AMRO,364,579807,0,4376,575431
2022-05-15,DO,Dominican Republic,AMRO,605,580412,0,4376,576036
2022-05-22,DO,Dominican Republic,AMRO,838,581250,1,4377,576873
2022-05-29,DO,Dominican Republic,AMRO,1909,583159,0,4377,578782
2022-06-05,DO,Dominican Republic,AMRO,2940,586099,0,4377,581722
2022-06-12,DO,Dominican Republic,AMRO,4665,590764,3,4380,586384
2022-06-19,DO,Dominican Republic,AMRO,5918,596682,2,4382,592300
2022-06-26,DO,Dominican Republic,AMRO,5672,602354,1,4383,597971
2022-07-03,DO,Dominican Republic,AMRO,7036,609390,0,4383,605007
2022-07-10,DO,Dominican Republic,AMRO,8263,617653,0,4383,613270
2022-07-17,DO,Dominican Republic,AMRO,4283,621936,0,4383,617553
2022-07-24,DO,Dominican Republic,AMRO,4094,626030,0,4383,621647
2022-07-31,DO,Dominican Republic,AMRO,2695,628725,0,4383,624342
2022-08-07,DO,Dominican Republic,AMRO,3930,632655,1,4384,628271
2022-08-14,DO,Dominican Republic,AMRO,2211,634866,0,4384,630482
2022-08-21,DO,Dominican Republic,AMRO,1550,636416,0,4384,632032
2022-08-28,DO,Dominican Republic,AMRO,1670,638086,0,4384,633702
2022-09-04,DO,Dominican Republic,AMRO,1978,640064,0,4384,635680
2022-09-11,DO,Dominican Republic,AMRO,1899,641963,0,4384,637579
2022-09-18,DO,Dominican Republic,AMRO,2053,644016,0,4384,639632
2022-09-25,DO,Dominican Republic,AMRO,1353,645369,0,4384,640985
2022-10-02,DO,Dominican Republic,AMRO,974,646343,0,4384,641959
2022-10-09,DO,Dominican Republic,AMRO,541,646884,0,4384,642500
2022-10-16,DO,Dominican Republic,AMRO,321,647205,0,4384,642821
2022-10-23,DO,Dominican Republic,AMRO,161,647366,0,4384,642982
2022-10-30,DO,Dominican Republic,AMRO,189,647555,0,4384,643171
2022-11-06,DO,Dominican Republic,AMRO,139,647694,0,4384,643310
2022-11-13,DO,Dominican Republic,AMRO,222,647916,0,4384,643532
2022-11-20,DO,Dominican Republic,AMRO,490,648406,0,4384,644022
2022-11-27,DO,Dominican Republic,AMRO,1278,649684,0,4384,645300
2022-12-04,DO,Dominican Republic,AMRO,1783,651467,0,4384,647083
2022-12-11,DO,Dominican Republic,AMRO,2494,653961,0,4384,649577
2022-12-18,DO,Dominican Republic,AMRO,2845,656806,0,4384,652422
2022-12-25,DO,Dominican Republic,AMRO,1781,658587,0,4384,654203
2023-01-01,DO,Dominican Republic,AMRO,589,659176,0,4384,654792
2023-01-08,DO,Dominican Republic,AMRO,342,659518,0,4384,655134
2023-01-15,DO,Dominican Republic,AMRO,215,659733,0,4384,655349
2023-01-22,DO,Dominican Republic,AMRO,229,659962,0,4384,655578
2023-01-29,DO,Dominican Republic,AMRO,225,660187,0,4384,655803
2023-02-05,DO,Dominican Republic,AMRO,173,660360,0,4384,655976
2023-02-12,DO,Dominican Republic,AMRO,108,660468,0,4384,656084
2023-02-19,DO,Dominican Republic,AMRO,157,660625,0,4384,656241
2023-02-26,DO,Dominican Republic,AMRO,132,660757,0,4384,656373
2023-03-05,DO,Dominican Republic,AMRO,65,660822,0,4384,656438
2023-03-12,DO,Dominican Republic,AMRO,54,660876,0,4384,656492
2023-03-19,DO,Dominican Republic,AMRO,39,660915,0,4384,656531
2023-03-26,DO,Dominican Republic,AMRO,22,660937,0,4384,656553
2023-04-02,DO,Dominican Republic,AMRO,0,660937,0,4384,656553
2023-04-09,DO,Dominican Republic,AMRO,0,660937,0,4384,656553
2023-04-16,DO,Dominican Republic,AMRO,24,660961,0,4384,656577
2023-04-23,DO,Dominican Republic,AMRO,47,661008,0,4384,656624
2023-04-30,DO,Dominican Republic,AMRO,37,661045,0,4384,656661
2023-05-07,DO,Dominican Republic,AMRO,58,661103,0,4384,656719
2023-05-14,DO,Dominican Republic,AMRO,0,661103,0,4384,656719
2023-05-21,DO,Dominican Republic,AMRO,0,661103,0,4384,656719
2023-05-28,DO,Dominican Republic,AMRO,0,661103,0,4384,656719
2023-06-04,DO,Dominican Republic,AMRO,0,661103,0,4384,656719
2023-06-11,DO,Dominican Republic,AMRO,0,661103,0,4384,656719
2023-06-18,DO,Dominican Republic,AMRO,0,661103,0,4384,656719
2023-06-25,DO,Dominican Republic,AMRO,0,661103,0,4384,656719
2023-07-02,DO,Dominican Republic,AMRO,0,661103,0,4384,656719
2023-07-09,DO,Dominican Republic,AMRO,0,661103,0,4384,656719
2023-07-16,DO,Dominican Republic,AMRO,0,661103,0,4384,656719
2023-07-23,DO,Dominican Republic,AMRO,0,661103,0,4384,656719
2023-07-30,DO,Dominican Republic,AMRO,0,661103,0,4384,656719
2023-08-06,DO,Dominican Republic,AMRO,0,661103,0,4384,656719
2023-08-13,DO,Dominican Republic,AMRO,0,661103,0,4384,656719
2023-08-20,DO,Dominican Republic,AMRO,0,661103,0,4384,656719
2023-08-27,DO,Dominican Republic,AMRO,0,661103,0,4384,656719
2023-09-03,DO,Dominican Republic,AMRO,0,661103,0,4384,656719
2023-09-10,DO,Dominican Republic,AMRO,0,661103,0,4384,656719
2023-09-17,DO,Dominican Republic,AMRO,0,661103,0,4384,656719
2023-09-24,DO,Dominican Republic,AMRO,0,661103,0,4384,656719
2023-10-01,DO,Dominican Republic,AMRO,0,661103,0,4384,656719
2023-10-08,DO,Dominican Republic,AMRO,0,661103,0,4384,656719
2023-10-15,DO,Dominican Republic,AMRO,0,661103,0,4384,656719
2023-10-22,DO,Dominican Republic,AMRO,0,661103,0,4384,656719
2023-10-29,DO,Dominican Republic,AMRO,0,661103,0,4384,656719
2023-11-05,DO,Dominican Republic,AMRO,0,661103,0,4384,656719
2023-11-12,DO,Dominican Republic,AMRO,0,661103,0,4384,656719
2023-11-19,DO,Dominican Republic,AMRO,0,661103,0,4384,656719
2023-11-26,DO,Dominican Republic,AMRO,0,661103,0,4384,656719
2023-12-03,DO,Dominican Republic,AMRO,0,661103,0,4384,656719
2023-12-10,DO,Dominican Republic,AMRO,0,661103,0,4384,656719
2023-12-17,DO,Dominican Republic,AMRO,0,661103,0,4384,656719
2023-12-24,DO,Dominican Republic,AMRO,0,661103,0,4384,656719
2023-12-31,DO,Dominican Republic,AMRO,0,661103,0,4384,656719
2024-01-07,DO,Dominican Republic,AMRO,0,661103,0,4384,656719
2024-01-14,DO,Dominican Republic,AMRO,0,661103,0,4384,656719
2024-01-21,DO,Dominican Republic,AMRO,0,661103,0,4384,656719
2024-01-28,DO,Dominican Republic,AMRO,0,661103,0,4384,656719
2024-02-04,DO,Dominican Republic,AMRO,0,661103,0,4384,656719
2024-02-11,DO,Dominican Republic,AMRO,0,661103,0,4384,656719
2024-02-18,DO,Dominican Republic,AMRO,0,661103,0,4384,656719
2024-02-25,DO,Dominican Republic,AMRO,0,661103,0,4384,656719
2024-03-03,DO,Dominican Republic,AMRO,0,661103,0,4384,656719
2024-03-10,DO,Dominican Republic,AMRO,0,661103,0,4384,656719
2024-03-17,DO,Dominican Republic,AMRO,0,661103,0,4384,656719
2024-03-24,DO,Dominican Republic,AMRO,0,661103,0,4384,656719
2024-03-31,DO,Dominican Republic,AMRO,0,661103,0,4384,656719
2024-04-07,DO,Dominican Republic,AMRO,0,661103,0,4384,656719
2024-04-14,DO,Dominican Republic,AMRO,0,661103,0,4384,656719
2024-04-21,DO,Dominican Republic,AMRO,0,661103,0,4384,656719
2024-04-28,DO,Dominican Republic,AMRO,0,661103,0,4384,656719
2024-05-05,DO,Dominican Republic,AMRO,0,661103,0,4384,656719
2024-05-12,DO,Dominican Republic,AMRO,0,661103,0,4384,656719
2024-05-19,DO,Dominican Republic,AMRO,0,661103,0,4384,656719
2024-05-26,DO,Dominican Republic,AMRO,0,661103,0,4384,656719
2024-06-02,DO,Dominican Republic,AMRO,0,661103,0,4384,656719
2024-06-09,DO,Dominican Republic,AMRO,0,661103,0,4384,656719
2024-06-16,DO,Dominican Republic,AMRO,0,661103,0,4384,656719
2024-06-23,DO,Dominican Republic,AMRO,0,661103,0,4384,656719
2024-06-30,DO,Dominican Republic,AMRO,0,661103,0,4384,656719
2024-07-07,DO,Dominican Republic,AMRO,0,661103,0,4384,656719
2024-07-14,DO,Dominican Republic,AMRO,0,661103,0,4384,656719
2024-07-21,DO,Dominican Republic,AMRO,0,661103,0,4384,656719
2024-07-28,DO,Dominican Republic,AMRO,0,661103,0,4384,656719
2024-08-04,DO,Dominican Republic,AMRO,0,661103,0,4384,656719
2024-08-11,DO,Dominican Republic,AMRO,0,661103,0,4384,656719
2024-08-18,DO,Dominican Republic,AMRO,0,661103,0,4384,656719
2024-08-25,DO,Dominican Republic,AMRO,0,661103,0,4384,656719
2024-09-01,DO,Dominican Republic,AMRO,0,661103,0,4384,656719
2024-09-08,DO,Dominican Republic,AMRO,0,661103,0,4384,656719
2024-09-15,DO,Dominican Republic,AMRO,0,661103,0,4384,656719
2024-09-22,DO,Dominican Republic,AMRO,0,661103,0,4384,656719
2024-09-29,DO,Dominican Republic,AMRO,0,661103,0,4384,656719
2024-10-06,DO,Dominican Republic,AMRO,0,661103,0,4384,656719
2024-10-13,DO,Dominican Republic,AMRO,0,661103,0,4384,656719
2024-10-20,DO,Dominican Republic,AMRO,0,661103,0,4384,656719
2024-10-27,DO,Dominican Republic,AMRO,0,661103,0,4384,656719
2024-11-03,DO,Dominican Republic,AMRO,0,661103,0,4384,656719
2024-11-10,DO,Dominican Republic,AMRO,0,661103,0,4384,656719
2024-11-17,DO,Dominican Republic,AMRO,0,661103,0,4384,656719
2020-01-05,EC,Ecuador,AMRO,0,0,0,0,0
2020-01-12,EC,Ecuador,AMRO,0,0,0,0,0
2020-01-19,EC,Ecuador,AMRO,0,0,0,0,0
2020-01-26,EC,Ecuador,AMRO,0,0,0,0,0
2020-02-02,EC,Ecuador,AMRO,0,0,0,0,0
2020-02-09,EC,Ecuador,AMRO,0,0,0,0,0
2020-02-16,EC,Ecuador,AMRO,0,0,0,0,0
2020-02-23,EC,Ecuador,AMRO,0,0,0,0,0
2020-03-01,EC,Ecuador,AMRO,0,0,0,0,0
2020-03-08,EC,Ecuador,AMRO,13,13,0,0,13
2020-03-15,EC,Ecuador,AMRO,10,23,0,0,23
2020-03-22,EC,Ecuador,AMRO,483,506,7,7,499
2020-03-29,EC,Ecuador,AMRO,1317,1823,41,48,1775
2020-04-05,EC,Ecuador,AMRO,1642,3465,124,172,3293
2020-04-12,EC,Ecuador,AMRO,3792,7257,143,315,6942
2020-04-19,EC,Ecuador,AMRO,1765,9022,141,456,8566
2020-04-26,EC,Ecuador,AMRO,13697,22719,120,576,22143
2020-05-03,EC,Ecuador,AMRO,4745,27464,795,1371,26093
2020-05-10,EC,Ecuador,AMRO,1607,29071,346,1717,27354
2020-05-17,EC,Ecuador,AMRO,2396,31467,877,2594,28873
2020-05-24,EC,Ecuador,AMRO,4791,36258,502,3096,33162
2020-05-31,EC,Ecuador,AMRO,2585,38843,250,3346,35497
2020-06-07,EC,Ecuador,AMRO,3885,42728,262,3608,39120
2020-06-14,EC,Ecuador,AMRO,3628,46356,266,3874,42482
2020-06-21,EC,Ecuador,AMRO,3827,50183,325,4199,45984
2020-06-28,EC,Ecuador,AMRO,4391,54574,225,4424,50150
2020-07-05,EC,Ecuador,AMRO,6961,61535,345,4769,56766
2020-07-12,EC,Ecuador,AMRO,5674,67209,262,5031,62178
2020-07-19,EC,Ecuador,AMRO,6173,73382,251,5282,68100
2020-07-26,EC,Ecuador,AMRO,6654,80036,225,5507,74529
2020-08-02,EC,Ecuador,AMRO,6196,86232,229,5736,80496
2020-08-09,EC,Ecuador,AMRO,7340,93572,180,5916,87656
2020-08-16,EC,Ecuador,AMRO,7116,100688,149,6065,94623
2020-08-23,EC,Ecuador,AMRO,6401,107089,212,6277,100812
2020-08-30,EC,Ecuador,AMRO,5817,112906,260,6537,106369
2020-09-06,EC,Ecuador,AMRO,5139,118045,187,6724,111321
2020-09-13,EC,Ecuador,AMRO,0,116451,4140,10864,105587
2020-09-20,EC,Ecuador,AMRO,9169,125620,225,11089,114531
2020-09-27,EC,Ecuador,AMRO,8361,133981,184,11273,122708
2020-10-04,EC,Ecuador,AMRO,6370,140351,324,11597,128754
2020-10-11,EC,Ecuador,AMRO,6477,146828,591,12188,134640
2020-10-18,EC,Ecuador,AMRO,5594,152422,187,12375,140047
2020-10-25,EC,Ecuador,AMRO,7192,159614,167,12542,147072
2020-11-01,EC,Ecuador,AMRO,8578,168192,128,12670,155522
2020-11-08,EC,Ecuador,AMRO,5294,173486,145,12815,160671
2020-11-15,EC,Ecuador,AMRO,6141,179627,182,12997,166630
2020-11-22,EC,Ecuador,AMRO,5249,184876,142,13139,171737
2020-11-29,EC,Ecuador,AMRO,6033,190909,232,13371,177538
2020-12-06,EC,Ecuador,AMRO,6482,197391,385,13756,183635
2020-12-13,EC,Ecuador,AMRO,4133,201524,118,13874,187650
2020-12-20,EC,Ecuador,AMRO,4396,205920,74,13948,191972
2020-12-27,EC,Ecuador,AMRO,3354,209274,42,13990,195284
2021-01-03,EC,Ecuador,AMRO,5239,214513,69,14059,200454
2021-01-10,EC,Ecuador,AMRO,5836,220349,118,14177,206172
2021-01-17,EC,Ecuador,AMRO,10459,230808,139,14316,216492
2021-01-24,EC,Ecuador,AMRO,7424,238232,280,14596,223636
2021-01-31,EC,Ecuador,AMRO,11547,249779,255,14851,234928
2021-02-07,EC,Ecuador,AMRO,7336,257115,153,15004,242111
2021-02-14,EC,Ecuador,AMRO,8412,265527,265,15269,250258
2021-02-21,EC,Ecuador,AMRO,7570,273097,244,15513,257584
2021-02-28,EC,Ecuador,AMRO,9502,282599,200,15713,266886
2021-03-07,EC,Ecuador,AMRO,10344,292943,307,16020,276923
2021-03-14,EC,Ecuador,AMRO,7723,300666,195,16215,284451
2021-03-21,EC,Ecuador,AMRO,10202,310868,220,16435,294433
2021-03-28,EC,Ecuador,AMRO,11831,322699,244,16679,306020
2021-04-04,EC,Ecuador,AMRO,10476,333175,250,16929,316246
2021-04-11,EC,Ecuador,AMRO,11702,344877,346,17275,327602
2021-04-18,EC,Ecuador,AMRO,13280,358157,366,17641,340516
2021-04-25,EC,Ecuador,AMRO,14597,372754,517,18158,354596
2021-05-02,EC,Ecuador,AMRO,11835,384589,566,18724,365865
2021-05-09,EC,Ecuador,AMRO,14332,398921,413,19137,379784
2021-05-16,EC,Ecuador,AMRO,10599,409520,555,19692,389828
2021-05-23,EC,Ecuador,AMRO,8320,417840,488,20180,397660
2021-05-30,EC,Ecuador,AMRO,6901,424741,305,20485,404256
2021-06-06,EC,Ecuador,AMRO,6688,431429,288,20773,410656
2021-06-13,EC,Ecuador,AMRO,6679,438108,245,21018,417090
2021-06-20,EC,Ecuador,AMRO,7478,445586,266,21284,424302
2021-06-27,EC,Ecuador,AMRO,7776,453362,201,21485,431877
2021-07-04,EC,Ecuador,AMRO,8780,462142,175,21660,440482
2021-07-11,EC,Ecuador,AMRO,5834,467976,154,21814,446162
2021-07-18,EC,Ecuador,AMRO,7239,475215,119,21933,453282
2021-07-25,EC,Ecuador,AMRO,5505,480720,8864,30797,449923
2021-08-01,EC,Ecuador,AMRO,6652,487372,834,31631,455741
2021-08-08,EC,Ecuador,AMRO,4459,491831,157,31788,460043
2021-08-15,EC,Ecuador,AMRO,2988,494819,166,31954,462865
2021-08-22,EC,Ecuador,AMRO,3795,498614,131,32085,466529
2021-08-29,EC,Ecuador,AMRO,2435,501049,138,32223,468826
2021-09-05,EC,Ecuador,AMRO,2465,503514,111,32334,471180
2021-09-12,EC,Ecuador,AMRO,1561,505075,31,32365,472710
2021-09-19,EC,Ecuador,AMRO,1464,506539,269,32634,473905
2021-09-26,EC,Ecuador,AMRO,1533,508072,98,32732,475340
2021-10-03,EC,Ecuador,AMRO,2547,510619,59,32791,477828
2021-10-10,EC,Ecuador,AMRO,1279,511898,56,32847,479051
2021-10-17,EC,Ecuador,AMRO,1404,513302,79,32926,480376
2021-10-24,EC,Ecuador,AMRO,2009,515311,22,32948,482363
2021-10-31,EC,Ecuador,AMRO,1620,516931,30,32978,483953
2021-11-07,EC,Ecuador,AMRO,2044,518975,10,32988,485987
2021-11-14,EC,Ecuador,AMRO,2304,521279,82,33070,488209
2021-11-21,EC,Ecuador,AMRO,2568,523847,51,33121,490726
2021-11-28,EC,Ecuador,AMRO,2290,526137,64,33185,492952
2021-12-05,EC,Ecuador,AMRO,2453,528590,262,33447,495143
2021-12-12,EC,Ecuador,AMRO,3840,532430,101,33548,498882
2021-12-19,EC,Ecuador,AMRO,3699,536129,45,33593,502536
2021-12-26,EC,Ecuador,AMRO,5239,541368,54,33647,507721
2022-01-02,EC,Ecuador,AMRO,8050,549418,34,33681,515737
2022-01-09,EC,Ecuador,AMRO,11867,561285,21,33702,527583
2022-01-16,EC,Ecuador,AMRO,41657,602942,504,34206,568736
2022-01-23,EC,Ecuador,AMRO,61722,664664,81,34287,630377
2022-01-30,EC,Ecuador,AMRO,52421,717085,202,34489,682596
2022-02-06,EC,Ecuador,AMRO,44236,761321,227,34716,726605
2022-02-13,EC,Ecuador,AMRO,32499,793820,290,35006,758814
2022-02-20,EC,Ecuador,AMRO,21752,815572,137,35143,780429
2022-02-27,EC,Ecuador,AMRO,14240,829812,93,35236,794576
2022-03-06,EC,Ecuador,AMRO,8708,838520,72,35308,803212
2022-03-13,EC,Ecuador,AMRO,9950,848470,32,35340,813130
2022-03-20,EC,Ecuador,AMRO,4941,853411,53,35393,818018
2022-03-27,EC,Ecuador,AMRO,3888,857299,25,35418,821881
2022-04-03,EC,Ecuador,AMRO,4454,861753,26,35444,826309
2022-04-10,EC,Ecuador,AMRO,2324,864077,23,35467,828610
2022-04-17,EC,Ecuador,AMRO,2643,866720,60,35527,831193
2022-04-24,EC,Ecuador,AMRO,1333,868053,54,35581,832472
2022-05-01,EC,Ecuador,AMRO,1396,869449,13,35594,833855
2022-05-08,EC,Ecuador,AMRO,1340,870789,5,35599,835190
2022-05-15,EC,Ecuador,AMRO,1210,871999,7,35606,836393
2022-05-22,EC,Ecuador,AMRO,1610,873609,7,35613,837996
2022-05-29,EC,Ecuador,AMRO,2400,876009,9,35622,840387
2022-06-05,EC,Ecuador,AMRO,7215,883224,27,35649,847575
2022-06-12,EC,Ecuador,AMRO,5224,888448,7,35656,852792
2022-06-19,EC,Ecuador,AMRO,6610,895058,28,35684,859374
2022-06-26,EC,Ecuador,AMRO,8004,903062,26,35710,867352
2022-07-03,EC,Ecuador,AMRO,8120,911182,31,35741,875441
2022-07-10,EC,Ecuador,AMRO,7297,918479,8,35749,882730
2022-07-17,EC,Ecuador,AMRO,11636,930115,20,35769,894346
2022-07-24,EC,Ecuador,AMRO,16372,946487,17,35786,910701
2022-07-31,EC,Ecuador,AMRO,17181,963668,15,35801,927867
2022-08-07,EC,Ecuador,AMRO,15634,979302,10,35811,943491
2022-08-14,EC,Ecuador,AMRO,3624,982926,0,35811,947115
2022-08-21,EC,Ecuador,AMRO,4644,987570,1,35812,951758
2022-08-28,EC,Ecuador,AMRO,6288,993858,18,35830,958028
2022-09-04,EC,Ecuador,AMRO,2927,996785,30,35860,960925
2022-09-11,EC,Ecuador,AMRO,1417,998202,16,35876,962326
2022-09-18,EC,Ecuador,AMRO,2996,1001198,9,35885,965313
2022-09-25,EC,Ecuador,AMRO,1852,1003050,5,35890,967160
2022-10-02,EC,Ecuador,AMRO,1665,1004715,1,35891,968824
2022-10-09,EC,Ecuador,AMRO,1543,1006258,1,35892,970366
2022-10-16,EC,Ecuador,AMRO,664,1006922,2,35894,971028
2022-10-23,EC,Ecuador,AMRO,631,1007553,3,35897,971656
2022-10-30,EC,Ecuador,AMRO,482,1008035,1,35898,972137
2022-11-06,EC,Ecuador,AMRO,910,1008945,2,35900,973045
2022-11-13,EC,Ecuador,AMRO,760,1009705,1,35901,973804
2022-11-20,EC,Ecuador,AMRO,2179,1011884,3,35904,975980
2022-11-27,EC,Ecuador,AMRO,2607,1014491,1,35905,978586
2022-12-04,EC,Ecuador,AMRO,3688,1018179,2,35907,982272
2022-12-11,EC,Ecuador,AMRO,9243,1027422,12,35919,991503
2022-12-18,EC,Ecuador,AMRO,7818,1035240,10,35929,999311
2022-12-25,EC,Ecuador,AMRO,5223,1040463,5,35934,1004529
2023-01-01,EC,Ecuador,AMRO,4286,1044749,14,35948,1008801
2023-01-08,EC,Ecuador,AMRO,2723,1047472,22,35970,1011502
2023-01-15,EC,Ecuador,AMRO,3410,1050882,21,35991,1014891
2023-01-22,EC,Ecuador,AMRO,2723,1053605,7,35998,1017607
2023-01-29,EC,Ecuador,AMRO,1419,1055024,7,36005,1019019
2023-02-05,EC,Ecuador,AMRO,898,1055922,1,36006,1019916
2023-02-12,EC,Ecuador,AMRO,530,1056452,4,36010,1020442
2023-02-19,EC,Ecuador,AMRO,385,1056837,3,36013,1020824
2023-02-26,EC,Ecuador,AMRO,284,1057121,1,36014,1021107
2023-03-05,EC,Ecuador,AMRO,487,1057608,1,36015,1021593
2023-03-12,EC,Ecuador,AMRO,396,1058004,1,36016,1021988
2023-03-19,EC,Ecuador,AMRO,487,1058491,1,36017,1022474
2023-03-26,EC,Ecuador,AMRO,518,1059009,0,36017,1022992
2023-04-02,EC,Ecuador,AMRO,520,1059529,0,36017,1023512
2023-04-09,EC,Ecuador,AMRO,0,1059529,0,36017,1023512
2023-04-16,EC,Ecuador,AMRO,998,1060527,1,36018,1024509
2023-04-23,EC,Ecuador,AMRO,573,1061100,1,36019,1025081
2023-04-30,EC,Ecuador,AMRO,666,1061766,0,36019,1025747
2023-05-07,EC,Ecuador,AMRO,0,1061766,0,36019,1025747
2023-05-14,EC,Ecuador,AMRO,509,1062275,0,36019,1026256
2023-05-21,EC,Ecuador,AMRO,0,1062275,0,36019,1026256
2023-05-28,EC,Ecuador,AMRO,0,1062275,0,36019,1026256
2023-06-04,EC,Ecuador,AMRO,0,1062275,0,36019,1026256
2023-06-11,EC,Ecuador,AMRO,0,1062275,0,36019,1026256
2023-06-18,EC,Ecuador,AMRO,0,1062275,0,36019,1026256
2023-06-25,EC,Ecuador,AMRO,0,1062275,0,36019,1026256
2023-07-02,EC,Ecuador,AMRO,0,1062275,0,36019,1026256
2023-07-09,EC,Ecuador,AMRO,0,1062275,0,36019,1026256
2023-07-16,EC,Ecuador,AMRO,0,1062275,0,36019,1026256
2023-07-23,EC,Ecuador,AMRO,0,1062275,0,36019,1026256
2023-07-30,EC,Ecuador,AMRO,0,1062275,0,36019,1026256
2023-08-06,EC,Ecuador,AMRO,0,1062275,0,36019,1026256
2023-08-13,EC,Ecuador,AMRO,0,1062275,0,36019,1026256
2023-08-20,EC,Ecuador,AMRO,0,1062275,0,36019,1026256
2023-08-27,EC,Ecuador,AMRO,0,1062275,0,36019,1026256
2023-09-03,EC,Ecuador,AMRO,0,1062275,0,36019,1026256
2023-09-10,EC,Ecuador,AMRO,0,1062275,0,36019,1026256
2023-09-17,EC,Ecuador,AMRO,0,1062275,0,36019,1026256
2023-09-24,EC,Ecuador,AMRO,0,1062275,0,36019,1026256
2023-10-01,EC,Ecuador,AMRO,0,1062275,0,36019,1026256
2023-10-08,EC,Ecuador,AMRO,0,1062275,0,36019,1026256
2023-10-15,EC,Ecuador,AMRO,188,1062463,0,36019,1026444
2023-10-22,EC,Ecuador,AMRO,122,1062585,0,36019,1026566
2023-10-29,EC,Ecuador,AMRO,171,1062756,0,36019,1026737
2023-11-05,EC,Ecuador,AMRO,140,1062896,0,36019,1026877
2023-11-12,EC,Ecuador,AMRO,209,1063105,1,36020,1027085
2023-11-19,EC,Ecuador,AMRO,357,1063462,0,36020,1027442
2023-11-26,EC,Ecuador,AMRO,495,1063957,1,36021,1027936
2023-12-03,EC,Ecuador,AMRO,1027,1064984,1,36022,1028962
2023-12-10,EC,Ecuador,AMRO,918,1065902,1,36023,1029879
2023-12-17,EC,Ecuador,AMRO,808,1066710,1,36024,1030686
2023-12-24,EC,Ecuador,AMRO,932,1067642,0,36024,1031618
2023-12-31,EC,Ecuador,AMRO,757,1068399,0,36024,1032375
2024-01-07,EC,Ecuador,AMRO,734,1069133,3,36027,1033106
2024-01-14,EC,Ecuador,AMRO,1055,1070188,6,36033,1034155
2024-01-21,EC,Ecuador,AMRO,859,1071047,1,36034,1035013
2024-01-28,EC,Ecuador,AMRO,583,1071630,5,36039,1035591
2024-02-04,EC,Ecuador,AMRO,551,1072181,0,36039,1036142
2024-02-11,EC,Ecuador,AMRO,473,1072654,1,36040,1036614
2024-02-18,EC,Ecuador,AMRO,415,1073069,3,36043,1037026
2024-02-25,EC,Ecuador,AMRO,512,1073581,0,36043,1037538
2024-03-03,EC,Ecuador,AMRO,581,1074162,0,36043,1038119
2024-03-10,EC,Ecuador,AMRO,494,1074656,1,36044,1038612
2024-03-17,EC,Ecuador,AMRO,409,1075065,1,36045,1039020
2024-03-24,EC,Ecuador,AMRO,381,1075446,1,36046,1039400
2024-03-31,EC,Ecuador,AMRO,233,1075679,1,36047,1039632
2024-04-07,EC,Ecuador,AMRO,185,1075864,1,36048,1039816
2024-04-14,EC,Ecuador,AMRO,89,1075953,0,36048,1039905
2024-04-21,EC,Ecuador,AMRO,78,1076031,0,36048,1039983
2024-04-28,EC,Ecuador,AMRO,21,1076052,0,36048,1040004
2024-05-05,EC,Ecuador,AMRO,35,1076087,1,36049,1040038
2024-05-12,EC,Ecuador,AMRO,52,1076139,0,36049,1040090
2024-05-19,EC,Ecuador,AMRO,55,1076194,0,36049,1040145
2024-05-26,EC,Ecuador,AMRO,71,1076265,0,36049,1040216
2024-06-02,EC,Ecuador,AMRO,62,1076327,0,36049,1040278
2024-06-09,EC,Ecuador,AMRO,103,1076430,0,36049,1040381
2024-06-16,EC,Ecuador,AMRO,115,1076545,1,36050,1040495
2024-06-23,EC,Ecuador,AMRO,109,1076654,0,36050,1040604
2024-06-30,EC,Ecuador,AMRO,128,1076782,0,36050,1040732
2024-07-07,EC,Ecuador,AMRO,101,1076883,0,36050,1040833
2024-07-14,EC,Ecuador,AMRO,82,1076965,0,36050,1040915
2024-07-21,EC,Ecuador,AMRO,157,1077122,0,36050,1041072
2024-07-28,EC,Ecuador,AMRO,166,1077288,0,36050,1041238
2024-08-04,EC,Ecuador,AMRO,451,1077739,1,36051,1041688
2024-08-11,EC,Ecuador,AMRO,89,1077828,1,36052,1041776
2024-08-18,EC,Ecuador,AMRO,213,1078041,0,36052,1041989
2024-08-25,EC,Ecuador,AMRO,215,1078256,0,36052,1042204
2024-09-01,EC,Ecuador,AMRO,154,1078410,0,36052,1042358
2024-09-08,EC,Ecuador,AMRO,95,1078505,0,36052,1042453
2024-09-15,EC,Ecuador,AMRO,64,1078569,0,36052,1042517
2024-09-22,EC,Ecuador,AMRO,43,1078612,1,36053,1042559
2024-09-29,EC,Ecuador,AMRO,50,1078662,0,36053,1042609
2024-10-06,EC,Ecuador,AMRO,57,1078719,1,36054,1042665
2024-10-13,EC,Ecuador,AMRO,32,1078751,0,36054,1042697
2024-10-20,EC,Ecuador,AMRO,15,1078766,0,36054,1042712
2024-10-27,EC,Ecuador,AMRO,29,1078795,1,36055,1042740
2024-11-03,EC,Ecuador,AMRO,10,1078805,0,36055,1042750
2024-11-10,EC,Ecuador,AMRO,22,1078827,0,36055,1042772
2024-11-17,EC,Ecuador,AMRO,17,1078844,0,36055,1042789
2020-01-05,EG,Egypt,EMRO,0,0,0,0,0
2020-01-12,EG,Egypt,EMRO,0,0,0,0,0
2020-01-19,EG,Egypt,EMRO,0,0,0,0,0
2020-01-26,EG,Egypt,EMRO,0,0,0,0,0
2020-02-02,EG,Egypt,EMRO,0,0,0,0,0
2020-02-09,EG,Egypt,EMRO,0,0,0,0,0
2020-02-16,EG,Egypt,EMRO,1,1,0,0,1
2020-02-23,EG,Egypt,EMRO,0,1,0,0,1
2020-03-01,EG,Egypt,EMRO,0,1,0,0,1
2020-03-08,EG,Egypt,EMRO,47,48,0,0,48
2020-03-15,EG,Egypt,EMRO,62,110,2,2,108
2020-03-22,EG,Egypt,EMRO,184,294,8,10,284
2020-03-29,EG,Egypt,EMRO,282,576,26,36,540
2020-04-05,EG,Egypt,EMRO,494,1070,35,71,999
2020-04-12,EG,Egypt,EMRO,869,1939,75,146,1793
2020-04-19,EG,Egypt,EMRO,1093,3032,78,224,2808
2020-04-26,EG,Egypt,EMRO,1287,4319,83,307,4012
2020-05-03,EG,Egypt,EMRO,1874,6193,108,415,5778
2020-05-10,EG,Egypt,EMRO,2771,8964,99,514,8450
2020-05-17,EG,Egypt,EMRO,2755,11719,98,612,11107
2020-05-24,EG,Egypt,EMRO,4794,16513,123,735,15778
2020-05-31,EG,Egypt,EMRO,6936,23449,178,913,22536
2020-06-07,EG,Egypt,EMRO,9163,32612,285,1198,31414
2020-06-14,EG,Egypt,EMRO,10368,42980,286,1484,41496
2020-06-21,EG,Egypt,EMRO,10778,53758,622,2106,51652
2020-06-28,EG,Egypt,EMRO,10165,63923,602,2708,61215
2020-07-05,EG,Egypt,EMRO,10112,74035,572,3280,70755
2020-07-12,EG,Egypt,EMRO,7123,81158,489,3769,77389
2020-07-19,EG,Egypt,EMRO,6014,87172,482,4251,82921
2020-07-26,EG,Egypt,EMRO,4411,91583,307,4558,87025
2020-08-02,EG,Egypt,EMRO,2733,94316,276,4834,89482
2020-08-09,EG,Egypt,EMRO,998,95314,158,4992,90322
2020-08-16,EG,Egypt,EMRO,1022,96336,149,5141,91195
2020-08-23,EG,Egypt,EMRO,901,97237,102,5243,91994
2020-08-30,EG,Egypt,EMRO,1260,98497,133,5376,93121
2020-09-06,EG,Egypt,EMRO,1215,99712,135,5511,94201
2020-09-13,EG,Egypt,EMRO,1144,100856,116,5627,95229
2020-09-20,EG,Egypt,EMRO,1044,101900,123,5750,96150
2020-09-27,EG,Egypt,EMRO,836,102736,119,5869,96867
2020-10-04,EG,Egypt,EMRO,839,103575,101,5970,97605
2020-10-11,EG,Egypt,EMRO,812,104387,70,6040,98347
2020-10-18,EG,Egypt,EMRO,910,105297,69,6109,99188
2020-10-25,EG,Egypt,EMRO,1100,106397,78,6187,100210
2020-11-01,EG,Egypt,EMRO,1158,107555,79,6266,101289
2020-11-08,EG,Egypt,EMRO,1407,108962,89,6355,102607
2020-11-15,EG,Egypt,EMRO,1585,110547,87,6442,104105
2020-11-22,EG,Egypt,EMRO,2129,112676,93,6535,106141
2020-11-29,EG,Egypt,EMRO,2507,115183,86,6621,108562
2020-12-06,EG,Egypt,EMRO,2831,118014,129,6750,111264
2020-12-13,EG,Egypt,EMRO,3075,121089,148,6898,114191
2020-12-20,EG,Egypt,EMRO,3802,124891,171,7069,117822
2020-12-27,EG,Egypt,EMRO,6424,131315,283,7352,123963
2021-01-03,EG,Egypt,EMRO,9563,140878,389,7741,133137
2021-01-10,EG,Egypt,EMRO,7921,148799,401,8142,140657
2021-01-17,EG,Egypt,EMRO,6708,155507,385,8527,146980
2021-01-24,EG,Egypt,EMRO,5636,161143,375,8902,152241
2021-01-31,EG,Egypt,EMRO,4275,165418,361,9263,156155
2021-02-07,EG,Egypt,EMRO,3688,169106,341,9604,159502
2021-02-14,EG,Egypt,EMRO,4096,173202,331,9935,163267
2021-02-21,EG,Egypt,EMRO,4341,177543,363,10298,167245
2021-02-28,EG,Egypt,EMRO,4286,181829,341,10639,171190
2021-03-07,EG,Egypt,EMRO,4093,185922,315,10954,174968
2021-03-14,EG,Egypt,EMRO,4358,190280,302,11256,179024
2021-03-21,EG,Egypt,EMRO,4491,194771,301,11557,183214
2021-03-28,EG,Egypt,EMRO,4593,199364,288,11845,187519
2021-04-04,EG,Egypt,EMRO,4892,204256,278,12123,192133
2021-04-11,EG,Egypt,EMRO,5421,209677,282,12405,197272
2021-04-18,EG,Egypt,EMRO,5807,215484,289,12694,202790
2021-04-25,EG,Egypt,EMRO,6086,221570,304,12998,208572
2021-05-02,EG,Egypt,EMRO,7014,228584,404,13402,215182
2021-05-09,EG,Egypt,EMRO,7688,236272,443,13845,222427
2021-05-16,EG,Egypt,EMRO,8248,244520,424,14269,230251
2021-05-23,EG,Egypt,EMRO,8170,252690,401,14670,238020
2021-05-30,EG,Egypt,EMRO,7969,260659,331,15001,245658
2021-06-06,EG,Egypt,EMRO,6512,267171,308,15309,251862
2021-06-13,EG,Egypt,EMRO,5320,272491,273,15582,256909
2021-06-20,EG,Egypt,EMRO,4265,276756,247,15829,260927
2021-06-27,EG,Egypt,EMRO,3249,280005,233,16062,263943
2021-07-04,EG,Egypt,EMRO,1898,281903,180,16242,265661
2021-07-11,EG,Egypt,EMRO,1082,282985,141,16383,266602
2021-07-18,EG,Egypt,EMRO,651,283636,56,16439,267197
2021-07-25,EG,Egypt,EMRO,349,283985,42,16481,267504
2021-08-01,EG,Egypt,EMRO,277,284262,43,16524,267738
2021-08-08,EG,Egypt,EMRO,379,284641,42,16566,268075
2021-08-15,EG,Egypt,EMRO,616,285257,49,16615,268642
2021-08-22,EG,Egypt,EMRO,911,286168,48,16663,269505
2021-08-29,EG,Egypt,EMRO,1476,287644,51,16714,270930
2021-09-05,EG,Egypt,EMRO,2040,289684,62,16776,272908
2021-09-12,EG,Egypt,EMRO,2792,292476,84,16860,275616
2021-09-19,EG,Egypt,EMRO,3800,296276,91,16951,279325
2021-09-26,EG,Egypt,EMRO,4669,300945,198,17149,283796
2021-10-03,EG,Egypt,EMRO,5085,306030,250,17399,288631
2021-10-10,EG,Egypt,EMRO,5546,311576,259,17658,293918
2021-10-17,EG,Egypt,EMRO,6009,317585,268,17926,299659
2021-10-24,EG,Egypt,EMRO,6148,323733,316,18242,305491
2021-10-31,EG,Egypt,EMRO,6351,330084,350,18592,311492
2021-11-07,EG,Egypt,EMRO,6498,336582,419,19011,317571
2021-11-14,EG,Egypt,EMRO,6444,343026,424,19435,323591
2021-11-21,EG,Egypt,EMRO,6487,349513,437,19872,329641
2021-11-28,EG,Egypt,EMRO,6254,355767,433,20305,335462
2021-12-05,EG,Egypt,EMRO,6493,362260,377,20682,341578
2021-12-12,EG,Egypt,EMRO,6075,368335,333,21015,347320
2021-12-19,EG,Egypt,EMRO,6076,374411,300,21315,353096
2021-12-26,EG,Egypt,EMRO,6109,380520,256,21571,358949
2022-01-02,EG,Egypt,EMRO,5838,386358,197,21768,364590
2022-01-09,EG,Egypt,EMRO,5587,391945,170,21938,370007
2022-01-16,EG,Egypt,EMRO,6934,398879,185,22123,376756
2022-01-23,EG,Egypt,EMRO,9616,408495,207,22330,386165
2022-01-30,EG,Egypt,EMRO,12983,421478,236,22566,398912
2022-02-06,EG,Egypt,EMRO,15872,437350,311,22877,414473
2022-02-13,EG,Egypt,EMRO,15471,452821,415,23292,429529
2022-02-20,EG,Egypt,EMRO,14627,467448,402,23694,443754
2022-02-27,EG,Egypt,EMRO,13279,480727,298,23992,456735
2022-03-06,EG,Egypt,EMRO,9149,489876,180,24172,465704
2022-03-13,EG,Egypt,EMRO,5497,495373,105,24277,471096
2022-03-20,EG,Egypt,EMRO,5516,500889,84,24361,476528
2022-03-27,EG,Egypt,EMRO,4375,505264,56,24417,480847
2022-04-03,EG,Egypt,EMRO,3913,509177,56,24473,484704
2022-04-10,EG,Egypt,EMRO,2800,511977,49,24522,487455
2022-04-17,EG,Egypt,EMRO,868,512845,42,24564,488281
2022-04-24,EG,Egypt,EMRO,623,513468,42,24606,488862
2022-05-01,EG,Egypt,EMRO,322,513790,35,24641,489149
2022-05-08,EG,Egypt,EMRO,56,513846,28,24669,489177
2022-05-15,EG,Egypt,EMRO,35,513881,21,24690,489191
2022-05-22,EG,Egypt,EMRO,35,513916,14,24704,489212
2022-05-29,EG,Egypt,EMRO,28,513944,14,24718,489226
2022-06-05,EG,Egypt,EMRO,31,513975,1,24719,489256
2022-06-12,EG,Egypt,EMRO,33,514008,1,24720,489288
2022-06-19,EG,Egypt,EMRO,39,514047,2,24722,489325
2022-06-26,EG,Egypt,EMRO,41,514088,1,24723,489365
2022-07-03,EG,Egypt,EMRO,45,514133,1,24724,489409
2022-07-10,EG,Egypt,EMRO,49,514182,1,24725,489457
2022-07-17,EG,Egypt,EMRO,231,514413,25,24750,489663
2022-07-24,EG,Egypt,EMRO,246,514659,15,24765,489894
2022-07-31,EG,Egypt,EMRO,232,514891,10,24775,490116
2022-08-07,EG,Egypt,EMRO,191,515082,6,24781,490301
2022-08-14,EG,Egypt,EMRO,116,515198,5,24786,490412
2022-08-21,EG,Egypt,EMRO,66,515264,5,24791,490473
2022-08-28,EG,Egypt,EMRO,44,515308,3,24794,490514
2022-09-04,EG,Egypt,EMRO,27,515335,2,24796,490539
2022-09-11,EG,Egypt,EMRO,13,515348,0,24796,490552
2022-09-18,EG,Egypt,EMRO,13,515361,1,24797,490564
2022-09-25,EG,Egypt,EMRO,10,515371,0,24797,490574
2022-10-02,EG,Egypt,EMRO,10,515381,0,24797,490584
2022-10-09,EG,Egypt,EMRO,7,515388,0,24797,490591
2022-10-16,EG,Egypt,EMRO,9,515397,1,24798,490599
2022-10-23,EG,Egypt,EMRO,4,515401,0,24798,490603
2022-10-30,EG,Egypt,EMRO,5,515406,0,24798,490608
2022-11-06,EG,Egypt,EMRO,6,515412,0,24798,490614
2022-11-13,EG,Egypt,EMRO,8,515420,0,24798,490622
2022-11-20,EG,Egypt,EMRO,11,515431,0,24798,490633
2022-11-27,EG,Egypt,EMRO,11,515442,0,24798,490644
2022-12-04,EG,Egypt,EMRO,14,515456,1,24799,490657
2022-12-11,EG,Egypt,EMRO,19,515475,1,24800,490675
2022-12-18,EG,Egypt,EMRO,18,515493,1,24801,490692
2022-12-25,EG,Egypt,EMRO,21,515514,1,24802,490712
2023-01-01,EG,Egypt,EMRO,19,515533,0,24802,490731
2023-01-08,EG,Egypt,EMRO,23,515556,1,24803,490753
2023-01-15,EG,Egypt,EMRO,24,515580,2,24805,490775
2023-01-22,EG,Egypt,EMRO,29,515609,0,24805,490804
2023-01-29,EG,Egypt,EMRO,26,515635,1,24806,490829
2023-02-05,EG,Egypt,EMRO,31,515666,1,24807,490859
2023-02-12,EG,Egypt,EMRO,32,515698,2,24809,490889
2023-02-19,EG,Egypt,EMRO,31,515729,1,24810,490919
2023-02-26,EG,Egypt,EMRO,30,515759,2,24812,490947
2023-03-05,EG,Egypt,EMRO,33,515792,3,24815,490977
2023-03-12,EG,Egypt,EMRO,31,515823,2,24817,491006
2023-03-19,EG,Egypt,EMRO,29,515852,2,24819,491033
2023-03-26,EG,Egypt,EMRO,30,515882,2,24821,491061
2023-04-02,EG,Egypt,EMRO,31,515913,2,24823,491090
2023-04-09,EG,Egypt,EMRO,29,515942,1,24824,491118
2023-04-16,EG,Egypt,EMRO,28,515970,2,24826,491144
2023-04-23,EG,Egypt,EMRO,26,515996,2,24828,491168
2023-04-30,EG,Egypt,EMRO,27,516023,2,24830,491193
2023-05-07,EG,Egypt,EMRO,0,516023,0,24830,491193
2023-05-14,EG,Egypt,EMRO,0,516023,0,24830,491193
2023-05-21,EG,Egypt,EMRO,0,516023,0,24830,491193
2023-05-28,EG,Egypt,EMRO,0,516023,0,24830,491193
2023-06-04,EG,Egypt,EMRO,0,516023,0,24830,491193
2023-06-11,EG,Egypt,EMRO,0,516023,0,24830,491193
2023-06-18,EG,Egypt,EMRO,0,516023,0,24830,491193
2023-06-25,EG,Egypt,EMRO,0,516023,0,24830,491193
2023-07-02,EG,Egypt,EMRO,0,516023,0,24830,491193
2023-07-09,EG,Egypt,EMRO,0,516023,0,24830,491193
2023-07-16,EG,Egypt,EMRO,0,516023,0,24830,491193
2023-07-23,EG,Egypt,EMRO,0,516023,0,24830,491193
2023-07-30,EG,Egypt,EMRO,0,516023,0,24830,491193
2023-08-06,EG,Egypt,EMRO,0,516023,0,24830,491193
2023-08-13,EG,Egypt,EMRO,0,516023,0,24830,491193
2023-08-20,EG,Egypt,EMRO,0,516023,0,24830,491193
2023-08-27,EG,Egypt,EMRO,0,516023,0,24830,491193
2023-09-03,EG,Egypt,EMRO,0,516023,0,24830,491193
2023-09-10,EG,Egypt,EMRO,0,516023,0,24830,491193
2023-09-17,EG,Egypt,EMRO,0,516023,0,24830,491193
2023-09-24,EG,Egypt,EMRO,0,516023,0,24830,491193
2023-10-01,EG,Egypt,EMRO,0,516023,0,24830,491193
2023-10-08,EG,Egypt,EMRO,0,516023,0,24830,491193
2023-10-15,EG,Egypt,EMRO,0,516023,0,24830,491193
2023-10-22,EG,Egypt,EMRO,0,516023,0,24830,491193
2023-10-29,EG,Egypt,EMRO,0,516023,0,24830,491193
2023-11-05,EG,Egypt,EMRO,0,516023,0,24830,491193
2023-11-12,EG,Egypt,EMRO,0,516023,0,24830,491193
2023-11-19,EG,Egypt,EMRO,0,516023,0,24830,491193
2023-11-26,EG,Egypt,EMRO,0,516023,0,24830,491193
2023-12-03,EG,Egypt,EMRO,0,516023,0,24830,491193
2023-12-10,EG,Egypt,EMRO,0,516023,0,24830,491193
2023-12-17,EG,Egypt,EMRO,0,516023,0,24830,491193
2023-12-24,EG,Egypt,EMRO,0,516023,0,24830,491193
2023-12-31,EG,Egypt,EMRO,0,516023,0,24830,491193
2024-01-07,EG,Egypt,EMRO,0,516023,0,24830,491193
2024-01-14,EG,Egypt,EMRO,0,516023,0,24830,491193
2024-01-21,EG,Egypt,EMRO,0,516023,0,24830,491193
2024-01-28,EG,Egypt,EMRO,0,516023,0,24830,491193
2024-02-04,EG,Egypt,EMRO,0,516023,0,24830,491193
2024-02-11,EG,Egypt,EMRO,0,516023,0,24830,491193
2024-02-18,EG,Egypt,EMRO,0,516023,0,24830,491193
2024-02-25,EG,Egypt,EMRO,0,516023,0,24830,491193
2024-03-03,EG,Egypt,EMRO,0,516023,0,24830,491193
2024-03-10,EG,Egypt,EMRO,0,516023,0,24830,491193
2024-03-17,EG,Egypt,EMRO,0,516023,0,24830,491193
2024-03-24,EG,Egypt,EMRO,0,516023,0,24830,491193
2024-03-31,EG,Egypt,EMRO,0,516023,0,24830,491193
2024-04-07,EG,Egypt,EMRO,0,516023,0,24830,491193
2024-04-14,EG,Egypt,EMRO,0,516023,0,24830,491193
2024-04-21,EG,Egypt,EMRO,0,516023,0,24830,491193
2024-04-28,EG,Egypt,EMRO,0,516023,0,24830,491193
2024-05-05,EG,Egypt,EMRO,0,516023,0,24830,491193
2024-05-12,EG,Egypt,EMRO,0,516023,0,24830,491193
2024-05-19,EG,Egypt,EMRO,0,516023,0,24830,491193
2024-05-26,EG,Egypt,EMRO,0,516023,0,24830,491193
2024-06-02,EG,Egypt,EMRO,0,516023,0,24830,491193
2024-06-09,EG,Egypt,EMRO,0,516023,0,24830,491193
2024-06-16,EG,Egypt,EMRO,0,516023,0,24830,491193
2024-06-23,EG,Egypt,EMRO,0,516023,0,24830,491193
2024-06-30,EG,Egypt,EMRO,0,516023,0,24830,491193
2024-07-07,EG,Egypt,EMRO,0,516023,0,24830,491193
2024-07-14,EG,Egypt,EMRO,0,516023,0,24830,491193
2024-07-21,EG,Egypt,EMRO,0,516023,0,24830,491193
2024-07-28,EG,Egypt,EMRO,0,516023,0,24830,491193
2024-08-04,EG,Egypt,EMRO,0,516023,0,24830,491193
2024-08-11,EG,Egypt,EMRO,0,516023,0,24830,491193
2024-08-18,EG,Egypt,EMRO,0,516023,0,24830,491193
2024-08-25,EG,Egypt,EMRO,0,516023,0,24830,491193
2024-09-01,EG,Egypt,EMRO,0,516023,0,24830,491193
2024-09-08,EG,Egypt,EMRO,0,516023,0,24830,491193
2024-09-15,EG,Egypt,EMRO,0,516023,0,24830,491193
2024-09-22,EG,Egypt,EMRO,0,516023,0,24830,491193
2024-09-29,EG,Egypt,EMRO,0,516023,0,24830,491193
2024-10-06,EG,Egypt,EMRO,0,516023,0,24830,491193
2024-10-13,EG,Egypt,EMRO,0,516023,0,24830,491193
2024-10-20,EG,Egypt,EMRO,0,516023,0,24830,491193
2024-10-27,EG,Egypt,EMRO,0,516023,0,24830,491193
2024-11-03,EG,Egypt,EMRO,0,516023,0,24830,491193
2024-11-10,EG,Egypt,EMRO,0,516023,0,24830,491193
2024-11-17,EG,Egypt,EMRO,0,516023,0,24830,491193
2020-01-05,SV,El Salvador,AMRO,0,0,0,0,0
2020-01-12,SV,El Salvador,AMRO,0,0,0,0,0
2020-01-19,SV,El Salvador,AMRO,0,0,0,0,0
2020-01-26,SV,El Salvador,AMRO,0,0,0,0,0
2020-02-02,SV,El Salvador,AMRO,0,0,0,0,0
2020-02-09,SV,El Salvador,AMRO,0,0,0,0,0
2020-02-16,SV,El Salvador,AMRO,0,0,0,0,0
2020-02-23,SV,El Salvador,AMRO,0,0,0,0,0
2020-03-01,SV,El Salvador,AMRO,0,0,0,0,0
2020-03-08,SV,El Salvador,AMRO,0,0,0,0,0
2020-03-15,SV,El Salvador,AMRO,0,0,0,0,0
2020-03-22,SV,El Salvador,AMRO,1,1,0,0,1
2020-03-29,SV,El Salvador,AMRO,18,19,0,0,19
2020-04-05,SV,El Salvador,AMRO,37,56,3,3,53
2020-04-12,SV,El Salvador,AMRO,62,118,3,6,112
2020-04-19,SV,El Salvador,AMRO,72,190,1,7,183
2020-04-26,SV,El Salvador,AMRO,84,274,1,8,266
2020-05-03,SV,El Salvador,AMRO,172,446,2,10,436
2020-05-10,SV,El Salvador,AMRO,338,784,6,16,768
2020-05-17,SV,El Salvador,AMRO,481,1265,9,25,1240
2020-05-24,SV,El Salvador,AMRO,554,1819,8,33,1786
2020-05-31,SV,El Salvador,AMRO,576,2395,11,44,2351
2020-06-07,SV,El Salvador,AMRO,539,2934,9,53,2881
2020-06-14,SV,El Salvador,AMRO,669,3603,19,72,3531
2020-06-21,SV,El Salvador,AMRO,872,4475,21,93,4382
2020-06-28,SV,El Salvador,AMRO,1252,5727,50,143,5584
2020-07-05,SV,El Salvador,AMRO,1780,7507,67,210,7297
2020-07-12,SV,El Salvador,AMRO,1884,9391,44,254,9137
2020-07-19,SV,El Salvador,AMRO,2117,11508,70,324,11184
2020-07-26,SV,El Salvador,AMRO,2713,14221,66,390,13831
2020-08-02,SV,El Salvador,AMRO,2829,17050,69,459,16591
2020-08-09,SV,El Salvador,AMRO,2928,19978,77,536,19442
2020-08-16,SV,El Salvador,AMRO,2641,22619,67,603,22016
2020-08-23,SV,El Salvador,AMRO,1801,24420,51,654,23766
2020-08-30,SV,El Salvador,AMRO,1117,25537,54,708,24829
2020-09-06,SV,El Salvador,AMRO,669,26206,44,752,25454
2020-09-13,SV,El Salvador,AMRO,645,26851,30,782,26069
2020-09-20,SV,El Salvador,AMRO,577,27428,26,808,26620
2020-09-27,SV,El Salvador,AMRO,987,28415,18,826,27589
2020-10-04,SV,El Salvador,AMRO,943,29358,31,857,28501
2020-10-11,SV,El Salvador,AMRO,712,30070,30,887,29183
2020-10-18,SV,El Salvador,AMRO,1386,31456,30,917,30539
2020-10-25,SV,El Salvador,AMRO,1129,32585,27,944,31641
2020-11-01,SV,El Salvador,AMRO,860,33445,31,975,32470
2020-11-08,SV,El Salvador,AMRO,1700,35145,31,1006,34139
2020-11-15,SV,El Salvador,AMRO,1213,36358,33,1039,35319
2020-11-22,SV,El Salvador,AMRO,892,37250,31,1070,36180
2020-11-29,SV,El Salvador,AMRO,1155,38405,37,1107,37298
2020-12-06,SV,El Salvador,AMRO,1313,39718,46,1153,38565
2020-12-13,SV,El Salvador,AMRO,1676,41394,40,1193,40201
2020-12-20,SV,El Salvador,AMRO,1801,43195,49,1242,41953
2020-12-27,SV,El Salvador,AMRO,1424,44619,55,1297,43322
2021-01-03,SV,El Salvador,AMRO,1623,46242,54,1351,44891
2021-01-10,SV,El Salvador,AMRO,2332,48574,57,1408,47166
2021-01-17,SV,El Salvador,AMRO,1583,50157,71,1479,48678
2021-01-24,SV,El Salvador,AMRO,2515,52672,72,1551,51121
2021-01-31,SV,El Salvador,AMRO,1317,53989,63,1614,52375
2021-02-07,SV,El Salvador,AMRO,2248,56237,59,1673,54564
2021-02-14,SV,El Salvador,AMRO,1191,57428,61,1734,55694
2021-02-21,SV,El Salvador,AMRO,1118,58546,58,1792,56754
2021-02-28,SV,El Salvador,AMRO,1320,59866,55,1847,58019
2021-03-07,SV,El Salvador,AMRO,934,60800,47,1894,58906
2021-03-14,SV,El Salvador,AMRO,1286,62086,51,1945,60141
2021-03-21,SV,El Salvador,AMRO,445,62531,30,1975,60556
2021-03-28,SV,El Salvador,AMRO,1235,63766,23,1998,61768
2021-04-04,SV,El Salvador,AMRO,665,64431,23,2021,62410
2021-04-11,SV,El Salvador,AMRO,1060,65491,27,2048,63443
2021-04-18,SV,El Salvador,AMRO,1913,67404,24,2072,65332
2021-04-25,SV,El Salvador,AMRO,914,68318,26,2098,66220
2021-05-02,SV,El Salvador,AMRO,880,69198,30,2128,67070
2021-05-09,SV,El Salvador,AMRO,1057,70255,22,2150,68105
2021-05-16,SV,El Salvador,AMRO,660,70915,32,2182,68733
2021-05-23,SV,El Salvador,AMRO,1305,72220,29,2211,70009
2021-05-30,SV,El Salvador,AMRO,1026,73246,30,2241,71005
2021-06-06,SV,El Salvador,AMRO,895,74141,25,2266,71875
2021-06-13,SV,El Salvador,AMRO,1210,75351,26,2292,73059
2021-06-20,SV,El Salvador,AMRO,1346,76697,35,2327,74370
2021-06-27,SV,El Salvador,AMRO,787,77484,34,2361,75123
2021-07-04,SV,El Salvador,AMRO,2306,79790,36,2397,77393
2021-07-11,SV,El Salvador,AMRO,1142,80932,42,2439,78493
2021-07-18,SV,El Salvador,AMRO,1920,82852,45,2484,80368
2021-07-25,SV,El Salvador,AMRO,1839,84691,63,2547,82144
2021-08-01,SV,El Salvador,AMRO,1929,86620,82,2629,83991
2021-08-08,SV,El Salvador,AMRO,1751,88371,74,2703,85668
2021-08-15,SV,El Salvador,AMRO,1758,90129,78,2781,87348
2021-08-22,SV,El Salvador,AMRO,2557,92686,50,2831,89855
2021-08-29,SV,El Salvador,AMRO,1374,94060,59,2890,91170
2021-09-05,SV,El Salvador,AMRO,2007,96067,62,2952,93115
2021-09-12,SV,El Salvador,AMRO,2989,99056,61,3013,96043
2021-09-19,SV,El Salvador,AMRO,645,99701,77,3090,96611
2021-09-26,SV,El Salvador,AMRO,3977,103678,84,3174,100504
2021-10-03,SV,El Salvador,AMRO,670,104348,88,3262,101086
2021-10-10,SV,El Salvador,AMRO,3316,107664,106,3368,104296
2021-10-17,SV,El Salvador,AMRO,2524,110188,92,3460,106728
2021-10-24,SV,El Salvador,AMRO,2102,112290,94,3554,108736
2021-10-31,SV,El Salvador,AMRO,1132,113422,68,3622,109800
2021-11-07,SV,El Salvador,AMRO,2836,116258,53,3675,112583
2021-11-14,SV,El Salvador,AMRO,1464,117722,46,3721,114001
2021-11-21,SV,El Salvador,AMRO,319,118041,30,3751,114290
2021-11-28,SV,El Salvador,AMRO,0,118041,18,3769,114272
2021-12-05,SV,El Salvador,AMRO,1762,119803,12,3781,116022
2021-12-12,SV,El Salvador,AMRO,0,119803,12,3793,116010
2021-12-19,SV,El Salvador,AMRO,1681,121484,12,3805,117679
2021-12-26,SV,El Salvador,AMRO,257,121741,13,3818,117923
2022-01-02,SV,El Salvador,AMRO,204,121945,6,3824,118121
2022-01-09,SV,El Salvador,AMRO,289,122234,3,3827,118407
2022-01-16,SV,El Salvador,AMRO,1343,123577,5,3832,119745
2022-01-23,SV,El Salvador,AMRO,3435,127012,19,3851,123161
2022-01-30,SV,El Salvador,AMRO,6250,133262,33,3884,129378
2022-02-06,SV,El Salvador,AMRO,1847,135109,49,3933,131176
2022-02-13,SV,El Salvador,AMRO,0,135109,56,3989,131120
2022-02-20,SV,El Salvador,AMRO,12677,147786,43,4032,143754
2022-02-27,SV,El Salvador,AMRO,0,147786,36,4068,143718
2022-03-06,SV,El Salvador,AMRO,8578,156364,18,4086,152278
2022-03-13,SV,El Salvador,AMRO,0,156364,9,4095,152269
2022-03-20,SV,El Salvador,AMRO,4688,161052,14,4109,156943
2022-03-27,SV,El Salvador,AMRO,0,161052,7,4116,156936
2022-04-03,SV,El Salvador,AMRO,0,161052,3,4119,156933
2022-04-10,SV,El Salvador,AMRO,518,161570,2,4121,157449
2022-04-17,SV,El Salvador,AMRO,519,162089,3,4124,157965
2022-04-24,SV,El Salvador,AMRO,0,162089,3,4127,157962
2022-05-01,SV,El Salvador,AMRO,0,162089,1,4128,157961
2022-05-08,SV,El Salvador,AMRO,0,162089,0,4128,157961
2022-05-15,SV,El Salvador,AMRO,0,162089,1,4129,157960
2022-05-22,SV,El Salvador,AMRO,0,162089,1,4130,157959
2022-05-29,SV,El Salvador,AMRO,666,162755,1,4131,158624
2022-06-05,SV,El Salvador,AMRO,0,162755,1,4132,158623
2022-06-12,SV,El Salvador,AMRO,1379,164134,2,4134,160000
2022-06-19,SV,El Salvador,AMRO,0,164134,3,4137,159997
2022-06-26,SV,El Salvador,AMRO,5512,169646,2,4139,165507
2022-07-03,SV,El Salvador,AMRO,0,169646,7,4146,165500
2022-07-10,SV,El Salvador,AMRO,11324,180970,10,4156,176814
2022-07-17,SV,El Salvador,AMRO,0,180970,11,4167,176803
2022-07-24,SV,El Salvador,AMRO,0,180970,17,4184,176786
2022-07-31,SV,El Salvador,AMRO,9848,190818,10,4194,186624
2022-08-07,SV,El Salvador,AMRO,0,190818,14,4208,186610
2022-08-14,SV,El Salvador,AMRO,0,190818,9,4217,186601
2022-08-21,SV,El Salvador,AMRO,0,190818,1,4218,186600
2022-08-28,SV,El Salvador,AMRO,0,190818,2,4220,186598
2022-09-04,SV,El Salvador,AMRO,10967,201785,4,4224,197561
2022-09-11,SV,El Salvador,AMRO,0,201785,3,4227,197558
2022-09-18,SV,El Salvador,AMRO,0,201785,1,4228,197557
2022-09-25,SV,El Salvador,AMRO,0,201785,1,4229,197556
2022-10-02,SV,El Salvador,AMRO,0,201785,0,4229,197556
2022-10-09,SV,El Salvador,AMRO,0,201785,1,4230,197555
2022-10-16,SV,El Salvador,AMRO,0,201785,0,4230,197555
2022-10-23,SV,El Salvador,AMRO,0,201785,0,4230,197555
2022-10-30,SV,El Salvador,AMRO,0,201785,0,4230,197555
2022-11-06,SV,El Salvador,AMRO,0,201785,0,4230,197555
2022-11-13,SV,El Salvador,AMRO,0,201785,0,4230,197555
2022-11-20,SV,El Salvador,AMRO,0,201785,0,4230,197555
2022-11-27,SV,El Salvador,AMRO,0,201785,0,4230,197555
2022-12-04,SV,El Salvador,AMRO,0,201785,0,4230,197555
2022-12-11,SV,El Salvador,AMRO,0,201785,0,4230,197555
2022-12-18,SV,El Salvador,AMRO,0,201785,0,4230,197555
2022-12-25,SV,El Salvador,AMRO,0,201785,0,4230,197555
2023-01-01,SV,El Salvador,AMRO,0,201785,0,4230,197555
2023-01-08,SV,El Salvador,AMRO,0,201785,0,4230,197555
2023-01-15,SV,El Salvador,AMRO,0,201785,0,4230,197555
2023-01-22,SV,El Salvador,AMRO,0,201785,0,4230,197555
2023-01-29,SV,El Salvador,AMRO,0,201785,0,4230,197555
2023-02-05,SV,El Salvador,AMRO,0,201785,0,4230,197555
2023-02-12,SV,El Salvador,AMRO,0,201785,0,4230,197555
2023-02-19,SV,El Salvador,AMRO,0,201785,0,4230,197555
2023-02-26,SV,El Salvador,AMRO,0,201785,0,4230,197555
2023-03-05,SV,El Salvador,AMRO,0,201785,0,4230,197555
2023-03-12,SV,El Salvador,AMRO,0,201785,0,4230,197555
2023-03-19,SV,El Salvador,AMRO,0,201785,0,4230,197555
2023-03-26,SV,El Salvador,AMRO,0,201785,0,4230,197555
2023-04-02,SV,El Salvador,AMRO,0,201785,0,4230,197555
2023-04-09,SV,El Salvador,AMRO,0,201785,0,4230,197555
2023-04-16,SV,El Salvador,AMRO,0,201785,0,4230,197555
2023-04-23,SV,El Salvador,AMRO,0,201785,0,4230,197555
2023-04-30,SV,El Salvador,AMRO,0,201785,0,4230,197555
2023-05-07,SV,El Salvador,AMRO,0,201785,0,4230,197555
2023-05-14,SV,El Salvador,AMRO,0,201785,0,4230,197555
2023-05-21,SV,El Salvador,AMRO,1,201786,0,4230,197556
2023-05-28,SV,El Salvador,AMRO,0,201786,0,4230,197556
2023-06-04,SV,El Salvador,AMRO,1,201787,0,4230,197557
2023-06-11,SV,El Salvador,AMRO,0,201787,0,4230,197557
2023-06-18,SV,El Salvador,AMRO,1,201788,0,4230,197558
2023-06-25,SV,El Salvador,AMRO,0,201788,0,4230,197558
2023-07-02,SV,El Salvador,AMRO,0,201788,0,4230,197558
2023-07-09,SV,El Salvador,AMRO,3,201791,0,4230,197561
2023-07-16,SV,El Salvador,AMRO,5,201796,0,4230,197566
2023-07-23,SV,El Salvador,AMRO,5,201801,0,4230,197571
2023-07-30,SV,El Salvador,AMRO,3,201804,0,4230,197574
2023-08-06,SV,El Salvador,AMRO,4,201808,0,4230,197578
2023-08-13,SV,El Salvador,AMRO,6,201814,0,4230,197584
2023-08-20,SV,El Salvador,AMRO,3,201817,0,4230,197587
2023-08-27,SV,El Salvador,AMRO,6,201823,0,4230,197593
2023-09-03,SV,El Salvador,AMRO,6,201829,0,4230,197599
2023-09-10,SV,El Salvador,AMRO,1,201830,0,4230,197600
2023-09-17,SV,El Salvador,AMRO,0,201830,0,4230,197600
2023-09-24,SV,El Salvador,AMRO,0,201830,0,4230,197600
2023-10-01,SV,El Salvador,AMRO,1,201831,0,4230,197601
2023-10-08,SV,El Salvador,AMRO,0,201831,0,4230,197601
2023-10-15,SV,El Salvador,AMRO,0,201831,0,4230,197601
2023-10-22,SV,El Salvador,AMRO,2,201833,0,4230,197603
2023-10-29,SV,El Salvador,AMRO,0,201833,0,4230,197603
2023-11-05,SV,El Salvador,AMRO,0,201833,0,4230,197603
2023-11-12,SV,El Salvador,AMRO,1,201834,0,4230,197604
2023-11-19,SV,El Salvador,AMRO,0,201834,0,4230,197604
2023-11-26,SV,El Salvador,AMRO,0,201834,0,4230,197604
2023-12-03,SV,El Salvador,AMRO,0,201834,0,4230,197604
2023-12-10,SV,El Salvador,AMRO,0,201834,0,4230,197604
2023-12-17,SV,El Salvador,AMRO,2,201836,0,4230,197606
2023-12-24,SV,El Salvador,AMRO,0,201836,0,4230,197606
2023-12-31,SV,El Salvador,AMRO,0,201836,0,4230,197606
2024-01-07,SV,El Salvador,AMRO,5,201841,0,4230,197611
2024-01-14,SV,El Salvador,AMRO,3,201844,0,4230,197614
2024-01-21,SV,El Salvador,AMRO,7,201851,0,4230,197621
2024-01-28,SV,El Salvador,AMRO,3,201854,0,4230,197624
2024-02-04,SV,El Salvador,AMRO,3,201857,0,4230,197627
2024-02-11,SV,El Salvador,AMRO,2,201859,0,4230,197629
2024-02-18,SV,El Salvador,AMRO,1,201860,0,4230,197630
2024-02-25,SV,El Salvador,AMRO,1,201861,0,4230,197631
2024-03-03,SV,El Salvador,AMRO,0,201861,0,4230,197631
2024-03-10,SV,El Salvador,AMRO,1,201862,0,4230,197632
2024-03-17,SV,El Salvador,AMRO,2,201864,0,4230,197634
2024-03-24,SV,El Salvador,AMRO,0,201864,0,4230,197634
2024-03-31,SV,El Salvador,AMRO,0,201864,0,4230,197634
2024-04-07,SV,El Salvador,AMRO,0,201864,0,4230,197634
2024-04-14,SV,El Salvador,AMRO,0,201864,0,4230,197634
2024-04-21,SV,El Salvador,AMRO,1,201865,0,4230,197635
2024-04-28,SV,El Salvador,AMRO,0,201865,0,4230,197635
2024-05-05,SV,El Salvador,AMRO,0,201865,0,4230,197635
2024-05-12,SV,El Salvador,AMRO,0,201865,0,4230,197635
2024-05-19,SV,El Salvador,AMRO,1,201866,0,4230,197636
2024-05-26,SV,El Salvador,AMRO,6,201872,0,4230,197642
2024-06-02,SV,El Salvador,AMRO,4,201876,0,4230,197646
2024-06-09,SV,El Salvador,AMRO,2,201878,0,4230,197648
2024-06-16,SV,El Salvador,AMRO,2,201880,0,4230,197650
2024-06-23,SV,El Salvador,AMRO,5,201885,0,4230,197655
2024-06-30,SV,El Salvador,AMRO,11,201896,0,4230,197666
2024-07-07,SV,El Salvador,AMRO,6,201902,0,4230,197672
2024-07-14,SV,El Salvador,AMRO,6,201908,0,4230,197678
2024-07-21,SV,El Salvador,AMRO,5,201913,0,4230,197683
2024-07-28,SV,El Salvador,AMRO,7,201920,0,4230,197690
2024-08-04,SV,El Salvador,AMRO,8,201928,0,4230,197698
2024-08-11,SV,El Salvador,AMRO,4,201932,0,4230,197702
2024-08-18,SV,El Salvador,AMRO,6,201938,0,4230,197708
2024-08-25,SV,El Salvador,AMRO,4,201942,0,4230,197712
2024-09-01,SV,El Salvador,AMRO,4,201946,0,4230,197716
2024-09-08,SV,El Salvador,AMRO,2,201948,0,4230,197718
2024-09-15,SV,El Salvador,AMRO,2,201950,0,4230,197720
2024-09-22,SV,El Salvador,AMRO,3,201953,0,4230,197723
2024-09-29,SV,El Salvador,AMRO,1,201954,0,4230,197724
2024-10-06,SV,El Salvador,AMRO,3,201957,0,4230,197727
2024-10-13,SV,El Salvador,AMRO,1,201958,0,4230,197728
2024-10-20,SV,El Salvador,AMRO,2,201960,0,4230,197730
2024-10-27,SV,El Salvador,AMRO,1,201961,0,4230,197731
2024-11-03,SV,El Salvador,AMRO,0,201961,0,4230,197731
2024-11-10,SV,El Salvador,AMRO,1,201962,0,4230,197732
2024-11-17,SV,El Salvador,AMRO,2,201964,0,4230,197734
2020-01-05,GQ,Equatorial Guinea,AFRO,0,0,0,0,0
2020-01-12,GQ,Equatorial Guinea,AFRO,0,0,0,0,0
2020-01-19,GQ,Equatorial Guinea,AFRO,0,0,0,0,0
2020-01-26,GQ,Equatorial Guinea,AFRO,0,0,0,0,0
2020-02-02,GQ,Equatorial Guinea,AFRO,0,0,0,0,0
2020-02-09,GQ,Equatorial Guinea,AFRO,0,0,0,0,0
2020-02-16,GQ,Equatorial Guinea,AFRO,0,0,0,0,0
2020-02-23,GQ,Equatorial Guinea,AFRO,0,0,0,0,0
2020-03-01,GQ,Equatorial Guinea,AFRO,0,0,0,0,0
2020-03-08,GQ,Equatorial Guinea,AFRO,0,0,0,0,0
2020-03-15,GQ,Equatorial Guinea,AFRO,1,1,0,0,1
2020-03-22,GQ,Equatorial Guinea,AFRO,5,6,0,0,6
2020-03-29,GQ,Equatorial Guinea,AFRO,7,13,0,0,13
2020-04-05,GQ,Equatorial Guinea,AFRO,3,16,0,0,16
2020-04-12,GQ,Equatorial Guinea,AFRO,5,21,0,0,21
2020-04-19,GQ,Equatorial Guinea,AFRO,58,79,0,0,79
2020-04-26,GQ,Equatorial Guinea,AFRO,206,285,1,1,284
2020-05-03,GQ,Equatorial Guinea,AFRO,220,505,3,4,501
2020-05-10,GQ,Equatorial Guinea,AFRO,183,688,3,7,681
2020-05-17,GQ,Equatorial Guinea,AFRO,239,927,0,7,920
2020-05-24,GQ,Equatorial Guinea,AFRO,386,1313,5,12,1301
2020-05-31,GQ,Equatorial Guinea,AFRO,415,1728,0,12,1716
2020-06-07,GQ,Equatorial Guinea,AFRO,460,2188,0,12,2176
2020-06-14,GQ,Equatorial Guinea,AFRO,306,2494,0,12,2482
2020-06-21,GQ,Equatorial Guinea,AFRO,298,2792,29,41,2751
2020-06-28,GQ,Equatorial Guinea,AFRO,683,3475,0,41,3434
2020-07-05,GQ,Equatorial Guinea,AFRO,446,3921,0,41,3880
2020-07-12,GQ,Equatorial Guinea,AFRO,316,4237,0,41,4196
2020-07-19,GQ,Equatorial Guinea,AFRO,398,4635,0,41,4594
2020-07-26,GQ,Equatorial Guinea,AFRO,143,4778,0,41,4737
2020-08-02,GQ,Equatorial Guinea,AFRO,43,4821,42,83,4738
2020-08-09,GQ,Equatorial Guinea,AFRO,0,4821,0,83,4738
2020-08-16,GQ,Equatorial Guinea,AFRO,0,4821,0,83,4738
2020-08-23,GQ,Equatorial Guinea,AFRO,105,4926,0,83,4843
2020-08-30,GQ,Equatorial Guinea,AFRO,15,4941,0,83,4858
2020-09-06,GQ,Equatorial Guinea,AFRO,31,4972,0,83,4889
2020-09-13,GQ,Equatorial Guinea,AFRO,24,4996,0,83,4913
2020-09-20,GQ,Equatorial Guinea,AFRO,6,5002,0,83,4919
2020-09-27,GQ,Equatorial Guinea,AFRO,26,5028,0,83,4945
2020-10-04,GQ,Equatorial Guinea,AFRO,17,5045,0,83,4962
2020-10-11,GQ,Equatorial Guinea,AFRO,21,5066,0,83,4983
2020-10-18,GQ,Equatorial Guinea,AFRO,4,5070,0,83,4987
2020-10-25,GQ,Equatorial Guinea,AFRO,9,5079,0,83,4996
2020-11-01,GQ,Equatorial Guinea,AFRO,9,5088,0,83,5005
2020-11-08,GQ,Equatorial Guinea,AFRO,4,5092,2,85,5007
2020-11-15,GQ,Equatorial Guinea,AFRO,12,5104,0,85,5019
2020-11-22,GQ,Equatorial Guinea,AFRO,26,5130,0,85,5045
2020-11-29,GQ,Equatorial Guinea,AFRO,23,5153,0,85,5068
2020-12-06,GQ,Equatorial Guinea,AFRO,13,5166,0,85,5081
2020-12-13,GQ,Equatorial Guinea,AFRO,19,5185,0,85,5100
2020-12-20,GQ,Equatorial Guinea,AFRO,29,5214,0,85,5129
2020-12-27,GQ,Equatorial Guinea,AFRO,22,5236,1,86,5150
2021-01-03,GQ,Equatorial Guinea,AFRO,43,5279,0,86,5193
2021-01-10,GQ,Equatorial Guinea,AFRO,17,5296,0,86,5210
2021-01-17,GQ,Equatorial Guinea,AFRO,69,5365,0,86,5279
2021-01-24,GQ,Equatorial Guinea,AFRO,89,5454,0,86,5368
2021-01-31,GQ,Equatorial Guinea,AFRO,80,5534,0,86,5448
2021-02-07,GQ,Equatorial Guinea,AFRO,80,5614,1,87,5527
2021-02-14,GQ,Equatorial Guinea,AFRO,80,5694,0,87,5607
2021-02-21,GQ,Equatorial Guinea,AFRO,104,5798,2,89,5709
2021-02-28,GQ,Equatorial Guinea,AFRO,297,6095,3,92,6003
2021-03-07,GQ,Equatorial Guinea,AFRO,276,6371,4,96,6275
2021-03-14,GQ,Equatorial Guinea,AFRO,191,6562,2,98,6464
2021-03-21,GQ,Equatorial Guinea,AFRO,174,6736,3,101,6635
2021-03-28,GQ,Equatorial Guinea,AFRO,178,6914,1,102,6812
2021-04-04,GQ,Equatorial Guinea,AFRO,145,7059,2,104,6955
2021-04-11,GQ,Equatorial Guinea,AFRO,160,7219,2,106,7113
2021-04-18,GQ,Equatorial Guinea,AFRO,40,7259,0,106,7153
2021-04-25,GQ,Equatorial Guinea,AFRO,300,7559,1,107,7452
2021-05-02,GQ,Equatorial Guinea,AFRO,135,7694,5,112,7582
2021-05-09,GQ,Equatorial Guinea,AFRO,0,7694,0,112,7582
2021-05-16,GQ,Equatorial Guinea,AFRO,0,7694,0,112,7582
2021-05-23,GQ,Equatorial Guinea,AFRO,782,8476,1,113,8363
2021-05-30,GQ,Equatorial Guinea,AFRO,53,8529,5,118,8411
2021-06-06,GQ,Equatorial Guinea,AFRO,97,8626,0,118,8508
2021-06-13,GQ,Equatorial Guinea,AFRO,36,8662,2,120,8542
2021-06-20,GQ,Equatorial Guinea,AFRO,46,8708,0,120,8588
2021-06-27,GQ,Equatorial Guinea,AFRO,15,8723,1,121,8602
2021-07-04,GQ,Equatorial Guinea,AFRO,36,8759,1,122,8637
2021-07-11,GQ,Equatorial Guinea,AFRO,56,8815,0,122,8693
2021-07-18,GQ,Equatorial Guinea,AFRO,33,8848,1,123,8725
2021-07-25,GQ,Equatorial Guinea,AFRO,32,8880,0,123,8757
2021-08-01,GQ,Equatorial Guinea,AFRO,31,8911,0,123,8788
2021-08-08,GQ,Equatorial Guinea,AFRO,40,8951,0,123,8828
2021-08-15,GQ,Equatorial Guinea,AFRO,21,8972,0,123,8849
2021-08-22,GQ,Equatorial Guinea,AFRO,124,9096,0,123,8973
2021-08-29,GQ,Equatorial Guinea,AFRO,230,9326,1,124,9202
2021-09-05,GQ,Equatorial Guinea,AFRO,613,9939,5,129,9810
2021-09-12,GQ,Equatorial Guinea,AFRO,559,10498,2,131,10367
2021-09-19,GQ,Equatorial Guinea,AFRO,565,11063,6,137,10926
2021-09-26,GQ,Equatorial Guinea,AFRO,743,11806,5,142,11664
2021-10-03,GQ,Equatorial Guinea,AFRO,726,12532,8,150,12382
2021-10-10,GQ,Equatorial Guinea,AFRO,254,12786,5,155,12631
2021-10-17,GQ,Equatorial Guinea,AFRO,234,13020,6,161,12859
2021-10-24,GQ,Equatorial Guinea,AFRO,146,13166,2,163,13003
2021-10-31,GQ,Equatorial Guinea,AFRO,211,13377,4,167,13210
2021-11-07,GQ,Equatorial Guinea,AFRO,30,13407,1,168,13239
2021-11-14,GQ,Equatorial Guinea,AFRO,52,13459,0,168,13291
2021-11-21,GQ,Equatorial Guinea,AFRO,79,13538,2,170,13368
2021-11-28,GQ,Equatorial Guinea,AFRO,41,13579,3,173,13406
2021-12-05,GQ,Equatorial Guinea,AFRO,20,13599,2,175,13424
2021-12-12,GQ,Equatorial Guinea,AFRO,13,13612,0,175,13437
2021-12-19,GQ,Equatorial Guinea,AFRO,6,13618,0,175,13443
2021-12-26,GQ,Equatorial Guinea,AFRO,12,13630,0,175,13455
2022-01-02,GQ,Equatorial Guinea,AFRO,80,13710,0,175,13535
2022-01-09,GQ,Equatorial Guinea,AFRO,1161,14871,2,177,14694
2022-01-16,GQ,Equatorial Guinea,AFRO,621,15492,1,178,15314
2022-01-23,GQ,Equatorial Guinea,AFRO,240,15732,3,181,15551
2022-01-30,GQ,Equatorial Guinea,AFRO,70,15802,1,182,15620
2022-02-06,GQ,Equatorial Guinea,AFRO,43,15845,0,182,15663
2022-02-13,GQ,Equatorial Guinea,AFRO,8,15853,0,182,15671
2022-02-20,GQ,Equatorial Guinea,AFRO,21,15874,0,182,15692
2022-02-27,GQ,Equatorial Guinea,AFRO,10,15884,0,182,15702
2022-03-06,GQ,Equatorial Guinea,AFRO,10,15894,1,183,15711
2022-03-13,GQ,Equatorial Guinea,AFRO,4,15898,0,183,15715
2022-03-20,GQ,Equatorial Guinea,AFRO,0,15800,0,183,15617
2022-03-27,GQ,Equatorial Guinea,AFRO,103,15903,0,183,15720
2022-04-03,GQ,Equatorial Guinea,AFRO,1,15904,0,183,15721
2022-04-10,GQ,Equatorial Guinea,AFRO,0,15904,0,183,15721
2022-04-17,GQ,Equatorial Guinea,AFRO,3,15907,0,183,15724
2022-04-24,GQ,Equatorial Guinea,AFRO,0,15907,0,183,15724
2022-05-01,GQ,Equatorial Guinea,AFRO,0,15907,0,183,15724
2022-05-08,GQ,Equatorial Guinea,AFRO,3,15910,0,183,15727
2022-05-15,GQ,Equatorial Guinea,AFRO,0,15910,0,183,15727
2022-05-22,GQ,Equatorial Guinea,AFRO,0,15910,0,183,15727
2022-05-29,GQ,Equatorial Guinea,AFRO,11,15921,0,183,15738
2022-06-05,GQ,Equatorial Guinea,AFRO,3,15924,0,183,15741
2022-06-12,GQ,Equatorial Guinea,AFRO,21,15945,0,183,15762
2022-06-19,GQ,Equatorial Guinea,AFRO,6,15951,0,183,15768
2022-06-26,GQ,Equatorial Guinea,AFRO,44,15995,0,183,15812
2022-07-03,GQ,Equatorial Guinea,AFRO,119,16114,0,183,15931
2022-07-10,GQ,Equatorial Guinea,AFRO,353,16467,0,183,16284
2022-07-17,GQ,Equatorial Guinea,AFRO,154,16621,0,183,16438
2022-07-24,GQ,Equatorial Guinea,AFRO,33,16654,0,183,16471
2022-07-31,GQ,Equatorial Guinea,AFRO,87,16741,0,183,16558
2022-08-07,GQ,Equatorial Guinea,AFRO,44,16785,0,183,16602
2022-08-14,GQ,Equatorial Guinea,AFRO,16,16801,0,183,16618
2022-08-21,GQ,Equatorial Guinea,AFRO,39,16840,0,183,16657
2022-08-28,GQ,Equatorial Guinea,AFRO,13,16853,0,183,16670
2022-09-04,GQ,Equatorial Guinea,AFRO,7,16860,0,183,16677
2022-09-11,GQ,Equatorial Guinea,AFRO,13,16873,0,183,16690
2022-09-18,GQ,Equatorial Guinea,AFRO,24,16897,0,183,16714
2022-09-25,GQ,Equatorial Guinea,AFRO,16,16913,0,183,16730
2022-10-02,GQ,Equatorial Guinea,AFRO,6,16919,0,183,16736
2022-10-09,GQ,Equatorial Guinea,AFRO,30,16949,0,183,16766
2022-10-16,GQ,Equatorial Guinea,AFRO,71,17020,0,183,16837
2022-10-23,GQ,Equatorial Guinea,AFRO,36,17056,0,183,16873
2022-10-30,GQ,Equatorial Guinea,AFRO,20,17076,0,183,16893
2022-11-06,GQ,Equatorial Guinea,AFRO,5,17081,0,183,16898
2022-11-13,GQ,Equatorial Guinea,AFRO,4,17085,0,183,16902
2022-11-20,GQ,Equatorial Guinea,AFRO,0,17085,0,183,16902
2022-11-27,GQ,Equatorial Guinea,AFRO,1,17086,0,183,16903
2022-12-04,GQ,Equatorial Guinea,AFRO,1,17087,0,183,16904
2022-12-11,GQ,Equatorial Guinea,AFRO,1,17088,0,183,16905
2022-12-18,GQ,Equatorial Guinea,AFRO,1,17089,0,183,16906
2022-12-25,GQ,Equatorial Guinea,AFRO,0,17089,0,183,16906
2023-01-01,GQ,Equatorial Guinea,AFRO,0,17089,0,183,16906
2023-01-08,GQ,Equatorial Guinea,AFRO,0,17089,0,183,16906
2023-01-15,GQ,Equatorial Guinea,AFRO,0,17089,0,183,16906
2023-01-22,GQ,Equatorial Guinea,AFRO,0,17089,0,183,16906
2023-01-29,GQ,Equatorial Guinea,AFRO,4,17093,0,183,16910
2023-02-05,GQ,Equatorial Guinea,AFRO,20,17113,0,183,16930
2023-02-12,GQ,Equatorial Guinea,AFRO,2,17115,0,183,16932
2023-02-19,GQ,Equatorial Guinea,AFRO,15,17130,0,183,16947
2023-02-26,GQ,Equatorial Guinea,AFRO,0,17130,0,183,16947
2023-03-05,GQ,Equatorial Guinea,AFRO,0,17130,0,183,16947
2023-03-12,GQ,Equatorial Guinea,AFRO,0,17130,0,183,16947
2023-03-19,GQ,Equatorial Guinea,AFRO,0,17130,0,183,16947
2023-03-26,GQ,Equatorial Guinea,AFRO,0,17130,0,183,16947
2023-04-02,GQ,Equatorial Guinea,AFRO,0,17130,0,183,16947
2023-04-09,GQ,Equatorial Guinea,AFRO,0,17130,0,183,16947
2023-04-16,GQ,Equatorial Guinea,AFRO,0,17130,0,183,16947
2023-04-23,GQ,Equatorial Guinea,AFRO,0,17130,0,183,16947
2023-04-30,GQ,Equatorial Guinea,AFRO,0,17130,0,183,16947
2023-05-07,GQ,Equatorial Guinea,AFRO,0,17130,0,183,16947
2023-05-14,GQ,Equatorial Guinea,AFRO,0,17130,0,183,16947
2023-05-21,GQ,Equatorial Guinea,AFRO,0,17130,0,183,16947
2023-05-28,GQ,Equatorial Guinea,AFRO,0,17130,0,183,16947
2023-06-04,GQ,Equatorial Guinea,AFRO,0,17130,0,183,16947
2023-06-11,GQ,Equatorial Guinea,AFRO,0,17130,0,183,16947
2023-06-18,GQ,Equatorial Guinea,AFRO,0,17130,0,183,16947
2023-06-25,GQ,Equatorial Guinea,AFRO,0,17130,0,183,16947
2023-07-02,GQ,Equatorial Guinea,AFRO,0,17130,0,183,16947
2023-07-09,GQ,Equatorial Guinea,AFRO,0,17130,0,183,16947
2023-07-16,GQ,Equatorial Guinea,AFRO,0,17130,0,183,16947
2023-07-23,GQ,Equatorial Guinea,AFRO,0,17130,0,183,16947
2023-07-30,GQ,Equatorial Guinea,AFRO,0,17130,0,183,16947
2023-08-06,GQ,Equatorial Guinea,AFRO,0,17130,0,183,16947
2023-08-13,GQ,Equatorial Guinea,AFRO,0,17130,0,183,16947
2023-08-20,GQ,Equatorial Guinea,AFRO,0,17130,0,183,16947
2023-08-27,GQ,Equatorial Guinea,AFRO,0,17130,0,183,16947
2023-09-03,GQ,Equatorial Guinea,AFRO,0,17130,0,183,16947
2023-09-10,GQ,Equatorial Guinea,AFRO,0,17130,0,183,16947
2023-09-17,GQ,Equatorial Guinea,AFRO,0,17130,0,183,16947
2023-09-24,GQ,Equatorial Guinea,AFRO,0,17130,0,183,16947
2023-10-01,GQ,Equatorial Guinea,AFRO,0,17130,0,183,16947
2023-10-08,GQ,Equatorial Guinea,AFRO,0,17130,0,183,16947
2023-10-15,GQ,Equatorial Guinea,AFRO,0,17130,0,183,16947
2023-10-22,GQ,Equatorial Guinea,AFRO,0,17130,0,183,16947
2023-10-29,GQ,Equatorial Guinea,AFRO,0,17130,0,183,16947
2023-11-05,GQ,Equatorial Guinea,AFRO,0,17130,0,183,16947
2023-11-12,GQ,Equatorial Guinea,AFRO,0,17130,0,183,16947
2023-11-19,GQ,Equatorial Guinea,AFRO,0,17130,0,183,16947
2023-11-26,GQ,Equatorial Guinea,AFRO,0,17130,0,183,16947
2023-12-03,GQ,Equatorial Guinea,AFRO,0,17130,0,183,16947
2023-12-10,GQ,Equatorial Guinea,AFRO,0,17130,0,183,16947
2023-12-17,GQ,Equatorial Guinea,AFRO,0,17130,0,183,16947
2023-12-24,GQ,Equatorial Guinea,AFRO,0,17130,0,183,16947
2023-12-31,GQ,Equatorial Guinea,AFRO,0,17130,0,183,16947
2024-01-07,GQ,Equatorial Guinea,AFRO,0,17130,0,183,16947
2024-01-14,GQ,Equatorial Guinea,AFRO,0,17130,0,183,16947
2024-01-21,GQ,Equatorial Guinea,AFRO,0,17130,0,183,16947
2024-01-28,GQ,Equatorial Guinea,AFRO,0,17130,0,183,16947
2024-02-04,GQ,Equatorial Guinea,AFRO,0,17130,0,183,16947
2024-02-11,GQ,Equatorial Guinea,AFRO,0,17130,0,183,16947
2024-02-18,GQ,Equatorial Guinea,AFRO,0,17130,0,183,16947
2024-02-25,GQ,Equatorial Guinea,AFRO,0,17130,0,183,16947
2024-03-03,GQ,Equatorial Guinea,AFRO,0,17130,0,183,16947
2024-03-10,GQ,Equatorial Guinea,AFRO,0,17130,0,183,16947
2024-03-17,GQ,Equatorial Guinea,AFRO,0,17130,0,183,16947
2024-03-24,GQ,Equatorial Guinea,AFRO,0,17130,0,183,16947
2024-03-31,GQ,Equatorial Guinea,AFRO,0,17130,0,183,16947
2024-04-07,GQ,Equatorial Guinea,AFRO,0,17130,0,183,16947
2024-04-14,GQ,Equatorial Guinea,AFRO,0,17130,0,183,16947
2024-04-21,GQ,Equatorial Guinea,AFRO,0,17130,0,183,16947
2024-04-28,GQ,Equatorial Guinea,AFRO,0,17130,0,183,16947
2024-05-05,GQ,Equatorial Guinea,AFRO,0,17130,0,183,16947
2024-05-12,GQ,Equatorial Guinea,AFRO,0,17130,0,183,16947
2024-05-19,GQ,Equatorial Guinea,AFRO,0,17130,0,183,16947
2024-05-26,GQ,Equatorial Guinea,AFRO,0,17130,0,183,16947
2024-06-02,GQ,Equatorial Guinea,AFRO,0,17130,0,183,16947
2024-06-09,GQ,Equatorial Guinea,AFRO,0,17130,0,183,16947
2024-06-16,GQ,Equatorial Guinea,AFRO,0,17130,0,183,16947
2024-06-23,GQ,Equatorial Guinea,AFRO,0,17130,0,183,16947
2024-06-30,GQ,Equatorial Guinea,AFRO,0,17130,0,183,16947
2024-07-07,GQ,Equatorial Guinea,AFRO,0,17130,0,183,16947
2024-07-14,GQ,Equatorial Guinea,AFRO,0,17130,0,183,16947
2024-07-21,GQ,Equatorial Guinea,AFRO,0,17130,0,183,16947
2024-07-28,GQ,Equatorial Guinea,AFRO,0,17130,0,183,16947
2024-08-04,GQ,Equatorial Guinea,AFRO,0,17130,0,183,16947
2024-08-11,GQ,Equatorial Guinea,AFRO,0,17130,0,183,16947
2024-08-18,GQ,Equatorial Guinea,AFRO,0,17130,0,183,16947
2024-08-25,GQ,Equatorial Guinea,AFRO,0,17130,0,183,16947
2024-09-01,GQ,Equatorial Guinea,AFRO,0,17130,0,183,16947
2024-09-08,GQ,Equatorial Guinea,AFRO,0,17130,0,183,16947
2024-09-15,GQ,Equatorial Guinea,AFRO,0,17130,0,183,16947
2024-09-22,GQ,Equatorial Guinea,AFRO,0,17130,0,183,16947
2024-09-29,GQ,Equatorial Guinea,AFRO,0,17130,0,183,16947
2024-10-06,GQ,Equatorial Guinea,AFRO,0,17130,0,183,16947
2024-10-13,GQ,Equatorial Guinea,AFRO,0,17130,0,183,16947
2024-10-20,GQ,Equatorial Guinea,AFRO,0,17130,0,183,16947
2024-10-27,GQ,Equatorial Guinea,AFRO,0,17130,0,183,16947
2024-11-03,GQ,Equatorial Guinea,AFRO,0,17130,0,183,16947
2024-11-10,GQ,Equatorial Guinea,AFRO,0,17130,0,183,16947
2024-11-17,GQ,Equatorial Guinea,AFRO,0,17130,0,183,16947
2020-01-05,ER,Eritrea,AFRO,0,0,0,0,0
2020-01-12,ER,Eritrea,AFRO,0,0,0,0,0
2020-01-19,ER,Eritrea,AFRO,0,0,0,0,0
2020-01-26,ER,Eritrea,AFRO,0,0,0,0,0
2020-02-02,ER,Eritrea,AFRO,0,0,0,0,0
2020-02-09,ER,Eritrea,AFRO,0,0,0,0,0
2020-02-16,ER,Eritrea,AFRO,0,0,0,0,0
2020-02-23,ER,Eritrea,AFRO,0,0,0,0,0
2020-03-01,ER,Eritrea,AFRO,0,0,0,0,0
2020-03-08,ER,Eritrea,AFRO,0,0,0,0,0
2020-03-15,ER,Eritrea,AFRO,0,0,0,0,0
2020-03-22,ER,Eritrea,AFRO,1,1,0,0,1
2020-03-29,ER,Eritrea,AFRO,5,6,0,0,6
2020-04-05,ER,Eritrea,AFRO,14,20,0,0,20
2020-04-12,ER,Eritrea,AFRO,14,34,0,0,34
2020-04-19,ER,Eritrea,AFRO,5,39,0,0,39
2020-04-26,ER,Eritrea,AFRO,0,39,0,0,39
2020-05-03,ER,Eritrea,AFRO,0,39,0,0,39
2020-05-10,ER,Eritrea,AFRO,0,39,0,0,39
2020-05-17,ER,Eritrea,AFRO,0,39,0,0,39
2020-05-24,ER,Eritrea,AFRO,0,39,0,0,39
2020-05-31,ER,Eritrea,AFRO,0,39,0,0,39
2020-06-07,ER,Eritrea,AFRO,2,41,0,0,41
2020-06-14,ER,Eritrea,AFRO,24,65,0,0,65
2020-06-21,ER,Eritrea,AFRO,78,143,0,0,143
2020-06-28,ER,Eritrea,AFRO,48,191,0,0,191
2020-07-05,ER,Eritrea,AFRO,24,215,0,0,215
2020-07-12,ER,Eritrea,AFRO,17,232,0,0,232
2020-07-19,ER,Eritrea,AFRO,19,251,0,0,251
2020-07-26,ER,Eritrea,AFRO,12,263,0,0,263
2020-08-02,ER,Eritrea,AFRO,16,279,0,0,279
2020-08-09,ER,Eritrea,AFRO,6,285,0,0,285
2020-08-16,ER,Eritrea,AFRO,0,285,0,0,285
2020-08-23,ER,Eritrea,AFRO,21,306,0,0,306
2020-08-30,ER,Eritrea,AFRO,12,318,0,0,318
2020-09-06,ER,Eritrea,AFRO,12,330,0,0,330
2020-09-13,ER,Eritrea,AFRO,31,361,0,0,361
2020-09-20,ER,Eritrea,AFRO,3,364,0,0,364
2020-09-27,ER,Eritrea,AFRO,11,375,0,0,375
2020-10-04,ER,Eritrea,AFRO,23,398,0,0,398
2020-10-11,ER,Eritrea,AFRO,16,414,0,0,414
2020-10-18,ER,Eritrea,AFRO,38,452,0,0,452
2020-10-25,ER,Eritrea,AFRO,9,461,0,0,461
2020-11-01,ER,Eritrea,AFRO,2,463,0,0,463
2020-11-08,ER,Eritrea,AFRO,28,491,0,0,491
2020-11-15,ER,Eritrea,AFRO,2,493,0,0,493
2020-11-22,ER,Eritrea,AFRO,58,551,0,0,551
2020-11-29,ER,Eritrea,AFRO,26,577,0,0,577
2020-12-06,ER,Eritrea,AFRO,55,632,0,0,632
2020-12-13,ER,Eritrea,AFRO,79,711,0,0,711
2020-12-20,ER,Eritrea,AFRO,43,754,0,0,754
2020-12-27,ER,Eritrea,AFRO,243,997,1,1,996
2021-01-03,ER,Eritrea,AFRO,323,1320,2,3,1317
2021-01-10,ER,Eritrea,AFRO,236,1556,3,6,1550
2021-01-17,ER,Eritrea,AFRO,321,1877,0,6,1871
2021-01-24,ER,Eritrea,AFRO,63,1940,0,6,1934
2021-01-31,ER,Eritrea,AFRO,195,2135,1,7,2128
2021-02-07,ER,Eritrea,AFRO,191,2326,0,7,2319
2021-02-14,ER,Eritrea,AFRO,103,2429,0,7,2422
2021-02-21,ER,Eritrea,AFRO,256,2685,0,7,2678
2021-02-28,ER,Eritrea,AFRO,162,2847,0,7,2840
2021-03-07,ER,Eritrea,AFRO,97,2944,0,7,2937
2021-03-14,ER,Eritrea,AFRO,94,3038,0,7,3031
2021-03-21,ER,Eritrea,AFRO,80,3118,0,7,3111
2021-03-28,ER,Eritrea,AFRO,90,3208,2,9,3199
2021-04-04,ER,Eritrea,AFRO,126,3334,1,10,3324
2021-04-11,ER,Eritrea,AFRO,113,3447,0,10,3437
2021-04-18,ER,Eritrea,AFRO,44,3491,0,10,3481
2021-04-25,ER,Eritrea,AFRO,114,3605,0,10,3595
2021-05-02,ER,Eritrea,AFRO,66,3671,0,10,3661
2021-05-09,ER,Eritrea,AFRO,71,3742,2,12,3730
2021-05-16,ER,Eritrea,AFRO,102,3844,0,12,3832
2021-05-23,ER,Eritrea,AFRO,88,3932,2,14,3918
2021-05-30,ER,Eritrea,AFRO,129,4061,0,14,4047
2021-06-06,ER,Eritrea,AFRO,400,4461,0,14,4447
2021-06-13,ER,Eritrea,AFRO,387,4848,2,16,4832
2021-06-20,ER,Eritrea,AFRO,488,5336,3,19,5317
2021-06-27,ER,Eritrea,AFRO,444,5780,2,21,5759
2021-07-04,ER,Eritrea,AFRO,294,6074,4,25,6049
2021-07-11,ER,Eritrea,AFRO,203,6277,4,29,6248
2021-07-18,ER,Eritrea,AFRO,125,6402,1,30,6372
2021-07-25,ER,Eritrea,AFRO,93,6495,3,33,6462
2021-08-01,ER,Eritrea,AFRO,52,6547,2,35,6512
2021-08-08,ER,Eritrea,AFRO,29,6576,0,35,6541
2021-08-15,ER,Eritrea,AFRO,25,6601,2,37,6564
2021-08-22,ER,Eritrea,AFRO,19,6620,0,37,6583
2021-08-29,ER,Eritrea,AFRO,19,6639,0,37,6602
2021-09-05,ER,Eritrea,AFRO,8,6647,1,38,6609
2021-09-12,ER,Eritrea,AFRO,8,6655,2,40,6615
2021-09-19,ER,Eritrea,AFRO,16,6671,0,40,6631
2021-09-26,ER,Eritrea,AFRO,23,6694,2,42,6652
2021-10-03,ER,Eritrea,AFRO,28,6722,0,42,6680
2021-10-10,ER,Eritrea,AFRO,19,6741,0,42,6699
2021-10-17,ER,Eritrea,AFRO,32,6773,2,44,6729
2021-10-24,ER,Eritrea,AFRO,16,6789,1,45,6744
2021-10-31,ER,Eritrea,AFRO,42,6831,0,45,6786
2021-11-07,ER,Eritrea,AFRO,112,6943,1,46,6897
2021-11-14,ER,Eritrea,AFRO,108,7051,2,48,7003
2021-11-21,ER,Eritrea,AFRO,105,7156,6,54,7102
2021-11-28,ER,Eritrea,AFRO,149,7305,6,60,7245
2021-12-05,ER,Eritrea,AFRO,153,7458,1,61,7397
2021-12-12,ER,Eritrea,AFRO,171,7629,2,63,7566
2021-12-19,ER,Eritrea,AFRO,124,7753,5,68,7685
2021-12-26,ER,Eritrea,AFRO,120,7873,4,72,7801
2022-01-02,ER,Eritrea,AFRO,153,8026,4,76,7950
2022-01-09,ER,Eritrea,AFRO,277,8303,6,82,8221
2022-01-16,ER,Eritrea,AFRO,573,8876,4,86,8790
2022-01-23,ER,Eritrea,AFRO,374,9250,5,91,9159
2022-01-30,ER,Eritrea,AFRO,258,9508,6,97,9411
2022-02-06,ER,Eritrea,AFRO,123,9631,3,100,9531
2022-02-13,ER,Eritrea,AFRO,33,9664,3,103,9561
2022-02-20,ER,Eritrea,AFRO,23,9687,0,103,9584
2022-02-27,ER,Eritrea,AFRO,13,9700,0,103,9597
2022-03-06,ER,Eritrea,AFRO,15,9715,0,103,9612
2022-03-13,ER,Eritrea,AFRO,6,9721,0,103,9618
2022-03-20,ER,Eritrea,AFRO,2,9723,0,103,9620
2022-03-27,ER,Eritrea,AFRO,1,9724,0,103,9621
2022-04-03,ER,Eritrea,AFRO,4,9728,0,103,9625
2022-04-10,ER,Eritrea,AFRO,1,9729,0,103,9626
2022-04-17,ER,Eritrea,AFRO,4,9733,0,103,9630
2022-04-24,ER,Eritrea,AFRO,1,9734,0,103,9631
2022-05-01,ER,Eritrea,AFRO,0,9734,0,103,9631
2022-05-08,ER,Eritrea,AFRO,3,9737,0,103,9634
2022-05-15,ER,Eritrea,AFRO,8,9745,0,103,9642
2022-05-22,ER,Eritrea,AFRO,9,9754,0,103,9651
2022-05-29,ER,Eritrea,AFRO,3,9757,0,103,9654
2022-06-05,ER,Eritrea,AFRO,10,9767,0,103,9664
2022-06-12,ER,Eritrea,AFRO,2,9769,0,103,9666
2022-06-19,ER,Eritrea,AFRO,8,9777,0,103,9674
2022-06-26,ER,Eritrea,AFRO,11,9788,0,103,9685
2022-07-03,ER,Eritrea,AFRO,13,9801,0,103,9698
2022-07-10,ER,Eritrea,AFRO,23,9824,0,103,9721
2022-07-17,ER,Eritrea,AFRO,40,9864,0,103,9761
2022-07-24,ER,Eritrea,AFRO,64,9928,0,103,9825
2022-07-31,ER,Eritrea,AFRO,104,10032,0,103,9929
2022-08-07,ER,Eritrea,AFRO,84,10116,0,103,10013
2022-08-14,ER,Eritrea,AFRO,18,10134,0,103,10031
2022-08-21,ER,Eritrea,AFRO,15,10149,0,103,10046
2022-08-28,ER,Eritrea,AFRO,2,10151,0,103,10048
2022-09-04,ER,Eritrea,AFRO,4,10155,0,103,10052
2022-09-11,ER,Eritrea,AFRO,8,10163,0,103,10060
2022-09-18,ER,Eritrea,AFRO,1,10164,0,103,10061
2022-09-25,ER,Eritrea,AFRO,4,10168,0,103,10065
2022-10-02,ER,Eritrea,AFRO,2,10170,0,103,10067
2022-10-09,ER,Eritrea,AFRO,7,10177,0,103,10074
2022-10-16,ER,Eritrea,AFRO,5,10182,0,103,10079
2022-10-23,ER,Eritrea,AFRO,3,10185,0,103,10082
2022-10-30,ER,Eritrea,AFRO,3,10188,0,103,10085
2022-11-06,ER,Eritrea,AFRO,1,10189,0,103,10086
2022-11-13,ER,Eritrea,AFRO,0,10189,0,103,10086
2022-11-20,ER,Eritrea,AFRO,0,10189,0,103,10086
2022-11-27,ER,Eritrea,AFRO,0,10189,0,103,10086
2022-12-04,ER,Eritrea,AFRO,0,10189,0,103,10086
2022-12-11,ER,Eritrea,AFRO,0,10189,0,103,10086
2022-12-18,ER,Eritrea,AFRO,0,10189,0,103,10086
2022-12-25,ER,Eritrea,AFRO,0,10189,0,103,10086
2023-01-01,ER,Eritrea,AFRO,0,10189,0,103,10086
2023-01-08,ER,Eritrea,AFRO,0,10189,0,103,10086
2023-01-15,ER,Eritrea,AFRO,0,10189,0,103,10086
2023-01-22,ER,Eritrea,AFRO,0,10189,0,103,10086
2023-01-29,ER,Eritrea,AFRO,0,10189,0,103,10086
2023-02-05,ER,Eritrea,AFRO,0,10189,0,103,10086
2023-02-12,ER,Eritrea,AFRO,0,10189,0,103,10086
2023-02-19,ER,Eritrea,AFRO,0,10189,0,103,10086
2023-02-26,ER,Eritrea,AFRO,0,10189,0,103,10086
2023-03-05,ER,Eritrea,AFRO,0,10189,0,103,10086
2023-03-12,ER,Eritrea,AFRO,0,10189,0,103,10086
2023-03-19,ER,Eritrea,AFRO,0,10189,0,103,10086
2023-03-26,ER,Eritrea,AFRO,0,10189,0,103,10086
2023-04-02,ER,Eritrea,AFRO,0,10189,0,103,10086
2023-04-09,ER,Eritrea,AFRO,0,10189,0,103,10086
2023-04-16,ER,Eritrea,AFRO,0,10189,0,103,10086
2023-04-23,ER,Eritrea,AFRO,0,10189,0,103,10086
2023-04-30,ER,Eritrea,AFRO,0,10189,0,103,10086
2023-05-07,ER,Eritrea,AFRO,0,10189,0,103,10086
2023-05-14,ER,Eritrea,AFRO,0,10189,0,103,10086
2023-05-21,ER,Eritrea,AFRO,0,10189,0,103,10086
2023-05-28,ER,Eritrea,AFRO,0,10189,0,103,10086
2023-06-04,ER,Eritrea,AFRO,0,10189,0,103,10086
2023-06-11,ER,Eritrea,AFRO,0,10189,0,103,10086
2023-06-18,ER,Eritrea,AFRO,0,10189,0,103,10086
2023-06-25,ER,Eritrea,AFRO,0,10189,0,103,10086
2023-07-02,ER,Eritrea,AFRO,0,10189,0,103,10086
2023-07-09,ER,Eritrea,AFRO,0,10189,0,103,10086
2023-07-16,ER,Eritrea,AFRO,0,10189,0,103,10086
2023-07-23,ER,Eritrea,AFRO,0,10189,0,103,10086
2023-07-30,ER,Eritrea,AFRO,0,10189,0,103,10086
2023-08-06,ER,Eritrea,AFRO,0,10189,0,103,10086
2023-08-13,ER,Eritrea,AFRO,0,10189,0,103,10086
2023-08-20,ER,Eritrea,AFRO,0,10189,0,103,10086
2023-08-27,ER,Eritrea,AFRO,0,10189,0,103,10086
2023-09-03,ER,Eritrea,AFRO,0,10189,0,103,10086
2023-09-10,ER,Eritrea,AFRO,0,10189,0,103,10086
2023-09-17,ER,Eritrea,AFRO,0,10189,0,103,10086
2023-09-24,ER,Eritrea,AFRO,0,10189,0,103,10086
2023-10-01,ER,Eritrea,AFRO,0,10189,0,103,10086
2023-10-08,ER,Eritrea,AFRO,0,10189,0,103,10086
2023-10-15,ER,Eritrea,AFRO,0,10189,0,103,10086
2023-10-22,ER,Eritrea,AFRO,0,10189,0,103,10086
2023-10-29,ER,Eritrea,AFRO,0,10189,0,103,10086
2023-11-05,ER,Eritrea,AFRO,0,10189,0,103,10086
2023-11-12,ER,Eritrea,AFRO,0,10189,0,103,10086
2023-11-19,ER,Eritrea,AFRO,0,10189,0,103,10086
2023-11-26,ER,Eritrea,AFRO,0,10189,0,103,10086
2023-12-03,ER,Eritrea,AFRO,0,10189,0,103,10086
2023-12-10,ER,Eritrea,AFRO,0,10189,0,103,10086
2023-12-17,ER,Eritrea,AFRO,0,10189,0,103,10086
2023-12-24,ER,Eritrea,AFRO,0,10189,0,103,10086
2023-12-31,ER,Eritrea,AFRO,0,10189,0,103,10086
2024-01-07,ER,Eritrea,AFRO,0,10189,0,103,10086
2024-01-14,ER,Eritrea,AFRO,0,10189,0,103,10086
2024-01-21,ER,Eritrea,AFRO,0,10189,0,103,10086
2024-01-28,ER,Eritrea,AFRO,0,10189,0,103,10086
2024-02-04,ER,Eritrea,AFRO,0,10189,0,103,10086
2024-02-11,ER,Eritrea,AFRO,0,10189,0,103,10086
2024-02-18,ER,Eritrea,AFRO,0,10189,0,103,10086
2024-02-25,ER,Eritrea,AFRO,0,10189,0,103,10086
2024-03-03,ER,Eritrea,AFRO,0,10189,0,103,10086
2024-03-10,ER,Eritrea,AFRO,0,10189,0,103,10086
2024-03-17,ER,Eritrea,AFRO,0,10189,0,103,10086
2024-03-24,ER,Eritrea,AFRO,0,10189,0,103,10086
2024-03-31,ER,Eritrea,AFRO,0,10189,0,103,10086
2024-04-07,ER,Eritrea,AFRO,0,10189,0,103,10086
2024-04-14,ER,Eritrea,AFRO,0,10189,0,103,10086
2024-04-21,ER,Eritrea,AFRO,0,10189,0,103,10086
2024-04-28,ER,Eritrea,AFRO,0,10189,0,103,10086
2024-05-05,ER,Eritrea,AFRO,0,10189,0,103,10086
2024-05-12,ER,Eritrea,AFRO,0,10189,0,103,10086
2024-05-19,ER,Eritrea,AFRO,0,10189,0,103,10086
2024-05-26,ER,Eritrea,AFRO,0,10189,0,103,10086
2024-06-02,ER,Eritrea,AFRO,0,10189,0,103,10086
2024-06-09,ER,Eritrea,AFRO,0,10189,0,103,10086
2024-06-16,ER,Eritrea,AFRO,0,10189,0,103,10086
2024-06-23,ER,Eritrea,AFRO,0,10189,0,103,10086
2024-06-30,ER,Eritrea,AFRO,0,10189,0,103,10086
2024-07-07,ER,Eritrea,AFRO,0,10189,0,103,10086
2024-07-14,ER,Eritrea,AFRO,0,10189,0,103,10086
2024-07-21,ER,Eritrea,AFRO,0,10189,0,103,10086
2024-07-28,ER,Eritrea,AFRO,0,10189,0,103,10086
2024-08-04,ER,Eritrea,AFRO,0,10189,0,103,10086
2024-08-11,ER,Eritrea,AFRO,0,10189,0,103,10086
2024-08-18,ER,Eritrea,AFRO,0,10189,0,103,10086
2024-08-25,ER,Eritrea,AFRO,0,10189,0,103,10086
2024-09-01,ER,Eritrea,AFRO,0,10189,0,103,10086
2024-09-08,ER,Eritrea,AFRO,0,10189,0,103,10086
2024-09-15,ER,Eritrea,AFRO,0,10189,0,103,10086
2024-09-22,ER,Eritrea,AFRO,0,10189,0,103,10086
2024-09-29,ER,Eritrea,AFRO,0,10189,0,103,10086
2024-10-06,ER,Eritrea,AFRO,0,10189,0,103,10086
2024-10-13,ER,Eritrea,AFRO,0,10189,0,103,10086
2024-10-20,ER,Eritrea,AFRO,0,10189,0,103,10086
2024-10-27,ER,Eritrea,AFRO,0,10189,0,103,10086
2024-11-03,ER,Eritrea,AFRO,0,10189,0,103,10086
2024-11-10,ER,Eritrea,AFRO,0,10189,0,103,10086
2024-11-17,ER,Eritrea,AFRO,0,10189,0,103,10086
2020-01-05,EE,Estonia,EURO,0,0,0,0,0
2020-01-12,EE,Estonia,EURO,0,0,0,0,0
2020-01-19,EE,Estonia,EURO,0,0,0,0,0
2020-01-26,EE,Estonia,EURO,0,0,0,0,0
2020-02-02,EE,Estonia,EURO,0,0,0,0,0
2020-02-09,EE,Estonia,EURO,0,0,0,0,0
2020-02-16,EE,Estonia,EURO,0,0,0,0,0
2020-02-23,EE,Estonia,EURO,0,0,0,0,0
2020-03-01,EE,Estonia,EURO,1,1,0,0,1
2020-03-08,EE,Estonia,EURO,9,10,0,0,10
2020-03-15,EE,Estonia,EURO,210,220,0,0,220
2020-03-22,EE,Estonia,EURO,165,385,0,0,385
2020-03-29,EE,Estonia,EURO,5570,5955,73,73,5882
2020-04-05,EE,Estonia,EURO,404,6359,16,89,6270
2020-04-12,EE,Estonia,EURO,223,6582,9,98,6484
2020-04-19,EE,Estonia,EURO,199,6781,14,112,6669
2020-04-26,EE,Estonia,EURO,109,6890,9,121,6769
2020-05-03,EE,Estonia,EURO,56,6946,4,125,6821
2020-05-10,EE,Estonia,EURO,38,6984,4,129,6855
2020-05-17,EE,Estonia,EURO,43,7027,2,131,6896
2020-05-24,EE,Estonia,EURO,39,7066,1,132,6934
2020-05-31,EE,Estonia,EURO,46,7112,3,135,6977
2020-06-07,EE,Estonia,EURO,71,7183,1,136,7047
2020-06-14,EE,Estonia,EURO,35,7218,1,137,7081
2020-06-21,EE,Estonia,EURO,8,7226,0,137,7089
2020-06-28,EE,Estonia,EURO,6,7232,0,137,7095
2020-07-05,EE,Estonia,EURO,6,7238,0,137,7101
2020-07-12,EE,Estonia,EURO,21,7259,0,137,7122
2020-07-19,EE,Estonia,EURO,4,7263,0,137,7126
2020-07-26,EE,Estonia,EURO,11,7274,0,137,7137
2020-08-02,EE,Estonia,EURO,45,7319,0,137,7182
2020-08-09,EE,Estonia,EURO,74,7393,0,137,7256
2020-08-16,EE,Estonia,EURO,35,7428,0,137,7291
2020-08-23,EE,Estonia,EURO,88,7516,1,138,7378
2020-08-30,EE,Estonia,EURO,100,7616,0,138,7478
2020-09-06,EE,Estonia,EURO,157,7773,0,138,7635
2020-09-13,EE,Estonia,EURO,160,7933,0,138,7795
2020-09-20,EE,Estonia,EURO,244,8177,0,138,8039
2020-09-27,EE,Estonia,EURO,337,8514,0,138,8376
2020-10-04,EE,Estonia,EURO,344,8858,3,141,8717
2020-10-11,EE,Estonia,EURO,255,9113,1,142,8971
2020-10-18,EE,Estonia,EURO,211,9324,0,142,9182
2020-10-25,EE,Estonia,EURO,343,9667,5,147,9520
2020-11-01,EE,Estonia,EURO,614,10281,0,147,10134
2020-11-08,EE,Estonia,EURO,1202,11483,3,150,11333
2020-11-15,EE,Estonia,EURO,1591,13074,5,155,12919
2020-11-22,EE,Estonia,EURO,2104,15178,10,165,15013
2020-11-29,EE,Estonia,EURO,2350,17528,24,189,17339
2020-12-06,EE,Estonia,EURO,2921,20449,16,205,20244
2020-12-13,EE,Estonia,EURO,3156,23605,19,224,23381
2020-12-20,EE,Estonia,EURO,3696,27301,28,252,27049
2020-12-27,EE,Estonia,EURO,3730,31031,32,284,30747
2021-01-03,EE,Estonia,EURO,3709,34740,39,323,34417
2021-01-10,EE,Estonia,EURO,4276,39016,34,357,38659
2021-01-17,EE,Estonia,EURO,3543,42559,48,405,42154
2021-01-24,EE,Estonia,EURO,3631,46190,47,452,45738
2021-01-31,EE,Estonia,EURO,3604,49794,42,494,49300
2021-02-07,EE,Estonia,EURO,3762,53556,42,536,53020
2021-02-14,EE,Estonia,EURO,4561,58117,36,572,57545
2021-02-21,EE,Estonia,EURO,5572,63689,38,610,63079
2021-02-28,EE,Estonia,EURO,8183,71872,57,667,71205
2021-03-07,EE,Estonia,EURO,9570,81442,66,733,80709
2021-03-14,EE,Estonia,EURO,9905,91347,59,792,90555
2021-03-21,EE,Estonia,EURO,10309,101656,69,861,100795
2021-03-28,EE,Estonia,EURO,7822,109478,82,943,108535
2021-04-04,EE,Estonia,EURO,423,109901,3,946,108955
2021-04-11,EE,Estonia,EURO,4663,114564,86,1032,113532
2021-04-18,EE,Estonia,EURO,3341,117905,60,1092,116813
2021-04-25,EE,Estonia,EURO,2604,120509,49,1141,119368
2021-05-02,EE,Estonia,EURO,2402,122911,26,1167,121744
2021-05-09,EE,Estonia,EURO,2283,125194,31,1198,123996
2021-05-16,EE,Estonia,EURO,1870,127064,21,1219,125845
2021-05-23,EE,Estonia,EURO,1465,128529,14,1233,127296
2021-05-30,EE,Estonia,EURO,876,129405,13,1246,128159
2021-06-06,EE,Estonia,EURO,612,130017,11,1257,128760
2021-06-13,EE,Estonia,EURO,380,130397,2,1259,129138
2021-06-20,EE,Estonia,EURO,282,130679,2,1261,129418
2021-06-27,EE,Estonia,EURO,165,130844,1,1262,129582
2021-07-04,EE,Estonia,EURO,227,131071,1,1263,129808
2021-07-11,EE,Estonia,EURO,301,131372,0,1263,130109
2021-07-18,EE,Estonia,EURO,375,131747,1,1264,130483
2021-07-25,EE,Estonia,EURO,645,132392,0,1264,131128
2021-08-01,EE,Estonia,EURO,1246,133638,1,1265,132373
2021-08-08,EE,Estonia,EURO,1472,135110,4,1269,133841
2021-08-15,EE,Estonia,EURO,1942,137052,2,1271,135781
2021-08-22,EE,Estonia,EURO,1970,139022,5,1276,137746
2021-08-29,EE,Estonia,EURO,2476,141498,7,1283,140215
2021-09-05,EE,Estonia,EURO,2405,143903,11,1294,142609
2021-09-12,EE,Estonia,EURO,2976,146879,11,1305,145574
2021-09-19,EE,Estonia,EURO,3258,150137,14,1319,148818
2021-09-26,EE,Estonia,EURO,3784,153921,22,1341,152580
2021-10-03,EE,Estonia,EURO,4970,158891,23,1364,157527
2021-10-10,EE,Estonia,EURO,6455,165346,27,1391,163955
2021-10-17,EE,Estonia,EURO,7999,173345,31,1422,171923
2021-10-24,EE,Estonia,EURO,9988,183333,37,1459,181874
2021-10-31,EE,Estonia,EURO,12069,195402,72,1531,193871
2021-11-07,EE,Estonia,EURO,173,195575,0,1531,194044
2021-11-14,EE,Estonia,EURO,6726,202301,72,1603,200698
2021-11-21,EE,Estonia,EURO,5181,207482,53,1656,205826
2021-11-28,EE,Estonia,EURO,4077,211559,55,1711,209848
2021-12-05,EE,Estonia,EURO,3437,214996,27,1738,213258
2021-12-12,EE,Estonia,EURO,3305,218301,38,1776,216525
2021-12-19,EE,Estonia,EURO,3913,222214,23,1799,220415
2021-12-26,EE,Estonia,EURO,4595,226809,29,1828,224981
2022-01-02,EE,Estonia,EURO,6140,232949,23,1851,231098
2022-01-09,EE,Estonia,EURO,5742,238691,16,1867,236824
2022-01-16,EE,Estonia,EURO,15424,254115,28,1895,252220
2022-01-23,EE,Estonia,EURO,27269,281384,24,1919,279465
2022-01-30,EE,Estonia,EURO,41085,322469,25,1944,320525
2022-02-06,EE,Estonia,EURO,48031,370500,32,1976,368524
2022-02-13,EE,Estonia,EURO,37947,408447,45,2021,406426
2022-02-20,EE,Estonia,EURO,39239,447686,54,2075,445611
2022-02-27,EE,Estonia,EURO,31712,479398,64,2139,477259
2022-03-06,EE,Estonia,EURO,22671,502069,59,2198,499871
2022-03-13,EE,Estonia,EURO,14983,517052,58,2256,514796
2022-03-20,EE,Estonia,EURO,10967,528019,33,2289,525730
2022-03-27,EE,Estonia,EURO,9226,537245,40,2329,534916
2022-04-03,EE,Estonia,EURO,6835,544080,22,2351,541729
2022-04-10,EE,Estonia,EURO,5185,549265,29,2380,546885
2022-04-17,EE,Estonia,EURO,3337,552602,22,2402,550200
2022-04-24,EE,Estonia,EURO,2756,555358,13,2415,552943
2022-05-01,EE,Estonia,EURO,2039,557397,9,2424,554973
2022-05-08,EE,Estonia,EURO,1489,558886,8,2432,556454
2022-05-15,EE,Estonia,EURO,1173,560059,3,2435,557624
2022-05-22,EE,Estonia,EURO,953,561012,5,2440,558572
2022-05-29,EE,Estonia,EURO,821,561833,8,2448,559385
2022-06-05,EE,Estonia,EURO,781,562614,10,2458,560156
2022-06-12,EE,Estonia,EURO,840,563454,2,2460,560994
2022-06-19,EE,Estonia,EURO,822,564276,2,2462,561814
2022-06-26,EE,Estonia,EURO,798,565074,3,2465,562609
2022-07-03,EE,Estonia,EURO,1345,566419,8,2473,563946
2022-07-10,EE,Estonia,EURO,1161,567580,8,2481,565099
2022-07-17,EE,Estonia,EURO,1552,569132,4,2485,566647
2022-07-24,EE,Estonia,EURO,2007,571139,8,2493,568646
2022-07-31,EE,Estonia,EURO,2229,573368,8,2501,570867
2022-08-07,EE,Estonia,EURO,2239,575607,6,2507,573100
2022-08-14,EE,Estonia,EURO,1933,577540,8,2515,575025
2022-08-21,EE,Estonia,EURO,1426,578966,5,2520,576446
2022-08-28,EE,Estonia,EURO,1107,580073,4,2524,577549
2022-09-04,EE,Estonia,EURO,822,580895,6,2530,578365
2022-09-11,EE,Estonia,EURO,914,581809,4,2534,579275
2022-09-18,EE,Estonia,EURO,1189,582998,6,2540,580458
2022-09-25,EE,Estonia,EURO,1188,584186,14,2554,581632
2022-10-02,EE,Estonia,EURO,1316,585502,11,2565,582937
2022-10-09,EE,Estonia,EURO,1196,586698,21,2586,584112
2022-10-16,EE,Estonia,EURO,1063,587761,16,2602,585159
2022-10-23,EE,Estonia,EURO,1055,588816,10,2612,586204
2022-10-30,EE,Estonia,EURO,733,589549,9,2621,586928
2022-11-06,EE,Estonia,EURO,553,590102,9,2630,587472
2022-11-13,EE,Estonia,EURO,490,590592,15,2645,587947
2022-11-20,EE,Estonia,EURO,491,591083,9,2654,588429
2022-11-27,EE,Estonia,EURO,474,591557,9,2663,588894
2022-12-04,EE,Estonia,EURO,536,592093,9,2672,589421
2022-12-11,EE,Estonia,EURO,624,592717,15,2687,590030
2022-12-18,EE,Estonia,EURO,819,593536,23,2710,590826
2022-12-25,EE,Estonia,EURO,681,594217,17,2727,591490
2023-01-01,EE,Estonia,EURO,541,594758,19,2746,592012
2023-01-08,EE,Estonia,EURO,397,595155,13,2759,592396
2023-01-15,EE,Estonia,EURO,377,595532,12,2771,592761
2023-01-22,EE,Estonia,EURO,301,595833,8,2779,593054
2023-01-29,EE,Estonia,EURO,384,596217,8,2787,593430
2023-02-05,EE,Estonia,EURO,306,596523,7,2794,593729
2023-02-12,EE,Estonia,EURO,328,596851,7,2801,594050
2023-02-19,EE,Estonia,EURO,322,597173,8,2809,594364
2023-02-26,EE,Estonia,EURO,271,597444,6,2815,594629
2023-03-05,EE,Estonia,EURO,305,597749,6,2821,594928
2023-03-12,EE,Estonia,EURO,312,598061,3,2824,595237
2023-03-19,EE,Estonia,EURO,364,598425,8,2832,595593
2023-03-26,EE,Estonia,EURO,349,598774,8,2840,595934
2023-04-02,EE,Estonia,EURO,382,599156,6,2846,596310
2023-04-09,EE,Estonia,EURO,392,599548,8,2854,596694
2023-04-16,EE,Estonia,EURO,365,599913,7,2861,597052
2023-04-23,EE,Estonia,EURO,330,600243,14,2875,597368
2023-04-30,EE,Estonia,EURO,284,600527,9,2884,597643
2023-05-07,EE,Estonia,EURO,208,600735,1,2885,597850
2023-05-14,EE,Estonia,EURO,193,600928,3,2888,598040
2023-05-21,EE,Estonia,EURO,181,601109,3,2891,598218
2023-05-28,EE,Estonia,EURO,149,601258,2,2893,598365
2023-06-04,EE,Estonia,EURO,120,601378,2,2895,598483
2023-06-11,EE,Estonia,EURO,96,601474,2,2897,598577
2023-06-18,EE,Estonia,EURO,63,601537,0,2897,598640
2023-06-25,EE,Estonia,EURO,51,601588,1,2898,598690
2023-07-02,EE,Estonia,EURO,36,601624,0,2898,598726
2023-07-09,EE,Estonia,EURO,31,601655,0,2898,598757
2023-07-16,EE,Estonia,EURO,44,601699,1,2899,598800
2023-07-23,EE,Estonia,EURO,47,601746,1,2900,598846
2023-07-30,EE,Estonia,EURO,0,601746,0,2900,598846
2023-08-06,EE,Estonia,EURO,27,601773,1,2901,598872
2023-08-13,EE,Estonia,EURO,17,601790,0,2901,598889
2023-08-20,EE,Estonia,EURO,23,601813,0,2901,598912
2023-08-27,EE,Estonia,EURO,38,601851,0,2901,598950
2023-09-03,EE,Estonia,EURO,60,601911,0,2901,599010
2023-09-10,EE,Estonia,EURO,85,601996,0,2901,599095
2023-09-17,EE,Estonia,EURO,90,602086,0,2901,599185
2023-09-24,EE,Estonia,EURO,101,602187,1,2902,599285
2023-10-01,EE,Estonia,EURO,108,602295,0,2902,599393
2023-10-08,EE,Estonia,EURO,82,602377,0,2902,599475
2023-10-15,EE,Estonia,EURO,101,602478,0,2902,599576
2023-10-22,EE,Estonia,EURO,158,602636,1,2903,599733
2023-10-29,EE,Estonia,EURO,273,602909,3,2906,600003
2023-11-05,EE,Estonia,EURO,427,603336,6,2912,600424
2023-11-12,EE,Estonia,EURO,474,603810,2,2914,600896
2023-11-19,EE,Estonia,EURO,529,604339,5,2919,601420
2023-11-26,EE,Estonia,EURO,591,604930,1,2920,602010
2023-12-03,EE,Estonia,EURO,706,605636,12,2932,602704
2023-12-10,EE,Estonia,EURO,744,606380,15,2947,603433
2023-12-17,EE,Estonia,EURO,808,607188,15,2962,604226
2023-12-24,EE,Estonia,EURO,777,607965,5,2967,604998
2023-12-31,EE,Estonia,EURO,616,608581,5,2972,605609
2024-01-07,EE,Estonia,EURO,358,608939,4,2976,605963
2024-01-14,EE,Estonia,EURO,320,609259,5,2981,606278
2024-01-21,EE,Estonia,EURO,261,609520,5,2986,606534
2024-01-28,EE,Estonia,EURO,183,609703,4,2990,606713
2024-02-04,EE,Estonia,EURO,126,609829,1,2991,606838
2024-02-11,EE,Estonia,EURO,97,609926,2,2993,606933
2024-02-18,EE,Estonia,EURO,67,609993,1,2994,606999
2024-02-25,EE,Estonia,EURO,77,610070,0,2994,607076
2024-03-03,EE,Estonia,EURO,55,610125,1,2995,607130
2024-03-10,EE,Estonia,EURO,52,610177,2,2997,607180
2024-03-17,EE,Estonia,EURO,49,610226,0,2997,607229
2024-03-24,EE,Estonia,EURO,30,610256,0,2997,607259
2024-03-31,EE,Estonia,EURO,38,610294,0,2997,607297
2024-04-07,EE,Estonia,EURO,26,610320,1,2998,607322
2024-04-14,EE,Estonia,EURO,8,610328,0,2998,607330
2024-04-21,EE,Estonia,EURO,7,610335,0,2998,607337
2024-04-28,EE,Estonia,EURO,11,610346,0,2998,607348
2024-05-05,EE,Estonia,EURO,20,610366,0,2998,607368
2024-05-12,EE,Estonia,EURO,25,610391,0,2998,607393
2024-05-19,EE,Estonia,EURO,36,610427,0,2998,607429
2024-05-26,EE,Estonia,EURO,0,610427,0,2998,607429
2024-06-02,EE,Estonia,EURO,44,610471,0,2998,607473
2024-06-09,EE,Estonia,EURO,16,610487,0,2998,607489
2024-06-16,EE,Estonia,EURO,16,610503,0,2998,607505
2024-06-23,EE,Estonia,EURO,15,610518,0,2998,607520
2024-06-30,EE,Estonia,EURO,40,610558,0,2998,607560
2024-07-07,EE,Estonia,EURO,27,610585,0,2998,607587
2024-07-14,EE,Estonia,EURO,43,610628,0,2998,607630
2024-07-21,EE,Estonia,EURO,78,610706,0,2998,607708
2024-07-28,EE,Estonia,EURO,65,610771,0,2998,607773
2024-08-04,EE,Estonia,EURO,79,610850,0,2998,607852
2024-08-11,EE,Estonia,EURO,114,610964,0,2998,607966
2024-08-18,EE,Estonia,EURO,118,611082,0,2998,608084
2024-08-25,EE,Estonia,EURO,141,611223,0,2998,608225
2024-09-01,EE,Estonia,EURO,125,611348,0,2998,608350
2024-09-08,EE,Estonia,EURO,119,611467,0,2998,608469
2024-09-15,EE,Estonia,EURO,139,611606,0,2998,608608
2024-09-22,EE,Estonia,EURO,120,611726,0,2998,608728
2024-09-29,EE,Estonia,EURO,94,611820,0,2998,608822
2024-10-06,EE,Estonia,EURO,146,611966,0,2998,608968
2024-10-13,EE,Estonia,EURO,130,612096,0,2998,609098
2024-10-20,EE,Estonia,EURO,151,612247,0,2998,609249
2024-10-27,EE,Estonia,EURO,220,612467,0,2998,609469
2024-11-03,EE,Estonia,EURO,126,612593,0,2998,609595
2024-11-10,EE,Estonia,EURO,153,612746,0,2998,609748
2024-11-17,EE,Estonia,EURO,133,612879,0,2998,609881
2020-01-05,SZ,Eswatini,AFRO,0,0,0,0,0
2020-01-12,SZ,Eswatini,AFRO,0,0,0,0,0
2020-01-19,SZ,Eswatini,AFRO,0,0,0,0,0
2020-01-26,SZ,Eswatini,AFRO,0,0,0,0,0
2020-02-02,SZ,Eswatini,AFRO,0,0,0,0,0
2020-02-09,SZ,Eswatini,AFRO,0,0,0,0,0
2020-02-16,SZ,Eswatini,AFRO,0,0,0,0,0
2020-02-23,SZ,Eswatini,AFRO,0,0,0,0,0
2020-03-01,SZ,Eswatini,AFRO,0,0,0,0,0
2020-03-08,SZ,Eswatini,AFRO,0,0,0,0,0
2020-03-15,SZ,Eswatini,AFRO,1,1,0,0,1
2020-03-22,SZ,Eswatini,AFRO,0,1,0,0,1
2020-03-29,SZ,Eswatini,AFRO,8,9,0,0,9
2020-04-05,SZ,Eswatini,AFRO,0,9,0,0,9
2020-04-12,SZ,Eswatini,AFRO,5,14,0,0,14
2020-04-19,SZ,Eswatini,AFRO,8,22,1,1,21
2020-04-26,SZ,Eswatini,AFRO,34,56,0,1,55
2020-05-03,SZ,Eswatini,AFRO,52,108,0,1,107
2020-05-10,SZ,Eswatini,AFRO,55,163,1,2,161
2020-05-17,SZ,Eswatini,AFRO,39,202,0,2,200
2020-05-24,SZ,Eswatini,AFRO,36,238,0,2,236
2020-05-31,SZ,Eswatini,AFRO,45,283,0,2,281
2020-06-07,SZ,Eswatini,AFRO,50,333,1,3,330
2020-06-14,SZ,Eswatini,AFRO,153,486,0,3,483
2020-06-21,SZ,Eswatini,AFRO,141,627,2,5,622
2020-06-28,SZ,Eswatini,AFRO,118,745,3,8,737
2020-07-05,SZ,Eswatini,AFRO,209,954,5,13,941
2020-07-12,SZ,Eswatini,AFRO,357,1311,5,18,1293
2020-07-19,SZ,Eswatini,AFRO,418,1729,3,21,1708
2020-07-26,SZ,Eswatini,AFRO,413,2142,7,28,2114
2020-08-02,SZ,Eswatini,AFRO,564,2706,14,42,2664
2020-08-09,SZ,Eswatini,AFRO,422,3128,14,56,3072
2020-08-16,SZ,Eswatini,AFRO,617,3745,13,69,3676
2020-08-23,SZ,Eswatini,AFRO,444,4189,12,81,4108
2020-08-30,SZ,Eswatini,AFRO,321,4510,10,91,4419
2020-09-06,SZ,Eswatini,AFRO,309,4819,3,94,4725
2020-09-13,SZ,Eswatini,AFRO,231,5050,4,98,4952
2020-09-20,SZ,Eswatini,AFRO,195,5245,6,104,5141
2020-09-27,SZ,Eswatini,AFRO,174,5419,4,108,5311
2020-10-04,SZ,Eswatini,AFRO,111,5530,4,112,5418
2020-10-11,SZ,Eswatini,AFRO,130,5660,1,113,5547
2020-10-18,SZ,Eswatini,AFRO,105,5765,2,115,5650
2020-10-25,SZ,Eswatini,AFRO,82,5847,1,116,5731
2020-11-01,SZ,Eswatini,AFRO,70,5917,1,117,5800
2020-11-08,SZ,Eswatini,AFRO,72,5989,0,117,5872
2020-11-15,SZ,Eswatini,AFRO,104,6093,2,119,5974
2020-11-22,SZ,Eswatini,AFRO,112,6205,0,119,6086
2020-11-29,SZ,Eswatini,AFRO,201,6406,2,121,6285
2020-12-06,SZ,Eswatini,AFRO,89,6495,1,122,6373
2020-12-13,SZ,Eswatini,AFRO,219,6714,5,127,6587
2020-12-20,SZ,Eswatini,AFRO,591,7305,10,137,7168
2020-12-27,SZ,Eswatini,AFRO,1060,8365,26,163,8202
2021-01-03,SZ,Eswatini,AFRO,1115,9480,64,227,9253
2021-01-10,SZ,Eswatini,AFRO,1700,11180,64,291,10889
2021-01-17,SZ,Eswatini,AFRO,1556,12736,69,360,12376
2021-01-24,SZ,Eswatini,AFRO,1594,14330,98,458,13872
2021-01-31,SZ,Eswatini,AFRO,1336,15666,104,562,15104
2021-02-07,SZ,Eswatini,AFRO,515,16181,42,604,15577
2021-02-14,SZ,Eswatini,AFRO,307,16488,26,630,15858
2021-02-21,SZ,Eswatini,AFRO,276,16764,15,645,16119
2021-02-28,SZ,Eswatini,AFRO,238,17002,5,650,16352
2021-03-07,SZ,Eswatini,AFRO,171,17173,8,658,16515
2021-03-14,SZ,Eswatini,AFRO,61,17234,3,661,16573
2021-03-21,SZ,Eswatini,AFRO,49,17283,4,665,16618
2021-03-28,SZ,Eswatini,AFRO,35,17318,1,666,16652
2021-04-04,SZ,Eswatini,AFRO,31,17349,2,668,16681
2021-04-11,SZ,Eswatini,AFRO,24,17373,1,669,16704
2021-04-18,SZ,Eswatini,AFRO,1042,18415,2,671,17744
2021-04-25,SZ,Eswatini,AFRO,25,18440,0,671,17769
2021-05-02,SZ,Eswatini,AFRO,18,18458,0,671,17787
2021-05-09,SZ,Eswatini,AFRO,19,18477,0,671,17806
2021-05-16,SZ,Eswatini,AFRO,42,18519,1,672,17847
2021-05-23,SZ,Eswatini,AFRO,31,18550,0,672,17878
2021-05-30,SZ,Eswatini,AFRO,39,18589,0,672,17917
2021-06-06,SZ,Eswatini,AFRO,47,18636,1,673,17963
2021-06-13,SZ,Eswatini,AFRO,96,18732,3,676,18056
2021-06-20,SZ,Eswatini,AFRO,79,18811,1,677,18134
2021-06-27,SZ,Eswatini,AFRO,207,19018,1,678,18340
2021-07-04,SZ,Eswatini,AFRO,66,19084,0,678,18406
2021-07-11,SZ,Eswatini,AFRO,786,19870,9,687,19183
2021-07-18,SZ,Eswatini,AFRO,1192,21062,16,703,20359
2021-07-25,SZ,Eswatini,AFRO,1625,22687,44,747,21940
2021-08-01,SZ,Eswatini,AFRO,3292,25979,40,787,25192
2021-08-08,SZ,Eswatini,AFRO,4808,30787,57,844,29943
2021-08-15,SZ,Eswatini,AFRO,5064,35851,80,924,34927
2021-08-22,SZ,Eswatini,AFRO,4432,40283,67,991,39292
2021-08-29,SZ,Eswatini,AFRO,2436,42719,76,1067,41652
2021-09-05,SZ,Eswatini,AFRO,1415,44134,77,1144,42990
2021-09-12,SZ,Eswatini,AFRO,697,44831,25,1169,43662
2021-09-19,SZ,Eswatini,AFRO,521,45352,25,1194,44158
2021-09-26,SZ,Eswatini,AFRO,390,45742,18,1212,44530
2021-10-03,SZ,Eswatini,AFRO,263,46005,12,1224,44781
2021-10-10,SZ,Eswatini,AFRO,268,46273,3,1227,45046
2021-10-17,SZ,Eswatini,AFRO,88,46361,6,1233,45128
2021-10-24,SZ,Eswatini,AFRO,23,46384,8,1241,45143
2021-10-31,SZ,Eswatini,AFRO,29,46413,1,1242,45171
2021-11-07,SZ,Eswatini,AFRO,44,46457,2,1244,45213
2021-11-14,SZ,Eswatini,AFRO,15,46472,1,1245,45227
2021-11-21,SZ,Eswatini,AFRO,14,46486,3,1248,45238
2021-11-28,SZ,Eswatini,AFRO,42,46528,0,1248,45280
2021-12-05,SZ,Eswatini,AFRO,840,47368,0,1248,46120
2021-12-12,SZ,Eswatini,AFRO,4806,52174,0,1248,50926
2021-12-19,SZ,Eswatini,AFRO,7540,59714,12,1260,58454
2021-12-26,SZ,Eswatini,AFRO,4667,64381,12,1272,63109
2022-01-02,SZ,Eswatini,AFRO,1860,66241,36,1308,64933
2022-01-09,SZ,Eswatini,AFRO,999,67240,24,1332,65908
2022-01-16,SZ,Eswatini,AFRO,590,67830,25,1357,66473
2022-01-23,SZ,Eswatini,AFRO,231,68061,10,1367,66694
2022-01-30,SZ,Eswatini,AFRO,268,68329,7,1374,66955
2022-02-06,SZ,Eswatini,AFRO,222,68551,3,1377,67174
2022-02-13,SZ,Eswatini,AFRO,230,68781,6,1383,67398
2022-02-20,SZ,Eswatini,AFRO,191,68972,5,1388,67584
2022-02-27,SZ,Eswatini,AFRO,153,69125,2,1390,67735
2022-03-06,SZ,Eswatini,AFRO,172,69297,1,1391,67906
2022-03-13,SZ,Eswatini,AFRO,132,69429,1,1392,68037
2022-03-20,SZ,Eswatini,AFRO,119,69548,0,1392,68156
2022-03-27,SZ,Eswatini,AFRO,115,69663,1,1393,68270
2022-04-03,SZ,Eswatini,AFRO,175,69838,1,1394,68444
2022-04-10,SZ,Eswatini,AFRO,128,69966,1,1395,68571
2022-04-17,SZ,Eswatini,AFRO,132,70098,0,1395,68703
2022-04-24,SZ,Eswatini,AFRO,186,70284,2,1397,68887
2022-05-01,SZ,Eswatini,AFRO,359,70643,0,1397,69246
2022-05-08,SZ,Eswatini,AFRO,446,71089,3,1400,69689
2022-05-15,SZ,Eswatini,AFRO,609,71698,2,1402,70296
2022-05-22,SZ,Eswatini,AFRO,427,72125,2,1404,70721
2022-05-29,SZ,Eswatini,AFRO,265,72390,2,1406,70984
2022-06-05,SZ,Eswatini,AFRO,295,72685,4,1410,71275
2022-06-12,SZ,Eswatini,AFRO,194,72879,0,1410,71469
2022-06-19,SZ,Eswatini,AFRO,124,73003,4,1414,71589
2022-06-26,SZ,Eswatini,AFRO,68,73071,1,1415,71656
2022-07-03,SZ,Eswatini,AFRO,62,73133,1,1416,71717
2022-07-10,SZ,Eswatini,AFRO,80,73213,1,1417,71796
2022-07-17,SZ,Eswatini,AFRO,29,73242,0,1417,71825
2022-07-24,SZ,Eswatini,AFRO,11,73253,0,1417,71836
2022-07-31,SZ,Eswatini,AFRO,26,73279,0,1417,71862
2022-08-07,SZ,Eswatini,AFRO,22,73301,2,1419,71882
2022-08-14,SZ,Eswatini,AFRO,25,73326,0,1419,71907
2022-08-21,SZ,Eswatini,AFRO,18,73344,0,1419,71925
2022-08-28,SZ,Eswatini,AFRO,14,73358,3,1422,71936
2022-09-04,SZ,Eswatini,AFRO,10,73368,0,1422,71946
2022-09-11,SZ,Eswatini,AFRO,6,73374,0,1422,71952
2022-09-18,SZ,Eswatini,AFRO,5,73379,0,1422,71957
2022-09-25,SZ,Eswatini,AFRO,11,73390,0,1422,71968
2022-10-02,SZ,Eswatini,AFRO,20,73410,0,1422,71988
2022-10-09,SZ,Eswatini,AFRO,26,73436,0,1422,72014
2022-10-16,SZ,Eswatini,AFRO,0,73436,0,1422,72014
2022-10-23,SZ,Eswatini,AFRO,90,73526,0,1422,72104
2022-10-30,SZ,Eswatini,AFRO,32,73558,0,1422,72136
2022-11-06,SZ,Eswatini,AFRO,60,73618,0,1422,72196
2022-11-13,SZ,Eswatini,AFRO,90,73708,0,1422,72286
2022-11-20,SZ,Eswatini,AFRO,62,73770,0,1422,72348
2022-11-27,SZ,Eswatini,AFRO,0,73770,0,1422,72348
2022-12-04,SZ,Eswatini,AFRO,138,73908,0,1422,72486
2022-12-11,SZ,Eswatini,AFRO,54,73962,0,1422,72540
2022-12-18,SZ,Eswatini,AFRO,30,73992,0,1422,72570
2022-12-25,SZ,Eswatini,AFRO,29,74021,0,1422,72599
2023-01-01,SZ,Eswatini,AFRO,13,74034,0,1422,72612
2023-01-08,SZ,Eswatini,AFRO,19,74053,0,1422,72631
2023-01-15,SZ,Eswatini,AFRO,33,74086,0,1422,72664
2023-01-22,SZ,Eswatini,AFRO,28,74114,0,1422,72692
2023-01-29,SZ,Eswatini,AFRO,19,74133,0,1422,72711
2023-02-05,SZ,Eswatini,AFRO,10,74143,1,1423,72720
2023-02-12,SZ,Eswatini,AFRO,15,74158,0,1423,72735
2023-02-19,SZ,Eswatini,AFRO,41,74199,0,1423,72776
2023-02-26,SZ,Eswatini,AFRO,0,74199,0,1423,72776
2023-03-05,SZ,Eswatini,AFRO,68,74267,2,1425,72842
2023-03-12,SZ,Eswatini,AFRO,56,74323,0,1425,72898
2023-03-19,SZ,Eswatini,AFRO,0,74323,0,1425,72898
2023-03-26,SZ,Eswatini,AFRO,0,74323,0,1425,72898
2023-04-02,SZ,Eswatini,AFRO,0,74323,0,1425,72898
2023-04-09,SZ,Eswatini,AFRO,197,74520,0,1425,73095
2023-04-16,SZ,Eswatini,AFRO,66,74586,0,1425,73161
2023-04-23,SZ,Eswatini,AFRO,41,74627,0,1425,73202
2023-04-30,SZ,Eswatini,AFRO,43,74670,0,1425,73245
2023-05-07,SZ,Eswatini,AFRO,28,74698,0,1425,73273
2023-05-14,SZ,Eswatini,AFRO,30,74728,0,1425,73303
2023-05-21,SZ,Eswatini,AFRO,32,74760,1,1426,73334
2023-05-28,SZ,Eswatini,AFRO,45,74805,1,1427,73378
2023-06-04,SZ,Eswatini,AFRO,47,74852,0,1427,73425
2023-06-11,SZ,Eswatini,AFRO,30,74882,0,1427,73455
2023-06-18,SZ,Eswatini,AFRO,0,74882,0,1427,73455
2023-06-25,SZ,Eswatini,AFRO,0,74882,0,1427,73455
2023-07-02,SZ,Eswatini,AFRO,0,74882,0,1427,73455
2023-07-09,SZ,Eswatini,AFRO,0,74882,0,1427,73455
2023-07-16,SZ,Eswatini,AFRO,0,74882,0,1427,73455
2023-07-23,SZ,Eswatini,AFRO,0,74882,0,1427,73455
2023-07-30,SZ,Eswatini,AFRO,0,74882,0,1427,73455
2023-08-06,SZ,Eswatini,AFRO,0,74882,0,1427,73455
2023-08-13,SZ,Eswatini,AFRO,100,74982,0,1427,73555
2023-08-20,SZ,Eswatini,AFRO,2,74984,0,1427,73557
2023-08-27,SZ,Eswatini,AFRO,3,74987,0,1427,73560
2023-09-03,SZ,Eswatini,AFRO,0,74987,0,1427,73560
2023-09-10,SZ,Eswatini,AFRO,2,74989,0,1427,73562
2023-09-17,SZ,Eswatini,AFRO,2,74991,0,1427,73564
2023-09-24,SZ,Eswatini,AFRO,5,74996,0,1427,73569
2023-10-01,SZ,Eswatini,AFRO,4,75000,0,1427,73573
2023-10-08,SZ,Eswatini,AFRO,7,75007,0,1427,73580
2023-10-15,SZ,Eswatini,AFRO,45,75052,0,1427,73625
2023-10-22,SZ,Eswatini,AFRO,42,75094,0,1427,73667
2023-10-29,SZ,Eswatini,AFRO,33,75127,0,1427,73700
2023-11-05,SZ,Eswatini,AFRO,22,75149,0,1427,73722
2023-11-12,SZ,Eswatini,AFRO,17,75166,0,1427,73739
2023-11-19,SZ,Eswatini,AFRO,5,75171,0,1427,73744
2023-11-26,SZ,Eswatini,AFRO,13,75184,0,1427,73757
2023-12-03,SZ,Eswatini,AFRO,4,75188,0,1427,73761
2023-12-10,SZ,Eswatini,AFRO,1,75189,0,1427,73762
2023-12-17,SZ,Eswatini,AFRO,0,75189,0,1427,73762
2023-12-24,SZ,Eswatini,AFRO,2,75191,0,1427,73764
2023-12-31,SZ,Eswatini,AFRO,0,75191,0,1427,73764
2024-01-07,SZ,Eswatini,AFRO,0,75191,0,1427,73764
2024-01-14,SZ,Eswatini,AFRO,0,75191,0,1427,73764
2024-01-21,SZ,Eswatini,AFRO,3,75194,0,1427,73767
2024-01-28,SZ,Eswatini,AFRO,5,75199,0,1427,73772
2024-02-04,SZ,Eswatini,AFRO,4,75203,0,1427,73776
2024-02-11,SZ,Eswatini,AFRO,1,75204,0,1427,73777
2024-02-18,SZ,Eswatini,AFRO,3,75207,0,1427,73780
2024-02-25,SZ,Eswatini,AFRO,7,75214,0,1427,73787
2024-03-03,SZ,Eswatini,AFRO,12,75226,0,1427,73799
2024-03-10,SZ,Eswatini,AFRO,12,75238,0,1427,73811
2024-03-17,SZ,Eswatini,AFRO,12,75250,0,1427,73823
2024-03-24,SZ,Eswatini,AFRO,17,75267,0,1427,73840
2024-03-31,SZ,Eswatini,AFRO,18,75285,0,1427,73858
2024-04-07,SZ,Eswatini,AFRO,14,75299,0,1427,73872
2024-04-14,SZ,Eswatini,AFRO,16,75315,0,1427,73888
2024-04-21,SZ,Eswatini,AFRO,16,75331,0,1427,73904
2024-04-28,SZ,Eswatini,AFRO,15,75346,0,1427,73919
2024-05-05,SZ,Eswatini,AFRO,3,75349,0,1427,73922
2024-05-12,SZ,Eswatini,AFRO,7,75356,0,1427,73929
2024-05-19,SZ,Eswatini,AFRO,0,75356,0,1427,73929
2024-05-26,SZ,Eswatini,AFRO,0,75356,0,1427,73929
2024-06-02,SZ,Eswatini,AFRO,0,75356,0,1427,73929
2024-06-09,SZ,Eswatini,AFRO,0,75356,0,1427,73929
2024-06-16,SZ,Eswatini,AFRO,0,75356,0,1427,73929
2024-06-23,SZ,Eswatini,AFRO,0,75356,0,1427,73929
2024-06-30,SZ,Eswatini,AFRO,0,75356,0,1427,73929
2024-07-07,SZ,Eswatini,AFRO,0,75356,0,1427,73929
2024-07-14,SZ,Eswatini,AFRO,0,75356,0,1427,73929
2024-07-21,SZ,Eswatini,AFRO,0,75356,0,1427,73929
2024-07-28,SZ,Eswatini,AFRO,0,75356,0,1427,73929
2024-08-04,SZ,Eswatini,AFRO,0,75356,0,1427,73929
2024-08-11,SZ,Eswatini,AFRO,0,75356,0,1427,73929
2024-08-18,SZ,Eswatini,AFRO,0,75356,0,1427,73929
2024-08-25,SZ,Eswatini,AFRO,0,75356,0,1427,73929
2024-09-01,SZ,Eswatini,AFRO,0,75356,0,1427,73929
2024-09-08,SZ,Eswatini,AFRO,0,75356,0,1427,73929
2024-09-15,SZ,Eswatini,AFRO,0,75356,0,1427,73929
2024-09-22,SZ,Eswatini,AFRO,0,75356,0,1427,73929
2024-09-29,SZ,Eswatini,AFRO,0,75356,0,1427,73929
2024-10-06,SZ,Eswatini,AFRO,0,75356,0,1427,73929
2024-10-13,SZ,Eswatini,AFRO,0,75356,0,1427,73929
2024-10-20,SZ,Eswatini,AFRO,0,75356,0,1427,73929
2024-10-27,SZ,Eswatini,AFRO,0,75356,0,1427,73929
2024-11-03,SZ,Eswatini,AFRO,0,75356,0,1427,73929
2024-11-10,SZ,Eswatini,AFRO,0,75356,0,1427,73929
2024-11-17,SZ,Eswatini,AFRO,0,75356,0,1427,73929
2020-01-05,ET,Ethiopia,AFRO,0,0,0,0,0
2020-01-12,ET,Ethiopia,AFRO,0,0,0,0,0
2020-01-19,ET,Ethiopia,AFRO,0,0,0,0,0
2020-01-26,ET,Ethiopia,AFRO,0,0,0,0,0
2020-02-02,ET,Ethiopia,AFRO,0,0,0,0,0
2020-02-09,ET,Ethiopia,AFRO,0,0,0,0,0
2020-02-16,ET,Ethiopia,AFRO,0,0,0,0,0
2020-02-23,ET,Ethiopia,AFRO,0,0,0,0,0
2020-03-01,ET,Ethiopia,AFRO,0,0,0,0,0
2020-03-08,ET,Ethiopia,AFRO,0,0,0,0,0
2020-03-15,ET,Ethiopia,AFRO,1,1,0,0,1
2020-03-22,ET,Ethiopia,AFRO,8,9,0,0,9
2020-03-29,ET,Ethiopia,AFRO,7,16,0,0,16
2020-04-05,ET,Ethiopia,AFRO,22,38,0,0,38
2020-04-12,ET,Ethiopia,AFRO,31,69,23,23,46
2020-04-19,ET,Ethiopia,AFRO,36,105,0,23,82
2020-04-26,ET,Ethiopia,AFRO,17,122,1,24,98
2020-05-03,ET,Ethiopia,AFRO,11,133,0,24,109
2020-05-10,ET,Ethiopia,AFRO,77,210,1,25,185
2020-05-17,ET,Ethiopia,AFRO,96,306,0,25,281
2020-05-24,ET,Ethiopia,AFRO,188,494,0,25,469
2020-05-31,ET,Ethiopia,AFRO,569,1063,3,28,1035
2020-06-07,ET,Ethiopia,AFRO,871,1934,9,37,1897
2020-06-14,ET,Ethiopia,AFRO,1232,3166,35,72,3094
2020-06-21,ET,Ethiopia,AFRO,1303,4469,17,89,4380
2020-06-28,ET,Ethiopia,AFRO,1101,5570,22,111,5459
2020-07-05,ET,Ethiopia,AFRO,816,6386,22,133,6253
2020-07-12,ET,Ethiopia,AFRO,1174,7560,11,144,7416
2020-07-19,ET,Ethiopia,AFRO,1943,9503,38,182,9321
2020-07-26,ET,Ethiopia,AFRO,3745,13248,42,224,13024
2020-08-02,ET,Ethiopia,AFRO,4751,17999,75,299,17700
2020-08-09,ET,Ethiopia,AFRO,4254,22253,108,407,21846
2020-08-16,ET,Ethiopia,AFRO,6641,28894,119,526,28368
2020-08-23,ET,Ethiopia,AFRO,10139,39033,153,679,38354
2020-08-30,ET,Ethiopia,AFRO,10621,49654,92,771,48883
2020-09-06,ET,Ethiopia,AFRO,7812,57466,127,898,56568
2020-09-13,ET,Ethiopia,AFRO,6422,63888,99,997,62891
2020-09-20,ET,Ethiopia,AFRO,4243,68131,93,1090,67041
2020-09-27,ET,Ethiopia,AFRO,4569,72700,76,1166,71534
2020-10-04,ET,Ethiopia,AFRO,5160,77860,48,1214,76646
2020-10-11,ET,Ethiopia,AFRO,5569,83429,63,1277,82152
2020-10-18,ET,Ethiopia,AFRO,5005,88434,69,1346,87088
2020-10-25,ET,Ethiopia,AFRO,4424,92858,73,1419,91439
2020-11-01,ET,Ethiopia,AFRO,3311,96169,50,1469,94700
2020-11-08,ET,Ethiopia,AFRO,3035,99204,49,1518,97686
2020-11-15,ET,Ethiopia,AFRO,3117,102321,47,1565,100756
2020-11-22,ET,Ethiopia,AFRO,3031,105352,71,1636,103716
2020-11-29,ET,Ethiopia,AFRO,3578,108930,59,1695,107235
2020-12-06,ET,Ethiopia,AFRO,3810,112740,50,1745,110995
2020-12-13,ET,Ethiopia,AFRO,3557,116297,58,1803,114494
2020-12-20,ET,Ethiopia,AFRO,3197,119494,43,1846,117648
2020-12-27,ET,Ethiopia,AFRO,2919,122413,55,1901,120512
2021-01-03,ET,Ethiopia,AFRO,2636,125049,43,1944,123105
2021-01-10,ET,Ethiopia,AFRO,2743,127792,41,1985,125807
2021-01-17,ET,Ethiopia,AFRO,2980,130772,44,2029,128743
2021-01-24,ET,Ethiopia,AFRO,2526,133298,34,2063,131235
2021-01-31,ET,Ethiopia,AFRO,3723,137021,28,2091,134930
2021-02-07,ET,Ethiopia,AFRO,4432,141453,54,2145,139308
2021-02-14,ET,Ethiopia,AFRO,4251,145704,36,2181,143523
2021-02-21,ET,Ethiopia,AFRO,6153,151857,90,2271,149586
2021-02-28,ET,Ethiopia,AFRO,6201,158058,83,2354,155704
2021-03-07,ET,Ethiopia,AFRO,6971,165029,66,2420,162609
2021-03-14,ET,Ethiopia,AFRO,9025,174054,120,2540,171514
2021-03-21,ET,Ethiopia,AFRO,11587,185641,107,2647,182994
2021-03-28,ET,Ethiopia,AFRO,13153,198794,137,2784,196010
2021-04-04,ET,Ethiopia,AFRO,14517,213311,152,2936,210375
2021-04-11,ET,Ethiopia,AFRO,13944,227255,210,3146,224109
2021-04-18,ET,Ethiopia,AFRO,12981,240236,182,3328,236908
2021-04-25,ET,Ethiopia,AFRO,10719,250955,203,3531,247424
2021-05-02,ET,Ethiopia,AFRO,7107,258062,178,3709,254353
2021-05-09,ET,Ethiopia,AFRO,4155,262217,162,3871,258346
2021-05-16,ET,Ethiopia,AFRO,3615,265832,105,3976,261856
2021-05-23,ET,Ethiopia,AFRO,3069,268901,92,4068,264833
2021-05-30,ET,Ethiopia,AFRO,2299,271200,75,4143,267057
2021-06-06,ET,Ethiopia,AFRO,1605,272805,58,4201,268604
2021-06-13,ET,Ethiopia,AFRO,1223,274028,36,4237,269791
2021-06-20,ET,Ethiopia,AFRO,1008,275036,43,4280,270756
2021-06-27,ET,Ethiopia,AFRO,845,275881,29,4309,271572
2021-07-04,ET,Ethiopia,AFRO,487,276368,21,4330,272038
2021-07-11,ET,Ethiopia,AFRO,616,276984,13,4343,272641
2021-07-18,ET,Ethiopia,AFRO,631,277615,11,4354,273261
2021-07-25,ET,Ethiopia,AFRO,831,278446,13,4367,274079
2021-08-01,ET,Ethiopia,AFRO,1919,280365,18,4385,275980
2021-08-08,ET,Ethiopia,AFRO,3302,283667,36,4421,279246
2021-08-15,ET,Ethiopia,AFRO,5121,288788,50,4471,284317
2021-08-22,ET,Ethiopia,AFRO,6231,295019,82,4553,290466
2021-08-29,ET,Ethiopia,AFRO,10058,305077,78,4631,300446
2021-09-05,ET,Ethiopia,AFRO,8391,313468,118,4749,308719
2021-09-12,ET,Ethiopia,AFRO,9269,322737,158,4907,317830
2021-09-19,ET,Ethiopia,AFRO,9266,332003,208,5115,326888
2021-09-26,ET,Ethiopia,AFRO,8842,340845,254,5369,335476
2021-10-03,ET,Ethiopia,AFRO,7127,347972,306,5675,342297
2021-10-10,ET,Ethiopia,AFRO,6061,354033,275,5950,348083
2021-10-17,ET,Ethiopia,AFRO,4706,358739,247,6197,352542
2021-10-24,ET,Ethiopia,AFRO,2908,361647,136,6333,355314
2021-10-31,ET,Ethiopia,AFRO,3313,364960,118,6451,358509
2021-11-07,ET,Ethiopia,AFRO,2102,367062,80,6531,360531
2021-11-14,ET,Ethiopia,AFRO,1584,368646,82,6613,362033
2021-11-21,ET,Ethiopia,AFRO,1408,370054,59,6672,363382
2021-11-28,ET,Ethiopia,AFRO,1123,371177,64,6736,364441
2021-12-05,ET,Ethiopia,AFRO,913,372090,58,6794,365296
2021-12-12,ET,Ethiopia,AFRO,910,373000,35,6829,366171
2021-12-19,ET,Ethiopia,AFRO,2810,375810,32,6861,368949
2021-12-26,ET,Ethiopia,AFRO,19940,395750,33,6894,388856
2022-01-02,ET,Ethiopia,AFRO,28590,424340,53,6947,417393
2022-01-09,ET,Ethiopia,AFRO,18999,443339,73,7020,436319
2022-01-16,ET,Ethiopia,AFRO,12940,456279,111,7131,449148
2022-01-23,ET,Ethiopia,AFRO,5454,461733,105,7236,454497
2022-01-30,ET,Ethiopia,AFRO,3021,464754,91,7327,457427
2022-02-06,ET,Ethiopia,AFRO,1701,466455,29,7356,459099
2022-02-13,ET,Ethiopia,AFRO,944,467399,65,7421,459978
2022-02-20,ET,Ethiopia,AFRO,885,468284,17,7438,460846
2022-02-27,ET,Ethiopia,AFRO,341,468625,20,7458,461167
2022-03-06,ET,Ethiopia,AFRO,305,468930,18,7476,461454
2022-03-13,ET,Ethiopia,AFRO,240,469170,9,7485,461685
2022-03-20,ET,Ethiopia,AFRO,271,469441,4,7489,461952
2022-03-27,ET,Ethiopia,AFRO,170,469611,3,7492,462119
2022-04-03,ET,Ethiopia,AFRO,195,469806,12,7504,462302
2022-04-10,ET,Ethiopia,AFRO,219,470025,5,7509,462516
2022-04-17,ET,Ethiopia,AFRO,234,470259,0,7509,462750
2022-04-24,ET,Ethiopia,AFRO,158,470417,1,7510,462907
2022-05-01,ET,Ethiopia,AFRO,151,470568,0,7510,463058
2022-05-08,ET,Ethiopia,AFRO,162,470730,0,7510,463220
2022-05-15,ET,Ethiopia,AFRO,207,470937,0,7510,463427
2022-05-22,ET,Ethiopia,AFRO,406,471343,2,7512,463831
2022-05-29,ET,Ethiopia,AFRO,889,472232,1,7513,464719
2022-06-05,ET,Ethiopia,AFRO,2483,474715,2,7515,467200
2022-06-12,ET,Ethiopia,AFRO,3829,478544,1,7516,471028
2022-06-19,ET,Ethiopia,AFRO,5195,483739,6,7522,476217
2022-06-26,ET,Ethiopia,AFRO,3478,487217,8,7530,479687
2022-07-03,ET,Ethiopia,AFRO,2038,489255,8,7538,481717
2022-07-10,ET,Ethiopia,AFRO,1041,490296,13,7551,482745
2022-07-17,ET,Ethiopia,AFRO,735,491031,10,7561,483470
2022-07-24,ET,Ethiopia,AFRO,698,491729,5,7566,484163
2022-07-31,ET,Ethiopia,AFRO,465,492194,2,7568,484626
2022-08-07,ET,Ethiopia,AFRO,282,492476,1,7569,484907
2022-08-14,ET,Ethiopia,AFRO,262,492738,0,7569,485169
2022-08-21,ET,Ethiopia,AFRO,222,492960,2,7571,485389
2022-08-28,ET,Ethiopia,AFRO,172,493132,0,7571,485561
2022-09-04,ET,Ethiopia,AFRO,102,493234,1,7572,485662
2022-09-11,ET,Ethiopia,AFRO,106,493340,0,7572,485768
2022-09-18,ET,Ethiopia,AFRO,89,493429,0,7572,485857
2022-09-25,ET,Ethiopia,AFRO,76,493505,0,7572,485933
2022-10-02,ET,Ethiopia,AFRO,82,493587,0,7572,486015
2022-10-09,ET,Ethiopia,AFRO,95,493682,0,7572,486110
2022-10-16,ET,Ethiopia,AFRO,99,493781,0,7572,486209
2022-10-23,ET,Ethiopia,AFRO,83,493864,0,7572,486292
2022-10-30,ET,Ethiopia,AFRO,75,493939,0,7572,486367
2022-11-06,ET,Ethiopia,AFRO,100,494039,0,7572,486467
2022-11-13,ET,Ethiopia,AFRO,141,494180,0,7572,486608
2022-11-20,ET,Ethiopia,AFRO,120,494300,0,7572,486728
2022-11-27,ET,Ethiopia,AFRO,162,494462,0,7572,486890
2022-12-04,ET,Ethiopia,AFRO,264,494726,0,7572,487154
2022-12-11,ET,Ethiopia,AFRO,470,495196,0,7572,487624
2022-12-18,ET,Ethiopia,AFRO,887,496083,0,7572,488511
2022-12-25,ET,Ethiopia,AFRO,1013,497096,0,7572,489524
2023-01-01,ET,Ethiopia,AFRO,905,498001,0,7572,490429
2023-01-08,ET,Ethiopia,AFRO,659,498660,0,7572,491088
2023-01-15,ET,Ethiopia,AFRO,422,499082,0,7572,491510
2023-01-22,ET,Ethiopia,AFRO,213,499295,0,7572,491723
2023-01-29,ET,Ethiopia,AFRO,171,499466,0,7572,491894
2023-02-05,ET,Ethiopia,AFRO,177,499643,0,7572,492071
2023-02-12,ET,Ethiopia,AFRO,118,499761,0,7572,492189
2023-02-19,ET,Ethiopia,AFRO,98,499859,0,7572,492287
2023-02-26,ET,Ethiopia,AFRO,100,499959,0,7572,492387
2023-03-05,ET,Ethiopia,AFRO,80,500039,0,7572,492467
2023-03-12,ET,Ethiopia,AFRO,111,500150,0,7572,492578
2023-03-19,ET,Ethiopia,AFRO,109,500259,0,7572,492687
2023-03-26,ET,Ethiopia,AFRO,177,500436,1,7573,492863
2023-04-02,ET,Ethiopia,AFRO,128,500564,0,7573,492991
2023-04-09,ET,Ethiopia,AFRO,143,500707,0,7573,493134
2023-04-16,ET,Ethiopia,AFRO,67,500774,1,7574,493200
2023-04-23,ET,Ethiopia,AFRO,40,500814,0,7574,493240
2023-04-30,ET,Ethiopia,AFRO,17,500831,0,7574,493257
2023-05-07,ET,Ethiopia,AFRO,22,500853,0,7574,493279
2023-05-14,ET,Ethiopia,AFRO,15,500868,0,7574,493294
2023-05-21,ET,Ethiopia,AFRO,9,500877,0,7574,493303
2023-05-28,ET,Ethiopia,AFRO,13,500890,0,7574,493316
2023-06-04,ET,Ethiopia,AFRO,18,500908,0,7574,493334
2023-06-11,ET,Ethiopia,AFRO,8,500916,0,7574,493342
2023-06-18,ET,Ethiopia,AFRO,4,500920,0,7574,493346
2023-06-25,ET,Ethiopia,AFRO,0,500920,0,7574,493346
2023-07-02,ET,Ethiopia,AFRO,0,500920,0,7574,493346
2023-07-09,ET,Ethiopia,AFRO,23,500943,0,7574,493369
2023-07-16,ET,Ethiopia,AFRO,3,500946,0,7574,493372
2023-07-23,ET,Ethiopia,AFRO,0,500946,0,7574,493372
2023-07-30,ET,Ethiopia,AFRO,0,500946,0,7574,493372
2023-08-06,ET,Ethiopia,AFRO,45,500991,0,7574,493417
2023-08-13,ET,Ethiopia,AFRO,0,500991,0,7574,493417
2023-08-20,ET,Ethiopia,AFRO,0,500991,0,7574,493417
2023-08-27,ET,Ethiopia,AFRO,0,500991,0,7574,493417
2023-09-03,ET,Ethiopia,AFRO,46,501037,0,7574,493463
2023-09-10,ET,Ethiopia,AFRO,12,501049,0,7574,493475
2023-09-17,ET,Ethiopia,AFRO,11,501060,0,7574,493486
2023-09-24,ET,Ethiopia,AFRO,0,501060,0,7574,493486
2023-10-01,ET,Ethiopia,AFRO,0,501060,0,7574,493486
2023-10-08,ET,Ethiopia,AFRO,4,501064,0,7574,493490
2023-10-15,ET,Ethiopia,AFRO,1,501065,0,7574,493491
2023-10-22,ET,Ethiopia,AFRO,7,501072,0,7574,493498
2023-10-29,ET,Ethiopia,AFRO,5,501077,0,7574,493503
2023-11-05,ET,Ethiopia,AFRO,10,501087,0,7574,493513
2023-11-12,ET,Ethiopia,AFRO,5,501092,0,7574,493518
2023-11-19,ET,Ethiopia,AFRO,1,501093,0,7574,493519
2023-11-26,ET,Ethiopia,AFRO,11,501104,0,7574,493530
2023-12-03,ET,Ethiopia,AFRO,13,501117,0,7574,493543
2023-12-10,ET,Ethiopia,AFRO,0,501117,0,7574,493543
2023-12-17,ET,Ethiopia,AFRO,0,501117,0,7574,493543
2023-12-24,ET,Ethiopia,AFRO,0,501117,0,7574,493543
2023-12-31,ET,Ethiopia,AFRO,0,501117,0,7574,493543
2024-01-07,ET,Ethiopia,AFRO,0,501117,0,7574,493543
2024-01-14,ET,Ethiopia,AFRO,0,501117,0,7574,493543
2024-01-21,ET,Ethiopia,AFRO,0,501117,0,7574,493543
2024-01-28,ET,Ethiopia,AFRO,0,501117,0,7574,493543
2024-02-04,ET,Ethiopia,AFRO,0,501117,0,7574,493543
2024-02-11,ET,Ethiopia,AFRO,40,501157,0,7574,493583
2024-02-18,ET,Ethiopia,AFRO,0,501157,0,7574,493583
2024-02-25,ET,Ethiopia,AFRO,0,501157,0,7574,493583
2024-03-03,ET,Ethiopia,AFRO,0,501157,0,7574,493583
2024-03-10,ET,Ethiopia,AFRO,0,501157,0,7574,493583
2024-03-17,ET,Ethiopia,AFRO,0,501157,0,7574,493583
2024-03-24,ET,Ethiopia,AFRO,0,501157,0,7574,493583
2024-03-31,ET,Ethiopia,AFRO,1,501158,0,7574,493584
2024-04-07,ET,Ethiopia,AFRO,4,501162,0,7574,493588
2024-04-14,ET,Ethiopia,AFRO,1,501163,0,7574,493589
2024-04-21,ET,Ethiopia,AFRO,2,501165,0,7574,493591
2024-04-28,ET,Ethiopia,AFRO,2,501167,0,7574,493593
2024-05-05,ET,Ethiopia,AFRO,0,501167,0,7574,493593
2024-05-12,ET,Ethiopia,AFRO,1,501168,0,7574,493594
2024-05-19,ET,Ethiopia,AFRO,2,501170,0,7574,493596
2024-05-26,ET,Ethiopia,AFRO,1,501171,0,7574,493597
2024-06-02,ET,Ethiopia,AFRO,0,501171,0,7574,493597
2024-06-09,ET,Ethiopia,AFRO,1,501172,0,7574,493598
2024-06-16,ET,Ethiopia,AFRO,0,501172,0,7574,493598
2024-06-23,ET,Ethiopia,AFRO,1,501173,0,7574,493599
2024-06-30,ET,Ethiopia,AFRO,2,501175,0,7574,493601
2024-07-07,ET,Ethiopia,AFRO,4,501179,0,7574,493605
2024-07-14,ET,Ethiopia,AFRO,3,501182,0,7574,493608
2024-07-21,ET,Ethiopia,AFRO,3,501185,0,7574,493611
2024-07-28,ET,Ethiopia,AFRO,8,501193,0,7574,493619
2024-08-04,ET,Ethiopia,AFRO,3,501196,0,7574,493622
2024-08-11,ET,Ethiopia,AFRO,5,501201,0,7574,493627
2024-08-18,ET,Ethiopia,AFRO,19,501220,0,7574,493646
2024-08-25,ET,Ethiopia,AFRO,2,501222,0,7574,493648
2024-09-01,ET,Ethiopia,AFRO,1,501223,0,7574,493649
2024-09-08,ET,Ethiopia,AFRO,0,501223,0,7574,493649
2024-09-15,ET,Ethiopia,AFRO,1,501224,0,7574,493650
2024-09-22,ET,Ethiopia,AFRO,2,501226,0,7574,493652
2024-09-29,ET,Ethiopia,AFRO,7,501233,0,7574,493659
2024-10-06,ET,Ethiopia,AFRO,2,501235,0,7574,493661
2024-10-13,ET,Ethiopia,AFRO,2,501237,0,7574,493663
2024-10-20,ET,Ethiopia,AFRO,2,501239,0,7574,493665
2024-10-27,ET,Ethiopia,AFRO,5,501244,0,7574,493670
2024-11-03,ET,Ethiopia,AFRO,0,501244,0,7574,493670
2024-11-10,ET,Ethiopia,AFRO,0,501244,0,7574,493670
2024-11-17,ET,Ethiopia,AFRO,0,501244,0,7574,493670
2020-01-05,FJ,Fiji,WPRO,0,0,0,0,0
2020-01-12,FJ,Fiji,WPRO,0,0,0,0,0
2020-01-19,FJ,Fiji,WPRO,0,0,0,0,0
2020-01-26,FJ,Fiji,WPRO,0,0,0,0,0
2020-02-02,FJ,Fiji,WPRO,0,0,0,0,0
2020-02-09,FJ,Fiji,WPRO,0,0,0,0,0
2020-02-16,FJ,Fiji,WPRO,0,0,0,0,0
2020-02-23,FJ,Fiji,WPRO,0,0,0,0,0
2020-03-01,FJ,Fiji,WPRO,0,0,0,0,0
2020-03-08,FJ,Fiji,WPRO,0,0,0,0,0
2020-03-15,FJ,Fiji,WPRO,0,0,0,0,0
2020-03-22,FJ,Fiji,WPRO,2,2,0,0,2
2020-03-29,FJ,Fiji,WPRO,3,5,0,0,5
2020-04-05,FJ,Fiji,WPRO,7,12,0,0,12
2020-04-12,FJ,Fiji,WPRO,4,16,0,0,16
2020-04-19,FJ,Fiji,WPRO,1,17,0,0,17
2020-04-26,FJ,Fiji,WPRO,1,18,0,0,18
2020-05-03,FJ,Fiji,WPRO,0,18,0,0,18
2020-05-10,FJ,Fiji,WPRO,0,18,0,0,18
2020-05-17,FJ,Fiji,WPRO,0,18,0,0,18
2020-05-24,FJ,Fiji,WPRO,0,18,0,0,18
2020-05-31,FJ,Fiji,WPRO,0,18,0,0,18
2020-06-07,FJ,Fiji,WPRO,0,18,0,0,18
2020-06-14,FJ,Fiji,WPRO,0,18,0,0,18
2020-06-21,FJ,Fiji,WPRO,0,18,0,0,18
2020-06-28,FJ,Fiji,WPRO,0,18,0,0,18
2020-07-05,FJ,Fiji,WPRO,0,18,0,0,18
2020-07-12,FJ,Fiji,WPRO,8,26,0,0,26
2020-07-19,FJ,Fiji,WPRO,0,26,0,0,26
2020-07-26,FJ,Fiji,WPRO,1,27,0,0,27
2020-08-02,FJ,Fiji,WPRO,0,27,1,1,26
2020-08-09,FJ,Fiji,WPRO,0,27,0,1,26
2020-08-16,FJ,Fiji,WPRO,1,28,0,1,27
2020-08-23,FJ,Fiji,WPRO,0,28,0,1,27
2020-08-30,FJ,Fiji,WPRO,0,28,1,2,26
2020-09-06,FJ,Fiji,WPRO,3,31,0,2,29
2020-09-13,FJ,Fiji,WPRO,1,32,0,2,30
2020-09-20,FJ,Fiji,WPRO,0,32,0,2,30
2020-09-27,FJ,Fiji,WPRO,0,32,0,2,30
2020-10-04,FJ,Fiji,WPRO,0,32,0,2,30
2020-10-11,FJ,Fiji,WPRO,0,32,0,2,30
2020-10-18,FJ,Fiji,WPRO,0,32,0,2,30
2020-10-25,FJ,Fiji,WPRO,1,33,0,2,31
2020-11-01,FJ,Fiji,WPRO,1,34,0,2,32
2020-11-08,FJ,Fiji,WPRO,0,34,0,2,32
2020-11-15,FJ,Fiji,WPRO,1,35,0,2,33
2020-11-22,FJ,Fiji,WPRO,0,35,0,2,33
2020-11-29,FJ,Fiji,WPRO,3,38,0,2,36
2020-12-06,FJ,Fiji,WPRO,6,44,0,2,42
2020-12-13,FJ,Fiji,WPRO,0,44,0,2,42
2020-12-20,FJ,Fiji,WPRO,2,46,0,2,44
2020-12-27,FJ,Fiji,WPRO,0,46,0,2,44
2021-01-03,FJ,Fiji,WPRO,3,49,0,2,47
2021-01-10,FJ,Fiji,WPRO,4,53,0,2,51
2021-01-17,FJ,Fiji,WPRO,2,55,0,2,53
2021-01-24,FJ,Fiji,WPRO,0,55,0,2,53
2021-01-31,FJ,Fiji,WPRO,0,55,0,2,53
2021-02-07,FJ,Fiji,WPRO,1,56,0,2,54
2021-02-14,FJ,Fiji,WPRO,0,56,0,2,54
2021-02-21,FJ,Fiji,WPRO,0,56,0,2,54
2021-02-28,FJ,Fiji,WPRO,3,59,0,2,57
2021-03-07,FJ,Fiji,WPRO,4,63,0,2,61
2021-03-14,FJ,Fiji,WPRO,3,66,0,2,64
2021-03-21,FJ,Fiji,WPRO,1,67,0,2,65
2021-03-28,FJ,Fiji,WPRO,0,67,0,2,65
2021-04-04,FJ,Fiji,WPRO,0,67,0,2,65
2021-04-11,FJ,Fiji,WPRO,1,68,0,2,66
2021-04-18,FJ,Fiji,WPRO,6,74,0,2,72
2021-04-25,FJ,Fiji,WPRO,17,91,0,2,89
2021-05-02,FJ,Fiji,WPRO,28,119,0,2,117
2021-05-09,FJ,Fiji,WPRO,20,139,1,3,136
2021-05-16,FJ,Fiji,WPRO,33,172,1,4,168
2021-05-23,FJ,Fiji,WPRO,58,230,0,4,226
2021-05-30,FJ,Fiji,WPRO,171,401,0,4,397
2021-06-06,FJ,Fiji,WPRO,286,687,0,4,683
2021-06-13,FJ,Fiji,WPRO,430,1117,0,4,1113
2021-06-20,FJ,Fiji,WPRO,847,1964,3,7,1957
2021-06-27,FJ,Fiji,WPRO,1627,3591,8,15,3576
2021-07-04,FJ,Fiji,WPRO,2570,6161,15,30,6131
2021-07-11,FJ,Fiji,WPRO,4351,10512,25,55,10457
2021-07-18,FJ,Fiji,WPRO,7002,17514,43,98,17416
2021-07-25,FJ,Fiji,WPRO,5625,23139,88,186,22953
2021-08-01,FJ,Fiji,WPRO,7274,30413,55,241,30172
2021-08-08,FJ,Fiji,WPRO,6566,36979,58,299,36680
2021-08-15,FJ,Fiji,WPRO,3258,40237,72,371,39866
2021-08-22,FJ,Fiji,WPRO,3360,43597,67,438,43159
2021-08-29,FJ,Fiji,WPRO,2430,46027,41,479,45548
2021-09-05,FJ,Fiji,WPRO,1838,47865,29,508,47357
2021-09-12,FJ,Fiji,WPRO,1121,48986,27,535,48451
2021-09-19,FJ,Fiji,WPRO,973,49959,31,566,49393
2021-09-26,FJ,Fiji,WPRO,796,50755,24,590,50165
2021-10-03,FJ,Fiji,WPRO,447,51202,43,633,50569
2021-10-10,FJ,Fiji,WPRO,297,51499,20,653,50846
2021-10-17,FJ,Fiji,WPRO,202,51701,8,661,51040
2021-10-24,FJ,Fiji,WPRO,313,52014,12,673,51341
2021-10-31,FJ,Fiji,WPRO,157,52171,1,674,51497
2021-11-07,FJ,Fiji,WPRO,105,52276,0,674,51602
2021-11-14,FJ,Fiji,WPRO,133,52409,20,694,51715
2021-11-21,FJ,Fiji,WPRO,51,52460,1,695,51765
2021-11-28,FJ,Fiji,WPRO,34,52494,1,696,51798
2021-12-05,FJ,Fiji,WPRO,58,52552,1,697,51855
2021-12-12,FJ,Fiji,WPRO,37,52589,0,697,51892
2021-12-19,FJ,Fiji,WPRO,57,52646,0,697,51949
2021-12-26,FJ,Fiji,WPRO,298,52944,0,697,52247
2022-01-02,FJ,Fiji,WPRO,1890,54834,3,700,54134
2022-01-09,FJ,Fiji,WPRO,2922,57756,9,709,57047
2022-01-16,FJ,Fiji,WPRO,1700,59456,21,730,58726
2022-01-23,FJ,Fiji,WPRO,1525,60981,38,768,60213
2022-01-30,FJ,Fiji,WPRO,1414,62395,30,798,61597
2022-02-06,FJ,Fiji,WPRO,886,63281,13,811,62470
2022-02-13,FJ,Fiji,WPRO,220,63501,8,819,62682
2022-02-20,FJ,Fiji,WPRO,123,63624,5,824,62800
2022-02-27,FJ,Fiji,WPRO,203,63827,9,833,62994
2022-03-06,FJ,Fiji,WPRO,192,64019,1,834,63185
2022-03-13,FJ,Fiji,WPRO,48,64067,0,834,63233
2022-03-20,FJ,Fiji,WPRO,242,64309,0,834,63475
2022-03-27,FJ,Fiji,WPRO,67,64376,0,834,63542
2022-04-03,FJ,Fiji,WPRO,41,64417,0,834,63583
2022-04-10,FJ,Fiji,WPRO,75,64492,0,834,63658
2022-04-17,FJ,Fiji,WPRO,10,64502,28,862,63640
2022-04-24,FJ,Fiji,WPRO,22,64524,0,862,63662
2022-05-01,FJ,Fiji,WPRO,110,64634,0,862,63772
2022-05-08,FJ,Fiji,WPRO,65,64699,0,862,63837
2022-05-15,FJ,Fiji,WPRO,74,64773,0,862,63911
2022-05-22,FJ,Fiji,WPRO,68,64841,0,862,63979
2022-05-29,FJ,Fiji,WPRO,100,64941,1,863,64078
2022-06-05,FJ,Fiji,WPRO,121,65062,1,864,64198
2022-06-12,FJ,Fiji,WPRO,95,65157,1,865,64292
2022-06-19,FJ,Fiji,WPRO,109,65266,0,865,64401
2022-06-26,FJ,Fiji,WPRO,197,65463,0,865,64598
2022-07-03,FJ,Fiji,WPRO,250,65713,1,866,64847
2022-07-10,FJ,Fiji,WPRO,403,66116,3,869,65247
2022-07-17,FJ,Fiji,WPRO,591,66707,1,870,65837
2022-07-24,FJ,Fiji,WPRO,480,67187,0,870,66317
2022-07-31,FJ,Fiji,WPRO,362,67549,3,873,66676
2022-08-07,FJ,Fiji,WPRO,254,67803,1,874,66929
2022-08-14,FJ,Fiji,WPRO,119,67922,1,875,67047
2022-08-21,FJ,Fiji,WPRO,106,68028,2,877,67151
2022-08-28,FJ,Fiji,WPRO,88,68116,1,878,67238
2022-09-04,FJ,Fiji,WPRO,61,68177,0,878,67299
2022-09-11,FJ,Fiji,WPRO,29,68206,0,878,67328
2022-09-18,FJ,Fiji,WPRO,15,68221,0,878,67343
2022-09-25,FJ,Fiji,WPRO,21,68242,0,878,67364
2022-10-02,FJ,Fiji,WPRO,3,68245,0,878,67367
2022-10-09,FJ,Fiji,WPRO,0,68245,0,878,67367
2022-10-16,FJ,Fiji,WPRO,3,68248,0,878,67370
2022-10-23,FJ,Fiji,WPRO,9,68257,0,878,67379
2022-10-30,FJ,Fiji,WPRO,7,68264,0,878,67386
2022-11-06,FJ,Fiji,WPRO,6,68270,0,878,67392
2022-11-13,FJ,Fiji,WPRO,17,68287,0,878,67409
2022-11-20,FJ,Fiji,WPRO,20,68307,0,878,67429
2022-11-27,FJ,Fiji,WPRO,68,68375,0,878,67497
2022-12-04,FJ,Fiji,WPRO,76,68451,0,878,67573
2022-12-11,FJ,Fiji,WPRO,102,68553,0,878,67675
2022-12-18,FJ,Fiji,WPRO,72,68625,0,878,67747
2022-12-25,FJ,Fiji,WPRO,77,68702,3,881,67821
2023-01-01,FJ,Fiji,WPRO,48,68750,0,881,67869
2023-01-08,FJ,Fiji,WPRO,21,68771,2,883,67888
2023-01-15,FJ,Fiji,WPRO,22,68793,0,883,67910
2023-01-22,FJ,Fiji,WPRO,15,68808,0,883,67925
2023-01-29,FJ,Fiji,WPRO,12,68820,0,883,67937
2023-02-05,FJ,Fiji,WPRO,28,68848,0,883,67965
2023-02-12,FJ,Fiji,WPRO,16,68864,0,883,67981
2023-02-19,FJ,Fiji,WPRO,12,68876,0,883,67993
2023-02-26,FJ,Fiji,WPRO,13,68889,0,883,68006
2023-03-05,FJ,Fiji,WPRO,8,68897,0,883,68014
2023-03-12,FJ,Fiji,WPRO,1,68898,0,883,68015
2023-03-19,FJ,Fiji,WPRO,6,68904,0,883,68021
2023-03-26,FJ,Fiji,WPRO,7,68911,0,883,68028
2023-04-02,FJ,Fiji,WPRO,3,68914,0,883,68031
2023-04-09,FJ,Fiji,WPRO,3,68917,0,883,68034
2023-04-16,FJ,Fiji,WPRO,1,68918,0,883,68035
2023-04-23,FJ,Fiji,WPRO,0,68918,0,883,68035
2023-04-30,FJ,Fiji,WPRO,3,68921,0,883,68038
2023-05-07,FJ,Fiji,WPRO,0,68921,0,883,68038
2023-05-14,FJ,Fiji,WPRO,0,68921,0,883,68038
2023-05-21,FJ,Fiji,WPRO,0,68921,0,883,68038
2023-05-28,FJ,Fiji,WPRO,0,68921,0,883,68038
2023-06-04,FJ,Fiji,WPRO,0,68921,0,883,68038
2023-06-11,FJ,Fiji,WPRO,108,69029,1,884,68145
2023-06-18,FJ,Fiji,WPRO,7,69036,1,885,68151
2023-06-25,FJ,Fiji,WPRO,0,69036,0,885,68151
2023-07-02,FJ,Fiji,WPRO,11,69047,0,885,68162
2023-07-09,FJ,Fiji,WPRO,0,69047,0,885,68162
2023-07-16,FJ,Fiji,WPRO,0,69047,0,885,68162
2023-07-23,FJ,Fiji,WPRO,0,69047,0,885,68162
2023-07-30,FJ,Fiji,WPRO,0,69047,0,885,68162
2023-08-06,FJ,Fiji,WPRO,0,69047,0,885,68162
2023-08-13,FJ,Fiji,WPRO,0,69047,0,885,68162
2023-08-20,FJ,Fiji,WPRO,0,69047,0,885,68162
2023-08-27,FJ,Fiji,WPRO,0,69047,0,885,68162
2023-09-03,FJ,Fiji,WPRO,0,69047,0,885,68162
2023-09-10,FJ,Fiji,WPRO,0,69047,0,885,68162
2023-09-17,FJ,Fiji,WPRO,0,69047,0,885,68162
2023-09-24,FJ,Fiji,WPRO,0,69047,0,885,68162
2023-10-01,FJ,Fiji,WPRO,0,69047,0,885,68162
2023-10-08,FJ,Fiji,WPRO,0,69047,0,885,68162
2023-10-15,FJ,Fiji,WPRO,0,69040,0,885,68155
2023-10-22,FJ,Fiji,WPRO,7,69047,0,885,68162
2023-10-29,FJ,Fiji,WPRO,0,69047,0,885,68162
2023-11-05,FJ,Fiji,WPRO,0,69047,0,885,68162
2023-11-12,FJ,Fiji,WPRO,0,69047,0,885,68162
2023-11-19,FJ,Fiji,WPRO,0,69047,0,885,68162
2023-11-26,FJ,Fiji,WPRO,0,69047,0,885,68162
2023-12-03,FJ,Fiji,WPRO,0,69047,0,885,68162
2023-12-10,FJ,Fiji,WPRO,0,69047,0,885,68162
2023-12-17,FJ,Fiji,WPRO,0,69047,0,885,68162
2023-12-24,FJ,Fiji,WPRO,0,69047,0,885,68162
2023-12-31,FJ,Fiji,WPRO,0,69047,0,885,68162
2024-01-07,FJ,Fiji,WPRO,0,69047,0,885,68162
2024-01-14,FJ,Fiji,WPRO,0,69047,0,885,68162
2024-01-21,FJ,Fiji,WPRO,0,69047,0,885,68162
2024-01-28,FJ,Fiji,WPRO,0,69047,0,885,68162
2024-02-04,FJ,Fiji,WPRO,0,69047,0,885,68162
2024-02-11,FJ,Fiji,WPRO,0,69047,0,885,68162
2024-02-18,FJ,Fiji,WPRO,0,69047,0,885,68162
2024-02-25,FJ,Fiji,WPRO,0,69047,0,885,68162
2024-03-03,FJ,Fiji,WPRO,0,69047,0,885,68162
2024-03-10,FJ,Fiji,WPRO,0,69047,0,885,68162
2024-03-17,FJ,Fiji,WPRO,0,69047,0,885,68162
2024-03-24,FJ,Fiji,WPRO,0,69047,0,885,68162
2024-03-31,FJ,Fiji,WPRO,0,69047,0,885,68162
2024-04-07,FJ,Fiji,WPRO,0,69047,0,885,68162
2024-04-14,FJ,Fiji,WPRO,0,69047,0,885,68162
2024-04-21,FJ,Fiji,WPRO,0,69047,0,885,68162
2024-04-28,FJ,Fiji,WPRO,0,69047,0,885,68162
2024-05-05,FJ,Fiji,WPRO,0,69047,0,885,68162
2024-05-12,FJ,Fiji,WPRO,0,69047,0,885,68162
2024-05-19,FJ,Fiji,WPRO,0,69047,0,885,68162
2024-05-26,FJ,Fiji,WPRO,0,69047,0,885,68162
2024-06-02,FJ,Fiji,WPRO,0,69047,0,885,68162
2024-06-09,FJ,Fiji,WPRO,0,69047,0,885,68162
2024-06-16,FJ,Fiji,WPRO,0,69047,0,885,68162
2024-06-23,FJ,Fiji,WPRO,0,69047,0,885,68162
2024-06-30,FJ,Fiji,WPRO,0,69047,0,885,68162
2024-07-07,FJ,Fiji,WPRO,0,69047,0,885,68162
2024-07-14,FJ,Fiji,WPRO,0,69047,0,885,68162
2024-07-21,FJ,Fiji,WPRO,0,69047,0,885,68162
2024-07-28,FJ,Fiji,WPRO,0,69047,0,885,68162
2024-08-04,FJ,Fiji,WPRO,0,69047,0,885,68162
2024-08-11,FJ,Fiji,WPRO,0,69047,0,885,68162
2024-08-18,FJ,Fiji,WPRO,0,69047,0,885,68162
2024-08-25,FJ,Fiji,WPRO,0,69047,0,885,68162
2024-09-01,FJ,Fiji,WPRO,0,69047,0,885,68162
2024-09-08,FJ,Fiji,WPRO,0,69047,0,885,68162
2024-09-15,FJ,Fiji,WPRO,0,69047,0,885,68162
2024-09-22,FJ,Fiji,WPRO,0,69047,0,885,68162
2024-09-29,FJ,Fiji,WPRO,0,69047,0,885,68162
2024-10-06,FJ,Fiji,WPRO,0,69047,0,885,68162
2024-10-13,FJ,Fiji,WPRO,0,69047,0,885,68162
2024-10-20,FJ,Fiji,WPRO,0,69047,0,885,68162
2024-10-27,FJ,Fiji,WPRO,0,69047,0,885,68162
2024-11-03,FJ,Fiji,WPRO,0,69047,0,885,68162
2024-11-10,FJ,Fiji,WPRO,0,69047,0,885,68162
2024-11-17,FJ,Fiji,WPRO,0,69047,0,885,68162
2020-01-05,FI,Finland,EURO,0,0,0,0,0
2020-01-12,FI,Finland,EURO,0,0,0,0,0
2020-01-19,FI,Finland,EURO,0,0,0,0,0
2020-01-26,FI,Finland,EURO,0,0,0,0,0
2020-02-02,FI,Finland,EURO,1,1,0,0,1
2020-02-09,FI,Finland,EURO,0,1,0,0,1
2020-02-16,FI,Finland,EURO,1,2,0,0,2
2020-02-23,FI,Finland,EURO,0,2,0,0,2
2020-03-01,FI,Finland,EURO,6,8,0,0,8
2020-03-08,FI,Finland,EURO,112,120,1,1,119
2020-03-15,FI,Finland,EURO,652,772,18,19,753
2020-03-22,FI,Finland,EURO,806,1578,43,62,1516
2020-03-29,FI,Finland,EURO,1105,2683,62,124,2559
2020-04-05,FI,Finland,EURO,769,3452,65,189,3263
2020-04-12,FI,Finland,EURO,743,4195,43,232,3963
2020-04-19,FI,Finland,EURO,699,4894,22,254,4640
2020-04-26,FI,Finland,EURO,627,5521,28,282,5239
2020-05-03,FI,Finland,EURO,444,5965,8,290,5675
2020-05-10,FI,Finland,EURO,260,6225,6,296,5929
2020-05-17,FI,Finland,EURO,190,6415,2,298,6117
2020-05-24,FI,Finland,EURO,112,6527,1,299,6228
2020-05-31,FI,Finland,EURO,64,6591,0,299,6292
2020-06-07,FI,Finland,EURO,56,6647,0,299,6348
2020-06-14,FI,Finland,EURO,57,6704,3,302,6402
2020-06-21,FI,Finland,EURO,47,6751,1,303,6448
2020-06-28,FI,Finland,EURO,39,6790,0,303,6487
2020-07-05,FI,Finland,EURO,35,6825,0,303,6522
2020-07-12,FI,Finland,EURO,52,6877,1,304,6573
2020-07-19,FI,Finland,EURO,63,6940,2,306,6634
2020-07-26,FI,Finland,EURO,151,7091,1,307,6784
2020-08-02,FI,Finland,EURO,152,7243,0,307,6936
2020-08-09,FI,Finland,EURO,224,7467,1,308,7159
2020-08-16,FI,Finland,EURO,136,7603,0,308,7295
2020-08-23,FI,Finland,EURO,210,7813,2,310,7503
2020-08-30,FI,Finland,EURO,308,8121,5,315,7806
2020-09-06,FI,Finland,EURO,398,8519,4,319,8200
2020-09-13,FI,Finland,EURO,663,9182,3,322,8860
2020-09-20,FI,Finland,EURO,890,10072,3,325,9747
2020-09-27,FI,Finland,EURO,1670,11742,5,330,11412
2020-10-04,FI,Finland,EURO,1318,13060,5,335,12725
2020-10-11,FI,Finland,EURO,1249,14309,5,340,13969
2020-10-18,FI,Finland,EURO,1390,15699,3,343,15356
2020-10-25,FI,Finland,EURO,1450,17149,1,344,16805
2020-11-01,FI,Finland,EURO,1515,18664,19,363,18301
2020-11-08,FI,Finland,EURO,2229,20893,19,382,20511
2020-11-15,FI,Finland,EURO,3069,23962,41,423,23539
2020-11-22,FI,Finland,EURO,3042,27004,38,461,26543
2020-11-29,FI,Finland,EURO,2941,29945,41,502,29443
2020-12-06,FI,Finland,EURO,2471,32416,39,541,31875
2020-12-13,FI,Finland,EURO,1952,34368,27,568,33800
2020-12-20,FI,Finland,EURO,1785,36153,23,591,35562
2020-12-27,FI,Finland,EURO,1899,38052,27,618,37434
2021-01-03,FI,Finland,EURO,1772,39824,36,654,39170
2021-01-10,FI,Finland,EURO,2219,42043,23,677,41366
2021-01-17,FI,Finland,EURO,2594,44637,15,692,43945
2021-01-24,FI,Finland,EURO,2633,47270,16,708,46562
2021-01-31,FI,Finland,EURO,2443,49713,16,724,48989
2021-02-07,FI,Finland,EURO,3278,52991,20,744,52247
2021-02-14,FI,Finland,EURO,3726,56717,30,774,55943
2021-02-21,FI,Finland,EURO,4513,61230,17,791,60439
2021-02-28,FI,Finland,EURO,4665,65895,26,817,65078
2021-03-07,FI,Finland,EURO,4876,70771,17,834,69937
2021-03-14,FI,Finland,EURO,4342,75113,29,863,74250
2021-03-21,FI,Finland,EURO,3677,78790,16,879,77911
2021-03-28,FI,Finland,EURO,2740,81530,13,892,80638
2021-04-04,FI,Finland,EURO,2157,83687,12,904,82783
2021-04-11,FI,Finland,EURO,1654,85341,13,917,84424
2021-04-18,FI,Finland,EURO,1495,86836,10,927,85909
2021-04-25,FI,Finland,EURO,1465,88301,7,934,87367
2021-05-02,FI,Finland,EURO,1363,89664,7,941,88723
2021-05-09,FI,Finland,EURO,1495,91159,22,963,90196
2021-05-16,FI,Finland,EURO,984,92143,5,968,91175
2021-05-23,FI,Finland,EURO,778,92921,3,971,91950
2021-05-30,FI,Finland,EURO,618,93539,4,975,92564
2021-06-06,FI,Finland,EURO,491,94030,2,977,93053
2021-06-13,FI,Finland,EURO,744,94774,2,979,93795
2021-06-20,FI,Finland,EURO,1333,96107,0,979,95128
2021-06-27,FI,Finland,EURO,1485,97592,2,981,96611
2021-07-04,FI,Finland,EURO,2048,99640,5,986,98654
2021-07-11,FI,Finland,EURO,2602,102242,2,988,101254
2021-07-18,FI,Finland,EURO,4208,106450,12,1000,105450
2021-07-25,FI,Finland,EURO,4968,111418,12,1012,110406
2021-08-01,FI,Finland,EURO,5280,116698,10,1022,115676
2021-08-08,FI,Finland,EURO,4491,121189,10,1032,120157
2021-08-15,FI,Finland,EURO,4110,125299,11,1043,124256
2021-08-22,FI,Finland,EURO,4299,129598,14,1057,128541
2021-08-29,FI,Finland,EURO,3239,132837,13,1070,131767
2021-09-05,FI,Finland,EURO,3013,135850,11,1081,134769
2021-09-12,FI,Finland,EURO,2851,138701,14,1095,137606
2021-09-19,FI,Finland,EURO,3729,142430,21,1116,141314
2021-09-26,FI,Finland,EURO,4133,146563,29,1145,145418
2021-10-03,FI,Finland,EURO,3916,150479,31,1176,149303
2021-10-10,FI,Finland,EURO,3586,154065,18,1194,152871
2021-10-17,FI,Finland,EURO,4087,158152,41,1235,156917
2021-10-24,FI,Finland,EURO,4805,162957,40,1275,161682
2021-10-31,FI,Finland,EURO,5725,168682,55,1330,167352
2021-11-07,FI,Finland,EURO,6973,175655,49,1379,174276
2021-11-14,FI,Finland,EURO,7953,183608,60,1439,182169
2021-11-21,FI,Finland,EURO,8925,192533,58,1497,191036
2021-11-28,FI,Finland,EURO,9936,202469,44,1541,200928
2021-12-05,FI,Finland,EURO,12486,214955,47,1588,213367
2021-12-12,FI,Finland,EURO,19191,234146,47,1635,232511
2021-12-19,FI,Finland,EURO,36453,270599,83,1718,268881
2021-12-26,FI,Finland,EURO,52236,322835,118,1836,320999
2022-01-02,FI,Finland,EURO,61448,384283,130,1966,382317
2022-01-09,FI,Finland,EURO,59617,443900,137,2103,441797
2022-01-16,FI,Finland,EURO,50478,494378,119,2222,492156
2022-01-23,FI,Finland,EURO,45303,539681,140,2362,537319
2022-01-30,FI,Finland,EURO,45279,584960,122,2484,582476
2022-02-06,FI,Finland,EURO,44745,629705,131,2615,627090
2022-02-13,FI,Finland,EURO,45014,674719,156,2771,671948
2022-02-20,FI,Finland,EURO,44912,719631,161,2932,716699
2022-02-27,FI,Finland,EURO,48818,768449,191,3123,765326
2022-03-06,FI,Finland,EURO,54053,822502,208,3331,819171
2022-03-13,FI,Finland,EURO,54223,876725,255,3586,873139
2022-03-20,FI,Finland,EURO,48332,925057,211,3797,921260
2022-03-27,FI,Finland,EURO,38754,963811,200,3997,959814
2022-04-03,FI,Finland,EURO,33726,997537,205,4202,993335
2022-04-10,FI,Finland,EURO,26539,1024076,151,4353,1019723
2022-04-17,FI,Finland,EURO,20917,1044993,139,4492,1040501
2022-04-24,FI,Finland,EURO,17852,1062845,84,4576,1058269
2022-05-01,FI,Finland,EURO,15720,1078565,82,4658,1073907
2022-05-08,FI,Finland,EURO,11808,1090373,80,4738,1085635
2022-05-15,FI,Finland,EURO,10247,1100620,76,4814,1095806
2022-05-22,FI,Finland,EURO,11545,1112165,44,4858,1107307
2022-05-29,FI,Finland,EURO,10612,1122777,62,4920,1117857
2022-06-05,FI,Finland,EURO,10572,1133349,62,4982,1128367
2022-06-12,FI,Finland,EURO,11536,1144885,53,5035,1139850
2022-06-19,FI,Finland,EURO,11488,1156373,56,5091,1151282
2022-06-26,FI,Finland,EURO,11565,1167938,82,5173,1162765
2022-07-03,FI,Finland,EURO,14574,1182512,86,5259,1177253
2022-07-10,FI,Finland,EURO,16971,1199483,92,5351,1194132
2022-07-17,FI,Finland,EURO,17749,1217232,111,5462,1211770
2022-07-24,FI,Finland,EURO,15829,1233061,108,5570,1227491
2022-07-31,FI,Finland,EURO,13367,1246428,121,5691,1240737
2022-08-07,FI,Finland,EURO,11624,1258052,104,5795,1252257
2022-08-14,FI,Finland,EURO,7926,1265978,75,5870,1260108
2022-08-21,FI,Finland,EURO,6134,1272112,59,5929,1266183
2022-08-28,FI,Finland,EURO,6404,1278516,79,6008,1272508
2022-09-04,FI,Finland,EURO,8414,1286930,105,6113,1280817
2022-09-11,FI,Finland,EURO,8323,1295253,92,6205,1289048
2022-09-18,FI,Finland,EURO,10024,1305277,142,6347,1298930
2022-09-25,FI,Finland,EURO,12296,1317573,168,6515,1311058
2022-10-02,FI,Finland,EURO,13920,1331493,201,6716,1324777
2022-10-09,FI,Finland,EURO,13466,1344959,213,6929,1338030
2022-10-16,FI,Finland,EURO,12837,1357796,178,7107,1350689
2022-10-23,FI,Finland,EURO,12153,1369949,189,7296,1362653
2022-10-30,FI,Finland,EURO,12416,1382365,206,7502,1374863
2022-11-06,FI,Finland,EURO,12234,1394599,172,7674,1386925
2022-11-13,FI,Finland,EURO,11580,1406179,158,7832,1398347
2022-11-20,FI,Finland,EURO,11967,1418146,140,7972,1410174
2022-11-27,FI,Finland,EURO,11488,1429634,164,8136,1421498
2022-12-04,FI,Finland,EURO,10908,1440542,142,8278,1432264
2022-12-11,FI,Finland,EURO,8283,1448825,163,8441,1440384
2022-12-18,FI,Finland,EURO,4406,1453231,135,8576,1444655
2022-12-25,FI,Finland,EURO,2918,1456149,122,8698,1447451
2023-01-01,FI,Finland,EURO,1521,1457670,77,8775,1448895
2023-01-08,FI,Finland,EURO,1003,1458673,49,8824,1449849
2023-01-15,FI,Finland,EURO,715,1459388,36,8860,1450528
2023-01-22,FI,Finland,EURO,648,1460036,34,8894,1451142
2023-01-29,FI,Finland,EURO,579,1460615,22,8916,1451699
2023-02-05,FI,Finland,EURO,570,1461185,24,8940,1452245
2023-02-12,FI,Finland,EURO,651,1461836,43,8983,1452853
2023-02-19,FI,Finland,EURO,693,1462529,29,9012,1453517
2023-02-26,FI,Finland,EURO,747,1463276,30,9042,1454234
2023-03-05,FI,Finland,EURO,838,1464114,39,9081,1455033
2023-03-12,FI,Finland,EURO,1155,1465269,43,9124,1456145
2023-03-19,FI,Finland,EURO,1391,1466660,78,9202,1457458
2023-03-26,FI,Finland,EURO,1522,1468182,84,9286,1458896
2023-04-02,FI,Finland,EURO,1721,1469903,74,9360,1460543
2023-04-09,FI,Finland,EURO,1811,1471714,104,9464,1462250
2023-04-16,FI,Finland,EURO,1978,1473692,97,9561,1464131
2023-04-23,FI,Finland,EURO,1690,1475382,97,9658,1465724
2023-04-30,FI,Finland,EURO,1483,1476865,90,9748,1467117
2023-05-07,FI,Finland,EURO,1325,1478190,71,9819,1468371
2023-05-14,FI,Finland,EURO,979,1479169,69,9888,1469281
2023-05-21,FI,Finland,EURO,734,1479903,35,9923,1469980
2023-05-28,FI,Finland,EURO,605,1480508,35,9958,1470550
2023-06-04,FI,Finland,EURO,628,1481136,58,10016,1471120
2023-06-11,FI,Finland,EURO,531,1481667,41,10057,1471610
2023-06-18,FI,Finland,EURO,335,1482002,29,10086,1471916
2023-06-25,FI,Finland,EURO,226,1482228,21,10107,1472121
2023-07-02,FI,Finland,EURO,194,1482422,12,10119,1472303
2023-07-09,FI,Finland,EURO,155,1482577,13,10132,1472445
2023-07-16,FI,Finland,EURO,164,1482741,13,10145,1472596
2023-07-23,FI,Finland,EURO,174,1482915,11,10156,1472759
2023-07-30,FI,Finland,EURO,187,1483102,18,10174,1472928
2023-08-06,FI,Finland,EURO,246,1483348,15,10189,1473159
2023-08-13,FI,Finland,EURO,234,1483582,16,10205,1473377
2023-08-20,FI,Finland,EURO,315,1483897,22,10227,1473670
2023-08-27,FI,Finland,EURO,346,1484243,22,10249,1473994
2023-09-03,FI,Finland,EURO,436,1484679,31,10280,1474399
2023-09-10,FI,Finland,EURO,492,1485171,28,10308,1474863
2023-09-17,FI,Finland,EURO,564,1485735,36,10344,1475391
2023-09-24,FI,Finland,EURO,624,1486359,51,10395,1475964
2023-10-01,FI,Finland,EURO,842,1487201,74,10469,1476732
2023-10-08,FI,Finland,EURO,1241,1488442,90,10559,1477883
2023-10-15,FI,Finland,EURO,1935,1490377,119,10678,1479699
2023-10-22,FI,Finland,EURO,2857,1493234,114,10792,1482442
2023-10-29,FI,Finland,EURO,3629,1496863,59,10851,1486012
2023-11-05,FI,Finland,EURO,2585,1499448,164,11015,1488433
2023-11-12,FI,Finland,EURO,264,1499712,204,11219,1488493
2023-11-19,FI,Finland,EURO,0,1499712,108,11327,1488385
2023-11-26,FI,Finland,EURO,0,1499712,7,11334,1488378
2023-12-03,FI,Finland,EURO,0,1499712,15,11349,1488363
2023-12-10,FI,Finland,EURO,0,1499712,19,11368,1488344
2023-12-17,FI,Finland,EURO,0,1499712,16,11384,1488328
2023-12-24,FI,Finland,EURO,0,1499712,11,11395,1488317
2023-12-31,FI,Finland,EURO,0,1499712,13,11408,1488304
2024-01-07,FI,Finland,EURO,0,1499712,13,11421,1488291
2024-01-14,FI,Finland,EURO,0,1499712,18,11439,1488273
2024-01-21,FI,Finland,EURO,0,1499712,18,11457,1488255
2024-01-28,FI,Finland,EURO,0,1499712,4,11461,1488251
2024-02-04,FI,Finland,EURO,0,1499712,2,11463,1488249
2024-02-11,FI,Finland,EURO,0,1499712,2,11465,1488247
2024-02-18,FI,Finland,EURO,0,1499712,1,11466,1488246
2024-02-25,FI,Finland,EURO,0,1499712,0,11466,1488246
2024-03-03,FI,Finland,EURO,0,1499712,0,11466,1488246
2024-03-10,FI,Finland,EURO,0,1499712,0,11466,1488246
2024-03-17,FI,Finland,EURO,0,1499712,0,11466,1488246
2024-03-24,FI,Finland,EURO,0,1499712,0,11466,1488246
2024-03-31,FI,Finland,EURO,0,1499712,0,11466,1488246
2024-04-07,FI,Finland,EURO,0,1499712,0,11466,1488246
2024-04-14,FI,Finland,EURO,0,1499712,0,11466,1488246
2024-04-21,FI,Finland,EURO,0,1499712,0,11466,1488246
2024-04-28,FI,Finland,EURO,0,1499712,0,11466,1488246
2024-05-05,FI,Finland,EURO,0,1499712,0,11466,1488246
2024-05-12,FI,Finland,EURO,0,1499712,0,11466,1488246
2024-05-19,FI,Finland,EURO,0,1499712,0,11466,1488246
2024-05-26,FI,Finland,EURO,0,1499712,0,11466,1488246
2024-06-02,FI,Finland,EURO,0,1499712,0,11466,1488246
2024-06-09,FI,Finland,EURO,0,1499712,0,11466,1488246
2024-06-16,FI,Finland,EURO,0,1499712,0,11466,1488246
2024-06-23,FI,Finland,EURO,0,1499712,0,11466,1488246
2024-06-30,FI,Finland,EURO,0,1499712,0,11466,1488246
2024-07-07,FI,Finland,EURO,0,1499712,0,11466,1488246
2024-07-14,FI,Finland,EURO,0,1499712,0,11466,1488246
2024-07-21,FI,Finland,EURO,0,1499712,0,11466,1488246
2024-07-28,FI,Finland,EURO,0,1499712,0,11466,1488246
2024-08-04,FI,Finland,EURO,0,1499712,0,11466,1488246
2024-08-11,FI,Finland,EURO,0,1499712,0,11466,1488246
2024-08-18,FI,Finland,EURO,0,1499712,0,11466,1488246
2024-08-25,FI,Finland,EURO,0,1499712,0,11466,1488246
2024-09-01,FI,Finland,EURO,0,1499712,0,11466,1488246
2024-09-08,FI,Finland,EURO,0,1499712,0,11466,1488246
2024-09-15,FI,Finland,EURO,0,1499712,0,11466,1488246
2024-09-22,FI,Finland,EURO,0,1499712,0,11466,1488246
2024-09-29,FI,Finland,EURO,0,1499712,0,11466,1488246
2024-10-06,FI,Finland,EURO,0,1499712,0,11466,1488246
2024-10-13,FI,Finland,EURO,0,1499712,0,11466,1488246
2024-10-20,FI,Finland,EURO,0,1499712,0,11466,1488246
2024-10-27,FI,Finland,EURO,0,1499712,0,11466,1488246
2024-11-03,FI,Finland,EURO,0,1499712,0,11466,1488246
2024-11-10,FI,Finland,EURO,0,1499712,0,11466,1488246
2024-11-17,FI,Finland,EURO,0,1499712,0,11466,1488246
2020-01-05,FR,France,EURO,0,0,0,0,0
2020-01-12,FR,France,EURO,0,0,0,0,0
2020-01-19,FR,France,EURO,0,0,0,0,0
2020-01-26,FR,France,EURO,3,3,0,0,3
2020-02-02,FR,France,EURO,3,6,0,0,6
2020-02-09,FR,France,EURO,6,12,0,0,12
2020-02-16,FR,France,EURO,0,12,0,0,12
2020-02-23,FR,France,EURO,4,16,0,0,16
2020-03-01,FR,France,EURO,0,16,0,0,16
2020-03-08,FR,France,EURO,0,16,0,0,16
2020-03-15,FR,France,EURO,0,16,43,43,-27
2020-03-22,FR,France,EURO,0,16,670,713,-697
2020-03-29,FR,France,EURO,0,16,1999,2712,-2696
2020-04-05,FR,France,EURO,0,16,3276,5988,-5972
2020-04-12,FR,France,EURO,0,16,3344,9332,-9316
2020-04-19,FR,France,EURO,0,16,2730,12062,-12046
2020-04-26,FR,France,EURO,0,16,2096,14158,-14142
2020-05-03,FR,France,EURO,0,16,1406,15564,-15548
2020-05-10,FR,France,EURO,0,16,1056,16620,-16604
2020-05-17,FR,France,EURO,677,693,810,17430,-16737
2020-05-24,FR,France,EURO,4340,5033,562,17992,-12959
2020-05-31,FR,France,EURO,3436,8469,471,18463,-9994
2020-06-07,FR,France,EURO,2745,11214,331,18794,-7580
2020-06-14,FR,France,EURO,2627,13841,258,19052,-5211
2020-06-21,FR,France,EURO,2267,16108,159,19211,-3103
2020-06-28,FR,France,EURO,2024,18132,111,19322,-1190
2020-07-05,FR,France,EURO,2324,20456,100,19422,1034
2020-07-12,FR,France,EURO,2853,23309,120,19542,3767
2020-07-19,FR,France,EURO,3510,26819,94,19636,7183
2020-07-26,FR,France,EURO,5565,32384,98,19734,12650
2020-08-02,FR,France,EURO,7676,40060,77,19811,20249
2020-08-09,FR,France,EURO,10899,50959,69,19880,31079
2020-08-16,FR,France,EURO,16650,67609,92,19972,47637
2020-08-23,FR,France,EURO,25208,92817,118,20090,72727
2020-08-30,FR,France,EURO,37753,130570,111,20201,110369
2020-09-06,FR,France,EURO,50197,180767,126,20327,160440
2020-09-13,FR,France,EURO,61432,242199,258,20585,221614
2020-09-20,FR,France,EURO,73481,315680,429,21014,294666
2020-09-27,FR,France,EURO,72509,388189,559,21573,366616
2020-10-04,FR,France,EURO,74819,463008,561,22134,440874
2020-10-11,FR,France,EURO,116159,579167,690,22824,556343
2020-10-18,FR,France,EURO,167835,747002,963,23787,723215
2020-10-25,FR,France,EURO,261329,1008331,1774,25561,982770
2020-11-01,FR,France,EURO,332505,1340836,3154,28715,1312121
2020-11-08,FR,France,EURO,303116,1643952,4794,33509,1610443
2020-11-15,FR,France,EURO,176429,1820381,5487,38996,1781385
2020-11-22,FR,France,EURO,114947,1935328,5602,44598,1890730
2020-11-29,FR,France,EURO,77077,2012405,4679,49277,1963128
2020-12-06,FR,France,EURO,71372,2083777,3963,53240,2030537
2020-12-13,FR,France,EURO,77674,2161451,3792,57032,2104419
2020-12-20,FR,France,EURO,92919,2254370,3383,60415,2193955
2020-12-27,FR,France,EURO,83888,2338258,3119,63534,2274724
2021-01-03,FR,France,EURO,88948,2427206,2915,66449,2360757
2021-01-10,FR,France,EURO,122263,2549469,3429,69878,2479591
2021-01-17,FR,France,EURO,118842,2668311,3454,73332,2594979
2021-01-24,FR,France,EURO,130149,2798460,3414,76746,2721714
2021-01-31,FR,France,EURO,132624,2931084,3159,79905,2851179
2021-02-07,FR,France,EURO,128451,3059535,3069,82974,2976561
2021-02-14,FR,France,EURO,110436,3169971,2892,85866,3084105
2021-02-21,FR,France,EURO,117551,3287522,2516,88382,3199140
2021-02-28,FR,France,EURO,127696,3415218,2151,90533,3324685
2021-03-07,FR,France,EURO,124259,3539477,2033,92566,3446911
2021-03-14,FR,France,EURO,142978,3682455,1872,94438,3588017
2021-03-21,FR,France,EURO,183823,3866278,1799,96237,3770041
2021-03-28,FR,France,EURO,223964,4090242,1834,98071,3992171
2021-04-04,FR,France,EURO,242407,4332649,1959,100030,4232619
2021-04-11,FR,France,EURO,203218,4535867,2120,102150,4433717
2021-04-18,FR,France,EURO,202154,4738021,1967,104117,4633904
2021-04-25,FR,France,EURO,179462,4917483,2062,106179,4811304
2021-05-02,FR,France,EURO,142908,5060391,1954,108133,4952258
2021-05-09,FR,France,EURO,106629,5167020,1533,109666,5057354
2021-05-16,FR,France,EURO,80870,5247890,1189,110855,5137035
2021-05-23,FR,France,EURO,83455,5331345,940,111795,5219550
2021-05-30,FR,France,EURO,60391,5391736,772,112567,5279169
2021-06-06,FR,France,EURO,46483,5438219,565,113132,5325087
2021-06-13,FR,France,EURO,27004,5465223,355,113487,5351736
2021-06-20,FR,France,EURO,14820,5480043,309,113796,5366247
2021-06-27,FR,France,EURO,10690,5490733,234,114030,5376703
2021-07-04,FR,France,EURO,13906,5504639,171,114201,5390438
2021-07-11,FR,France,EURO,23318,5527957,142,114343,5413614
2021-07-18,FR,France,EURO,46656,5574613,96,114439,5460174
2021-07-25,FR,France,EURO,118078,5692691,119,114558,5578133
2021-08-01,FR,France,EURO,143183,5835874,240,114798,5721076
2021-08-08,FR,France,EURO,147135,5983009,282,115080,5867929
2021-08-15,FR,France,EURO,150930,6133939,353,115433,6018506
2021-08-22,FR,France,EURO,133571,6267510,699,116132,6151378
2021-08-29,FR,France,EURO,112124,6379634,464,116596,6263038
2021-09-05,FR,France,EURO,85782,6465416,489,117085,6348331
2021-09-12,FR,France,EURO,64820,6530236,437,117522,6412714
2021-09-19,FR,France,EURO,46736,6576972,386,117908,6459064
2021-09-26,FR,France,EURO,36114,6613086,331,118239,6494847
2021-10-03,FR,France,EURO,30916,6644002,276,118515,6525487
2021-10-10,FR,France,EURO,26346,6670348,191,118706,6551642
2021-10-17,FR,France,EURO,31095,6701443,175,118881,6582562
2021-10-24,FR,France,EURO,34241,6735684,179,119060,6616624
2021-10-31,FR,France,EURO,38425,6774109,177,119237,6654872
2021-11-07,FR,France,EURO,48057,6822166,212,119449,6702717
2021-11-14,FR,France,EURO,66361,6888527,233,119682,6768845
2021-11-21,FR,France,EURO,119701,7008228,317,119999,6888229
2021-11-28,FR,France,EURO,195222,7203450,454,120453,7082997
2021-12-05,FR,France,EURO,288799,7492249,619,121072,7371177
2021-12-12,FR,France,EURO,337285,7829534,903,121975,7707559
2021-12-19,FR,France,EURO,360652,8190186,1033,123008,8067178
2021-12-26,FR,France,EURO,519740,8709926,1157,124165,8585761
2022-01-02,FR,France,EURO,1140724,9850650,1315,125480,9725170
2022-01-09,FR,France,EURO,1726217,11576867,1484,126964,11449903
2022-01-16,FR,France,EURO,1961912,13538779,1499,128463,13410316
2022-01-23,FR,France,EURO,2417043,15955822,1658,130121,15825701
2022-01-30,FR,France,EURO,2329374,18285196,1933,132054,18153142
2022-02-06,FR,France,EURO,1707588,19992784,1996,134050,19858734
2022-02-13,FR,France,EURO,958639,20951423,1988,136038,20815385
2022-02-20,FR,France,EURO,565947,21517370,1745,137783,21379587
2022-02-27,FR,France,EURO,393549,21910919,1331,139114,21771805
2022-03-06,FR,France,EURO,348284,22259203,1094,140208,22118995
2022-03-13,FR,France,EURO,419228,22678431,820,141028,22537403
2022-03-20,FR,France,EURO,586328,23264759,792,141820,23122939
2022-03-27,FR,France,EURO,851993,24116752,727,142547,23974205
2022-04-03,FR,France,EURO,959358,25076110,801,143348,24932762
2022-04-10,FR,France,EURO,928373,26004483,788,144136,25860347
2022-04-17,FR,France,EURO,822438,26826921,852,144988,26681933
2022-04-24,FR,France,EURO,539161,27366082,889,145877,27220205
2022-05-01,FR,France,EURO,376510,27742592,867,146744,27595848
2022-05-08,FR,France,EURO,264928,28007520,749,147493,27860027
2022-05-15,FR,France,EURO,216715,28224235,614,148107,28076128
2022-05-22,FR,France,EURO,162239,28386474,466,148573,28237901
2022-05-29,FR,France,EURO,113355,28499829,300,148873,28350956
2022-06-05,FR,France,EURO,148073,28647902,329,149202,28498700
2022-06-12,FR,France,EURO,193813,28841715,237,149439,28692276
2022-06-19,FR,France,EURO,297927,29139642,265,149704,28989938
2022-06-26,FR,France,EURO,456705,29596347,291,149995,29446352
2022-07-03,FR,France,EURO,731586,30327933,264,150259,30177674
2022-07-10,FR,France,EURO,903969,31231902,424,150683,31081219
2022-07-17,FR,France,EURO,683784,31915686,585,151268,31764418
2022-07-24,FR,France,EURO,522296,32437982,731,151999,32285983
2022-07-31,FR,France,EURO,329431,32767413,597,152596,32614817
2022-08-07,FR,France,EURO,212195,32979608,529,153125,32826483
2022-08-14,FR,France,EURO,151186,33130794,518,153643,32977151
2022-08-21,FR,France,EURO,119216,33250010,413,154056,33095954
2022-08-28,FR,France,EURO,117039,33367049,317,154373,33212676
2022-09-04,FR,France,EURO,106571,33473620,302,154675,33318945
2022-09-11,FR,France,EURO,112374,33585994,263,154938,33431056
2022-09-18,FR,France,EURO,188853,33774847,202,155140,33619707
2022-09-25,FR,France,EURO,230732,34005579,217,155357,33850222
2022-10-02,FR,France,EURO,310114,34315693,217,155574,34160119
2022-10-09,FR,France,EURO,385474,34701167,314,155888,34545279
2022-10-16,FR,France,EURO,392073,35093240,414,156302,34936938
2022-10-23,FR,France,EURO,348646,35441886,522,156824,35285062
2022-10-30,FR,France,EURO,222885,35664771,495,157319,35507452
2022-11-06,FR,France,EURO,153617,35818388,445,157764,35660624
2022-11-13,FR,France,EURO,151055,35969443,397,158161,35811282
2022-11-20,FR,France,EURO,221689,36191132,469,158630,36032502
2022-11-27,FR,France,EURO,293632,36484764,455,159085,36325679
2022-12-04,FR,France,EURO,384070,36868834,485,159570,36709264
2022-12-11,FR,France,EURO,429679,37298513,569,160139,37138374
2022-12-18,FR,France,EURO,391192,37689705,721,160860,37528845
2022-12-25,FR,France,EURO,299842,37989547,807,161667,37827880
2023-01-01,FR,France,EURO,151707,38141254,808,162475,37978779
2023-01-08,FR,France,EURO,80829,38222083,775,163250,38058833
2023-01-15,FR,France,EURO,43524,38265607,506,163756,38101851
2023-01-22,FR,France,EURO,31693,38297300,398,164154,38133146
2023-01-29,FR,France,EURO,29999,38327299,326,164480,38162819
2023-02-05,FR,France,EURO,26127,38353426,260,164740,38188686
2023-02-12,FR,France,EURO,22545,38375971,171,164911,38211060
2023-02-19,FR,France,EURO,24116,38400087,180,165091,38234996
2023-02-26,FR,France,EURO,26274,38426361,170,165261,38261100
2023-03-05,FR,France,EURO,25318,38451679,152,165413,38286266
2023-03-12,FR,France,EURO,35851,38487530,125,165538,38321992
2023-03-19,FR,France,EURO,46305,38533835,163,165701,38368134
2023-03-26,FR,France,EURO,54593,38588428,168,165869,38422559
2023-04-02,FR,France,EURO,57282,38645710,210,166079,38479631
2023-04-09,FR,France,EURO,55344,38701054,188,166267,38534787
2023-04-16,FR,France,EURO,52509,38753563,162,166429,38587134
2023-04-23,FR,France,EURO,48578,38802141,280,166709,38635432
2023-04-30,FR,France,EURO,40443,38842584,249,166958,38675626
2023-05-07,FR,France,EURO,31332,38873916,239,167197,38706719
2023-05-14,FR,France,EURO,24280,38898196,160,167357,38730839
2023-05-21,FR,France,EURO,20650,38918846,132,167489,38751357
2023-05-28,FR,France,EURO,25230,38944076,149,167638,38776438
2023-06-04,FR,France,EURO,18614,38962690,112,167750,38794940
2023-06-11,FR,France,EURO,15618,38978308,106,167856,38810452
2023-06-18,FR,France,EURO,11200,38989508,67,167923,38821585
2023-06-25,FR,France,EURO,7982,38997490,62,167985,38829505
2023-07-02,FR,France,EURO,0,38997490,0,167985,38829505
2023-07-09,FR,France,EURO,0,38997490,0,167985,38829505
2023-07-16,FR,France,EURO,0,38997490,0,167985,38829505
2023-07-23,FR,France,EURO,0,38997490,0,167985,38829505
2023-07-30,FR,France,EURO,0,38997490,0,167985,38829505
2023-08-06,FR,France,EURO,0,38997490,0,167985,38829505
2023-08-13,FR,France,EURO,0,38997490,0,167985,38829505
2023-08-20,FR,France,EURO,0,38997490,0,167985,38829505
2023-08-27,FR,France,EURO,0,38997490,0,167985,38829505
2023-09-03,FR,France,EURO,0,38997490,0,167985,38829505
2023-09-10,FR,France,EURO,0,38997490,0,167985,38829505
2023-09-17,FR,France,EURO,0,38997490,0,167985,38829505
2023-09-24,FR,France,EURO,0,38997490,0,167985,38829505
2023-10-01,FR,France,EURO,0,38997490,0,167985,38829505
2023-10-08,FR,France,EURO,0,38997490,0,167985,38829505
2023-10-15,FR,France,EURO,0,38997490,0,167985,38829505
2023-10-22,FR,France,EURO,0,38997490,0,167985,38829505
2023-10-29,FR,France,EURO,0,38997490,0,167985,38829505
2023-11-05,FR,France,EURO,0,38997490,5,167990,38829500
2023-11-12,FR,France,EURO,0,38997490,6,167996,38829494
2023-11-19,FR,France,EURO,0,38997490,7,168003,38829487
2023-11-26,FR,France,EURO,0,38997490,1,168004,38829486
2023-12-03,FR,France,EURO,0,38997490,13,168017,38829473
2023-12-10,FR,France,EURO,0,38997490,5,168022,38829468
2023-12-17,FR,France,EURO,0,38997490,7,168029,38829461
2023-12-24,FR,France,EURO,0,38997490,10,168039,38829451
2023-12-31,FR,France,EURO,0,38997490,8,168047,38829443
2024-01-07,FR,France,EURO,0,38997490,7,168054,38829436
2024-01-14,FR,France,EURO,0,38997490,11,168065,38829425
2024-01-21,FR,France,EURO,0,38997490,8,168073,38829417
2024-01-28,FR,France,EURO,0,38997490,8,168081,38829409
2024-02-04,FR,France,EURO,0,38997490,1,168082,38829408
2024-02-11,FR,France,EURO,0,38997490,2,168084,38829406
2024-02-18,FR,France,EURO,0,38997490,2,168086,38829404
2024-02-25,FR,France,EURO,0,38997490,3,168089,38829401
2024-03-03,FR,France,EURO,0,38997490,2,168091,38829399
2024-03-10,FR,France,EURO,0,38997490,0,168091,38829399
2024-03-17,FR,France,EURO,0,38997490,0,168091,38829399
2024-03-24,FR,France,EURO,0,38997490,0,168091,38829399
2024-03-31,FR,France,EURO,0,38997490,0,168091,38829399
2024-04-07,FR,France,EURO,0,38997490,0,168091,38829399
2024-04-14,FR,France,EURO,0,38997490,0,168091,38829399
2024-04-21,FR,France,EURO,0,38997490,0,168091,38829399
2024-04-28,FR,France,EURO,0,38997490,0,168091,38829399
2024-05-05,FR,France,EURO,0,38997490,0,168091,38829399
2024-05-12,FR,France,EURO,0,38997490,0,168091,38829399
2024-05-19,FR,France,EURO,445,38997935,0,168091,38829844
2024-05-26,FR,France,EURO,422,38998357,0,168091,38830266
2024-06-02,FR,France,EURO,661,38999018,0,168091,38830927
2024-06-09,FR,France,EURO,914,38999932,0,168091,38831841
2024-06-16,FR,France,EURO,1071,39001003,0,168091,38832912
2024-06-23,FR,France,EURO,1323,39002326,0,168091,38834235
2024-06-30,FR,France,EURO,1311,39003637,0,168091,38835546
2024-07-07,FR,France,EURO,1135,39004772,0,168091,38836681
2024-07-14,FR,France,EURO,1173,39005945,0,168091,38837854
2024-07-21,FR,France,EURO,1138,39007083,0,168091,38838992
2024-07-28,FR,France,EURO,1062,39008145,0,168091,38840054
2024-08-04,FR,France,EURO,864,39009009,0,168091,38840918
2024-08-11,FR,France,EURO,908,39009917,0,168091,38841826
2024-08-18,FR,France,EURO,879,39010796,0,168091,38842705
2024-08-25,FR,France,EURO,825,39011621,0,168091,38843530
2024-09-01,FR,France,EURO,908,39012529,0,168091,38844438
2024-09-08,FR,France,EURO,907,39013436,0,168091,38845345
2024-09-15,FR,France,EURO,1089,39014525,0,168091,38846434
2024-09-22,FR,France,EURO,1753,39016278,0,168091,38848187
2024-09-29,FR,France,EURO,2353,39018631,0,168091,38850540
2024-10-06,FR,France,EURO,2079,39020710,0,168091,38852619
2024-10-13,FR,France,EURO,1864,39022574,0,168091,38854483
2024-10-20,FR,France,EURO,1758,39024332,0,168091,38856241
2024-10-27,FR,France,EURO,1167,39025499,0,168091,38857408
2024-11-03,FR,France,EURO,822,39026321,0,168091,38858230
2024-11-10,FR,France,EURO,996,39027317,0,168091,38859226
2024-11-17,FR,France,EURO,653,39027970,0,168091,38859879
2020-01-05,PF,French Polynesia,WPRO,0,0,0,0,0
2020-01-12,PF,French Polynesia,WPRO,0,0,0,0,0
2020-01-19,PF,French Polynesia,WPRO,0,0,0,0,0
2020-01-26,PF,French Polynesia,WPRO,0,0,0,0,0
2020-02-02,PF,French Polynesia,WPRO,0,0,0,0,0
2020-02-09,PF,French Polynesia,WPRO,0,0,0,0,0
2020-02-16,PF,French Polynesia,WPRO,0,0,0,0,0
2020-02-23,PF,French Polynesia,WPRO,0,0,0,0,0
2020-03-01,PF,French Polynesia,WPRO,0,0,0,0,0
2020-03-08,PF,French Polynesia,WPRO,0,0,0,0,0
2020-03-15,PF,French Polynesia,WPRO,3,3,0,0,3
2020-03-22,PF,French Polynesia,WPRO,15,18,0,0,18
2020-03-29,PF,French Polynesia,WPRO,17,35,0,0,35
2020-04-05,PF,French Polynesia,WPRO,5,40,0,0,40
2020-04-12,PF,French Polynesia,WPRO,11,51,0,0,51
2020-04-19,PF,French Polynesia,WPRO,4,55,0,0,55
2020-04-26,PF,French Polynesia,WPRO,2,57,0,0,57
2020-05-03,PF,French Polynesia,WPRO,1,58,0,0,58
2020-05-10,PF,French Polynesia,WPRO,2,60,0,0,60
2020-05-17,PF,French Polynesia,WPRO,0,60,0,0,60
2020-05-24,PF,French Polynesia,WPRO,0,60,0,0,60
2020-05-31,PF,French Polynesia,WPRO,0,60,0,0,60
2020-06-07,PF,French Polynesia,WPRO,0,60,0,0,60
2020-06-14,PF,French Polynesia,WPRO,0,60,0,0,60
2020-06-21,PF,French Polynesia,WPRO,0,60,0,0,60
2020-06-28,PF,French Polynesia,WPRO,2,62,0,0,62
2020-07-05,PF,French Polynesia,WPRO,0,62,0,0,62
2020-07-12,PF,French Polynesia,WPRO,0,62,0,0,62
2020-07-19,PF,French Polynesia,WPRO,0,62,0,0,62
2020-07-26,PF,French Polynesia,WPRO,0,62,0,0,62
2020-08-02,PF,French Polynesia,WPRO,0,62,0,0,62
2020-08-09,PF,French Polynesia,WPRO,7,69,0,0,69
2020-08-16,PF,French Polynesia,WPRO,97,166,0,0,166
2020-08-23,PF,French Polynesia,WPRO,132,298,0,0,298
2020-08-30,PF,French Polynesia,WPRO,184,482,0,0,482
2020-09-06,PF,French Polynesia,WPRO,238,720,0,0,720
2020-09-13,PF,French Polynesia,WPRO,300,1020,2,2,1018
2020-09-20,PF,French Polynesia,WPRO,298,1318,0,2,1316
2020-09-27,PF,French Polynesia,WPRO,261,1579,4,6,1573
2020-10-04,PF,French Polynesia,WPRO,447,2026,2,8,2018
2020-10-11,PF,French Polynesia,WPRO,728,2754,2,10,2744
2020-10-18,PF,French Polynesia,WPRO,1043,3797,4,14,3783
2020-10-25,PF,French Polynesia,WPRO,2062,5859,6,20,5839
2020-11-01,PF,French Polynesia,WPRO,1403,7262,9,29,7233
2020-11-08,PF,French Polynesia,WPRO,2733,9995,10,39,9956
2020-11-15,PF,French Polynesia,WPRO,1711,11706,14,53,11653
2020-11-22,PF,French Polynesia,WPRO,1272,12978,10,63,12915
2020-11-29,PF,French Polynesia,WPRO,1118,14096,10,73,14023
2020-12-06,PF,French Polynesia,WPRO,1011,15107,6,79,15028
2020-12-13,PF,French Polynesia,WPRO,511,15618,12,91,15527
2020-12-20,PF,French Polynesia,WPRO,564,16182,12,103,16079
2020-12-27,PF,French Polynesia,WPRO,368,16550,5,108,16442
2021-01-03,PF,French Polynesia,WPRO,376,16926,6,114,16812
2021-01-10,PF,French Polynesia,WPRO,315,17241,8,122,17119
2021-01-17,PF,French Polynesia,WPRO,394,17635,4,126,17509
2021-01-24,PF,French Polynesia,WPRO,217,17852,2,128,17724
2021-01-31,PF,French Polynesia,WPRO,208,18060,3,131,17929
2021-02-07,PF,French Polynesia,WPRO,125,18185,2,133,18052
2021-02-14,PF,French Polynesia,WPRO,78,18263,2,135,18128
2021-02-21,PF,French Polynesia,WPRO,83,18346,2,137,18209
2021-02-28,PF,French Polynesia,WPRO,41,18387,2,139,18248
2021-03-07,PF,French Polynesia,WPRO,72,18459,1,140,18319
2021-03-14,PF,French Polynesia,WPRO,68,18527,1,141,18386
2021-03-21,PF,French Polynesia,WPRO,49,18576,0,141,18435
2021-03-28,PF,French Polynesia,WPRO,31,18607,0,141,18466
2021-04-04,PF,French Polynesia,WPRO,26,18633,0,141,18492
2021-04-11,PF,French Polynesia,WPRO,19,18652,0,141,18511
2021-04-18,PF,French Polynesia,WPRO,44,18696,0,141,18555
2021-04-25,PF,French Polynesia,WPRO,38,18734,0,141,18593
2021-05-02,PF,French Polynesia,WPRO,24,18758,0,141,18617
2021-05-09,PF,French Polynesia,WPRO,32,18790,0,141,18649
2021-05-16,PF,French Polynesia,WPRO,25,18815,0,141,18674
2021-05-23,PF,French Polynesia,WPRO,29,18844,0,141,18703
2021-05-30,PF,French Polynesia,WPRO,16,18860,1,142,18718
2021-06-06,PF,French Polynesia,WPRO,29,18889,0,142,18747
2021-06-13,PF,French Polynesia,WPRO,41,18930,0,142,18788
2021-06-20,PF,French Polynesia,WPRO,33,18963,0,142,18821
2021-06-27,PF,French Polynesia,WPRO,31,18994,0,142,18852
2021-07-04,PF,French Polynesia,WPRO,17,19011,0,142,18869
2021-07-11,PF,French Polynesia,WPRO,15,19026,2,144,18882
2021-07-18,PF,French Polynesia,WPRO,59,19085,0,144,18941
2021-07-25,PF,French Polynesia,WPRO,200,19285,1,145,19140
2021-08-01,PF,French Polynesia,WPRO,763,20048,4,149,19899
2021-08-08,PF,French Polynesia,WPRO,2411,22459,8,157,22302
2021-08-15,PF,French Polynesia,WPRO,5871,28330,31,188,28142
2021-08-22,PF,French Polynesia,WPRO,8042,36372,69,257,36115
2021-08-29,PF,French Polynesia,WPRO,3806,40178,128,385,39793
2021-09-05,PF,French Polynesia,WPRO,1931,42109,95,480,41629
2021-09-12,PF,French Polynesia,WPRO,1602,43711,71,551,43160
2021-09-19,PF,French Polynesia,WPRO,901,44612,42,593,44019
2021-09-26,PF,French Polynesia,WPRO,330,44942,18,611,44331
2021-10-03,PF,French Polynesia,WPRO,239,45181,12,623,44558
2021-10-10,PF,French Polynesia,WPRO,178,45359,3,626,44733
2021-10-17,PF,French Polynesia,WPRO,80,45439,7,633,44806
2021-10-24,PF,French Polynesia,WPRO,67,45506,2,635,44871
2021-10-31,PF,French Polynesia,WPRO,35,45541,1,636,44905
2021-11-07,PF,French Polynesia,WPRO,32,45573,0,636,44937
2021-11-14,PF,French Polynesia,WPRO,28,45601,0,636,44965
2021-11-21,PF,French Polynesia,WPRO,13,45614,0,636,44978
2021-11-28,PF,French Polynesia,WPRO,17,45631,0,636,44995
2021-12-05,PF,French Polynesia,WPRO,693,46324,0,636,45688
2021-12-12,PF,French Polynesia,WPRO,10,46334,0,636,45698
2021-12-19,PF,French Polynesia,WPRO,8,46342,0,636,45706
2021-12-26,PF,French Polynesia,WPRO,40,46382,0,636,45746
2022-01-02,PF,French Polynesia,WPRO,43,46425,0,636,45789
2022-01-09,PF,French Polynesia,WPRO,109,46534,0,636,45898
2022-01-16,PF,French Polynesia,WPRO,598,47132,0,636,46496
2022-01-23,PF,French Polynesia,WPRO,524,47656,0,636,47020
2022-01-30,PF,French Polynesia,WPRO,610,48266,0,636,47630
2022-02-06,PF,French Polynesia,WPRO,1255,49521,0,636,48885
2022-02-13,PF,French Polynesia,WPRO,7137,56658,1,637,56021
2022-02-20,PF,French Polynesia,WPRO,5913,62571,0,637,61934
2022-02-27,PF,French Polynesia,WPRO,4128,66699,2,639,66060
2022-03-06,PF,French Polynesia,WPRO,2276,68975,4,643,68332
2022-03-13,PF,French Polynesia,WPRO,1461,70436,2,645,69791
2022-03-20,PF,French Polynesia,WPRO,1033,71469,0,645,70824
2022-03-27,PF,French Polynesia,WPRO,589,72058,1,646,71412
2022-04-03,PF,French Polynesia,WPRO,328,72386,1,647,71739
2022-04-10,PF,French Polynesia,WPRO,184,72570,1,648,71922
2022-04-17,PF,French Polynesia,WPRO,26,72596,0,648,71948
2022-04-24,PF,French Polynesia,WPRO,82,72678,0,648,72030
2022-05-01,PF,French Polynesia,WPRO,68,72746,0,648,72098
2022-05-08,PF,French Polynesia,WPRO,40,72786,0,648,72138
2022-05-15,PF,French Polynesia,WPRO,50,72836,1,649,72187
2022-05-22,PF,French Polynesia,WPRO,40,72876,0,649,72227
2022-05-29,PF,French Polynesia,WPRO,46,72922,0,649,72273
2022-06-05,PF,French Polynesia,WPRO,92,73014,0,649,72365
2022-06-12,PF,French Polynesia,WPRO,92,73106,0,649,72457
2022-06-19,PF,French Polynesia,WPRO,60,73166,0,649,72517
2022-06-26,PF,French Polynesia,WPRO,102,73268,0,649,72619
2022-07-03,PF,French Polynesia,WPRO,118,73386,0,649,72737
2022-07-10,PF,French Polynesia,WPRO,302,73688,0,649,73039
2022-07-17,PF,French Polynesia,WPRO,425,74113,0,649,73464
2022-07-24,PF,French Polynesia,WPRO,696,74809,0,649,74160
2022-07-31,PF,French Polynesia,WPRO,631,75440,0,649,74791
2022-08-07,PF,French Polynesia,WPRO,518,75958,0,649,75309
2022-08-14,PF,French Polynesia,WPRO,239,76197,0,649,75548
2022-08-21,PF,French Polynesia,WPRO,123,76320,0,649,75671
2022-08-28,PF,French Polynesia,WPRO,119,76439,0,649,75790
2022-09-04,PF,French Polynesia,WPRO,61,76500,0,649,75851
2022-09-11,PF,French Polynesia,WPRO,42,76542,0,649,75893
2022-09-18,PF,French Polynesia,WPRO,36,76578,0,649,75929
2022-09-25,PF,French Polynesia,WPRO,10,76588,0,649,75939
2022-10-02,PF,French Polynesia,WPRO,115,76703,0,649,76054
2022-10-09,PF,French Polynesia,WPRO,3,76706,0,649,76057
2022-10-16,PF,French Polynesia,WPRO,25,76731,0,649,76082
2022-10-23,PF,French Polynesia,WPRO,0,76731,0,649,76082
2022-10-30,PF,French Polynesia,WPRO,27,76758,0,649,76109
2022-11-06,PF,French Polynesia,WPRO,6,76764,0,649,76115
2022-11-13,PF,French Polynesia,WPRO,63,76827,0,649,76178
2022-11-20,PF,French Polynesia,WPRO,0,76827,0,649,76178
2022-11-27,PF,French Polynesia,WPRO,72,76899,0,649,76250
2022-12-04,PF,French Polynesia,WPRO,376,77275,0,649,76626
2022-12-11,PF,French Polynesia,WPRO,429,77704,0,649,77055
2022-12-18,PF,French Polynesia,WPRO,68,77772,0,649,77123
2022-12-25,PF,French Polynesia,WPRO,138,77910,0,649,77261
2023-01-01,PF,French Polynesia,WPRO,47,77957,0,649,77308
2023-01-08,PF,French Polynesia,WPRO,0,77957,0,649,77308
2023-01-15,PF,French Polynesia,WPRO,0,77957,0,649,77308
2023-01-22,PF,French Polynesia,WPRO,0,77957,0,649,77308
2023-01-29,PF,French Polynesia,WPRO,0,77957,0,649,77308
2023-02-05,PF,French Polynesia,WPRO,0,77957,0,649,77308
2023-02-12,PF,French Polynesia,WPRO,0,77957,0,649,77308
2023-02-19,PF,French Polynesia,WPRO,0,77957,0,649,77308
2023-02-26,PF,French Polynesia,WPRO,86,78043,0,649,77394
2023-03-05,PF,French Polynesia,WPRO,12,78055,0,649,77406
2023-03-12,PF,French Polynesia,WPRO,22,78077,0,649,77428
2023-03-19,PF,French Polynesia,WPRO,24,78101,0,649,77452
2023-03-26,PF,French Polynesia,WPRO,52,78153,0,649,77504
2023-04-02,PF,French Polynesia,WPRO,66,78219,0,649,77570
2023-04-09,PF,French Polynesia,WPRO,78,78297,0,649,77648
2023-04-16,PF,French Polynesia,WPRO,81,78378,0,649,77729
2023-04-23,PF,French Polynesia,WPRO,40,78418,0,649,77769
2023-04-30,PF,French Polynesia,WPRO,30,78448,0,649,77799
2023-05-07,PF,French Polynesia,WPRO,70,78518,0,649,77869
2023-05-14,PF,French Polynesia,WPRO,27,78545,0,649,77896
2023-05-21,PF,French Polynesia,WPRO,24,78569,0,649,77920
2023-05-28,PF,French Polynesia,WPRO,12,78581,0,649,77932
2023-06-04,PF,French Polynesia,WPRO,9,78590,0,649,77941
2023-06-11,PF,French Polynesia,WPRO,6,78596,0,649,77947
2023-06-18,PF,French Polynesia,WPRO,4,78600,0,649,77951
2023-06-25,PF,French Polynesia,WPRO,1,78601,0,649,77952
2023-07-02,PF,French Polynesia,WPRO,0,78601,0,649,77952
2023-07-09,PF,French Polynesia,WPRO,12,78613,0,649,77964
2023-07-16,PF,French Polynesia,WPRO,2,78615,0,649,77966
2023-07-23,PF,French Polynesia,WPRO,1,78616,0,649,77967
2023-07-30,PF,French Polynesia,WPRO,1,78617,0,649,77968
2023-08-06,PF,French Polynesia,WPRO,0,78617,0,649,77968
2023-08-13,PF,French Polynesia,WPRO,2,78619,0,649,77970
2023-08-20,PF,French Polynesia,WPRO,2,78621,0,649,77972
2023-08-27,PF,French Polynesia,WPRO,2,78623,0,649,77974
2023-09-03,PF,French Polynesia,WPRO,2,78625,0,649,77976
2023-09-10,PF,French Polynesia,WPRO,0,78625,0,649,77976
2023-09-17,PF,French Polynesia,WPRO,2,78627,0,649,77978
2023-09-24,PF,French Polynesia,WPRO,5,78632,0,649,77983
2023-10-01,PF,French Polynesia,WPRO,0,78632,0,649,77983
2023-10-08,PF,French Polynesia,WPRO,7,78639,0,649,77990
2023-10-15,PF,French Polynesia,WPRO,3,78642,0,649,77993
2023-10-22,PF,French Polynesia,WPRO,7,78649,0,649,78000
2023-10-29,PF,French Polynesia,WPRO,4,78653,0,649,78004
2023-11-05,PF,French Polynesia,WPRO,6,78659,0,649,78010
2023-11-12,PF,French Polynesia,WPRO,11,78670,0,649,78021
2023-11-19,PF,French Polynesia,WPRO,30,78700,0,649,78051
2023-11-26,PF,French Polynesia,WPRO,0,78700,0,649,78051
2023-12-03,PF,French Polynesia,WPRO,0,78700,0,649,78051
2023-12-10,PF,French Polynesia,WPRO,527,79227,0,649,78578
2023-12-17,PF,French Polynesia,WPRO,0,79227,0,649,78578
2023-12-24,PF,French Polynesia,WPRO,0,79227,0,649,78578
2023-12-31,PF,French Polynesia,WPRO,0,79227,0,649,78578
2024-01-07,PF,French Polynesia,WPRO,27,79254,1,650,78604
2024-01-14,PF,French Polynesia,WPRO,19,79273,0,650,78623
2024-01-21,PF,French Polynesia,WPRO,11,79284,0,650,78634
2024-01-28,PF,French Polynesia,WPRO,7,79291,0,650,78641
2024-02-04,PF,French Polynesia,WPRO,0,79291,0,650,78641
2024-02-11,PF,French Polynesia,WPRO,6,79297,0,650,78647
2024-02-18,PF,French Polynesia,WPRO,0,79297,0,650,78647
2024-02-25,PF,French Polynesia,WPRO,2,79299,0,650,78649
2024-03-03,PF,French Polynesia,WPRO,0,79299,0,650,78649
2024-03-10,PF,French Polynesia,WPRO,0,79299,0,650,78649
2024-03-17,PF,French Polynesia,WPRO,0,79299,0,650,78649
2024-03-24,PF,French Polynesia,WPRO,1,79300,0,650,78650
2024-03-31,PF,French Polynesia,WPRO,1,79301,0,650,78651
2024-04-07,PF,French Polynesia,WPRO,0,79301,0,650,78651
2024-04-14,PF,French Polynesia,WPRO,0,79301,0,650,78651
2024-04-21,PF,French Polynesia,WPRO,1,79302,0,650,78652
2024-04-28,PF,French Polynesia,WPRO,0,79302,0,650,78652
2024-05-05,PF,French Polynesia,WPRO,0,79302,0,650,78652
2024-05-12,PF,French Polynesia,WPRO,0,79302,0,650,78652
2024-05-19,PF,French Polynesia,WPRO,0,79302,0,650,78652
2024-05-26,PF,French Polynesia,WPRO,0,79302,0,650,78652
2024-06-02,PF,French Polynesia,WPRO,5,79307,0,650,78657
2024-06-09,PF,French Polynesia,WPRO,2,79309,0,650,78659
2024-06-16,PF,French Polynesia,WPRO,4,79313,0,650,78663
2024-06-23,PF,French Polynesia,WPRO,0,79313,0,650,78663
2024-06-30,PF,French Polynesia,WPRO,0,79313,0,650,78663
2024-07-07,PF,French Polynesia,WPRO,20,79333,0,650,78683
2024-07-14,PF,French Polynesia,WPRO,0,79333,0,650,78683
2024-07-21,PF,French Polynesia,WPRO,7,79340,0,650,78690
2024-07-28,PF,French Polynesia,WPRO,0,79340,0,650,78690
2024-08-04,PF,French Polynesia,WPRO,47,79387,0,650,78737
2024-08-11,PF,French Polynesia,WPRO,17,79404,0,650,78754
2024-08-18,PF,French Polynesia,WPRO,15,79419,0,650,78769
2024-08-25,PF,French Polynesia,WPRO,11,79430,0,650,78780
2024-09-01,PF,French Polynesia,WPRO,5,79435,0,650,78785
2024-09-08,PF,French Polynesia,WPRO,5,79440,0,650,78790
2024-09-15,PF,French Polynesia,WPRO,6,79446,0,650,78796
2024-09-22,PF,French Polynesia,WPRO,2,79448,0,650,78798
2024-09-29,PF,French Polynesia,WPRO,3,79451,0,650,78801
2024-10-06,PF,French Polynesia,WPRO,0,79451,0,650,78801
2024-10-13,PF,French Polynesia,WPRO,0,79451,0,650,78801
2024-10-20,PF,French Polynesia,WPRO,0,79451,0,650,78801
2024-10-27,PF,French Polynesia,WPRO,0,79451,0,650,78801
2024-11-03,PF,French Polynesia,WPRO,0,79451,0,650,78801
2024-11-10,PF,French Polynesia,WPRO,0,79451,0,650,78801
2024-11-17,PF,French Polynesia,WPRO,0,79451,0,650,78801
2020-01-05,GA,Gabon,AFRO,0,0,0,0,0
2020-01-12,GA,Gabon,AFRO,0,0,0,0,0
2020-01-19,GA,Gabon,AFRO,0,0,0,0,0
2020-01-26,GA,Gabon,AFRO,0,0,0,0,0
2020-02-02,GA,Gabon,AFRO,0,0,0,0,0
2020-02-09,GA,Gabon,AFRO,0,0,0,0,0
2020-02-16,GA,Gabon,AFRO,0,0,0,0,0
2020-02-23,GA,Gabon,AFRO,0,0,0,0,0
2020-03-01,GA,Gabon,AFRO,0,0,0,0,0
2020-03-08,GA,Gabon,AFRO,0,0,0,0,0
2020-03-15,GA,Gabon,AFRO,1,1,0,0,1
2020-03-22,GA,Gabon,AFRO,5,6,0,0,6
2020-03-29,GA,Gabon,AFRO,1,7,0,0,7
2020-04-05,GA,Gabon,AFRO,14,21,3,3,18
2020-04-12,GA,Gabon,AFRO,29,50,0,3,47
2020-04-19,GA,Gabon,AFRO,60,110,0,3,107
2020-04-26,GA,Gabon,AFRO,67,177,2,5,172
2020-05-03,GA,Gabon,AFRO,159,336,2,7,329
2020-05-10,GA,Gabon,AFRO,325,661,1,8,653
2020-05-17,GA,Gabon,AFRO,659,1320,3,11,1309
2020-05-24,GA,Gabon,AFRO,614,1934,1,12,1922
2020-05-31,GA,Gabon,AFRO,721,2655,5,17,2638
2020-06-07,GA,Gabon,AFRO,446,3101,4,21,3080
2020-06-14,GA,Gabon,AFRO,362,3463,2,23,3440
2020-06-21,GA,Gabon,AFRO,965,4428,11,34,4394
2020-06-28,GA,Gabon,AFRO,781,5209,6,40,5169
2020-07-05,GA,Gabon,AFRO,411,5620,4,44,5576
2020-07-12,GA,Gabon,AFRO,322,5942,2,46,5896
2020-07-19,GA,Gabon,AFRO,373,6315,0,46,6269
2020-07-26,GA,Gabon,AFRO,669,6984,3,49,6935
2020-08-02,GA,Gabon,AFRO,547,7531,1,50,7481
2020-08-09,GA,Gabon,AFRO,392,7923,1,51,7872
2020-08-16,GA,Gabon,AFRO,302,8225,0,51,8174
2020-08-23,GA,Gabon,AFRO,163,8388,2,53,8335
2020-08-30,GA,Gabon,AFRO,117,8505,0,53,8452
2020-09-06,GA,Gabon,AFRO,96,8601,0,53,8548
2020-09-13,GA,Gabon,AFRO,42,8643,0,53,8590
2020-09-20,GA,Gabon,AFRO,53,8696,0,53,8643
2020-09-27,GA,Gabon,AFRO,32,8728,1,54,8674
2020-10-04,GA,Gabon,AFRO,69,8797,0,54,8743
2020-10-11,GA,Gabon,AFRO,18,8815,0,54,8761
2020-10-18,GA,Gabon,AFRO,66,8881,0,54,8827
2020-10-25,GA,Gabon,AFRO,38,8919,0,54,8865
2020-11-01,GA,Gabon,AFRO,49,8968,1,55,8913
2020-11-08,GA,Gabon,AFRO,54,9022,0,55,8967
2020-11-15,GA,Gabon,AFRO,40,9062,3,58,9004
2020-11-22,GA,Gabon,AFRO,69,9131,1,59,9072
2020-11-29,GA,Gabon,AFRO,60,9191,0,59,9132
2020-12-06,GA,Gabon,AFRO,63,9254,1,60,9194
2020-12-13,GA,Gabon,AFRO,76,9330,3,63,9267
2020-12-20,GA,Gabon,AFRO,70,9400,1,64,9336
2020-12-27,GA,Gabon,AFRO,97,9497,0,64,9433
2021-01-03,GA,Gabon,AFRO,74,9571,0,64,9507
2021-01-10,GA,Gabon,AFRO,123,9694,2,66,9628
2021-01-17,GA,Gabon,AFRO,205,9899,0,66,9833
2021-01-24,GA,Gabon,AFRO,379,10278,1,67,10211
2021-01-31,GA,Gabon,AFRO,470,10748,1,68,10680
2021-02-07,GA,Gabon,AFRO,709,11457,3,71,11386
2021-02-14,GA,Gabon,AFRO,1120,12577,2,73,12504
2021-02-21,GA,Gabon,AFRO,976,13553,2,75,13478
2021-02-28,GA,Gabon,AFRO,1011,14564,8,83,14481
2021-03-07,GA,Gabon,AFRO,953,15517,7,90,15427
2021-03-14,GA,Gabon,AFRO,1143,16660,6,96,16564
2021-03-21,GA,Gabon,AFRO,637,17297,9,105,17192
2021-03-28,GA,Gabon,AFRO,1129,18426,4,109,18317
2021-04-04,GA,Gabon,AFRO,1437,19863,10,119,19744
2021-04-11,GA,Gabon,AFRO,773,20636,8,127,20509
2021-04-18,GA,Gabon,AFRO,1222,21858,6,133,21725
2021-04-25,GA,Gabon,AFRO,575,22433,5,138,22295
2021-05-02,GA,Gabon,AFRO,642,23075,1,139,22936
2021-05-09,GA,Gabon,AFRO,357,23432,4,143,23289
2021-05-16,GA,Gabon,AFRO,367,23799,0,143,23656
2021-05-23,GA,Gabon,AFRO,308,24107,4,147,23960
2021-05-30,GA,Gabon,AFRO,258,24365,3,150,24215
2021-06-06,GA,Gabon,AFRO,226,24591,4,154,24437
2021-06-13,GA,Gabon,AFRO,145,24736,2,156,24580
2021-06-20,GA,Gabon,AFRO,0,24736,0,156,24580
2021-06-27,GA,Gabon,AFRO,248,24984,3,159,24825
2021-07-04,GA,Gabon,AFRO,92,25076,0,159,24917
2021-07-11,GA,Gabon,AFRO,88,25164,3,162,25002
2021-07-18,GA,Gabon,AFRO,96,25260,0,162,25098
2021-07-25,GA,Gabon,AFRO,65,25325,1,163,25162
2021-08-01,GA,Gabon,AFRO,59,25384,1,164,25220
2021-08-08,GA,Gabon,AFRO,78,25462,1,165,25297
2021-08-15,GA,Gabon,AFRO,102,25564,0,165,25399
2021-08-22,GA,Gabon,AFRO,103,25667,0,165,25502
2021-08-29,GA,Gabon,AFRO,152,25819,0,165,25654
2021-09-05,GA,Gabon,AFRO,260,26079,2,167,25912
2021-09-12,GA,Gabon,AFRO,559,26638,3,170,26468
2021-09-19,GA,Gabon,AFRO,1005,27643,5,175,27468
2021-09-26,GA,Gabon,AFRO,1483,29126,3,178,28948
2021-10-03,GA,Gabon,AFRO,1522,30648,12,190,30458
2021-10-10,GA,Gabon,AFRO,1487,32135,11,201,31934
2021-10-17,GA,Gabon,AFRO,1307,33442,12,213,33229
2021-10-24,GA,Gabon,AFRO,1159,34601,11,224,34377
2021-10-31,GA,Gabon,AFRO,924,35525,15,239,35286
2021-11-07,GA,Gabon,AFRO,669,36194,15,254,35940
2021-11-14,GA,Gabon,AFRO,498,36692,12,266,36426
2021-11-21,GA,Gabon,AFRO,353,37045,7,273,36772
2021-11-28,GA,Gabon,AFRO,253,37298,6,279,37019
2021-12-05,GA,Gabon,AFRO,44,37342,0,279,37063
2021-12-12,GA,Gabon,AFRO,249,37591,3,282,37309
2021-12-19,GA,Gabon,AFRO,152,37743,3,285,37458
2021-12-26,GA,Gabon,AFRO,1127,38870,2,287,38583
2022-01-02,GA,Gabon,AFRO,2928,41798,1,288,41510
2022-01-09,GA,Gabon,AFRO,2141,43939,7,295,43644
2022-01-16,GA,Gabon,AFRO,1213,45152,2,297,44855
2022-01-23,GA,Gabon,AFRO,1046,46198,3,300,45898
2022-01-30,GA,Gabon,AFRO,524,46722,1,301,46421
2022-02-06,GA,Gabon,AFRO,426,47148,0,301,46847
2022-02-13,GA,Gabon,AFRO,251,47399,1,302,47097
2022-02-20,GA,Gabon,AFRO,85,47484,1,303,47181
2022-02-27,GA,Gabon,AFRO,50,47534,0,303,47231
2022-03-06,GA,Gabon,AFRO,25,47559,0,303,47256
2022-03-13,GA,Gabon,AFRO,5,47564,0,303,47261
2022-03-20,GA,Gabon,AFRO,6,47570,0,303,47267
2022-03-27,GA,Gabon,AFRO,14,47584,0,303,47281
2022-04-03,GA,Gabon,AFRO,2,47586,0,303,47283
2022-04-10,GA,Gabon,AFRO,5,47591,0,303,47288
2022-04-17,GA,Gabon,AFRO,3,47594,0,303,47291
2022-04-24,GA,Gabon,AFRO,3,47597,0,303,47294
2022-05-01,GA,Gabon,AFRO,5,47602,1,304,47298
2022-05-08,GA,Gabon,AFRO,0,47602,0,304,47298
2022-05-15,GA,Gabon,AFRO,6,47608,0,304,47304
2022-05-22,GA,Gabon,AFRO,14,47622,0,304,47318
2022-05-29,GA,Gabon,AFRO,28,47650,0,304,47346
2022-06-05,GA,Gabon,AFRO,27,47677,0,304,47373
2022-06-12,GA,Gabon,AFRO,34,47711,0,304,47407
2022-06-19,GA,Gabon,AFRO,31,47742,0,304,47438
2022-06-26,GA,Gabon,AFRO,82,47824,1,305,47519
2022-07-03,GA,Gabon,AFRO,115,47939,0,305,47634
2022-07-10,GA,Gabon,AFRO,218,48157,0,305,47852
2022-07-17,GA,Gabon,AFRO,132,48289,1,306,47983
2022-07-24,GA,Gabon,AFRO,128,48417,0,306,48111
2022-07-31,GA,Gabon,AFRO,94,48511,0,306,48205
2022-08-07,GA,Gabon,AFRO,81,48592,0,306,48286
2022-08-14,GA,Gabon,AFRO,43,48635,0,306,48329
2022-08-21,GA,Gabon,AFRO,0,48635,0,306,48329
2022-08-28,GA,Gabon,AFRO,14,48649,0,306,48343
2022-09-04,GA,Gabon,AFRO,6,48655,0,306,48349
2022-09-11,GA,Gabon,AFRO,13,48668,0,306,48362
2022-09-18,GA,Gabon,AFRO,14,48682,0,306,48376
2022-09-25,GA,Gabon,AFRO,9,48691,0,306,48385
2022-10-02,GA,Gabon,AFRO,22,48713,0,306,48407
2022-10-09,GA,Gabon,AFRO,59,48772,0,306,48466
2022-10-16,GA,Gabon,AFRO,38,48810,0,306,48504
2022-10-23,GA,Gabon,AFRO,104,48914,0,306,48608
2022-10-30,GA,Gabon,AFRO,31,48945,0,306,48639
2022-11-06,GA,Gabon,AFRO,14,48959,0,306,48653
2022-11-13,GA,Gabon,AFRO,0,48959,0,306,48653
2022-11-20,GA,Gabon,AFRO,13,48972,0,306,48666
2022-11-27,GA,Gabon,AFRO,1,48973,0,306,48667
2022-12-04,GA,Gabon,AFRO,0,48973,0,306,48667
2022-12-11,GA,Gabon,AFRO,0,48973,0,306,48667
2022-12-18,GA,Gabon,AFRO,3,48976,0,306,48670
2022-12-25,GA,Gabon,AFRO,3,48979,0,306,48673
2023-01-01,GA,Gabon,AFRO,1,48980,0,306,48674
2023-01-08,GA,Gabon,AFRO,0,48980,0,306,48674
2023-01-15,GA,Gabon,AFRO,0,48980,0,306,48674
2023-01-22,GA,Gabon,AFRO,1,48981,0,306,48675
2023-01-29,GA,Gabon,AFRO,0,48981,0,306,48675
2023-02-05,GA,Gabon,AFRO,0,48981,0,306,48675
2023-02-12,GA,Gabon,AFRO,0,48981,0,306,48675
2023-02-19,GA,Gabon,AFRO,0,48981,0,306,48675
2023-02-26,GA,Gabon,AFRO,0,48981,0,306,48675
2023-03-05,GA,Gabon,AFRO,0,48981,0,306,48675
2023-03-12,GA,Gabon,AFRO,0,48981,0,306,48675
2023-03-19,GA,Gabon,AFRO,0,48981,0,306,48675
2023-03-26,GA,Gabon,AFRO,0,48981,0,306,48675
2023-04-02,GA,Gabon,AFRO,0,48981,0,306,48675
2023-04-09,GA,Gabon,AFRO,11,48992,1,307,48685
2023-04-16,GA,Gabon,AFRO,0,48992,0,307,48685
2023-04-23,GA,Gabon,AFRO,0,48992,0,307,48685
2023-04-30,GA,Gabon,AFRO,0,48992,0,307,48685
2023-05-07,GA,Gabon,AFRO,0,48992,0,307,48685
2023-05-14,GA,Gabon,AFRO,0,48992,0,307,48685
2023-05-21,GA,Gabon,AFRO,0,48992,0,307,48685
2023-05-28,GA,Gabon,AFRO,0,48992,0,307,48685
2023-06-04,GA,Gabon,AFRO,0,48992,0,307,48685
2023-06-11,GA,Gabon,AFRO,0,48992,0,307,48685
2023-06-18,GA,Gabon,AFRO,0,48992,0,307,48685
2023-06-25,GA,Gabon,AFRO,0,48992,0,307,48685
2023-07-02,GA,Gabon,AFRO,0,48992,0,307,48685
2023-07-09,GA,Gabon,AFRO,0,48992,0,307,48685
2023-07-16,GA,Gabon,AFRO,0,48992,0,307,48685
2023-07-23,GA,Gabon,AFRO,0,48992,0,307,48685
2023-07-30,GA,Gabon,AFRO,0,48992,0,307,48685
2023-08-06,GA,Gabon,AFRO,0,48992,0,307,48685
2023-08-13,GA,Gabon,AFRO,0,48992,0,307,48685
2023-08-20,GA,Gabon,AFRO,0,48992,0,307,48685
2023-08-27,GA,Gabon,AFRO,0,48992,0,307,48685
2023-09-03,GA,Gabon,AFRO,0,48992,0,307,48685
2023-09-10,GA,Gabon,AFRO,0,48992,0,307,48685
2023-09-17,GA,Gabon,AFRO,0,48992,0,307,48685
2023-09-24,GA,Gabon,AFRO,0,48992,0,307,48685
2023-10-01,GA,Gabon,AFRO,0,48992,0,307,48685
2023-10-08,GA,Gabon,AFRO,1,48993,0,307,48686
2023-10-15,GA,Gabon,AFRO,2,48995,0,307,48688
2023-10-22,GA,Gabon,AFRO,0,48995,0,307,48688
2023-10-29,GA,Gabon,AFRO,0,48995,0,307,48688
2023-11-05,GA,Gabon,AFRO,12,49007,0,307,48700
2023-11-12,GA,Gabon,AFRO,10,49017,0,307,48710
2023-11-19,GA,Gabon,AFRO,32,49049,0,307,48742
2023-11-26,GA,Gabon,AFRO,0,49049,0,307,48742
2023-12-03,GA,Gabon,AFRO,0,49049,0,307,48742
2023-12-10,GA,Gabon,AFRO,2,49051,0,307,48744
2023-12-17,GA,Gabon,AFRO,0,49051,0,307,48744
2023-12-24,GA,Gabon,AFRO,0,49051,0,307,48744
2023-12-31,GA,Gabon,AFRO,0,49051,0,307,48744
2024-01-07,GA,Gabon,AFRO,0,49051,0,307,48744
2024-01-14,GA,Gabon,AFRO,0,49051,0,307,48744
2024-01-21,GA,Gabon,AFRO,0,49051,0,307,48744
2024-01-28,GA,Gabon,AFRO,0,49051,0,307,48744
2024-02-04,GA,Gabon,AFRO,0,49051,0,307,48744
2024-02-11,GA,Gabon,AFRO,0,49051,0,307,48744
2024-02-18,GA,Gabon,AFRO,0,49051,0,307,48744
2024-02-25,GA,Gabon,AFRO,0,49051,0,307,48744
2024-03-03,GA,Gabon,AFRO,0,49051,0,307,48744
2024-03-10,GA,Gabon,AFRO,0,49051,0,307,48744
2024-03-17,GA,Gabon,AFRO,0,49051,0,307,48744
2024-03-24,GA,Gabon,AFRO,0,49051,0,307,48744
2024-03-31,GA,Gabon,AFRO,0,49051,0,307,48744
2024-04-07,GA,Gabon,AFRO,0,49051,0,307,48744
2024-04-14,GA,Gabon,AFRO,0,49051,0,307,48744
2024-04-21,GA,Gabon,AFRO,0,49051,0,307,48744
2024-04-28,GA,Gabon,AFRO,0,49051,0,307,48744
2024-05-05,GA,Gabon,AFRO,0,49051,0,307,48744
2024-05-12,GA,Gabon,AFRO,0,49051,0,307,48744
2024-05-19,GA,Gabon,AFRO,0,49051,0,307,48744
2024-05-26,GA,Gabon,AFRO,0,49051,0,307,48744
2024-06-02,GA,Gabon,AFRO,0,49051,0,307,48744
2024-06-09,GA,Gabon,AFRO,0,49051,0,307,48744
2024-06-16,GA,Gabon,AFRO,0,49051,0,307,48744
2024-06-23,GA,Gabon,AFRO,0,49051,0,307,48744
2024-06-30,GA,Gabon,AFRO,0,49051,0,307,48744
2024-07-07,GA,Gabon,AFRO,0,49051,0,307,48744
2024-07-14,GA,Gabon,AFRO,0,49051,0,307,48744
2024-07-21,GA,Gabon,AFRO,0,49051,0,307,48744
2024-07-28,GA,Gabon,AFRO,0,49051,0,307,48744
2024-08-04,GA,Gabon,AFRO,0,49051,0,307,48744
2024-08-11,GA,Gabon,AFRO,0,49051,0,307,48744
2024-08-18,GA,Gabon,AFRO,0,49051,0,307,48744
2024-08-25,GA,Gabon,AFRO,0,49051,0,307,48744
2024-09-01,GA,Gabon,AFRO,0,49051,0,307,48744
2024-09-08,GA,Gabon,AFRO,0,49051,0,307,48744
2024-09-15,GA,Gabon,AFRO,5,49056,0,307,48749
2024-09-22,GA,Gabon,AFRO,0,49056,0,307,48749
2024-09-29,GA,Gabon,AFRO,0,49056,0,307,48749
2024-10-06,GA,Gabon,AFRO,0,49056,0,307,48749
2024-10-13,GA,Gabon,AFRO,0,49056,0,307,48749
2024-10-20,GA,Gabon,AFRO,0,49056,0,307,48749
2024-10-27,GA,Gabon,AFRO,0,49056,0,307,48749
2024-11-03,GA,Gabon,AFRO,0,49056,0,307,48749
2024-11-10,GA,Gabon,AFRO,0,49056,0,307,48749
2024-11-17,GA,Gabon,AFRO,0,49056,0,307,48749
2020-01-05,GM,Gambia,AFRO,0,0,0,0,0
2020-01-12,GM,Gambia,AFRO,0,0,0,0,0
2020-01-19,GM,Gambia,AFRO,0,0,0,0,0
2020-01-26,GM,Gambia,AFRO,0,0,0,0,0
2020-02-02,GM,Gambia,AFRO,0,0,0,0,0
2020-02-09,GM,Gambia,AFRO,0,0,0,0,0
2020-02-16,GM,Gambia,AFRO,0,0,0,0,0
2020-02-23,GM,Gambia,AFRO,0,0,0,0,0
2020-03-01,GM,Gambia,AFRO,0,0,0,0,0
2020-03-08,GM,Gambia,AFRO,0,0,0,0,0
2020-03-15,GM,Gambia,AFRO,0,0,0,0,0
2020-03-22,GM,Gambia,AFRO,1,1,0,0,1
2020-03-29,GM,Gambia,AFRO,2,3,0,0,3
2020-04-05,GM,Gambia,AFRO,1,4,0,0,4
2020-04-12,GM,Gambia,AFRO,5,9,0,0,9
2020-04-19,GM,Gambia,AFRO,0,9,0,0,9
2020-04-26,GM,Gambia,AFRO,1,10,0,0,10
2020-05-03,GM,Gambia,AFRO,7,17,0,0,17
2020-05-10,GM,Gambia,AFRO,3,20,0,0,20
2020-05-17,GM,Gambia,AFRO,4,24,0,0,24
2020-05-24,GM,Gambia,AFRO,1,25,0,0,25
2020-05-31,GM,Gambia,AFRO,0,25,0,0,25
2020-06-07,GM,Gambia,AFRO,1,26,0,0,26
2020-06-14,GM,Gambia,AFRO,2,28,0,0,28
2020-06-21,GM,Gambia,AFRO,9,37,0,0,37
2020-06-28,GM,Gambia,AFRO,8,45,0,0,45
2020-07-05,GM,Gambia,AFRO,12,57,0,0,57
2020-07-12,GM,Gambia,AFRO,7,64,0,0,64
2020-07-19,GM,Gambia,AFRO,48,112,0,0,112
2020-07-26,GM,Gambia,AFRO,165,277,0,0,277
2020-08-02,GM,Gambia,AFRO,207,484,0,0,484
2020-08-09,GM,Gambia,AFRO,848,1332,0,0,1332
2020-08-16,GM,Gambia,AFRO,526,1858,0,0,1858
2020-08-23,GM,Gambia,AFRO,727,2585,0,0,2585
2020-08-30,GM,Gambia,AFRO,378,2963,0,0,2963
2020-09-06,GM,Gambia,AFRO,233,3196,0,0,3196
2020-09-13,GM,Gambia,AFRO,209,3405,0,0,3405
2020-09-20,GM,Gambia,AFRO,121,3526,0,0,3526
2020-09-27,GM,Gambia,AFRO,43,3569,0,0,3569
2020-10-04,GM,Gambia,AFRO,25,3594,115,115,3479
2020-10-11,GM,Gambia,AFRO,38,3632,2,117,3515
2020-10-18,GM,Gambia,AFRO,17,3649,1,118,3531
2020-10-25,GM,Gambia,AFRO,11,3660,1,119,3541
2020-11-01,GM,Gambia,AFRO,12,3672,0,119,3553
2020-11-08,GM,Gambia,AFRO,12,3684,2,121,3563
2020-11-15,GM,Gambia,AFRO,18,3702,1,122,3580
2020-11-22,GM,Gambia,AFRO,24,3726,1,123,3603
2020-11-29,GM,Gambia,AFRO,8,3734,0,123,3611
2020-12-06,GM,Gambia,AFRO,36,3770,0,123,3647
2020-12-13,GM,Gambia,AFRO,12,3782,0,123,3659
2020-12-20,GM,Gambia,AFRO,6,3788,0,123,3665
2020-12-27,GM,Gambia,AFRO,4,3792,0,123,3669
2021-01-03,GM,Gambia,AFRO,10,3802,1,124,3678
2021-01-10,GM,Gambia,AFRO,55,3857,1,125,3732
2021-01-17,GM,Gambia,AFRO,53,3910,3,128,3782
2021-01-24,GM,Gambia,AFRO,62,3972,0,128,3844
2021-01-31,GM,Gambia,AFRO,118,4090,0,128,3962
2021-02-07,GM,Gambia,AFRO,147,4237,6,134,4103
2021-02-14,GM,Gambia,AFRO,177,4414,4,138,4276
2021-02-21,GM,Gambia,AFRO,140,4554,6,144,4410
2021-02-28,GM,Gambia,AFRO,158,4712,6,150,4562
2021-03-07,GM,Gambia,AFRO,80,4792,3,153,4639
2021-03-14,GM,Gambia,AFRO,227,5019,0,153,4866
2021-03-21,GM,Gambia,AFRO,236,5255,8,161,5094
2021-03-28,GM,Gambia,AFRO,165,5420,3,164,5256
2021-04-04,GM,Gambia,AFRO,85,5505,2,166,5339
2021-04-11,GM,Gambia,AFRO,97,5602,2,168,5434
2021-04-18,GM,Gambia,AFRO,131,5733,2,170,5563
2021-04-25,GM,Gambia,AFRO,124,5857,3,173,5684
2021-05-02,GM,Gambia,AFRO,44,5901,2,175,5726
2021-05-09,GM,Gambia,AFRO,28,5929,0,175,5754
2021-05-16,GM,Gambia,AFRO,17,5946,0,175,5771
2021-05-23,GM,Gambia,AFRO,32,5978,3,178,5800
2021-05-30,GM,Gambia,AFRO,15,5993,1,179,5814
2021-06-06,GM,Gambia,AFRO,9,6002,0,179,5823
2021-06-13,GM,Gambia,AFRO,14,6016,1,180,5836
2021-06-20,GM,Gambia,AFRO,29,6045,1,181,5864
2021-06-27,GM,Gambia,AFRO,24,6069,0,181,5888
2021-07-04,GM,Gambia,AFRO,47,6116,1,182,5934
2021-07-11,GM,Gambia,AFRO,212,6328,3,185,6143
2021-07-18,GM,Gambia,AFRO,592,6920,5,190,6730
2021-07-25,GM,Gambia,AFRO,413,7333,18,208,7125
2021-08-01,GM,Gambia,AFRO,963,8296,19,227,8069
2021-08-08,GM,Gambia,AFRO,467,8763,18,245,8518
2021-08-15,GM,Gambia,AFRO,432,9195,26,271,8924
2021-08-22,GM,Gambia,AFRO,275,9470,30,301,9169
2021-08-29,GM,Gambia,AFRO,228,9698,18,319,9379
2021-09-05,GM,Gambia,AFRO,91,9789,9,328,9461
2021-09-12,GM,Gambia,AFRO,59,9848,0,328,9520
2021-09-19,GM,Gambia,AFRO,40,9888,4,332,9556
2021-09-26,GM,Gambia,AFRO,42,9930,3,335,9595
2021-10-03,GM,Gambia,AFRO,5,9935,3,338,9597
2021-10-10,GM,Gambia,AFRO,8,9943,1,339,9604
2021-10-17,GM,Gambia,AFRO,3,9946,0,339,9607
2021-10-24,GM,Gambia,AFRO,16,9962,1,340,9622
2021-10-31,GM,Gambia,AFRO,5,9967,0,340,9627
2021-11-07,GM,Gambia,AFRO,12,9979,1,341,9638
2021-11-14,GM,Gambia,AFRO,7,9986,0,341,9645
2021-11-21,GM,Gambia,AFRO,2,9988,1,342,9646
2021-11-28,GM,Gambia,AFRO,4,9992,0,342,9650
2021-12-05,GM,Gambia,AFRO,6,9998,0,342,9656
2021-12-12,GM,Gambia,AFRO,47,10045,0,342,9703
2021-12-19,GM,Gambia,AFRO,33,10078,0,342,9736
2021-12-26,GM,Gambia,AFRO,58,10136,0,342,9794
2022-01-02,GM,Gambia,AFRO,358,10494,1,343,10151
2022-01-09,GM,Gambia,AFRO,748,11242,1,344,10898
2022-01-16,GM,Gambia,AFRO,330,11572,3,347,11225
2022-01-23,GM,Gambia,AFRO,270,11842,15,362,11480
2022-01-30,GM,Gambia,AFRO,21,11863,2,364,11499
2022-02-06,GM,Gambia,AFRO,17,11880,0,364,11516
2022-02-13,GM,Gambia,AFRO,31,11911,1,365,11546
2022-02-20,GM,Gambia,AFRO,13,11924,0,365,11559
2022-02-27,GM,Gambia,AFRO,15,11939,0,365,11574
2022-03-06,GM,Gambia,AFRO,17,11956,0,365,11591
2022-03-13,GM,Gambia,AFRO,17,11973,0,365,11608
2022-03-20,GM,Gambia,AFRO,5,11978,0,365,11613
2022-03-27,GM,Gambia,AFRO,10,11988,0,365,11623
2022-04-03,GM,Gambia,AFRO,2,11990,0,365,11625
2022-04-10,GM,Gambia,AFRO,0,11990,0,365,11625
2022-04-17,GM,Gambia,AFRO,4,11994,0,365,11629
2022-04-24,GM,Gambia,AFRO,1,11995,0,365,11630
2022-05-01,GM,Gambia,AFRO,1,11996,0,365,11631
2022-05-08,GM,Gambia,AFRO,0,11996,0,365,11631
2022-05-15,GM,Gambia,AFRO,3,11999,0,365,11634
2022-05-22,GM,Gambia,AFRO,3,12002,0,365,11637
2022-05-29,GM,Gambia,AFRO,1,12003,0,365,11638
2022-06-05,GM,Gambia,AFRO,2,12005,0,365,11640
2022-06-12,GM,Gambia,AFRO,2,12007,0,365,11642
2022-06-19,GM,Gambia,AFRO,2,12009,0,365,11644
2022-06-26,GM,Gambia,AFRO,0,12009,0,365,11644
2022-07-03,GM,Gambia,AFRO,0,12009,0,365,11644
2022-07-10,GM,Gambia,AFRO,0,12009,0,365,11644
2022-07-17,GM,Gambia,AFRO,39,12048,3,368,11680
2022-07-24,GM,Gambia,AFRO,43,12091,0,368,11723
2022-07-31,GM,Gambia,AFRO,58,12149,0,368,11781
2022-08-07,GM,Gambia,AFRO,89,12238,0,368,11870
2022-08-14,GM,Gambia,AFRO,73,12311,3,371,11940
2022-08-21,GM,Gambia,AFRO,34,12345,0,371,11974
2022-08-28,GM,Gambia,AFRO,35,12380,0,371,12009
2022-09-04,GM,Gambia,AFRO,27,12407,0,371,12036
2022-09-11,GM,Gambia,AFRO,8,12415,1,372,12043
2022-09-18,GM,Gambia,AFRO,0,12415,0,372,12043
2022-09-25,GM,Gambia,AFRO,27,12442,0,372,12070
2022-10-02,GM,Gambia,AFRO,0,12442,0,372,12070
2022-10-09,GM,Gambia,AFRO,0,12442,0,372,12070
2022-10-16,GM,Gambia,AFRO,0,12442,0,372,12070
2022-10-23,GM,Gambia,AFRO,0,12442,0,372,12070
2022-10-30,GM,Gambia,AFRO,121,12563,0,372,12191
2022-11-06,GM,Gambia,AFRO,23,12586,0,372,12214
2022-11-13,GM,Gambia,AFRO,0,12586,0,372,12214
2022-11-20,GM,Gambia,AFRO,0,12586,0,372,12214
2022-11-27,GM,Gambia,AFRO,0,12586,0,372,12214
2022-12-04,GM,Gambia,AFRO,0,12586,0,372,12214
2022-12-11,GM,Gambia,AFRO,0,12586,0,372,12214
2022-12-18,GM,Gambia,AFRO,0,12586,0,372,12214
2022-12-25,GM,Gambia,AFRO,0,12586,0,372,12214
2023-01-01,GM,Gambia,AFRO,0,12586,0,372,12214
2023-01-08,GM,Gambia,AFRO,0,12586,0,372,12214
2023-01-15,GM,Gambia,AFRO,0,12586,0,372,12214
2023-01-22,GM,Gambia,AFRO,0,12586,0,372,12214
2023-01-29,GM,Gambia,AFRO,0,12586,0,372,12214
2023-02-05,GM,Gambia,AFRO,7,12593,0,372,12221
2023-02-12,GM,Gambia,AFRO,0,12593,0,372,12221
2023-02-19,GM,Gambia,AFRO,1,12594,0,372,12222
2023-02-26,GM,Gambia,AFRO,2,12596,0,372,12224
2023-03-05,GM,Gambia,AFRO,2,12598,0,372,12226
2023-03-12,GM,Gambia,AFRO,3,12601,0,372,12229
2023-03-19,GM,Gambia,AFRO,5,12606,0,372,12234
2023-03-26,GM,Gambia,AFRO,0,12606,0,372,12234
2023-04-02,GM,Gambia,AFRO,16,12622,0,372,12250
2023-04-09,GM,Gambia,AFRO,0,12622,0,372,12250
2023-04-16,GM,Gambia,AFRO,4,12626,0,372,12254
2023-04-23,GM,Gambia,AFRO,0,12626,0,372,12254
2023-04-30,GM,Gambia,AFRO,0,12626,0,372,12254
2023-05-07,GM,Gambia,AFRO,0,12626,0,372,12254
2023-05-14,GM,Gambia,AFRO,0,12626,0,372,12254
2023-05-21,GM,Gambia,AFRO,0,12626,0,372,12254
2023-05-28,GM,Gambia,AFRO,0,12626,0,372,12254
2023-06-04,GM,Gambia,AFRO,0,12626,0,372,12254
2023-06-11,GM,Gambia,AFRO,0,12626,0,372,12254
2023-06-18,GM,Gambia,AFRO,0,12626,0,372,12254
2023-06-25,GM,Gambia,AFRO,0,12626,0,372,12254
2023-07-02,GM,Gambia,AFRO,0,12626,0,372,12254
2023-07-09,GM,Gambia,AFRO,0,12626,0,372,12254
2023-07-16,GM,Gambia,AFRO,0,12626,0,372,12254
2023-07-23,GM,Gambia,AFRO,0,12626,0,372,12254
2023-07-30,GM,Gambia,AFRO,0,12626,0,372,12254
2023-08-06,GM,Gambia,AFRO,0,12626,0,372,12254
2023-08-13,GM,Gambia,AFRO,0,12626,0,372,12254
2023-08-20,GM,Gambia,AFRO,0,12626,0,372,12254
2023-08-27,GM,Gambia,AFRO,0,12626,0,372,12254
2023-09-03,GM,Gambia,AFRO,0,12626,0,372,12254
2023-09-10,GM,Gambia,AFRO,0,12626,0,372,12254
2023-09-17,GM,Gambia,AFRO,0,12626,0,372,12254
2023-09-24,GM,Gambia,AFRO,0,12626,0,372,12254
2023-10-01,GM,Gambia,AFRO,0,12626,0,372,12254
2023-10-08,GM,Gambia,AFRO,0,12626,0,372,12254
2023-10-15,GM,Gambia,AFRO,0,12626,0,372,12254
2023-10-22,GM,Gambia,AFRO,0,12626,0,372,12254
2023-10-29,GM,Gambia,AFRO,0,12626,0,372,12254
2023-11-05,GM,Gambia,AFRO,0,12626,0,372,12254
2023-11-12,GM,Gambia,AFRO,0,12626,0,372,12254
2023-11-19,GM,Gambia,AFRO,0,12626,0,372,12254
2023-11-26,GM,Gambia,AFRO,0,12626,0,372,12254
2023-12-03,GM,Gambia,AFRO,0,12626,0,372,12254
2023-12-10,GM,Gambia,AFRO,0,12626,0,372,12254
2023-12-17,GM,Gambia,AFRO,0,12626,0,372,12254
2023-12-24,GM,Gambia,AFRO,0,12626,0,372,12254
2023-12-31,GM,Gambia,AFRO,0,12626,0,372,12254
2024-01-07,GM,Gambia,AFRO,0,12626,0,372,12254
2024-01-14,GM,Gambia,AFRO,0,12626,0,372,12254
2024-01-21,GM,Gambia,AFRO,0,12626,0,372,12254
2024-01-28,GM,Gambia,AFRO,0,12626,0,372,12254
2024-02-04,GM,Gambia,AFRO,0,12626,0,372,12254
2024-02-11,GM,Gambia,AFRO,0,12626,0,372,12254
2024-02-18,GM,Gambia,AFRO,0,12626,0,372,12254
2024-02-25,GM,Gambia,AFRO,0,12626,0,372,12254
2024-03-03,GM,Gambia,AFRO,0,12626,0,372,12254
2024-03-10,GM,Gambia,AFRO,0,12626,0,372,12254
2024-03-17,GM,Gambia,AFRO,0,12626,0,372,12254
2024-03-24,GM,Gambia,AFRO,0,12626,0,372,12254
2024-03-31,GM,Gambia,AFRO,0,12626,0,372,12254
2024-04-07,GM,Gambia,AFRO,0,12626,0,372,12254
2024-04-14,GM,Gambia,AFRO,0,12626,0,372,12254
2024-04-21,GM,Gambia,AFRO,0,12626,0,372,12254
2024-04-28,GM,Gambia,AFRO,0,12626,0,372,12254
2024-05-05,GM,Gambia,AFRO,0,12626,0,372,12254
2024-05-12,GM,Gambia,AFRO,1,12627,0,372,12255
2024-05-19,GM,Gambia,AFRO,0,12627,0,372,12255
2024-05-26,GM,Gambia,AFRO,0,12627,0,372,12255
2024-06-02,GM,Gambia,AFRO,0,12627,0,372,12255
2024-06-09,GM,Gambia,AFRO,0,12627,0,372,12255
2024-06-16,GM,Gambia,AFRO,0,12627,0,372,12255
2024-06-23,GM,Gambia,AFRO,0,12627,0,372,12255
2024-06-30,GM,Gambia,AFRO,0,12627,0,372,12255
2024-07-07,GM,Gambia,AFRO,0,12627,0,372,12255
2024-07-14,GM,Gambia,AFRO,0,12627,0,372,12255
2024-07-21,GM,Gambia,AFRO,0,12627,0,372,12255
2024-07-28,GM,Gambia,AFRO,0,12627,0,372,12255
2024-08-04,GM,Gambia,AFRO,0,12627,0,372,12255
2024-08-11,GM,Gambia,AFRO,0,12627,0,372,12255
2024-08-18,GM,Gambia,AFRO,0,12627,0,372,12255
2024-08-25,GM,Gambia,AFRO,0,12627,0,372,12255
2024-09-01,GM,Gambia,AFRO,0,12627,0,372,12255
2024-09-08,GM,Gambia,AFRO,0,12627,0,372,12255
2024-09-15,GM,Gambia,AFRO,0,12627,0,372,12255
2024-09-22,GM,Gambia,AFRO,0,12627,0,372,12255
2024-09-29,GM,Gambia,AFRO,0,12627,0,372,12255
2024-10-06,GM,Gambia,AFRO,0,12627,0,372,12255
2024-10-13,GM,Gambia,AFRO,0,12627,0,372,12255
2024-10-20,GM,Gambia,AFRO,0,12627,0,372,12255
2024-10-27,GM,Gambia,AFRO,0,12627,0,372,12255
2024-11-03,GM,Gambia,AFRO,0,12627,0,372,12255
2024-11-10,GM,Gambia,AFRO,0,12627,0,372,12255
2024-11-17,GM,Gambia,AFRO,0,12627,0,372,12255
2020-01-05,GE,Georgia,EURO,0,0,0,0,0
2020-01-12,GE,Georgia,EURO,0,0,0,0,0
2020-01-19,GE,Georgia,EURO,0,0,0,0,0
2020-01-26,GE,Georgia,EURO,0,0,0,0,0
2020-02-02,GE,Georgia,EURO,0,0,0,0,0
2020-02-09,GE,Georgia,EURO,0,0,0,0,0
2020-02-16,GE,Georgia,EURO,0,0,0,0,0
2020-02-23,GE,Georgia,EURO,0,0,0,0,0
2020-03-01,GE,Georgia,EURO,3,3,0,0,3
2020-03-08,GE,Georgia,EURO,9,12,0,0,12
2020-03-15,GE,Georgia,EURO,18,30,0,0,30
2020-03-22,GE,Georgia,EURO,24,54,0,0,54
2020-03-29,GE,Georgia,EURO,44,98,0,0,98
2020-04-05,GE,Georgia,EURO,72,170,1,1,169
2020-04-12,GE,Georgia,EURO,82,252,2,3,249
2020-04-19,GE,Georgia,EURO,142,394,1,4,390
2020-04-26,GE,Georgia,EURO,91,485,1,5,480
2020-05-03,GE,Georgia,EURO,104,589,3,8,581
2020-05-10,GE,Georgia,EURO,46,635,2,10,625
2020-05-17,GE,Georgia,EURO,60,695,2,12,683
2020-05-24,GE,Georgia,EURO,35,730,0,12,718
2020-05-31,GE,Georgia,EURO,53,783,0,12,771
2020-06-07,GE,Georgia,EURO,26,809,1,13,796
2020-06-14,GE,Georgia,EURO,55,864,1,14,850
2020-06-21,GE,Georgia,EURO,42,906,0,14,892
2020-06-28,GE,Georgia,EURO,18,924,1,15,909
2020-07-05,GE,Georgia,EURO,27,951,0,15,936
2020-07-12,GE,Georgia,EURO,35,986,0,15,971
2020-07-19,GE,Georgia,EURO,42,1028,0,15,1013
2020-07-26,GE,Georgia,EURO,103,1131,1,16,1115
2020-08-02,GE,Georgia,EURO,46,1177,1,17,1160
2020-08-09,GE,Georgia,EURO,48,1225,0,17,1208
2020-08-16,GE,Georgia,EURO,111,1336,0,17,1319
2020-08-23,GE,Georgia,EURO,75,1411,0,17,1394
2020-08-30,GE,Georgia,EURO,58,1469,2,19,1450
2020-09-06,GE,Georgia,EURO,181,1650,0,19,1631
2020-09-13,GE,Georgia,EURO,577,2227,0,19,2208
2020-09-20,GE,Georgia,EURO,1275,3502,0,19,3483
2020-09-27,GE,Georgia,EURO,1752,5254,9,28,5226
2020-10-04,GE,Georgia,EURO,2864,8118,22,50,8068
2020-10-11,GE,Georgia,EURO,3676,11794,35,85,11709
2020-10-18,GE,Georgia,EURO,5683,17477,51,136,17341
2020-10-25,GE,Georgia,EURO,10954,28431,65,201,28230
2020-11-01,GE,Georgia,EURO,12296,40727,134,335,40392
2020-11-08,GE,Georgia,EURO,17026,57753,140,475,57278
2020-11-15,GE,Georgia,EURO,21925,79678,228,703,78975
2020-11-22,GE,Georgia,EURO,25054,104732,273,976,103756
2020-11-29,GE,Georgia,EURO,27636,132368,254,1230,131138
2020-12-06,GE,Georgia,EURO,30107,162475,274,1504,160971
2020-12-13,GE,Georgia,EURO,27251,189726,286,1790,187936
2020-12-20,GE,Georgia,EURO,18912,208638,304,2094,206544
2020-12-27,GE,Georgia,EURO,12967,221605,283,2377,219228
2021-01-03,GE,Georgia,EURO,7564,229169,226,2603,226566
2021-01-10,GE,Georgia,EURO,10060,239229,170,2773,236456
2021-01-17,GE,Georgia,EURO,8576,247805,160,2933,244872
2021-01-24,GE,Georgia,EURO,5713,253518,122,3055,250463
2021-01-31,GE,Georgia,EURO,4593,258111,123,3178,254933
2021-02-07,GE,Georgia,EURO,3913,262024,105,3283,258741
2021-02-14,GE,Georgia,EURO,3533,265557,69,3352,262205
2021-02-21,GE,Georgia,EURO,2798,268355,83,3435,264920
2021-02-28,GE,Georgia,EURO,2403,270758,75,3510,267248
2021-03-07,GE,Georgia,EURO,2093,272851,66,3576,269275
2021-03-14,GE,Georgia,EURO,2138,274989,72,3648,271341
2021-03-21,GE,Georgia,EURO,2491,277480,52,3700,273780
2021-03-28,GE,Georgia,EURO,2821,280301,51,3751,276550
2021-04-04,GE,Georgia,EURO,3532,283833,60,3811,280022
2021-04-11,GE,Georgia,EURO,4563,288396,66,3877,284519
2021-04-18,GE,Georgia,EURO,6962,295358,62,3939,291419
2021-04-25,GE,Georgia,EURO,8393,303751,86,4025,299726
2021-05-02,GE,Georgia,EURO,8694,312445,126,4151,308294
2021-05-09,GE,Georgia,EURO,9474,321919,130,4281,317638
2021-05-16,GE,Georgia,EURO,8456,330375,161,4442,325933
2021-05-23,GE,Georgia,EURO,7198,337573,180,4622,332951
2021-05-30,GE,Georgia,EURO,6030,343603,135,4757,338846
2021-06-06,GE,Georgia,EURO,5495,349098,153,4910,344188
2021-06-13,GE,Georgia,EURO,4867,353965,138,5048,348917
2021-06-20,GE,Georgia,EURO,4916,358881,112,5160,353721
2021-06-27,GE,Georgia,EURO,4641,363522,106,5266,358256
2021-07-04,GE,Georgia,EURO,5526,369048,81,5347,363701
2021-07-11,GE,Georgia,EURO,8104,377152,105,5452,371700
2021-07-18,GE,Georgia,EURO,10329,387481,99,5551,381930
2021-07-25,GE,Georgia,EURO,15278,402759,137,5688,397071
2021-08-01,GE,Georgia,EURO,19429,422188,165,5853,416335
2021-08-08,GE,Georgia,EURO,25725,447913,231,6084,441829
2021-08-15,GE,Georgia,EURO,33665,481578,322,6406,475172
2021-08-22,GE,Georgia,EURO,33166,514744,365,6771,507973
2021-08-29,GE,Georgia,EURO,28374,543118,480,7251,535867
2021-09-05,GE,Georgia,EURO,21719,564837,555,7806,557031
2021-09-12,GE,Georgia,EURO,16032,580869,379,8185,572684
2021-09-19,GE,Georgia,EURO,14395,595264,356,8541,586723
2021-09-26,GE,Georgia,EURO,11228,606492,276,8817,597675
2021-10-03,GE,Georgia,EURO,11261,617753,221,9038,608715
2021-10-10,GE,Georgia,EURO,16300,634053,208,9246,624807
2021-10-17,GE,Georgia,EURO,28281,662334,222,9468,652866
2021-10-24,GE,Georgia,EURO,29906,692240,274,9742,682498
2021-10-31,GE,Georgia,EURO,27007,719247,303,10045,709202
2021-11-07,GE,Georgia,EURO,33608,752855,390,10435,742420
2021-11-14,GE,Georgia,EURO,31236,784091,540,10975,773116
2021-11-21,GE,Georgia,EURO,28155,812246,523,11498,800748
2021-11-28,GE,Georgia,EURO,26393,838639,429,11927,826712
2021-12-05,GE,Georgia,EURO,26654,865293,417,12344,852949
2021-12-12,GE,Georgia,EURO,23993,889286,387,12731,876555
2021-12-19,GE,Georgia,EURO,19874,909160,340,13071,896089
2021-12-26,GE,Georgia,EURO,15208,924368,441,13512,910856
2022-01-02,GE,Georgia,EURO,13272,937640,373,13885,923755
2022-01-09,GE,Georgia,EURO,22234,959874,252,14137,945737
2022-01-16,GE,Georgia,EURO,35813,995687,262,14399,981288
2022-01-23,GE,Georgia,EURO,55758,1051445,252,14651,1036794
2022-01-30,GE,Georgia,EURO,111328,1162773,244,14895,1147878
2022-02-06,GE,Georgia,EURO,151830,1314603,267,15162,1299441
2022-02-13,GE,Georgia,EURO,139462,1454065,344,15506,1438559
2022-02-20,GE,Georgia,EURO,94828,1548893,300,15806,1533087
2022-02-27,GE,Georgia,EURO,54114,1603007,282,16088,1586919
2022-03-06,GE,Georgia,EURO,22365,1625372,228,16316,1609056
2022-03-13,GE,Georgia,EURO,10137,1635509,188,16504,1619005
2022-03-20,GE,Georgia,EURO,6365,1641874,109,16613,1625261
2022-03-27,GE,Georgia,EURO,4442,1646316,45,16658,1629658
2022-04-03,GE,Georgia,EURO,2906,1649222,48,16706,1632516
2022-04-10,GE,Georgia,EURO,2248,1651470,15,16721,1634749
2022-04-17,GE,Georgia,EURO,1574,1653044,21,16742,1636302
2022-04-24,GE,Georgia,EURO,1211,1654255,8,16750,1637505
2022-05-01,GE,Georgia,EURO,915,1655170,10,16760,1638410
2022-05-08,GE,Georgia,EURO,51,1655221,1,16761,1638460
2022-05-15,GE,Georgia,EURO,745,1655966,8,16769,1639197
2022-05-22,GE,Georgia,EURO,602,1656568,3,16772,1639796
2022-05-29,GE,Georgia,EURO,586,1657154,5,16777,1640377
2022-06-05,GE,Georgia,EURO,575,1657729,1,16778,1640951
2022-06-12,GE,Georgia,EURO,1026,1658755,10,16788,1641967
2022-06-19,GE,Georgia,EURO,0,1658755,0,16788,1641967
2022-06-26,GE,Georgia,EURO,1674,1660429,3,16791,1643638
2022-07-03,GE,Georgia,EURO,0,1660429,0,16791,1643638
2022-07-10,GE,Georgia,EURO,1870,1662299,3,16794,1645505
2022-07-17,GE,Georgia,EURO,5154,1667453,3,16797,1650656
2022-07-24,GE,Georgia,EURO,9512,1676965,7,16804,1660161
2022-07-31,GE,Georgia,EURO,11253,1688218,5,16809,1671409
2022-08-07,GE,Georgia,EURO,12802,1701020,10,16819,1684201
2022-08-14,GE,Georgia,EURO,13729,1714749,8,16827,1697922
2022-08-21,GE,Georgia,EURO,13338,1728087,6,16833,1711254
2022-08-28,GE,Georgia,EURO,13595,1741682,6,16839,1724843
2022-09-04,GE,Georgia,EURO,19907,1761589,4,16843,1744746
2022-09-11,GE,Georgia,EURO,10340,1771929,6,16849,1755080
2022-09-18,GE,Georgia,EURO,8480,1780409,5,16854,1763555
2022-09-25,GE,Georgia,EURO,7214,1787623,4,16858,1770765
2022-10-02,GE,Georgia,EURO,5150,1792773,4,16862,1775911
2022-10-09,GE,Georgia,EURO,3997,1796770,5,16867,1779903
2022-10-16,GE,Georgia,EURO,2229,1798999,3,16870,1782129
2022-10-23,GE,Georgia,EURO,1814,1800813,1,16871,1783942
2022-10-30,GE,Georgia,EURO,1444,1802257,2,16873,1785384
2022-11-06,GE,Georgia,EURO,1139,1803396,5,16878,1786518
2022-11-13,GE,Georgia,EURO,1169,1804565,0,16878,1787687
2022-11-20,GE,Georgia,EURO,1077,1805642,3,16881,1788761
2022-11-27,GE,Georgia,EURO,889,1806531,6,16887,1789644
2022-12-04,GE,Georgia,EURO,748,1807279,3,16890,1790389
2022-12-11,GE,Georgia,EURO,623,1807902,3,16893,1791009
2022-12-18,GE,Georgia,EURO,636,1808538,4,16897,1791641
2022-12-25,GE,Georgia,EURO,641,1809179,1,16898,1792281
2023-01-01,GE,Georgia,EURO,691,1809870,5,16903,1792967
2023-01-08,GE,Georgia,EURO,1044,1810914,5,16908,1794006
2023-01-15,GE,Georgia,EURO,1152,1812066,7,16915,1795151
2023-01-22,GE,Georgia,EURO,1612,1813678,8,16923,1796755
2023-01-29,GE,Georgia,EURO,2034,1815712,10,16933,1798779
2023-02-05,GE,Georgia,EURO,2940,1818652,7,16940,1801712
2023-02-12,GE,Georgia,EURO,3195,1821847,9,16949,1804898
2023-02-19,GE,Georgia,EURO,2997,1824844,15,16964,1807880
2023-02-26,GE,Georgia,EURO,2531,1827375,5,16969,1810406
2023-03-05,GE,Georgia,EURO,2058,1829433,16,16985,1812448
2023-03-12,GE,Georgia,EURO,1812,1831245,15,17000,1814245
2023-03-19,GE,Georgia,EURO,1791,1833036,13,17013,1816023
2023-03-26,GE,Georgia,EURO,1597,1834633,9,17022,1817611
2023-04-02,GE,Georgia,EURO,1465,1836098,7,17029,1819069
2023-04-09,GE,Georgia,EURO,1558,1837656,11,17040,1820616
2023-04-16,GE,Georgia,EURO,1147,1838803,7,17047,1821756
2023-04-23,GE,Georgia,EURO,1054,1839857,10,17057,1822800
2023-04-30,GE,Georgia,EURO,1008,1840865,7,17064,1823801
2023-05-07,GE,Georgia,EURO,874,1841739,2,17066,1824673
2023-05-14,GE,Georgia,EURO,686,1842425,8,17074,1825351
2023-05-21,GE,Georgia,EURO,684,1843109,7,17081,1826028
2023-05-28,GE,Georgia,EURO,558,1843667,5,17086,1826581
2023-06-04,GE,Georgia,EURO,533,1844200,3,17089,1827111
2023-06-11,GE,Georgia,EURO,410,1844610,3,17092,1827518
2023-06-18,GE,Georgia,EURO,422,1845032,3,17095,1827937
2023-06-25,GE,Georgia,EURO,376,1845408,4,17099,1828309
2023-07-02,GE,Georgia,EURO,423,1845831,3,17102,1828729
2023-07-09,GE,Georgia,EURO,460,1846291,4,17106,1829185
2023-07-16,GE,Georgia,EURO,442,1846733,1,17107,1829626
2023-07-23,GE,Georgia,EURO,610,1847343,3,17110,1830233
2023-07-30,GE,Georgia,EURO,781,1848124,4,17114,1831010
2023-08-06,GE,Georgia,EURO,1126,1849250,2,17116,1832134
2023-08-13,GE,Georgia,EURO,1522,1850772,6,17122,1833650
2023-08-20,GE,Georgia,EURO,2093,1852865,5,17127,1835738
2023-08-27,GE,Georgia,EURO,2424,1855289,5,17132,1838157
2023-09-03,GE,Georgia,EURO,0,1855289,0,17132,1838157
2023-09-10,GE,Georgia,EURO,0,1855289,0,17132,1838157
2023-09-17,GE,Georgia,EURO,0,1855289,0,17132,1838157
2023-09-24,GE,Georgia,EURO,0,1855289,0,17132,1838157
2023-10-01,GE,Georgia,EURO,0,1855289,0,17132,1838157
2023-10-08,GE,Georgia,EURO,0,1855289,0,17132,1838157
2023-10-15,GE,Georgia,EURO,0,1855289,0,17132,1838157
2023-10-22,GE,Georgia,EURO,0,1855289,0,17132,1838157
2023-10-29,GE,Georgia,EURO,0,1855289,0,17132,1838157
2023-11-05,GE,Georgia,EURO,363,1855652,1,17133,1838519
2023-11-12,GE,Georgia,EURO,221,1855873,0,17133,1838740
2023-11-19,GE,Georgia,EURO,176,1856049,0,17133,1838916
2023-11-26,GE,Georgia,EURO,124,1856173,2,17135,1839038
2023-12-03,GE,Georgia,EURO,120,1856293,1,17136,1839157
2023-12-10,GE,Georgia,EURO,135,1856428,0,17136,1839292
2023-12-17,GE,Georgia,EURO,154,1856582,1,17137,1839445
2023-12-24,GE,Georgia,EURO,158,1856740,2,17139,1839601
2023-12-31,GE,Georgia,EURO,242,1856982,2,17141,1839841
2024-01-07,GE,Georgia,EURO,338,1857320,1,17142,1840178
2024-01-14,GE,Georgia,EURO,469,1857789,2,17144,1840645
2024-01-21,GE,Georgia,EURO,341,1858130,3,17147,1840983
2024-01-28,GE,Georgia,EURO,396,1858526,0,17147,1841379
2024-02-04,GE,Georgia,EURO,434,1858960,1,17148,1841812
2024-02-11,GE,Georgia,EURO,613,1859573,1,17149,1842424
2024-02-18,GE,Georgia,EURO,655,1860228,1,17150,1843078
2024-02-25,GE,Georgia,EURO,565,1860793,0,17150,1843643
2024-03-03,GE,Georgia,EURO,487,1861280,0,17150,1844130
2024-03-10,GE,Georgia,EURO,385,1861665,0,17150,1844515
2024-03-17,GE,Georgia,EURO,420,1862085,0,17150,1844935
2024-03-24,GE,Georgia,EURO,241,1862326,0,17150,1845176
2024-03-31,GE,Georgia,EURO,171,1862497,0,17150,1845347
2024-04-07,GE,Georgia,EURO,172,1862669,0,17150,1845519
2024-04-14,GE,Georgia,EURO,85,1862754,0,17150,1845604
2024-04-21,GE,Georgia,EURO,94,1862848,0,17150,1845698
2024-04-28,GE,Georgia,EURO,62,1862910,0,17150,1845760
2024-05-05,GE,Georgia,EURO,58,1862968,0,17150,1845818
2024-05-12,GE,Georgia,EURO,26,1862994,0,17150,1845844
2024-05-19,GE,Georgia,EURO,33,1863027,0,17150,1845877
2024-05-26,GE,Georgia,EURO,32,1863059,0,17150,1845909
2024-06-02,GE,Georgia,EURO,42,1863101,0,17150,1845951
2024-06-09,GE,Georgia,EURO,67,1863168,0,17150,1846018
2024-06-16,GE,Georgia,EURO,44,1863212,0,17150,1846062
2024-06-23,GE,Georgia,EURO,49,1863261,0,17150,1846111
2024-06-30,GE,Georgia,EURO,46,1863307,0,17150,1846157
2024-07-07,GE,Georgia,EURO,89,1863396,0,17150,1846246
2024-07-14,GE,Georgia,EURO,103,1863499,0,17150,1846349
2024-07-21,GE,Georgia,EURO,116,1863615,0,17150,1846465
2024-07-28,GE,Georgia,EURO,97,1863712,1,17151,1846561
2024-08-04,GE,Georgia,EURO,135,1863847,0,17151,1846696
2024-08-11,GE,Georgia,EURO,115,1863962,0,17151,1846811
2024-08-18,GE,Georgia,EURO,78,1864040,0,17151,1846889
2024-08-25,GE,Georgia,EURO,87,1864127,0,17151,1846976
2024-09-01,GE,Georgia,EURO,33,1864160,0,17151,1847009
2024-09-08,GE,Georgia,EURO,46,1864206,0,17151,1847055
2024-09-15,GE,Georgia,EURO,42,1864248,0,17151,1847097
2024-09-22,GE,Georgia,EURO,40,1864288,0,17151,1847137
2024-09-29,GE,Georgia,EURO,46,1864334,0,17151,1847183
2024-10-06,GE,Georgia,EURO,28,1864362,0,17151,1847211
2024-10-13,GE,Georgia,EURO,21,1864383,0,17151,1847232
2024-10-20,GE,Georgia,EURO,0,1864383,0,17151,1847232
2024-10-27,GE,Georgia,EURO,0,1864383,0,17151,1847232
2024-11-03,GE,Georgia,EURO,0,1864383,0,17151,1847232
2024-11-10,GE,Georgia,EURO,0,1864383,0,17151,1847232
2024-11-17,GE,Georgia,EURO,0,1864383,0,17151,1847232
2020-01-05,DE,Germany,EURO,1,1,3,3,-2
2020-01-12,DE,Germany,EURO,0,1,0,3,-2
2020-01-19,DE,Germany,EURO,0,1,0,3,-2
2020-01-26,DE,Germany,EURO,1,2,3,6,-4
2020-02-02,DE,Germany,EURO,9,11,3,9,2
2020-02-09,DE,Germany,EURO,9,20,0,9,11
2020-02-16,DE,Germany,EURO,5,25,0,9,16
2020-02-23,DE,Germany,EURO,6,31,1,10,21
2020-03-01,DE,Germany,EURO,139,170,1,11,159
2020-03-08,DE,Germany,EURO,905,1075,12,23,1052
2020-03-15,DE,Germany,EURO,6441,7516,84,107,7409
2020-03-22,DE,Germany,EURO,22407,29923,479,586,29337
2020-03-29,DE,Germany,EURO,33981,63904,1459,2045,61859
2020-04-05,DE,Germany,EURO,36067,99971,2273,4318,95653
2020-04-12,DE,Germany,EURO,27145,127116,1878,6196,120920
2020-04-19,DE,Germany,EURO,17345,144461,1226,7422,137039
2020-04-26,DE,Germany,EURO,12351,156812,727,8149,148663
2020-05-03,DE,Germany,EURO,7442,164254,388,8537,155717
2020-05-10,DE,Germany,EURO,6243,170497,258,8795,161702
2020-05-17,DE,Germany,EURO,4775,175272,165,8960,166312
2020-05-24,DE,Germany,EURO,3604,178876,111,9071,169805
2020-05-31,DE,Germany,EURO,3206,182082,65,9136,172946
2020-06-07,DE,Germany,EURO,2354,184436,44,9180,175256
2020-06-14,DE,Germany,EURO,2348,186784,35,9215,177569
2020-06-21,DE,Germany,EURO,4192,190976,41,9256,181720
2020-06-28,DE,Germany,EURO,3167,194143,21,9277,184866
2020-07-05,DE,Germany,EURO,2691,196834,26,9303,187531
2020-07-12,DE,Germany,EURO,2429,199263,25,9328,189935
2020-07-19,DE,Germany,EURO,3044,202307,31,9359,192948
2020-07-26,DE,Germany,EURO,3936,206243,33,9392,196851
2020-08-02,DE,Germany,EURO,4843,211086,37,9429,201657
2020-08-09,DE,Germany,EURO,6067,217153,34,9463,207690
2020-08-16,DE,Germany,EURO,7971,225124,31,9494,215630
2020-08-23,DE,Germany,EURO,9580,234704,31,9525,225179
2020-08-30,DE,Germany,EURO,8844,243548,18,9543,234005
2020-09-06,DE,Germany,EURO,8609,252157,35,9578,242579
2020-09-13,DE,Germany,EURO,9785,261942,68,9646,252296
2020-09-20,DE,Germany,EURO,12285,274227,82,9728,264499
2020-09-27,DE,Germany,EURO,13064,287291,110,9838,277453
2020-10-04,DE,Germany,EURO,15946,303237,121,9959,293278
2020-10-11,DE,Germany,EURO,26145,329382,247,10206,319176
2020-10-18,DE,Germany,EURO,42031,371413,464,10670,360743
2020-10-25,DE,Germany,EURO,74792,446205,1015,11685,434520
2020-11-01,DE,Germany,EURO,111009,557214,1621,13306,543908
2020-11-08,DE,Germany,EURO,125692,682906,1910,15216,667690
2020-11-15,DE,Germany,EURO,127862,810768,2536,17752,793016
2020-11-22,DE,Germany,EURO,128400,939168,3226,20978,918190
2020-11-29,DE,Germany,EURO,123122,1062290,3601,24579,1037711
2020-12-06,DE,Germany,EURO,128258,1190548,4480,29059,1161489
2020-12-13,DE,Germany,EURO,156213,1346761,5762,34821,1311940
2020-12-20,DE,Germany,EURO,174589,1521350,6460,41281,1480069
2020-12-27,DE,Germany,EURO,138828,1660178,5728,47009,1613169
2021-01-03,DE,Germany,EURO,122953,1783131,5744,52753,1730378
2021-01-10,DE,Germany,EURO,145505,1928636,5759,58512,1870124
2021-01-17,DE,Germany,EURO,118929,2047565,5096,63608,1983957
2021-01-24,DE,Germany,EURO,95553,2143118,4107,67715,2075403
2021-01-31,DE,Germany,EURO,78172,2221290,3102,70817,2150473
2021-02-07,DE,Germany,EURO,64596,2285886,2268,73085,2212801
2021-02-14,DE,Germany,EURO,50827,2336713,1680,74765,2261948
2021-02-21,DE,Germany,EURO,52329,2389042,1478,76243,2312799
2021-02-28,DE,Germany,EURO,56356,2445398,1227,77470,2367928
2021-03-07,DE,Germany,EURO,58425,2503823,1049,78519,2425304
2021-03-14,DE,Germany,EURO,71391,2575214,1104,79623,2495591
2021-03-21,DE,Germany,EURO,92610,2667824,1277,80900,2586924
2021-03-28,DE,Germany,EURO,116309,2784133,1526,82426,2701707
2021-04-04,DE,Germany,EURO,110007,2894140,1590,84016,2810124
2021-04-11,DE,Germany,EURO,118188,3012328,1582,85598,2926730
2021-04-18,DE,Germany,EURO,142021,3154349,1627,87225,3067124
2021-04-25,DE,Germany,EURO,144678,3299027,1622,88847,3210180
2021-05-02,DE,Germany,EURO,124684,3423711,1307,90154,3333557
2021-05-09,DE,Germany,EURO,100847,3524558,1010,91164,3433394
2021-05-16,DE,Germany,EURO,70746,3595304,676,91840,3503464
2021-05-23,DE,Germany,EURO,52670,3647974,448,92288,3555686
2021-05-30,DE,Germany,EURO,29867,3677841,261,92549,3585292
2021-06-06,DE,Germany,EURO,20680,3698521,141,92690,3605831
2021-06-13,DE,Germany,EURO,14062,3712583,67,92757,3619826
2021-06-20,DE,Germany,EURO,7285,3719868,47,92804,3627064
2021-06-27,DE,Germany,EURO,4859,3724727,30,92834,3631893
2021-07-04,DE,Germany,EURO,4388,3729115,25,92859,3636256
2021-07-11,DE,Germany,EURO,5597,3734712,25,92884,3641828
2021-07-18,DE,Germany,EURO,9113,3743825,30,92914,3650911
2021-07-25,DE,Germany,EURO,12646,3756471,40,92954,3663517
2021-08-01,DE,Germany,EURO,15522,3771993,72,93026,3678967
2021-08-08,DE,Germany,EURO,20423,3792416,89,93115,3699301
2021-08-15,DE,Germany,EURO,32077,3824493,144,93259,3731234
2021-08-22,DE,Germany,EURO,49652,3874145,224,93483,3780662
2021-08-29,DE,Germany,EURO,66371,3940516,351,93834,3846682
2021-09-05,DE,Germany,EURO,74737,4015253,432,94266,3920987
2021-09-12,DE,Germany,EURO,71656,4086909,449,94715,3992194
2021-09-19,DE,Germany,EURO,61471,4148380,385,95100,4053280
2021-09-26,DE,Germany,EURO,53623,4202003,354,95454,4106549
2021-10-03,DE,Germany,EURO,56481,4258484,423,95877,4162607
2021-10-10,DE,Germany,EURO,58025,4316509,489,96366,4220143
2021-10-17,DE,Germany,EURO,65359,4381868,581,96947,4284921
2021-10-24,DE,Germany,EURO,97723,4479591,1051,97998,4381593
2021-10-31,DE,Germany,EURO,137011,4616602,1274,99272,4517330
2021-11-07,DE,Germany,EURO,177868,4794470,1672,100944,4693526
2021-11-14,DE,Germany,EURO,271174,5065644,2286,103230,4962414
2021-11-21,DE,Germany,EURO,351654,5417298,2710,105940,5311358
2021-11-28,DE,Germany,EURO,403348,5820646,3093,109033,5711613
2021-12-05,DE,Germany,EURO,388054,6208700,2865,111898,6096802
2021-12-12,DE,Germany,EURO,338008,6546708,2513,114411,6432297
2021-12-19,DE,Germany,EURO,273503,6820211,1994,116405,6703806
2021-12-26,DE,Germany,EURO,193832,7014043,1287,117692,6896351
2022-01-02,DE,Germany,EURO,208696,7222739,1029,118721,7104018
2022-01-09,DE,Germany,EURO,337882,7560621,870,119591,7441030
2022-01-16,DE,Germany,EURO,486124,8046745,693,120284,7926461
2022-01-23,DE,Germany,EURO,796815,8843560,867,121151,8722409
2022-01-30,DE,Germany,EURO,1114352,9957912,1117,122268,9835644
2022-02-06,DE,Germany,EURO,1292740,11250652,1504,123772,11126880
2022-02-13,DE,Germany,EURO,1309845,12560497,1705,125477,12435020
2022-02-20,DE,Germany,EURO,1193271,13753768,1786,127263,13626505
2022-02-27,DE,Germany,EURO,1093093,14846861,1645,128908,14717953
2022-03-06,DE,Germany,EURO,1134009,15980870,1606,130514,15850356
2022-03-13,DE,Germany,EURO,1413846,17394716,1778,132292,17262424
2022-03-20,DE,Germany,EURO,1582504,18977220,1934,134226,18842994
2022-03-27,DE,Germany,EURO,1588891,20566111,1881,136107,20430004
2022-04-03,DE,Germany,EURO,1295125,21861236,1536,137643,21723593
2022-04-10,DE,Germany,EURO,984600,22845836,1292,138935,22706901
2022-04-17,DE,Germany,EURO,778948,23624784,985,139920,23484864
2022-04-24,DE,Germany,EURO,731499,24356283,808,140728,24215555
2022-05-01,DE,Germany,EURO,596917,24953200,678,141406,24811794
2022-05-08,DE,Germany,EURO,471440,25424640,541,141947,25282693
2022-05-15,DE,Germany,EURO,408745,25833385,418,142365,25691020
2022-05-22,DE,Germany,EURO,292505,26125890,330,142695,25983195
2022-05-29,DE,Germany,EURO,187159,26313049,213,142908,26170141
2022-06-05,DE,Germany,EURO,245141,26558190,223,143131,26415059
2022-06-12,DE,Germany,EURO,331434,26889624,285,143416,26746208
2022-06-19,DE,Germany,EURO,413791,27303415,402,143818,27159597
2022-06-26,DE,Germany,EURO,574225,27877640,566,144384,27733256
2022-07-03,DE,Germany,EURO,622776,28500416,610,144994,28355422
2022-07-10,DE,Germany,EURO,629349,29129765,702,145696,28984069
2022-07-17,DE,Germany,EURO,675130,29804895,960,146656,29658239
2022-07-24,DE,Germany,EURO,627179,30432074,1129,147785,30284289
2022-07-31,DE,Germany,EURO,495729,30927803,1038,148823,30778980
2022-08-07,DE,Germany,EURO,362936,31290739,791,149614,31141125
2022-08-14,DE,Germany,EURO,298292,31589031,623,150237,31438794
2022-08-21,DE,Germany,EURO,263329,31852360,593,150830,31701530
2022-08-28,DE,Germany,EURO,227979,32080339,397,151227,31929112
2022-09-04,DE,Germany,EURO,201757,32282096,351,151578,32130518
2022-09-11,DE,Germany,EURO,204084,32486180,317,151895,32334285
2022-09-18,DE,Germany,EURO,228913,32715093,354,152249,32562844
2022-09-25,DE,Germany,EURO,286535,33001628,520,152769,32848859
2022-10-02,DE,Germany,EURO,458852,33460480,880,153649,33306831
2022-10-09,DE,Germany,EURO,594073,34054553,1284,154933,33899620
2022-10-16,DE,Germany,EURO,644986,34699539,1560,156493,34543046
2022-10-23,DE,Germany,EURO,544616,35244155,1477,157970,35086185
2022-10-30,DE,Germany,EURO,373903,35618058,1049,159019,35459039
2022-11-06,DE,Germany,EURO,243578,35861636,698,159717,35701919
2022-11-13,DE,Germany,EURO,202015,36063651,640,160357,35903294
2022-11-20,DE,Germany,EURO,169667,36233318,553,160910,36072408
2022-11-27,DE,Germany,EURO,170589,36403907,640,161550,36242357
2022-12-04,DE,Germany,EURO,184825,36588732,800,162350,36426382
2022-12-11,DE,Germany,EURO,199505,36788237,961,163311,36624926
2022-12-18,DE,Germany,EURO,222953,37011190,1139,164450,36846740
2022-12-25,DE,Germany,EURO,230746,37241936,1288,165738,37076198
2023-01-01,DE,Germany,EURO,151567,37393503,970,166708,37226795
2023-01-08,DE,Germany,EURO,130316,37523819,829,167537,37356282
2023-01-15,DE,Germany,EURO,89089,37612908,517,168054,37444854
2023-01-22,DE,Germany,EURO,62867,37675775,338,168392,37507383
2023-01-29,DE,Germany,EURO,73298,37749073,331,168723,37580350
2023-02-05,DE,Germany,EURO,84243,37833316,344,169067,37664249
2023-02-12,DE,Germany,EURO,86595,37919911,455,169522,37750389
2023-02-19,DE,Germany,EURO,97850,38017761,601,170123,37847638
2023-02-26,DE,Germany,EURO,113434,38131195,599,170722,37960473
2023-03-05,DE,Germany,EURO,86321,38217516,535,171257,38046259
2023-03-12,DE,Germany,EURO,43758,38261274,572,171829,38089445
2023-03-19,DE,Germany,EURO,40307,38301581,626,172455,38129126
2023-03-26,DE,Germany,EURO,32639,38334220,545,173000,38161220
2023-04-02,DE,Germany,EURO,22652,38356872,431,173431,38183441
2023-04-09,DE,Germany,EURO,14679,38371551,278,173709,38197842
2023-04-16,DE,Germany,EURO,13045,38384596,304,174013,38210583
2023-04-23,DE,Germany,EURO,11468,38396064,231,174244,38221820
2023-04-30,DE,Germany,EURO,9193,38405257,162,174406,38230851
2023-05-07,DE,Germany,EURO,7360,38412617,167,174573,38238044
2023-05-14,DE,Germany,EURO,6708,38419325,109,174682,38244643
2023-05-21,DE,Germany,EURO,4359,38423684,85,174767,38248917
2023-05-28,DE,Germany,EURO,4272,38427956,72,174839,38253117
2023-06-04,DE,Germany,EURO,2767,38430723,55,174894,38255829
2023-06-11,DE,Germany,EURO,2392,38433115,32,174926,38258189
2023-06-18,DE,Germany,EURO,2014,38435129,30,174956,38260173
2023-06-25,DE,Germany,EURO,1528,38436657,15,174971,38261686
2023-07-02,DE,Germany,EURO,1099,38437756,8,174979,38262777
2023-07-09,DE,Germany,EURO,0,38437756,0,174979,38262777
2023-07-16,DE,Germany,EURO,0,38437756,0,174979,38262777
2023-07-23,DE,Germany,EURO,0,38437756,0,174979,38262777
2023-07-30,DE,Germany,EURO,0,38437756,0,174979,38262777
2023-08-06,DE,Germany,EURO,0,38437756,0,174979,38262777
2023-08-13,DE,Germany,EURO,0,38437756,0,174979,38262777
2023-08-20,DE,Germany,EURO,0,38437756,0,174979,38262777
2023-08-27,DE,Germany,EURO,0,38437756,0,174979,38262777
2023-09-03,DE,Germany,EURO,0,38437756,0,174979,38262777
2023-09-10,DE,Germany,EURO,0,38437756,0,174979,38262777
2023-09-17,DE,Germany,EURO,0,38437756,0,174979,38262777
2023-09-24,DE,Germany,EURO,0,38437756,0,174979,38262777
2023-10-01,DE,Germany,EURO,0,38437756,0,174979,38262777
2023-10-08,DE,Germany,EURO,0,38437756,0,174979,38262777
2023-10-15,DE,Germany,EURO,0,38437756,0,174979,38262777
2023-10-22,DE,Germany,EURO,0,38437756,0,174979,38262777
2023-10-29,DE,Germany,EURO,0,38437756,0,174979,38262777
2023-11-05,DE,Germany,EURO,0,38437756,0,174979,38262777
2023-11-12,DE,Germany,EURO,0,38437756,0,174979,38262777
2023-11-19,DE,Germany,EURO,0,38437756,0,174979,38262777
2023-11-26,DE,Germany,EURO,0,38437756,0,174979,38262777
2023-12-03,DE,Germany,EURO,0,38437756,0,174979,38262777
2023-12-10,DE,Germany,EURO,0,38437756,0,174979,38262777
2023-12-17,DE,Germany,EURO,0,38437756,0,174979,38262777
2023-12-24,DE,Germany,EURO,0,38437756,0,174979,38262777
2023-12-31,DE,Germany,EURO,0,38437756,0,174979,38262777
2024-01-07,DE,Germany,EURO,0,38437756,0,174979,38262777
2024-01-14,DE,Germany,EURO,0,38437756,0,174979,38262777
2024-01-21,DE,Germany,EURO,0,38437756,0,174979,38262777
2024-01-28,DE,Germany,EURO,0,38437756,0,174979,38262777
2024-02-04,DE,Germany,EURO,0,38437756,0,174979,38262777
2024-02-11,DE,Germany,EURO,0,38437756,0,174979,38262777
2024-02-18,DE,Germany,EURO,0,38437756,0,174979,38262777
2024-02-25,DE,Germany,EURO,0,38437756,0,174979,38262777
2024-03-03,DE,Germany,EURO,0,38437756,0,174979,38262777
2024-03-10,DE,Germany,EURO,0,38437756,0,174979,38262777
2024-03-17,DE,Germany,EURO,0,38437756,0,174979,38262777
2024-03-24,DE,Germany,EURO,0,38437756,0,174979,38262777
2024-03-31,DE,Germany,EURO,0,38437756,0,174979,38262777
2024-04-07,DE,Germany,EURO,0,38437756,0,174979,38262777
2024-04-14,DE,Germany,EURO,0,38437756,0,174979,38262777
2024-04-21,DE,Germany,EURO,0,38437756,0,174979,38262777
2024-04-28,DE,Germany,EURO,0,38437756,0,174979,38262777
2024-05-05,DE,Germany,EURO,0,38437756,0,174979,38262777
2024-05-12,DE,Germany,EURO,0,38437756,0,174979,38262777
2024-05-19,DE,Germany,EURO,0,38437756,0,174979,38262777
2024-05-26,DE,Germany,EURO,0,38437756,0,174979,38262777
2024-06-02,DE,Germany,EURO,0,38437756,0,174979,38262777
2024-06-09,DE,Germany,EURO,0,38437756,0,174979,38262777
2024-06-16,DE,Germany,EURO,0,38437756,0,174979,38262777
2024-06-23,DE,Germany,EURO,0,38437756,0,174979,38262777
2024-06-30,DE,Germany,EURO,0,38437756,0,174979,38262777
2024-07-07,DE,Germany,EURO,0,38437756,0,174979,38262777
2024-07-14,DE,Germany,EURO,0,38437756,0,174979,38262777
2024-07-21,DE,Germany,EURO,0,38437756,0,174979,38262777
2024-07-28,DE,Germany,EURO,0,38437756,0,174979,38262777
2024-08-04,DE,Germany,EURO,0,38437756,0,174979,38262777
2024-08-11,DE,Germany,EURO,0,38437756,0,174979,38262777
2024-08-18,DE,Germany,EURO,0,38437756,0,174979,38262777
2024-08-25,DE,Germany,EURO,0,38437756,0,174979,38262777
2024-09-01,DE,Germany,EURO,0,38437756,0,174979,38262777
2024-09-08,DE,Germany,EURO,0,38437756,0,174979,38262777
2024-09-15,DE,Germany,EURO,0,38437756,0,174979,38262777
2024-09-22,DE,Germany,EURO,0,38437756,0,174979,38262777
2024-09-29,DE,Germany,EURO,0,38437756,0,174979,38262777
2024-10-06,DE,Germany,EURO,0,38437756,0,174979,38262777
2024-10-13,DE,Germany,EURO,0,38437756,0,174979,38262777
2024-10-20,DE,Germany,EURO,0,38437756,0,174979,38262777
2024-10-27,DE,Germany,EURO,0,38437756,0,174979,38262777
2024-11-03,DE,Germany,EURO,0,38437756,0,174979,38262777
2024-11-10,DE,Germany,EURO,0,38437756,0,174979,38262777
2024-11-17,DE,Germany,EURO,0,38437756,0,174979,38262777
2020-01-05,GH,Ghana,AFRO,0,0,0,0,0
2020-01-12,GH,Ghana,AFRO,0,0,0,0,0
2020-01-19,GH,Ghana,AFRO,0,0,0,0,0
2020-01-26,GH,Ghana,AFRO,0,0,0,0,0
2020-02-02,GH,Ghana,AFRO,0,0,0,0,0
2020-02-09,GH,Ghana,AFRO,0,0,0,0,0
2020-02-16,GH,Ghana,AFRO,0,0,0,0,0
2020-02-23,GH,Ghana,AFRO,0,0,0,0,0
2020-03-01,GH,Ghana,AFRO,0,0,0,0,0
2020-03-08,GH,Ghana,AFRO,0,0,0,0,0
2020-03-15,GH,Ghana,AFRO,8,8,0,0,8
2020-03-22,GH,Ghana,AFRO,23,31,0,0,31
2020-03-29,GH,Ghana,AFRO,110,141,0,0,141
2020-04-05,GH,Ghana,AFRO,73,214,0,0,214
2020-04-12,GH,Ghana,AFRO,352,566,0,0,566
2020-04-19,GH,Ghana,AFRO,268,834,0,0,834
2020-04-26,GH,Ghana,AFRO,445,1279,0,0,1279
2020-05-03,GH,Ghana,AFRO,890,2169,0,0,2169
2020-05-10,GH,Ghana,AFRO,2094,4263,0,0,4263
2020-05-17,GH,Ghana,AFRO,1472,5735,0,0,5735
2020-05-24,GH,Ghana,AFRO,882,6617,0,0,6617
2020-05-31,GH,Ghana,AFRO,1151,7768,0,0,7768
2020-06-07,GH,Ghana,AFRO,1694,9462,0,0,9462
2020-06-14,GH,Ghana,AFRO,2502,11964,0,0,11964
2020-06-21,GH,Ghana,AFRO,2190,14154,0,0,14154
2020-06-28,GH,Ghana,AFRO,3197,17351,0,0,17351
2020-07-05,GH,Ghana,AFRO,4617,21968,0,0,21968
2020-07-12,GH,Ghana,AFRO,3284,25252,0,0,25252
2020-07-19,GH,Ghana,AFRO,3737,28989,0,0,28989
2020-07-26,GH,Ghana,AFRO,4635,33624,0,0,33624
2020-08-02,GH,Ghana,AFRO,4877,38501,0,0,38501
2020-08-09,GH,Ghana,AFRO,2903,41404,0,0,41404
2020-08-16,GH,Ghana,AFRO,1249,42653,0,0,42653
2020-08-23,GH,Ghana,AFRO,1064,43717,0,0,43717
2020-08-30,GH,Ghana,AFRO,743,44460,0,0,44460
2020-09-06,GH,Ghana,AFRO,728,45188,0,0,45188
2020-09-13,GH,Ghana,AFRO,467,45655,0,0,45655
2020-09-20,GH,Ghana,AFRO,461,46116,0,0,46116
2020-09-27,GH,Ghana,AFRO,510,46626,301,301,46325
2020-10-04,GH,Ghana,AFRO,203,46829,2,303,46526
2020-10-11,GH,Ghana,AFRO,297,47126,7,310,46816
2020-10-18,GH,Ghana,AFRO,335,47461,2,312,47149
2020-10-25,GH,Ghana,AFRO,314,47775,4,316,47459
2020-11-01,GH,Ghana,AFRO,736,48511,4,320,48191
2020-11-08,GH,Ghana,AFRO,791,49302,0,320,48982
2020-11-15,GH,Ghana,AFRO,1155,50457,3,323,50134
2020-11-22,GH,Ghana,AFRO,727,51184,0,323,50861
2020-11-29,GH,Ghana,AFRO,606,51790,0,323,51467
2020-12-06,GH,Ghana,AFRO,832,52622,3,326,52296
2020-12-13,GH,Ghana,AFRO,764,53386,1,327,53059
2020-12-20,GH,Ghana,AFRO,657,54043,6,333,53710
2020-12-27,GH,Ghana,AFRO,638,54681,2,335,54346
2021-01-03,GH,Ghana,AFRO,487,55168,0,335,54833
2021-01-10,GH,Ghana,AFRO,1253,56421,3,338,56083
2021-01-17,GH,Ghana,AFRO,2010,58431,20,358,58073
2021-01-24,GH,Ghana,AFRO,4320,62751,19,377,62374
2021-01-31,GH,Ghana,AFRO,5031,67782,47,424,67358
2021-02-07,GH,Ghana,AFRO,5221,73003,58,482,72521
2021-02-14,GH,Ghana,AFRO,4745,77748,79,561,77187
2021-02-21,GH,Ghana,AFRO,3497,81245,23,584,80661
2021-02-28,GH,Ghana,AFRO,3104,84349,27,611,83738
2021-03-07,GH,Ghana,AFRO,2624,86973,51,662,86311
2021-03-14,GH,Ghana,AFRO,1448,88421,43,705,87716
2021-03-21,GH,Ghana,AFRO,1472,89893,29,734,89159
2021-03-28,GH,Ghana,AFRO,659,90552,8,742,89810
2021-04-04,GH,Ghana,AFRO,457,91009,10,752,90257
2021-04-11,GH,Ghana,AFRO,468,91477,11,763,90714
2021-04-18,GH,Ghana,AFRO,306,91783,9,772,91011
2021-04-25,GH,Ghana,AFRO,681,92464,7,779,91685
2021-05-02,GH,Ghana,AFRO,276,92740,1,780,91960
2021-05-09,GH,Ghana,AFRO,271,93011,3,783,92228
2021-05-16,GH,Ghana,AFRO,445,93456,0,783,92673
2021-05-23,GH,Ghana,AFRO,255,93711,0,783,92928
2021-05-30,GH,Ghana,AFRO,300,94011,2,785,93226
2021-06-06,GH,Ghana,AFRO,358,94369,4,789,93580
2021-06-13,GH,Ghana,AFRO,455,94824,1,790,94034
2021-06-20,GH,Ghana,AFRO,412,95236,4,794,94442
2021-06-27,GH,Ghana,AFRO,678,95914,2,796,95118
2021-07-04,GH,Ghana,AFRO,794,96708,1,797,95911
2021-07-11,GH,Ghana,AFRO,1020,97728,5,802,96926
2021-07-18,GH,Ghana,AFRO,2006,99734,15,817,98917
2021-07-25,GH,Ghana,AFRO,2835,102569,6,823,101746
2021-08-01,GH,Ghana,AFRO,450,103019,0,823,102196
2021-08-08,GH,Ghana,AFRO,5658,108677,57,880,107797
2021-08-15,GH,Ghana,AFRO,3701,112378,65,945,111433
2021-08-22,GH,Ghana,AFRO,3147,115525,37,982,114543
2021-08-29,GH,Ghana,AFRO,3911,119436,54,1036,118400
2021-09-05,GH,Ghana,AFRO,2721,122157,47,1083,121074
2021-09-12,GH,Ghana,AFRO,1717,123874,15,1098,122776
2021-09-19,GH,Ghana,AFRO,1956,125830,32,1130,124700
2021-09-26,GH,Ghana,AFRO,1186,127016,20,1150,125866
2021-10-03,GH,Ghana,AFRO,1143,128159,7,1157,127002
2021-10-10,GH,Ghana,AFRO,933,129092,7,1164,127928
2021-10-17,GH,Ghana,AFRO,559,129651,5,1169,128482
2021-10-24,GH,Ghana,AFRO,390,130041,5,1174,128867
2021-10-31,GH,Ghana,AFRO,350,130391,14,1188,129203
2021-11-07,GH,Ghana,AFRO,217,130608,15,1203,129405
2021-11-14,GH,Ghana,AFRO,136,130744,5,1208,129536
2021-11-21,GH,Ghana,AFRO,176,130920,1,1209,129711
2021-11-28,GH,Ghana,AFRO,217,131137,15,1224,129913
2021-12-05,GH,Ghana,AFRO,215,131352,11,1235,130117
2021-12-12,GH,Ghana,AFRO,488,131840,18,1253,130587
2021-12-19,GH,Ghana,AFRO,2194,134034,14,1267,132767
2021-12-26,GH,Ghana,AFRO,7261,141295,20,1287,140008
2022-01-02,GH,Ghana,AFRO,6784,148079,26,1313,146766
2022-01-09,GH,Ghana,AFRO,4650,152729,23,1336,151393
2022-01-16,GH,Ghana,AFRO,2162,154891,21,1357,153534
2022-01-23,GH,Ghana,AFRO,1501,156392,27,1384,155008
2022-01-30,GH,Ghana,AFRO,828,157220,20,1404,155816
2022-02-06,GH,Ghana,AFRO,697,157917,22,1426,156491
2022-02-13,GH,Ghana,AFRO,517,158434,12,1438,156996
2022-02-20,GH,Ghana,AFRO,690,159124,4,1442,157682
2022-02-27,GH,Ghana,AFRO,904,160028,0,1442,158586
2022-03-06,GH,Ghana,AFRO,612,160640,0,1442,159198
2022-03-13,GH,Ghana,AFRO,121,160761,3,1445,159316
2022-03-20,GH,Ghana,AFRO,109,160870,0,1445,159425
2022-03-27,GH,Ghana,AFRO,55,160925,0,1445,159480
2022-04-03,GH,Ghana,AFRO,109,161034,0,1445,159589
2022-04-10,GH,Ghana,AFRO,52,161086,0,1445,159641
2022-04-17,GH,Ghana,AFRO,31,161117,0,1445,159672
2022-04-24,GH,Ghana,AFRO,55,161172,0,1445,159727
2022-05-01,GH,Ghana,AFRO,44,161216,0,1445,159771
2022-05-08,GH,Ghana,AFRO,55,161271,0,1445,159826
2022-05-15,GH,Ghana,AFRO,54,161325,0,1445,159880
2022-05-22,GH,Ghana,AFRO,45,161370,0,1445,159925
2022-05-29,GH,Ghana,AFRO,111,161481,0,1445,160036
2022-06-05,GH,Ghana,AFRO,360,161841,0,1445,160396
2022-06-12,GH,Ghana,AFRO,805,162646,0,1445,161201
2022-06-19,GH,Ghana,AFRO,1895,164541,3,1448,163093
2022-06-26,GH,Ghana,AFRO,1208,165749,1,1449,164300
2022-07-03,GH,Ghana,AFRO,1067,166816,4,1453,165363
2022-07-10,GH,Ghana,AFRO,399,167215,3,1456,165759
2022-07-17,GH,Ghana,AFRO,0,167215,0,1456,165759
2022-07-24,GH,Ghana,AFRO,792,168007,1,1457,166550
2022-07-31,GH,Ghana,AFRO,120,168127,0,1457,166670
2022-08-07,GH,Ghana,AFRO,236,168363,1,1458,166905
2022-08-14,GH,Ghana,AFRO,94,168457,1,1459,166998
2022-08-21,GH,Ghana,AFRO,0,168457,0,1459,166998
2022-08-28,GH,Ghana,AFRO,123,168580,0,1459,167121
2022-09-04,GH,Ghana,AFRO,36,168616,0,1459,167157
2022-09-11,GH,Ghana,AFRO,0,168616,0,1459,167157
2022-09-18,GH,Ghana,AFRO,197,168813,0,1459,167354
2022-09-25,GH,Ghana,AFRO,287,169100,0,1459,167641
2022-10-02,GH,Ghana,AFRO,585,169685,0,1459,168226
2022-10-09,GH,Ghana,AFRO,418,170103,0,1459,168644
2022-10-16,GH,Ghana,AFRO,318,170421,1,1460,168961
2022-10-23,GH,Ghana,AFRO,152,170573,0,1460,169113
2022-10-30,GH,Ghana,AFRO,134,170707,0,1460,169247
2022-11-06,GH,Ghana,AFRO,187,170894,0,1460,169434
2022-11-13,GH,Ghana,AFRO,78,170972,1,1461,169511
2022-11-20,GH,Ghana,AFRO,24,170996,0,1461,169535
2022-11-27,GH,Ghana,AFRO,13,171009,0,1461,169548
2022-12-04,GH,Ghana,AFRO,14,171023,0,1461,169562
2022-12-11,GH,Ghana,AFRO,8,171031,0,1461,169570
2022-12-18,GH,Ghana,AFRO,7,171038,0,1461,169577
2022-12-25,GH,Ghana,AFRO,0,171038,0,1461,169577
2023-01-01,GH,Ghana,AFRO,27,171065,0,1461,169604
2023-01-08,GH,Ghana,AFRO,5,171070,0,1461,169609
2023-01-15,GH,Ghana,AFRO,18,171088,1,1462,169626
2023-01-22,GH,Ghana,AFRO,14,171102,0,1462,169640
2023-01-29,GH,Ghana,AFRO,10,171112,0,1462,169650
2023-02-05,GH,Ghana,AFRO,28,171140,0,1462,169678
2023-02-12,GH,Ghana,AFRO,12,171152,0,1462,169690
2023-02-19,GH,Ghana,AFRO,8,171160,0,1462,169698
2023-02-26,GH,Ghana,AFRO,12,171172,0,1462,169710
2023-03-05,GH,Ghana,AFRO,57,171229,0,1462,169767
2023-03-12,GH,Ghana,AFRO,52,171281,0,1462,169819
2023-03-19,GH,Ghana,AFRO,7,171288,0,1462,169826
2023-03-26,GH,Ghana,AFRO,124,171412,0,1462,169950
2023-04-02,GH,Ghana,AFRO,115,171527,0,1462,170065
2023-04-09,GH,Ghana,AFRO,0,171527,0,1462,170065
2023-04-16,GH,Ghana,AFRO,92,171619,0,1462,170157
2023-04-23,GH,Ghana,AFRO,0,171619,0,1462,170157
2023-04-30,GH,Ghana,AFRO,34,171653,0,1462,170191
2023-05-07,GH,Ghana,AFRO,0,171653,0,1462,170191
2023-05-14,GH,Ghana,AFRO,0,171653,0,1462,170191
2023-05-21,GH,Ghana,AFRO,0,171653,0,1462,170191
2023-05-28,GH,Ghana,AFRO,0,171653,0,1462,170191
2023-06-04,GH,Ghana,AFRO,0,171653,0,1462,170191
2023-06-11,GH,Ghana,AFRO,0,171653,0,1462,170191
2023-06-18,GH,Ghana,AFRO,0,171653,0,1462,170191
2023-06-25,GH,Ghana,AFRO,0,171653,0,1462,170191
2023-07-02,GH,Ghana,AFRO,0,171653,0,1462,170191
2023-07-09,GH,Ghana,AFRO,0,171653,0,1462,170191
2023-07-16,GH,Ghana,AFRO,0,171653,0,1462,170191
2023-07-23,GH,Ghana,AFRO,0,171653,0,1462,170191
2023-07-30,GH,Ghana,AFRO,0,171653,0,1462,170191
2023-08-06,GH,Ghana,AFRO,0,171653,0,1462,170191
2023-08-13,GH,Ghana,AFRO,0,171653,0,1462,170191
2023-08-20,GH,Ghana,AFRO,0,171653,0,1462,170191
2023-08-27,GH,Ghana,AFRO,0,171653,0,1462,170191
2023-09-03,GH,Ghana,AFRO,0,171653,0,1462,170191
2023-09-10,GH,Ghana,AFRO,0,171653,0,1462,170191
2023-09-17,GH,Ghana,AFRO,0,171653,0,1462,170191
2023-09-24,GH,Ghana,AFRO,0,171653,0,1462,170191
2023-10-01,GH,Ghana,AFRO,0,171653,0,1462,170191
2023-10-08,GH,Ghana,AFRO,30,171683,0,1462,170221
2023-10-15,GH,Ghana,AFRO,20,171703,0,1462,170241
2023-10-22,GH,Ghana,AFRO,23,171726,0,1462,170264
2023-10-29,GH,Ghana,AFRO,27,171753,0,1462,170291
2023-11-05,GH,Ghana,AFRO,31,171784,0,1462,170322
2023-11-12,GH,Ghana,AFRO,24,171808,0,1462,170346
2023-11-19,GH,Ghana,AFRO,10,171818,0,1462,170356
2023-11-26,GH,Ghana,AFRO,9,171827,0,1462,170365
2023-12-03,GH,Ghana,AFRO,7,171834,0,1462,170372
2023-12-10,GH,Ghana,AFRO,0,171834,0,1462,170372
2023-12-17,GH,Ghana,AFRO,0,171834,0,1462,170372
2023-12-24,GH,Ghana,AFRO,0,171834,0,1462,170372
2023-12-31,GH,Ghana,AFRO,0,171834,0,1462,170372
2024-01-07,GH,Ghana,AFRO,3,171837,0,1462,170375
2024-01-14,GH,Ghana,AFRO,0,171837,0,1462,170375
2024-01-21,GH,Ghana,AFRO,0,171837,0,1462,170375
2024-01-28,GH,Ghana,AFRO,0,171837,0,1462,170375
2024-02-04,GH,Ghana,AFRO,0,171837,0,1462,170375
2024-02-11,GH,Ghana,AFRO,0,171837,0,1462,170375
2024-02-18,GH,Ghana,AFRO,0,171837,0,1462,170375
2024-02-25,GH,Ghana,AFRO,0,171837,0,1462,170375
2024-03-03,GH,Ghana,AFRO,0,171837,0,1462,170375
2024-03-10,GH,Ghana,AFRO,0,171837,0,1462,170375
2024-03-17,GH,Ghana,AFRO,5,171842,0,1462,170380
2024-03-24,GH,Ghana,AFRO,15,171857,0,1462,170395
2024-03-31,GH,Ghana,AFRO,21,171878,0,1462,170416
2024-04-07,GH,Ghana,AFRO,32,171910,0,1462,170448
2024-04-14,GH,Ghana,AFRO,25,171935,0,1462,170473
2024-04-21,GH,Ghana,AFRO,34,171969,0,1462,170507
2024-04-28,GH,Ghana,AFRO,24,171993,0,1462,170531
2024-05-05,GH,Ghana,AFRO,13,172006,0,1462,170544
2024-05-12,GH,Ghana,AFRO,7,172013,0,1462,170551
2024-05-19,GH,Ghana,AFRO,13,172026,0,1462,170564
2024-05-26,GH,Ghana,AFRO,6,172032,0,1462,170570
2024-06-02,GH,Ghana,AFRO,7,172039,0,1462,170577
2024-06-09,GH,Ghana,AFRO,1,172040,0,1462,170578
2024-06-16,GH,Ghana,AFRO,7,172047,0,1462,170585
2024-06-23,GH,Ghana,AFRO,2,172049,0,1462,170587
2024-06-30,GH,Ghana,AFRO,3,172052,0,1462,170590
2024-07-07,GH,Ghana,AFRO,3,172055,0,1462,170593
2024-07-14,GH,Ghana,AFRO,2,172057,0,1462,170595
2024-07-21,GH,Ghana,AFRO,0,172057,0,1462,170595
2024-07-28,GH,Ghana,AFRO,4,172061,0,1462,170599
2024-08-04,GH,Ghana,AFRO,1,172062,0,1462,170600
2024-08-11,GH,Ghana,AFRO,5,172067,0,1462,170605
2024-08-18,GH,Ghana,AFRO,2,172069,0,1462,170607
2024-08-25,GH,Ghana,AFRO,2,172071,0,1462,170609
2024-09-01,GH,Ghana,AFRO,6,172077,0,1462,170615
2024-09-08,GH,Ghana,AFRO,3,172080,0,1462,170618
2024-09-15,GH,Ghana,AFRO,25,172105,0,1462,170643
2024-09-22,GH,Ghana,AFRO,2,172107,0,1462,170645
2024-09-29,GH,Ghana,AFRO,20,172127,0,1462,170665
2024-10-06,GH,Ghana,AFRO,36,172163,0,1462,170701
2024-10-13,GH,Ghana,AFRO,25,172188,0,1462,170726
2024-10-20,GH,Ghana,AFRO,22,172210,0,1462,170748
2024-10-27,GH,Ghana,AFRO,17,172227,0,1462,170765
2024-11-03,GH,Ghana,AFRO,0,172227,0,1462,170765
2024-11-10,GH,Ghana,AFRO,0,172227,0,1462,170765
2024-11-17,GH,Ghana,AFRO,0,172227,0,1462,170765
2020-01-05,GR,Greece,EURO,0,0,0,0,0
2020-01-12,GR,Greece,EURO,0,0,0,0,0
2020-01-19,GR,Greece,EURO,0,0,0,0,0
2020-01-26,GR,Greece,EURO,0,0,0,0,0
2020-02-02,GR,Greece,EURO,0,0,0,0,0
2020-02-09,GR,Greece,EURO,0,0,0,0,0
2020-02-16,GR,Greece,EURO,0,0,0,0,0
2020-02-23,GR,Greece,EURO,0,0,0,0,0
2020-03-01,GR,Greece,EURO,6,6,0,0,6
2020-03-08,GR,Greece,EURO,80,86,0,0,86
2020-03-15,GR,Greece,EURO,327,413,4,4,409
2020-03-22,GR,Greece,EURO,381,794,13,17,777
2020-03-29,GR,Greece,EURO,538,1332,25,42,1290
2020-04-05,GR,Greece,EURO,534,1866,35,77,1789
2020-04-12,GR,Greece,EURO,289,2155,22,99,2056
2020-04-19,GR,Greece,EURO,118,2273,14,113,2160
2020-04-26,GR,Greece,EURO,303,2576,21,134,2442
2020-05-03,GR,Greece,EURO,104,2680,10,144,2536
2020-05-10,GR,Greece,EURO,100,2780,9,153,2627
2020-05-17,GR,Greece,EURO,104,2884,13,166,2718
2020-05-24,GR,Greece,EURO,47,2931,7,173,2758
2020-05-31,GR,Greece,EURO,47,2978,6,179,2799
2020-06-07,GR,Greece,EURO,135,3113,3,182,2931
2020-06-14,GR,Greece,EURO,120,3233,2,184,3049
2020-06-21,GR,Greece,EURO,114,3347,6,190,3157
2020-06-28,GR,Greece,EURO,119,3466,1,191,3275
2020-07-05,GR,Greece,EURO,204,3670,1,192,3478
2020-07-12,GR,Greece,EURO,257,3927,2,194,3733
2020-07-19,GR,Greece,EURO,176,4103,1,195,3908
2020-07-26,GR,Greece,EURO,247,4350,7,202,4148
2020-08-02,GR,Greece,EURO,560,4910,6,208,4702
2020-08-09,GR,Greece,EURO,1081,5991,6,214,5777
2020-08-16,GR,Greece,EURO,1597,7588,17,231,7357
2020-08-23,GR,Greece,EURO,1664,9252,14,245,9007
2020-08-30,GR,Greece,EURO,1446,10698,20,265,10433
2020-09-06,GR,Greece,EURO,1345,12043,26,291,11752
2020-09-13,GR,Greece,EURO,1764,13807,20,311,13496
2020-09-20,GR,Greece,EURO,2242,16049,37,348,15701
2020-09-27,GR,Greece,EURO,2194,18243,39,387,17856
2020-10-04,GR,Greece,EURO,2391,20634,27,414,20220
2020-10-11,GR,Greece,EURO,2491,23125,43,457,22668
2020-10-18,GR,Greece,EURO,3349,26474,62,519,25955
2020-10-25,GR,Greece,EURO,6312,32786,65,584,32202
2020-11-01,GR,Greece,EURO,11329,44115,65,649,43466
2020-11-08,GR,Greece,EURO,17509,61624,182,831,60793
2020-11-15,GR,Greece,EURO,18971,80595,342,1173,79422
2020-11-22,GR,Greece,EURO,17037,97632,590,1763,95869
2020-11-29,GR,Greece,EURO,12862,110494,684,2447,108047
2020-12-06,GR,Greece,EURO,10606,121100,702,3149,117951
2020-12-13,GR,Greece,EURO,8293,129393,605,3754,125639
2020-12-20,GR,Greece,EURO,6012,135405,525,4279,131126
2020-12-27,GR,Greece,EURO,4287,139692,403,4682,135010
2021-01-03,GR,Greece,EURO,4508,144200,320,5002,139198
2021-01-10,GR,Greece,EURO,4622,148822,280,5282,143540
2021-01-17,GR,Greece,EURO,3578,152400,199,5481,146919
2021-01-24,GR,Greece,EURO,3372,155772,177,5658,150114
2021-01-31,GR,Greece,EURO,5467,161239,167,5825,155414
2021-02-07,GR,Greece,EURO,7433,168672,171,5996,162676
2021-02-14,GR,Greece,EURO,8500,177172,154,6150,171022
2021-02-21,GR,Greece,EURO,8138,185310,183,6333,178977
2021-02-28,GR,Greece,EURO,11852,197162,219,6552,190610
2021-03-07,GR,Greece,EURO,14547,211709,271,6823,204886
2021-03-14,GR,Greece,EURO,16805,228514,361,7184,221330
2021-03-21,GR,Greece,EURO,16561,245075,392,7576,237499
2021-03-28,GR,Greece,EURO,17841,262916,435,8011,254905
2021-04-04,GR,Greece,EURO,22224,285140,515,8526,276614
2021-04-11,GR,Greece,EURO,20983,306123,517,9043,297080
2021-04-18,GR,Greece,EURO,19754,325877,560,9603,316274
2021-04-25,GR,Greece,EURO,18135,344012,520,10123,333889
2021-05-02,GR,Greece,EURO,14749,358761,507,10630,348131
2021-05-09,GR,Greece,EURO,15261,374022,512,11142,362880
2021-05-16,GR,Greece,EURO,15062,389084,348,11490,377594
2021-05-23,GR,Greece,EURO,12433,401517,342,11832,389685
2021-05-30,GR,Greece,EURO,11019,412536,269,12101,400435
2021-06-06,GR,Greece,EURO,7484,420020,219,12320,407700
2021-06-13,GR,Greece,EURO,4939,424959,137,12457,412502
2021-06-20,GR,Greece,EURO,3095,428054,129,12586,415468
2021-06-27,GR,Greece,EURO,2575,430629,104,12690,417939
2021-07-04,GR,Greece,EURO,5176,435805,63,12753,423052
2021-07-11,GR,Greece,EURO,13647,449452,56,12809,436643
2021-07-18,GR,Greece,EURO,17965,467417,66,12875,454542
2021-07-25,GR,Greece,EURO,18090,485507,44,12919,472588
2021-08-01,GR,Greece,EURO,18513,504020,87,13006,491014
2021-08-08,GR,Greece,EURO,19592,523612,115,13121,510491
2021-08-15,GR,Greece,EURO,22567,546179,146,13267,532912
2021-08-22,GR,Greece,EURO,22377,568556,208,13475,555081
2021-08-29,GR,Greece,EURO,21722,590278,236,13711,576567
2021-09-05,GR,Greece,EURO,17537,607815,251,13962,593853
2021-09-12,GR,Greece,EURO,14666,622481,278,14240,608241
2021-09-19,GR,Greece,EURO,15318,637799,269,14509,623290
2021-09-26,GR,Greece,EURO,14143,651942,218,14727,637215
2021-10-03,GR,Greece,EURO,14985,666927,242,14969,651958
2021-10-10,GR,Greece,EURO,15378,682305,212,15181,667124
2021-10-17,GR,Greece,EURO,17510,699815,252,15433,684382
2021-10-24,GR,Greece,EURO,22650,722465,254,15687,706778
2021-10-31,GR,Greece,EURO,26713,749178,326,16013,733165
2021-11-07,GR,Greece,EURO,43383,792561,348,16361,776200
2021-11-14,GR,Greece,EURO,46451,839012,470,16831,822181
2021-11-21,GR,Greece,EURO,46907,885919,583,17414,868505
2021-11-28,GR,Greece,EURO,45124,931043,632,18046,912997
2021-12-05,GR,Greece,EURO,41132,972175,638,18684,953491
2021-12-12,GR,Greece,EURO,35783,1007958,668,19352,988606
2021-12-19,GR,Greece,EURO,30829,1038787,623,19975,1018812
2021-12-26,GR,Greece,EURO,46300,1085087,530,20505,1064582
2022-01-02,GR,Greece,EURO,201474,1286561,503,21008,1265553
2022-01-09,GR,Greece,EURO,241321,1527882,496,21504,1506378
2022-01-16,GR,Greece,EURO,145818,1673700,615,22119,1651581
2022-01-23,GR,Greece,EURO,132225,1805925,675,22794,1783131
2022-01-30,GR,Greece,EURO,127646,1933571,732,23526,1910045
2022-02-06,GR,Greece,EURO,124694,2058265,714,24240,2034025
2022-02-13,GR,Greece,EURO,125161,2183426,605,24845,2158581
2022-02-20,GR,Greece,EURO,123794,2307220,572,25417,2281803
2022-02-27,GR,Greece,EURO,104776,2411996,452,25869,2386127
2022-03-06,GR,Greece,EURO,103664,2515660,402,26271,2489389
2022-03-13,GR,Greece,EURO,129982,2645642,390,26661,2618981
2022-03-20,GR,Greece,EURO,152111,2797753,367,27028,2770725
2022-03-27,GR,Greece,EURO,143814,2941567,366,27394,2914173
2022-04-03,GR,Greece,EURO,143843,3085410,416,27810,3057600
2022-04-10,GR,Greece,EURO,98897,3184307,456,28266,3156041
2022-04-17,GR,Greece,EURO,62234,3246541,419,28685,3217856
2022-04-24,GR,Greece,EURO,44022,3290563,319,29004,3261559
2022-05-01,GR,Greece,EURO,45138,3335701,269,29273,3306428
2022-05-08,GR,Greece,EURO,32496,3368197,189,29462,3338735
2022-05-15,GR,Greece,EURO,30781,3398978,153,29615,3369363
2022-05-22,GR,Greece,EURO,26875,3425853,132,29747,3396106
2022-05-29,GR,Greece,EURO,25494,3451347,102,29849,3421498
2022-06-05,GR,Greece,EURO,25086,3476433,93,29942,3446491
2022-06-12,GR,Greece,EURO,30745,3507178,99,30041,3477137
2022-06-19,GR,Greece,EURO,46178,3553356,71,30112,3523244
2022-06-26,GR,Greece,EURO,74364,3627720,96,30208,3597512
2022-07-03,GR,Greece,EURO,104747,3732467,129,30337,3702130
2022-07-10,GR,Greece,EURO,123806,3856273,180,30517,3825756
2022-07-17,GR,Greece,EURO,122642,3978915,223,30740,3948175
2022-07-24,GR,Greece,EURO,111500,4090415,307,31047,4059368
2022-07-31,GR,Greece,EURO,98860,4189275,395,31442,4157833
2022-08-07,GR,Greece,EURO,80050,4269325,363,31805,4237520
2022-08-14,GR,Greece,EURO,58577,4327902,295,32100,4295802
2022-08-21,GR,Greece,EURO,43917,4371819,269,32369,4339450
2022-08-28,GR,Greece,EURO,39307,4411126,223,32592,4378534
2022-09-04,GR,Greece,EURO,31034,4442160,188,32780,4409380
2022-09-11,GR,Greece,EURO,26254,4468414,129,32909,4435505
2022-09-18,GR,Greece,EURO,27374,4495788,115,33024,4462764
2022-09-25,GR,Greece,EURO,33079,4528867,101,33125,4495742
2022-10-02,GR,Greece,EURO,41207,4570074,91,33216,4536858
2022-10-09,GR,Greece,EURO,39791,4609865,118,33334,4576531
2022-10-16,GR,Greece,EURO,43578,4653443,114,33448,4619995
2022-10-23,GR,Greece,EURO,41373,4694816,151,33599,4661217
2022-10-30,GR,Greece,EURO,41133,4735949,170,33769,4702180
2022-11-06,GR,Greece,EURO,46212,4782161,152,33921,4748240
2022-11-13,GR,Greece,EURO,41738,4823899,126,34047,4789852
2022-11-20,GR,Greece,EURO,39464,4863363,166,34213,4829150
2022-11-27,GR,Greece,EURO,31609,4894972,132,34345,4860627
2022-12-04,GR,Greece,EURO,31490,4926462,159,34504,4891958
2022-12-11,GR,Greece,EURO,36508,4962970,144,34648,4928322
2022-12-18,GR,Greece,EURO,33272,4996242,158,34806,4961436
2022-12-25,GR,Greece,EURO,26921,5023163,170,34976,4988187
2023-01-01,GR,Greece,EURO,34711,5057874,154,35130,5022744
2023-01-08,GR,Greece,EURO,39318,5097192,169,35299,5061893
2023-01-15,GR,Greece,EURO,34620,5131812,206,35505,5096307
2023-01-22,GR,Greece,EURO,24354,5156166,183,35688,5120478
2023-01-29,GR,Greece,EURO,15380,5171546,179,35867,5135679
2023-02-05,GR,Greece,EURO,12032,5183578,120,35987,5147591
2023-02-12,GR,Greece,EURO,11224,5194802,113,36100,5158702
2023-02-19,GR,Greece,EURO,13029,5207831,101,36201,5171630
2023-02-26,GR,Greece,EURO,14969,5222800,93,36294,5186506
2023-03-05,GR,Greece,EURO,13365,5236165,96,36390,5199775
2023-03-12,GR,Greece,EURO,10361,5246526,76,36466,5210060
2023-03-19,GR,Greece,EURO,7500,5254026,77,36543,5217483
2023-03-26,GR,Greece,EURO,7318,5261344,66,36609,5224735
2023-04-02,GR,Greece,EURO,7142,5268486,50,36659,5231827
2023-04-09,GR,Greece,EURO,6466,5274952,48,36707,5238245
2023-04-16,GR,Greece,EURO,6149,5281101,46,36753,5244348
2023-04-23,GR,Greece,EURO,8656,5289757,47,36800,5252957
2023-04-30,GR,Greece,EURO,7292,5297049,61,36861,5260188
2023-05-07,GR,Greece,EURO,6621,5303670,55,36916,5266754
2023-05-14,GR,Greece,EURO,7212,5310882,56,36972,5273910
2023-05-21,GR,Greece,EURO,7592,5318474,56,37028,5281446
2023-05-28,GR,Greece,EURO,6130,5324604,49,37077,5287527
2023-06-04,GR,Greece,EURO,4259,5328863,44,37121,5291742
2023-06-11,GR,Greece,EURO,3145,5332008,39,37160,5294848
2023-06-18,GR,Greece,EURO,2467,5334475,20,37180,5297295
2023-06-25,GR,Greece,EURO,2367,5336842,20,37200,5299642
2023-07-02,GR,Greece,EURO,1850,5338692,18,37218,5301474
2023-07-09,GR,Greece,EURO,1873,5340565,16,37234,5303331
2023-07-16,GR,Greece,EURO,1989,5342554,17,37251,5305303
2023-07-23,GR,Greece,EURO,2598,5345152,17,37268,5307884
2023-07-30,GR,Greece,EURO,3375,5348527,26,37294,5311233
2023-08-06,GR,Greece,EURO,4424,5352951,27,37321,5315630
2023-08-13,GR,Greece,EURO,5477,5358428,21,37342,5321086
2023-08-20,GR,Greece,EURO,5781,5364209,37,37379,5326830
2023-08-27,GR,Greece,EURO,6876,5371085,43,37422,5333663
2023-09-03,GR,Greece,EURO,7378,5378463,39,37461,5341002
2023-09-10,GR,Greece,EURO,7542,5386005,39,37500,5348505
2023-09-17,GR,Greece,EURO,8636,5394641,44,37544,5357097
2023-09-24,GR,Greece,EURO,11333,5405974,44,37588,5368386
2023-10-01,GR,Greece,EURO,11478,5417452,56,37644,5379808
2023-10-08,GR,Greece,EURO,12532,5429984,55,37699,5392285
2023-10-15,GR,Greece,EURO,13137,5443121,55,37754,5405367
2023-10-22,GR,Greece,EURO,11849,5454970,52,37806,5417164
2023-10-29,GR,Greece,EURO,9555,5464525,63,37869,5426656
2023-11-05,GR,Greece,EURO,9282,5473807,62,37931,5435876
2023-11-12,GR,Greece,EURO,7757,5481564,57,37988,5443576
2023-11-19,GR,Greece,EURO,7801,5489365,30,38018,5451347
2023-11-26,GR,Greece,EURO,8348,5497713,47,38065,5459648
2023-12-03,GR,Greece,EURO,9898,5507611,46,38111,5469500
2023-12-10,GR,Greece,EURO,11906,5519517,59,38170,5481347
2023-12-17,GR,Greece,EURO,14576,5534093,74,38244,5495849
2023-12-24,GR,Greece,EURO,16944,5551037,83,38327,5512710
2023-12-31,GR,Greece,EURO,19326,5570363,94,38421,5531942
2024-01-07,GR,Greece,EURO,17912,5588275,111,38532,5549743
2024-01-14,GR,Greece,EURO,12166,5600441,121,38653,5561788
2024-01-21,GR,Greece,EURO,7118,5607559,91,38744,5568815
2024-01-28,GR,Greece,EURO,4361,5611920,70,38814,5573106
2024-02-04,GR,Greece,EURO,3497,5615417,35,38849,5576568
2024-02-11,GR,Greece,EURO,3407,5618824,43,38892,5579932
2024-02-18,GR,Greece,EURO,2381,5621205,23,38915,5582290
2024-02-25,GR,Greece,EURO,1958,5623163,19,38934,5584229
2024-03-03,GR,Greece,EURO,1423,5624586,14,38948,5585638
2024-03-10,GR,Greece,EURO,1087,5625673,14,38962,5586711
2024-03-17,GR,Greece,EURO,1266,5626939,9,38971,5587968
2024-03-24,GR,Greece,EURO,695,5627634,7,38978,5588656
2024-03-31,GR,Greece,EURO,917,5628551,9,38987,5589564
2024-04-07,GR,Greece,EURO,1003,5629554,6,38993,5590561
2024-04-14,GR,Greece,EURO,1184,5630738,4,38997,5591741
2024-04-21,GR,Greece,EURO,1333,5632071,6,39003,5593068
2024-04-28,GR,Greece,EURO,1005,5633076,2,39005,5594071
2024-05-05,GR,Greece,EURO,330,5633406,2,39007,5594399
2024-05-12,GR,Greece,EURO,547,5633953,4,39011,5594942
2024-05-19,GR,Greece,EURO,917,5634870,2,39013,5595857
2024-05-26,GR,Greece,EURO,1044,5635914,6,39019,5596895
2024-06-02,GR,Greece,EURO,1297,5637211,3,39022,5598189
2024-06-09,GR,Greece,EURO,1931,5639142,8,39030,5600112
2024-06-16,GR,Greece,EURO,2127,5641269,6,39036,5602233
2024-06-23,GR,Greece,EURO,3096,5644365,19,39055,5605310
2024-06-30,GR,Greece,EURO,3302,5647667,24,39079,5608588
2024-07-07,GR,Greece,EURO,4135,5651802,22,39101,5612701
2024-07-14,GR,Greece,EURO,4535,5656337,28,39129,5617208
2024-07-21,GR,Greece,EURO,5426,5661763,42,39171,5622592
2024-07-28,GR,Greece,EURO,6114,5667877,47,39218,5628659
2024-08-04,GR,Greece,EURO,5825,5673702,41,39259,5634443
2024-08-11,GR,Greece,EURO,5541,5679243,40,39299,5639944
2024-08-18,GR,Greece,EURO,4439,5683682,37,39336,5644346
2024-08-25,GR,Greece,EURO,5169,5688851,46,39382,5649469
2024-09-01,GR,Greece,EURO,4643,5693494,40,39422,5654072
2024-09-08,GR,Greece,EURO,4320,5697814,33,39455,5658359
2024-09-15,GR,Greece,EURO,3897,5701711,25,39480,5662231
2024-09-22,GR,Greece,EURO,4310,5706021,18,39498,5666523
2024-09-29,GR,Greece,EURO,5201,5711222,36,39534,5671688
2024-10-06,GR,Greece,EURO,5121,5716343,25,39559,5676784
2024-10-13,GR,Greece,EURO,4786,5721129,31,39590,5681539
2024-10-20,GR,Greece,EURO,3666,5724795,23,39613,5685182
2024-10-27,GR,Greece,EURO,3129,5727924,27,39640,5688284
2024-11-03,GR,Greece,EURO,2940,5730864,17,39657,5691207
2024-11-10,GR,Greece,EURO,2812,5733676,22,39679,5693997
2024-11-17,GR,Greece,EURO,2855,5736531,29,39708,5696823
2020-01-05,GL,Greenland,EURO,0,0,0,0,0
2020-01-12,GL,Greenland,EURO,0,0,0,0,0
2020-01-19,GL,Greenland,EURO,0,0,0,0,0
2020-01-26,GL,Greenland,EURO,0,0,0,0,0
2020-02-02,GL,Greenland,EURO,0,0,0,0,0
2020-02-09,GL,Greenland,EURO,0,0,0,0,0
2020-02-16,GL,Greenland,EURO,0,0,0,0,0
2020-02-23,GL,Greenland,EURO,0,0,0,0,0
2020-03-01,GL,Greenland,EURO,0,0,0,0,0
2020-03-08,GL,Greenland,EURO,0,0,0,0,0
2020-03-15,GL,Greenland,EURO,0,0,0,0,0
2020-03-22,GL,Greenland,EURO,2,2,0,0,2
2020-03-29,GL,Greenland,EURO,8,10,0,0,10
2020-04-05,GL,Greenland,EURO,0,10,0,0,10
2020-04-12,GL,Greenland,EURO,1,11,0,0,11
2020-04-19,GL,Greenland,EURO,0,11,0,0,11
2020-04-26,GL,Greenland,EURO,0,11,0,0,11
2020-05-03,GL,Greenland,EURO,0,11,0,0,11
2020-05-10,GL,Greenland,EURO,0,11,0,0,11
2020-05-17,GL,Greenland,EURO,0,11,0,0,11
2020-05-24,GL,Greenland,EURO,0,11,0,0,11
2020-05-31,GL,Greenland,EURO,2,13,0,0,13
2020-06-07,GL,Greenland,EURO,0,13,0,0,13
2020-06-14,GL,Greenland,EURO,0,13,0,0,13
2020-06-21,GL,Greenland,EURO,0,13,0,0,13
2020-06-28,GL,Greenland,EURO,0,13,0,0,13
2020-07-05,GL,Greenland,EURO,0,13,0,0,13
2020-07-12,GL,Greenland,EURO,0,13,0,0,13
2020-07-19,GL,Greenland,EURO,0,13,0,0,13
2020-07-26,GL,Greenland,EURO,0,13,0,0,13
2020-08-02,GL,Greenland,EURO,1,14,0,0,14
2020-08-09,GL,Greenland,EURO,0,14,0,0,14
2020-08-16,GL,Greenland,EURO,0,14,0,0,14
2020-08-23,GL,Greenland,EURO,0,14,0,0,14
2020-08-30,GL,Greenland,EURO,0,14,0,0,14
2020-09-06,GL,Greenland,EURO,0,14,0,0,14
2020-09-13,GL,Greenland,EURO,0,14,0,0,14
2020-09-20,GL,Greenland,EURO,0,14,0,0,14
2020-09-27,GL,Greenland,EURO,0,14,0,0,14
2020-10-04,GL,Greenland,EURO,0,14,0,0,14
2020-10-11,GL,Greenland,EURO,2,16,0,0,16
2020-10-18,GL,Greenland,EURO,0,16,0,0,16
2020-10-25,GL,Greenland,EURO,1,17,0,0,17
2020-11-01,GL,Greenland,EURO,0,17,0,0,17
2020-11-08,GL,Greenland,EURO,0,17,0,0,17
2020-11-15,GL,Greenland,EURO,0,17,0,0,17
2020-11-22,GL,Greenland,EURO,1,18,0,0,18
2020-11-29,GL,Greenland,EURO,0,18,0,0,18
2020-12-06,GL,Greenland,EURO,0,18,0,0,18
2020-12-13,GL,Greenland,EURO,1,19,0,0,19
2020-12-20,GL,Greenland,EURO,0,19,0,0,19
2020-12-27,GL,Greenland,EURO,7,26,0,0,26
2021-01-03,GL,Greenland,EURO,1,27,0,0,27
2021-01-10,GL,Greenland,EURO,2,29,0,0,29
2021-01-17,GL,Greenland,EURO,1,30,0,0,30
2021-01-24,GL,Greenland,EURO,0,30,0,0,30
2021-01-31,GL,Greenland,EURO,0,30,0,0,30
2021-02-07,GL,Greenland,EURO,0,30,0,0,30
2021-02-14,GL,Greenland,EURO,0,30,0,0,30
2021-02-21,GL,Greenland,EURO,0,30,0,0,30
2021-02-28,GL,Greenland,EURO,0,30,0,0,30
2021-03-07,GL,Greenland,EURO,1,31,0,0,31
2021-03-14,GL,Greenland,EURO,0,31,0,0,31
2021-03-21,GL,Greenland,EURO,0,31,0,0,31
2021-03-28,GL,Greenland,EURO,0,31,0,0,31
2021-04-04,GL,Greenland,EURO,0,31,0,0,31
2021-04-11,GL,Greenland,EURO,0,31,0,0,31
2021-04-18,GL,Greenland,EURO,0,31,0,0,31
2021-04-25,GL,Greenland,EURO,0,31,0,0,31
2021-05-02,GL,Greenland,EURO,0,31,0,0,31
2021-05-09,GL,Greenland,EURO,0,31,0,0,31
2021-05-16,GL,Greenland,EURO,0,31,0,0,31
2021-05-23,GL,Greenland,EURO,3,34,0,0,34
2021-05-30,GL,Greenland,EURO,6,40,0,0,40
2021-06-06,GL,Greenland,EURO,3,43,0,0,43
2021-06-13,GL,Greenland,EURO,1,44,0,0,44
2021-06-20,GL,Greenland,EURO,5,49,0,0,49
2021-06-27,GL,Greenland,EURO,1,50,0,0,50
2021-07-04,GL,Greenland,EURO,0,50,0,0,50
2021-07-11,GL,Greenland,EURO,2,52,0,0,52
2021-07-18,GL,Greenland,EURO,20,72,0,0,72
2021-07-25,GL,Greenland,EURO,20,92,0,0,92
2021-08-01,GL,Greenland,EURO,27,119,0,0,119
2021-08-08,GL,Greenland,EURO,49,168,0,0,168
2021-08-15,GL,Greenland,EURO,77,245,0,0,245
2021-08-22,GL,Greenland,EURO,53,298,0,0,298
2021-08-29,GL,Greenland,EURO,31,329,0,0,329
2021-09-05,GL,Greenland,EURO,20,349,0,0,349
2021-09-12,GL,Greenland,EURO,41,390,0,0,390
2021-09-19,GL,Greenland,EURO,74,464,0,0,464
2021-09-26,GL,Greenland,EURO,89,553,0,0,553
2021-10-03,GL,Greenland,EURO,31,584,0,0,584
2021-10-10,GL,Greenland,EURO,39,623,0,0,623
2021-10-17,GL,Greenland,EURO,31,654,0,0,654
2021-10-24,GL,Greenland,EURO,77,731,0,0,731
2021-10-31,GL,Greenland,EURO,68,799,0,0,799
2021-11-07,GL,Greenland,EURO,60,859,0,0,859
2021-11-14,GL,Greenland,EURO,131,990,0,0,990
2021-11-21,GL,Greenland,EURO,139,1129,0,0,1129
2021-11-28,GL,Greenland,EURO,129,1258,0,0,1258
2021-12-05,GL,Greenland,EURO,250,1508,0,0,1508
2021-12-12,GL,Greenland,EURO,233,1741,0,0,1741
2021-12-19,GL,Greenland,EURO,170,1911,0,0,1911
2021-12-26,GL,Greenland,EURO,230,2141,1,1,2140
2022-01-02,GL,Greenland,EURO,475,2616,0,1,2615
2022-01-09,GL,Greenland,EURO,1883,4499,0,1,4498
2022-01-16,GL,Greenland,EURO,3047,7546,1,2,7544
2022-01-23,GL,Greenland,EURO,1939,9485,2,4,9481
2022-01-30,GL,Greenland,EURO,1142,10627,1,5,10622
2022-02-06,GL,Greenland,EURO,450,11077,1,6,11071
2022-02-13,GL,Greenland,EURO,352,11429,1,7,11422
2022-02-20,GL,Greenland,EURO,186,11615,5,12,11603
2022-02-27,GL,Greenland,EURO,110,11725,6,18,11707
2022-03-06,GL,Greenland,EURO,85,11810,2,20,11790
2022-03-13,GL,Greenland,EURO,69,11879,0,20,11859
2022-03-20,GL,Greenland,EURO,57,11936,0,20,11916
2022-03-27,GL,Greenland,EURO,35,11971,1,21,11950
2022-04-03,GL,Greenland,EURO,0,11971,0,21,11950
2022-04-10,GL,Greenland,EURO,0,11971,0,21,11950
2022-04-17,GL,Greenland,EURO,0,11971,0,21,11950
2022-04-24,GL,Greenland,EURO,0,11971,0,21,11950
2022-05-01,GL,Greenland,EURO,0,11971,0,21,11950
2022-05-08,GL,Greenland,EURO,0,11971,0,21,11950
2022-05-15,GL,Greenland,EURO,0,11971,0,21,11950
2022-05-22,GL,Greenland,EURO,0,11971,0,21,11950
2022-05-29,GL,Greenland,EURO,0,11971,0,21,11950
2022-06-05,GL,Greenland,EURO,0,11971,0,21,11950
2022-06-12,GL,Greenland,EURO,0,11971,0,21,11950
2022-06-19,GL,Greenland,EURO,0,11971,0,21,11950
2022-06-26,GL,Greenland,EURO,0,11971,0,21,11950
2022-07-03,GL,Greenland,EURO,0,11971,0,21,11950
2022-07-10,GL,Greenland,EURO,0,11971,0,21,11950
2022-07-17,GL,Greenland,EURO,0,11971,0,21,11950
2022-07-24,GL,Greenland,EURO,0,11971,0,21,11950
2022-07-31,GL,Greenland,EURO,0,11971,0,21,11950
2022-08-07,GL,Greenland,EURO,0,11971,0,21,11950
2022-08-14,GL,Greenland,EURO,0,11971,0,21,11950
2022-08-21,GL,Greenland,EURO,0,11971,0,21,11950
2022-08-28,GL,Greenland,EURO,0,11971,0,21,11950
2022-09-04,GL,Greenland,EURO,0,11971,0,21,11950
2022-09-11,GL,Greenland,EURO,0,11971,0,21,11950
2022-09-18,GL,Greenland,EURO,0,11971,0,21,11950
2022-09-25,GL,Greenland,EURO,0,11971,0,21,11950
2022-10-02,GL,Greenland,EURO,0,11971,0,21,11950
2022-10-09,GL,Greenland,EURO,0,11971,0,21,11950
2022-10-16,GL,Greenland,EURO,0,11971,0,21,11950
2022-10-23,GL,Greenland,EURO,0,11971,0,21,11950
2022-10-30,GL,Greenland,EURO,0,11971,0,21,11950
2022-11-06,GL,Greenland,EURO,0,11971,0,21,11950
2022-11-13,GL,Greenland,EURO,0,11971,0,21,11950
2022-11-20,GL,Greenland,EURO,0,11971,0,21,11950
2022-11-27,GL,Greenland,EURO,0,11971,0,21,11950
2022-12-04,GL,Greenland,EURO,0,11971,0,21,11950
2022-12-11,GL,Greenland,EURO,0,11971,0,21,11950
2022-12-18,GL,Greenland,EURO,0,11971,0,21,11950
2022-12-25,GL,Greenland,EURO,0,11971,0,21,11950
2023-01-01,GL,Greenland,EURO,0,11971,0,21,11950
2023-01-08,GL,Greenland,EURO,0,11971,0,21,11950
2023-01-15,GL,Greenland,EURO,0,11971,0,21,11950
2023-01-22,GL,Greenland,EURO,0,11971,0,21,11950
2023-01-29,GL,Greenland,EURO,0,11971,0,21,11950
2023-02-05,GL,Greenland,EURO,0,11971,0,21,11950
2023-02-12,GL,Greenland,EURO,0,11971,0,21,11950
2023-02-19,GL,Greenland,EURO,0,11971,0,21,11950
2023-02-26,GL,Greenland,EURO,0,11971,0,21,11950
2023-03-05,GL,Greenland,EURO,0,11971,0,21,11950
2023-03-12,GL,Greenland,EURO,0,11971,0,21,11950
2023-03-19,GL,Greenland,EURO,0,11971,0,21,11950
2023-03-26,GL,Greenland,EURO,0,11971,0,21,11950
2023-04-02,GL,Greenland,EURO,0,11971,0,21,11950
2023-04-09,GL,Greenland,EURO,0,11971,0,21,11950
2023-04-16,GL,Greenland,EURO,0,11971,0,21,11950
2023-04-23,GL,Greenland,EURO,0,11971,0,21,11950
2023-04-30,GL,Greenland,EURO,0,11971,0,21,11950
2023-05-07,GL,Greenland,EURO,0,11971,0,21,11950
2023-05-14,GL,Greenland,EURO,0,11971,0,21,11950
2023-05-21,GL,Greenland,EURO,0,11971,0,21,11950
2023-05-28,GL,Greenland,EURO,0,11971,0,21,11950
2023-06-04,GL,Greenland,EURO,0,11971,0,21,11950
2023-06-11,GL,Greenland,EURO,0,11971,0,21,11950
2023-06-18,GL,Greenland,EURO,0,11971,0,21,11950
2023-06-25,GL,Greenland,EURO,0,11971,0,21,11950
2023-07-02,GL,Greenland,EURO,0,11971,0,21,11950
2023-07-09,GL,Greenland,EURO,0,11971,0,21,11950
2023-07-16,GL,Greenland,EURO,0,11971,0,21,11950
2023-07-23,GL,Greenland,EURO,0,11971,0,21,11950
2023-07-30,GL,Greenland,EURO,0,11971,0,21,11950
2023-08-06,GL,Greenland,EURO,0,11971,0,21,11950
2023-08-13,GL,Greenland,EURO,0,11971,0,21,11950
2023-08-20,GL,Greenland,EURO,0,11971,0,21,11950
2023-08-27,GL,Greenland,EURO,0,11971,0,21,11950
2023-09-03,GL,Greenland,EURO,0,11971,0,21,11950
2023-09-10,GL,Greenland,EURO,0,11971,0,21,11950
2023-09-17,GL,Greenland,EURO,0,11971,0,21,11950
2023-09-24,GL,Greenland,EURO,0,11971,0,21,11950
2023-10-01,GL,Greenland,EURO,0,11971,0,21,11950
2023-10-08,GL,Greenland,EURO,0,11971,0,21,11950
2023-10-15,GL,Greenland,EURO,0,11971,0,21,11950
2023-10-22,GL,Greenland,EURO,0,11971,0,21,11950
2023-10-29,GL,Greenland,EURO,0,11971,0,21,11950
2023-11-05,GL,Greenland,EURO,0,11971,0,21,11950
2023-11-12,GL,Greenland,EURO,0,11971,0,21,11950
2023-11-19,GL,Greenland,EURO,0,11971,0,21,11950
2023-11-26,GL,Greenland,EURO,0,11971,0,21,11950
2023-12-03,GL,Greenland,EURO,0,11971,0,21,11950
2023-12-10,GL,Greenland,EURO,0,11971,0,21,11950
2023-12-17,GL,Greenland,EURO,0,11971,0,21,11950
2023-12-24,GL,Greenland,EURO,0,11971,0,21,11950
2023-12-31,GL,Greenland,EURO,0,11971,0,21,11950
2024-01-07,GL,Greenland,EURO,0,11971,0,21,11950
2024-01-14,GL,Greenland,EURO,0,11971,0,21,11950
2024-01-21,GL,Greenland,EURO,0,11971,0,21,11950
2024-01-28,GL,Greenland,EURO,0,11971,0,21,11950
2024-02-04,GL,Greenland,EURO,0,11971,0,21,11950
2024-02-11,GL,Greenland,EURO,0,11971,0,21,11950
2024-02-18,GL,Greenland,EURO,0,11971,0,21,11950
2024-02-25,GL,Greenland,EURO,0,11971,0,21,11950
2024-03-03,GL,Greenland,EURO,0,11971,0,21,11950
2024-03-10,GL,Greenland,EURO,0,11971,0,21,11950
2024-03-17,GL,Greenland,EURO,0,11971,0,21,11950
2024-03-24,GL,Greenland,EURO,0,11971,0,21,11950
2024-03-31,GL,Greenland,EURO,0,11971,0,21,11950
2024-04-07,GL,Greenland,EURO,0,11971,0,21,11950
2024-04-14,GL,Greenland,EURO,0,11971,0,21,11950
2024-04-21,GL,Greenland,EURO,0,11971,0,21,11950
2024-04-28,GL,Greenland,EURO,0,11971,0,21,11950
2024-05-05,GL,Greenland,EURO,0,11971,0,21,11950
2024-05-12,GL,Greenland,EURO,0,11971,0,21,11950
2024-05-19,GL,Greenland,EURO,0,11971,0,21,11950
2024-05-26,GL,Greenland,EURO,0,11971,0,21,11950
2024-06-02,GL,Greenland,EURO,0,11971,0,21,11950
2024-06-09,GL,Greenland,EURO,0,11971,0,21,11950
2024-06-16,GL,Greenland,EURO,0,11971,0,21,11950
2024-06-23,GL,Greenland,EURO,0,11971,0,21,11950
2024-06-30,GL,Greenland,EURO,0,11971,0,21,11950
2024-07-07,GL,Greenland,EURO,0,11971,0,21,11950
2024-07-14,GL,Greenland,EURO,0,11971,0,21,11950
2024-07-21,GL,Greenland,EURO,0,11971,0,21,11950
2024-07-28,GL,Greenland,EURO,0,11971,0,21,11950
2024-08-04,GL,Greenland,EURO,0,11971,0,21,11950
2024-08-11,GL,Greenland,EURO,0,11971,0,21,11950
2024-08-18,GL,Greenland,EURO,0,11971,0,21,11950
2024-08-25,GL,Greenland,EURO,0,11971,0,21,11950
2024-09-01,GL,Greenland,EURO,0,11971,0,21,11950
2024-09-08,GL,Greenland,EURO,0,11971,0,21,11950
2024-09-15,GL,Greenland,EURO,0,11971,0,21,11950
2024-09-22,GL,Greenland,EURO,0,11971,0,21,11950
2024-09-29,GL,Greenland,EURO,0,11971,0,21,11950
2024-10-06,GL,Greenland,EURO,0,11971,0,21,11950
2024-10-13,GL,Greenland,EURO,0,11971,0,21,11950
2024-10-20,GL,Greenland,EURO,0,11971,0,21,11950
2024-10-27,GL,Greenland,EURO,0,11971,0,21,11950
2024-11-03,GL,Greenland,EURO,0,11971,0,21,11950
2024-11-10,GL,Greenland,EURO,0,11971,0,21,11950
2024-11-17,GL,Greenland,EURO,0,11971,0,21,11950
2020-01-05,GD,Grenada,AMRO,0,0,0,0,0
2020-01-12,GD,Grenada,AMRO,0,0,0,0,0
2020-01-19,GD,Grenada,AMRO,0,0,0,0,0
2020-01-26,GD,Grenada,AMRO,0,0,0,0,0
2020-02-02,GD,Grenada,AMRO,0,0,0,0,0
2020-02-09,GD,Grenada,AMRO,0,0,0,0,0
2020-02-16,GD,Grenada,AMRO,0,0,0,0,0
2020-02-23,GD,Grenada,AMRO,0,0,0,0,0
2020-03-01,GD,Grenada,AMRO,0,0,0,0,0
2020-03-08,GD,Grenada,AMRO,0,0,0,0,0
2020-03-15,GD,Grenada,AMRO,0,0,0,0,0
2020-03-22,GD,Grenada,AMRO,0,0,0,0,0
2020-03-29,GD,Grenada,AMRO,7,7,0,0,7
2020-04-05,GD,Grenada,AMRO,5,12,0,0,12
2020-04-12,GD,Grenada,AMRO,1,13,0,0,13
2020-04-19,GD,Grenada,AMRO,0,13,0,0,13
2020-04-26,GD,Grenada,AMRO,2,15,0,0,15
2020-05-03,GD,Grenada,AMRO,5,20,0,0,20
2020-05-10,GD,Grenada,AMRO,1,21,0,0,21
2020-05-17,GD,Grenada,AMRO,1,22,0,0,22
2020-05-24,GD,Grenada,AMRO,0,22,0,0,22
2020-05-31,GD,Grenada,AMRO,1,23,0,0,23
2020-06-07,GD,Grenada,AMRO,0,23,0,0,23
2020-06-14,GD,Grenada,AMRO,0,23,0,0,23
2020-06-21,GD,Grenada,AMRO,0,23,0,0,23
2020-06-28,GD,Grenada,AMRO,0,23,0,0,23
2020-07-05,GD,Grenada,AMRO,0,23,0,0,23
2020-07-12,GD,Grenada,AMRO,0,23,0,0,23
2020-07-19,GD,Grenada,AMRO,0,23,0,0,23
2020-07-26,GD,Grenada,AMRO,0,23,0,0,23
2020-08-02,GD,Grenada,AMRO,1,24,0,0,24
2020-08-09,GD,Grenada,AMRO,0,24,0,0,24
2020-08-16,GD,Grenada,AMRO,0,24,0,0,24
2020-08-23,GD,Grenada,AMRO,0,24,0,0,24
2020-08-30,GD,Grenada,AMRO,0,24,0,0,24
2020-09-06,GD,Grenada,AMRO,0,24,0,0,24
2020-09-13,GD,Grenada,AMRO,0,24,0,0,24
2020-09-20,GD,Grenada,AMRO,0,24,0,0,24
2020-09-27,GD,Grenada,AMRO,0,24,0,0,24
2020-10-04,GD,Grenada,AMRO,0,24,0,0,24
2020-10-11,GD,Grenada,AMRO,0,24,0,0,24
2020-10-18,GD,Grenada,AMRO,3,27,0,0,27
2020-10-25,GD,Grenada,AMRO,1,28,0,0,28
2020-11-01,GD,Grenada,AMRO,0,28,0,0,28
2020-11-08,GD,Grenada,AMRO,2,30,0,0,30
2020-11-15,GD,Grenada,AMRO,2,32,0,0,32
2020-11-22,GD,Grenada,AMRO,9,41,0,0,41
2020-11-29,GD,Grenada,AMRO,0,41,0,0,41
2020-12-06,GD,Grenada,AMRO,0,41,0,0,41
2020-12-13,GD,Grenada,AMRO,2,43,0,0,43
2020-12-20,GD,Grenada,AMRO,51,94,0,0,94
2020-12-27,GD,Grenada,AMRO,22,116,0,0,116
2021-01-03,GD,Grenada,AMRO,13,129,0,0,129
2021-01-10,GD,Grenada,AMRO,6,135,1,1,134
2021-01-17,GD,Grenada,AMRO,4,139,0,1,138
2021-01-24,GD,Grenada,AMRO,8,147,0,1,146
2021-01-31,GD,Grenada,AMRO,1,148,0,1,147
2021-02-07,GD,Grenada,AMRO,0,148,0,1,147
2021-02-14,GD,Grenada,AMRO,0,148,0,1,147
2021-02-21,GD,Grenada,AMRO,0,148,0,1,147
2021-02-28,GD,Grenada,AMRO,0,148,0,1,147
2021-03-07,GD,Grenada,AMRO,3,151,0,1,150
2021-03-14,GD,Grenada,AMRO,0,151,0,1,150
2021-03-21,GD,Grenada,AMRO,3,154,0,1,153
2021-03-28,GD,Grenada,AMRO,1,155,0,1,154
2021-04-04,GD,Grenada,AMRO,0,155,0,1,154
2021-04-11,GD,Grenada,AMRO,2,157,0,1,156
2021-04-18,GD,Grenada,AMRO,2,159,0,1,158
2021-04-25,GD,Grenada,AMRO,0,159,0,1,158
2021-05-02,GD,Grenada,AMRO,2,161,0,1,160
2021-05-09,GD,Grenada,AMRO,0,161,0,1,160
2021-05-16,GD,Grenada,AMRO,0,161,0,1,160
2021-05-23,GD,Grenada,AMRO,0,161,0,1,160
2021-05-30,GD,Grenada,AMRO,0,161,0,1,160
2021-06-06,GD,Grenada,AMRO,0,161,0,1,160
2021-06-13,GD,Grenada,AMRO,0,161,0,1,160
2021-06-20,GD,Grenada,AMRO,0,161,0,1,160
2021-06-27,GD,Grenada,AMRO,1,162,0,1,161
2021-07-04,GD,Grenada,AMRO,0,162,0,1,161
2021-07-11,GD,Grenada,AMRO,0,162,0,1,161
2021-07-18,GD,Grenada,AMRO,1,163,0,1,162
2021-07-25,GD,Grenada,AMRO,2,165,0,1,164
2021-08-01,GD,Grenada,AMRO,4,169,0,1,168
2021-08-08,GD,Grenada,AMRO,3,172,0,1,171
2021-08-15,GD,Grenada,AMRO,13,185,0,1,184
2021-08-22,GD,Grenada,AMRO,27,212,0,1,211
2021-08-29,GD,Grenada,AMRO,84,296,0,1,295
2021-09-05,GD,Grenada,AMRO,802,1098,4,5,1093
2021-09-12,GD,Grenada,AMRO,1065,2163,17,22,2141
2021-09-19,GD,Grenada,AMRO,1327,3490,26,48,3442
2021-09-26,GD,Grenada,AMRO,1276,4766,57,105,4661
2021-10-03,GD,Grenada,AMRO,470,5236,45,150,5086
2021-10-10,GD,Grenada,AMRO,355,5591,23,173,5418
2021-10-17,GD,Grenada,AMRO,130,5721,19,192,5529
2021-10-24,GD,Grenada,AMRO,88,5809,4,196,5613
2021-10-31,GD,Grenada,AMRO,30,5839,2,198,5641
2021-11-07,GD,Grenada,AMRO,18,5857,0,198,5659
2021-11-14,GD,Grenada,AMRO,6,5863,2,200,5663
2021-11-21,GD,Grenada,AMRO,3,5866,0,200,5666
2021-11-28,GD,Grenada,AMRO,22,5888,0,200,5688
2021-12-05,GD,Grenada,AMRO,19,5907,0,200,5707
2021-12-12,GD,Grenada,AMRO,6,5913,0,200,5713
2021-12-19,GD,Grenada,AMRO,6,5919,0,200,5719
2021-12-26,GD,Grenada,AMRO,37,5956,0,200,5756
2022-01-02,GD,Grenada,AMRO,343,6299,0,200,6099
2022-01-09,GD,Grenada,AMRO,1370,7669,0,200,7469
2022-01-16,GD,Grenada,AMRO,1866,9535,3,203,9332
2022-01-23,GD,Grenada,AMRO,1655,11190,2,205,10985
2022-01-30,GD,Grenada,AMRO,1056,12246,5,210,12036
2022-02-06,GD,Grenada,AMRO,588,12834,1,211,12623
2022-02-13,GD,Grenada,AMRO,408,13242,2,213,13029
2022-02-20,GD,Grenada,AMRO,283,13525,1,214,13311
2022-02-27,GD,Grenada,AMRO,154,13679,2,216,13463
2022-03-06,GD,Grenada,AMRO,11,13690,0,216,13474
2022-03-13,GD,Grenada,AMRO,0,13690,0,216,13474
2022-03-20,GD,Grenada,AMRO,246,13936,1,217,13719
2022-03-27,GD,Grenada,AMRO,46,13982,1,218,13764
2022-04-03,GD,Grenada,AMRO,42,14024,0,218,13806
2022-04-10,GD,Grenada,AMRO,0,14024,0,218,13806
2022-04-17,GD,Grenada,AMRO,141,14165,1,219,13946
2022-04-24,GD,Grenada,AMRO,263,14428,1,220,14208
2022-05-01,GD,Grenada,AMRO,315,14743,0,220,14523
2022-05-08,GD,Grenada,AMRO,740,15483,0,220,15263
2022-05-15,GD,Grenada,AMRO,1029,16512,1,221,16291
2022-05-22,GD,Grenada,AMRO,722,17234,2,223,17011
2022-05-29,GD,Grenada,AMRO,428,17662,3,226,17436
2022-06-05,GD,Grenada,AMRO,204,17866,4,230,17636
2022-06-12,GD,Grenada,AMRO,169,18035,1,231,17804
2022-06-19,GD,Grenada,AMRO,80,18115,0,231,17884
2022-06-26,GD,Grenada,AMRO,155,18270,1,232,18038
2022-07-03,GD,Grenada,AMRO,106,18376,0,232,18144
2022-07-10,GD,Grenada,AMRO,184,18560,1,233,18327
2022-07-17,GD,Grenada,AMRO,95,18655,0,233,18422
2022-07-24,GD,Grenada,AMRO,65,18720,0,233,18487
2022-07-31,GD,Grenada,AMRO,66,18786,1,234,18552
2022-08-07,GD,Grenada,AMRO,36,18822,0,234,18588
2022-08-14,GD,Grenada,AMRO,73,18895,0,234,18661
2022-08-21,GD,Grenada,AMRO,266,19161,0,234,18927
2022-08-28,GD,Grenada,AMRO,128,19289,2,236,19053
2022-09-04,GD,Grenada,AMRO,57,19346,0,236,19110
2022-09-11,GD,Grenada,AMRO,57,19403,0,236,19167
2022-09-18,GD,Grenada,AMRO,70,19473,0,236,19237
2022-09-25,GD,Grenada,AMRO,63,19536,1,237,19299
2022-10-02,GD,Grenada,AMRO,0,19536,0,237,19299
2022-10-09,GD,Grenada,AMRO,0,19536,0,237,19299
2022-10-16,GD,Grenada,AMRO,38,19574,0,237,19337
2022-10-23,GD,Grenada,AMRO,17,19591,0,237,19354
2022-10-30,GD,Grenada,AMRO,0,19591,0,237,19354
2022-11-06,GD,Grenada,AMRO,13,19604,0,237,19367
2022-11-13,GD,Grenada,AMRO,9,19613,0,237,19376
2022-11-20,GD,Grenada,AMRO,3,19616,0,237,19379
2022-11-27,GD,Grenada,AMRO,0,19616,0,237,19379
2022-12-04,GD,Grenada,AMRO,20,19636,0,237,19399
2022-12-11,GD,Grenada,AMRO,8,19644,1,238,19406
2022-12-18,GD,Grenada,AMRO,0,19644,0,238,19406
2022-12-25,GD,Grenada,AMRO,16,19660,0,238,19422
2023-01-01,GD,Grenada,AMRO,11,19671,0,238,19433
2023-01-08,GD,Grenada,AMRO,9,19680,0,238,19442
2023-01-15,GD,Grenada,AMRO,0,19680,0,238,19442
2023-01-22,GD,Grenada,AMRO,0,19680,0,238,19442
2023-01-29,GD,Grenada,AMRO,0,19680,0,238,19442
2023-02-05,GD,Grenada,AMRO,0,19680,0,238,19442
2023-02-12,GD,Grenada,AMRO,0,19680,0,238,19442
2023-02-19,GD,Grenada,AMRO,0,19680,0,238,19442
2023-02-26,GD,Grenada,AMRO,0,19680,0,238,19442
2023-03-05,GD,Grenada,AMRO,0,19680,0,238,19442
2023-03-12,GD,Grenada,AMRO,0,19680,0,238,19442
2023-03-19,GD,Grenada,AMRO,0,19680,0,238,19442
2023-03-26,GD,Grenada,AMRO,0,19680,0,238,19442
2023-04-02,GD,Grenada,AMRO,3,19683,0,238,19445
2023-04-09,GD,Grenada,AMRO,0,19683,0,238,19445
2023-04-16,GD,Grenada,AMRO,0,19683,0,238,19445
2023-04-23,GD,Grenada,AMRO,10,19693,0,238,19455
2023-04-30,GD,Grenada,AMRO,0,19693,0,238,19455
2023-05-07,GD,Grenada,AMRO,0,19693,0,238,19455
2023-05-14,GD,Grenada,AMRO,0,19693,0,238,19455
2023-05-21,GD,Grenada,AMRO,0,19693,0,238,19455
2023-05-28,GD,Grenada,AMRO,0,19693,0,238,19455
2023-06-04,GD,Grenada,AMRO,0,19693,0,238,19455
2023-06-11,GD,Grenada,AMRO,0,19693,0,238,19455
2023-06-18,GD,Grenada,AMRO,0,19693,0,238,19455
2023-06-25,GD,Grenada,AMRO,0,19693,0,238,19455
2023-07-02,GD,Grenada,AMRO,0,19693,0,238,19455
2023-07-09,GD,Grenada,AMRO,0,19693,0,238,19455
2023-07-16,GD,Grenada,AMRO,0,19693,0,238,19455
2023-07-23,GD,Grenada,AMRO,0,19693,0,238,19455
2023-07-30,GD,Grenada,AMRO,0,19693,0,238,19455
2023-08-06,GD,Grenada,AMRO,0,19693,0,238,19455
2023-08-13,GD,Grenada,AMRO,0,19693,0,238,19455
2023-08-20,GD,Grenada,AMRO,0,19693,0,238,19455
2023-08-27,GD,Grenada,AMRO,0,19693,0,238,19455
2023-09-03,GD,Grenada,AMRO,0,19693,0,238,19455
2023-09-10,GD,Grenada,AMRO,0,19693,0,238,19455
2023-09-17,GD,Grenada,AMRO,0,19693,0,238,19455
2023-09-24,GD,Grenada,AMRO,0,19693,0,238,19455
2023-10-01,GD,Grenada,AMRO,0,19693,0,238,19455
2023-10-08,GD,Grenada,AMRO,0,19693,0,238,19455
2023-10-15,GD,Grenada,AMRO,0,19693,0,238,19455
2023-10-22,GD,Grenada,AMRO,0,19693,0,238,19455
2023-10-29,GD,Grenada,AMRO,0,19693,0,238,19455
2023-11-05,GD,Grenada,AMRO,0,19693,0,238,19455
2023-11-12,GD,Grenada,AMRO,0,19693,0,238,19455
2023-11-19,GD,Grenada,AMRO,0,19693,0,238,19455
2023-11-26,GD,Grenada,AMRO,0,19693,0,238,19455
2023-12-03,GD,Grenada,AMRO,0,19693,0,238,19455
2023-12-10,GD,Grenada,AMRO,0,19693,0,238,19455
2023-12-17,GD,Grenada,AMRO,0,19693,0,238,19455
2023-12-24,GD,Grenada,AMRO,0,19693,0,238,19455
2023-12-31,GD,Grenada,AMRO,0,19693,0,238,19455
2024-01-07,GD,Grenada,AMRO,0,19693,0,238,19455
2024-01-14,GD,Grenada,AMRO,0,19693,0,238,19455
2024-01-21,GD,Grenada,AMRO,0,19693,0,238,19455
2024-01-28,GD,Grenada,AMRO,0,19693,0,238,19455
2024-02-04,GD,Grenada,AMRO,0,19693,0,238,19455
2024-02-11,GD,Grenada,AMRO,0,19693,0,238,19455
2024-02-18,GD,Grenada,AMRO,0,19693,0,238,19455
2024-02-25,GD,Grenada,AMRO,0,19693,0,238,19455
2024-03-03,GD,Grenada,AMRO,0,19693,0,238,19455
2024-03-10,GD,Grenada,AMRO,0,19693,0,238,19455
2024-03-17,GD,Grenada,AMRO,0,19693,0,238,19455
2024-03-24,GD,Grenada,AMRO,0,19693,0,238,19455
2024-03-31,GD,Grenada,AMRO,0,19693,0,238,19455
2024-04-07,GD,Grenada,AMRO,0,19693,0,238,19455
2024-04-14,GD,Grenada,AMRO,0,19693,0,238,19455
2024-04-21,GD,Grenada,AMRO,0,19693,0,238,19455
2024-04-28,GD,Grenada,AMRO,0,19693,0,238,19455
2024-05-05,GD,Grenada,AMRO,0,19693,0,238,19455
2024-05-12,GD,Grenada,AMRO,0,19693,0,238,19455
2024-05-19,GD,Grenada,AMRO,0,19693,0,238,19455
2024-05-26,GD,Grenada,AMRO,0,19693,0,238,19455
2024-06-02,GD,Grenada,AMRO,0,19693,0,238,19455
2024-06-09,GD,Grenada,AMRO,0,19693,0,238,19455
2024-06-16,GD,Grenada,AMRO,0,19693,0,238,19455
2024-06-23,GD,Grenada,AMRO,0,19693,0,238,19455
2024-06-30,GD,Grenada,AMRO,0,19693,0,238,19455
2024-07-07,GD,Grenada,AMRO,0,19693,0,238,19455
2024-07-14,GD,Grenada,AMRO,0,19693,0,238,19455
2024-07-21,GD,Grenada,AMRO,0,19693,0,238,19455
2024-07-28,GD,Grenada,AMRO,0,19693,0,238,19455
2024-08-04,GD,Grenada,AMRO,0,19693,0,238,19455
2024-08-11,GD,Grenada,AMRO,0,19693,0,238,19455
2024-08-18,GD,Grenada,AMRO,0,19693,0,238,19455
2024-08-25,GD,Grenada,AMRO,0,19693,0,238,19455
2024-09-01,GD,Grenada,AMRO,0,19693,0,238,19455
2024-09-08,GD,Grenada,AMRO,0,19693,0,238,19455
2024-09-15,GD,Grenada,AMRO,0,19693,0,238,19455
2024-09-22,GD,Grenada,AMRO,0,19693,0,238,19455
2024-09-29,GD,Grenada,AMRO,0,19693,0,238,19455
2024-10-06,GD,Grenada,AMRO,0,19693,0,238,19455
2024-10-13,GD,Grenada,AMRO,0,19693,0,238,19455
2024-10-20,GD,Grenada,AMRO,0,19693,0,238,19455
2024-10-27,GD,Grenada,AMRO,0,19693,0,238,19455
2024-11-03,GD,Grenada,AMRO,0,19693,0,238,19455
2024-11-10,GD,Grenada,AMRO,0,19693,0,238,19455
2024-11-17,GD,Grenada,AMRO,0,19693,0,238,19455
2020-01-05,GU,Guam,WPRO,0,0,0,0,0
2020-01-12,GU,Guam,WPRO,0,0,0,0,0
2020-01-19,GU,Guam,WPRO,0,0,0,0,0
2020-01-26,GU,Guam,WPRO,0,0,0,0,0
2020-02-02,GU,Guam,WPRO,0,0,0,0,0
2020-02-09,GU,Guam,WPRO,0,0,0,0,0
2020-02-16,GU,Guam,WPRO,0,0,0,0,0
2020-02-23,GU,Guam,WPRO,0,0,0,0,0
2020-03-01,GU,Guam,WPRO,0,0,0,0,0
2020-03-08,GU,Guam,WPRO,0,0,0,0,0
2020-03-15,GU,Guam,WPRO,0,0,0,0,0
2020-03-22,GU,Guam,WPRO,15,15,0,0,15
2020-03-29,GU,Guam,WPRO,40,55,1,1,54
2020-04-05,GU,Guam,WPRO,38,93,3,4,89
2020-04-12,GU,Guam,WPRO,40,133,1,5,128
2020-04-19,GU,Guam,WPRO,0,133,0,5,128
2020-04-26,GU,Guam,WPRO,4,137,0,5,132
2020-05-03,GU,Guam,WPRO,7,144,0,5,139
2020-05-10,GU,Guam,WPRO,3,147,0,5,142
2020-05-17,GU,Guam,WPRO,2,149,0,5,144
2020-05-24,GU,Guam,WPRO,12,161,0,5,156
2020-05-31,GU,Guam,WPRO,5,166,0,5,161
2020-06-07,GU,Guam,WPRO,5,171,0,5,166
2020-06-14,GU,Guam,WPRO,6,177,0,5,172
2020-06-21,GU,Guam,WPRO,37,214,0,5,209
2020-06-28,GU,Guam,WPRO,26,240,0,5,235
2020-07-05,GU,Guam,WPRO,40,280,0,5,275
2020-07-12,GU,Guam,WPRO,24,304,0,5,299
2020-07-19,GU,Guam,WPRO,3,307,0,5,302
2020-07-26,GU,Guam,WPRO,22,329,0,5,324
2020-08-02,GU,Guam,WPRO,22,351,0,5,346
2020-08-09,GU,Guam,WPRO,53,404,0,5,399
2020-08-16,GU,Guam,WPRO,104,508,0,5,503
2020-08-23,GU,Guam,WPRO,304,812,2,7,805
2020-08-30,GU,Guam,WPRO,527,1339,3,10,1329
2020-09-06,GU,Guam,WPRO,332,1671,6,16,1655
2020-09-13,GU,Guam,WPRO,220,1891,9,25,1866
2020-09-20,GU,Guam,WPRO,226,2117,9,34,2083
2020-09-27,GU,Guam,WPRO,237,2354,9,43,2311
2020-10-04,GU,Guam,WPRO,343,2697,8,51,2646
2020-10-11,GU,Guam,WPRO,352,3049,8,59,2990
2020-10-18,GU,Guam,WPRO,557,3606,7,66,3540
2020-10-25,GU,Guam,WPRO,549,4155,5,71,4084
2020-11-01,GU,Guam,WPRO,477,4632,8,79,4553
2020-11-08,GU,Guam,WPRO,402,5034,10,89,4945
2020-11-15,GU,Guam,WPRO,820,5854,4,93,5761
2020-11-22,GU,Guam,WPRO,501,6355,11,104,6251
2020-11-29,GU,Guam,WPRO,300,6655,8,112,6543
2020-12-06,GU,Guam,WPRO,190,6845,1,113,6732
2020-12-13,GU,Guam,WPRO,108,6953,4,117,6836
2020-12-20,GU,Guam,WPRO,78,7031,2,119,6912
2020-12-27,GU,Guam,WPRO,63,7094,2,121,6973
2021-01-03,GU,Guam,WPRO,55,7149,2,123,7026
2021-01-10,GU,Guam,WPRO,77,7226,1,124,7102
2021-01-17,GU,Guam,WPRO,60,7286,2,126,7160
2021-01-24,GU,Guam,WPRO,54,7340,2,128,7212
2021-01-31,GU,Guam,WPRO,40,7380,1,129,7251
2021-02-07,GU,Guam,WPRO,62,7442,0,129,7313
2021-02-14,GU,Guam,WPRO,45,7487,1,130,7357
2021-02-21,GU,Guam,WPRO,24,7511,0,130,7381
2021-02-28,GU,Guam,WPRO,16,7527,1,131,7396
2021-03-07,GU,Guam,WPRO,13,7540,2,133,7407
2021-03-14,GU,Guam,WPRO,18,7558,0,133,7425
2021-03-21,GU,Guam,WPRO,12,7570,1,134,7436
2021-03-28,GU,Guam,WPRO,20,7590,0,134,7456
2021-04-04,GU,Guam,WPRO,16,7606,2,136,7470
2021-04-11,GU,Guam,WPRO,21,7627,0,136,7491
2021-04-18,GU,Guam,WPRO,31,7658,0,136,7522
2021-04-25,GU,Guam,WPRO,39,7697,0,136,7561
2021-05-02,GU,Guam,WPRO,66,7763,0,136,7627
2021-05-09,GU,Guam,WPRO,52,7815,3,139,7676
2021-05-16,GU,Guam,WPRO,41,7856,0,139,7717
2021-05-23,GU,Guam,WPRO,42,7898,0,139,7759
2021-05-30,GU,Guam,WPRO,20,7918,0,139,7779
2021-06-06,GU,Guam,WPRO,39,7957,0,139,7818
2021-06-13,GU,Guam,WPRO,27,7984,0,139,7845
2021-06-20,GU,Guam,WPRO,30,8014,0,139,7875
2021-06-27,GU,Guam,WPRO,58,8072,0,139,7933
2021-07-04,GU,Guam,WPRO,35,8107,1,140,7967
2021-07-11,GU,Guam,WPRO,57,8164,1,141,8023
2021-07-18,GU,Guam,WPRO,45,8209,1,142,8067
2021-07-25,GU,Guam,WPRO,23,8232,1,143,8089
2021-08-01,GU,Guam,WPRO,39,8271,0,143,8128
2021-08-08,GU,Guam,WPRO,118,8389,0,143,8246
2021-08-15,GU,Guam,WPRO,195,8584,0,143,8441
2021-08-22,GU,Guam,WPRO,371,8955,1,144,8811
2021-08-29,GU,Guam,WPRO,721,9676,1,145,9531
2021-09-05,GU,Guam,WPRO,890,10566,6,151,10415
2021-09-12,GU,Guam,WPRO,1049,11615,17,168,11447
2021-09-19,GU,Guam,WPRO,616,12231,11,179,12052
2021-09-26,GU,Guam,WPRO,329,12560,5,184,12376
2021-10-03,GU,Guam,WPRO,597,13157,14,198,12959
2021-10-10,GU,Guam,WPRO,524,13681,14,212,13469
2021-10-17,GU,Guam,WPRO,349,14030,10,222,13808
2021-10-24,GU,Guam,WPRO,315,14345,5,227,14118
2021-10-31,GU,Guam,WPRO,369,14714,11,238,14476
2021-11-07,GU,Guam,WPRO,193,14907,10,248,14659
2021-11-14,GU,Guam,WPRO,72,14979,10,258,14721
2021-11-21,GU,Guam,WPRO,83,15062,4,262,14800
2021-11-28,GU,Guam,WPRO,59,15121,1,263,14858
2021-12-05,GU,Guam,WPRO,57,15178,3,266,14912
2021-12-12,GU,Guam,WPRO,17,15195,1,267,14928
2021-12-19,GU,Guam,WPRO,45,15240,3,270,14970
2021-12-26,GU,Guam,WPRO,20,15260,0,270,14990
2022-01-02,GU,Guam,WPRO,146,15406,0,270,15136
2022-01-09,GU,Guam,WPRO,612,16018,4,274,15744
2022-01-16,GU,Guam,WPRO,1949,17967,0,274,17693
2022-01-23,GU,Guam,WPRO,2600,20567,2,276,20291
2022-01-30,GU,Guam,WPRO,5050,25617,9,285,25332
2022-02-06,GU,Guam,WPRO,2620,28237,11,296,27941
2022-02-13,GU,Guam,WPRO,5903,34140,10,306,33834
2022-02-20,GU,Guam,WPRO,2078,36218,10,316,35902
2022-02-27,GU,Guam,WPRO,1082,37300,6,322,36978
2022-03-06,GU,Guam,WPRO,1062,38362,9,331,38031
2022-03-13,GU,Guam,WPRO,653,39015,6,337,38678
2022-03-20,GU,Guam,WPRO,356,39371,3,340,39031
2022-03-27,GU,Guam,WPRO,273,39644,0,340,39304
2022-04-03,GU,Guam,WPRO,266,39910,9,349,39561
2022-04-10,GU,Guam,WPRO,143,40053,3,352,39701
2022-04-17,GU,Guam,WPRO,0,40053,0,352,39701
2022-04-24,GU,Guam,WPRO,318,40371,1,353,40018
2022-05-01,GU,Guam,WPRO,186,40557,0,353,40204
2022-05-08,GU,Guam,WPRO,166,40723,2,355,40368
2022-05-15,GU,Guam,WPRO,151,40874,6,361,40513
2022-05-22,GU,Guam,WPRO,153,41027,0,361,40666
2022-05-29,GU,Guam,WPRO,240,41267,2,363,40904
2022-06-05,GU,Guam,WPRO,283,41550,2,365,41185
2022-06-12,GU,Guam,WPRO,479,42029,4,369,41660
2022-06-19,GU,Guam,WPRO,534,42563,2,371,42192
2022-06-26,GU,Guam,WPRO,510,43073,0,371,42702
2022-07-03,GU,Guam,WPRO,656,43729,0,371,43358
2022-07-10,GU,Guam,WPRO,603,44332,2,373,43959
2022-07-17,GU,Guam,WPRO,582,44914,3,376,44538
2022-07-24,GU,Guam,WPRO,448,45362,1,377,44985
2022-07-31,GU,Guam,WPRO,819,46181,3,380,45801
2022-08-07,GU,Guam,WPRO,618,46799,3,383,46416
2022-08-14,GU,Guam,WPRO,572,47371,3,386,46985
2022-08-21,GU,Guam,WPRO,448,47819,3,389,47430
2022-08-28,GU,Guam,WPRO,367,48186,0,389,47797
2022-09-04,GU,Guam,WPRO,202,48388,1,390,47998
2022-09-11,GU,Guam,WPRO,236,48624,4,394,48230
2022-09-18,GU,Guam,WPRO,218,48842,7,401,48441
2022-09-25,GU,Guam,WPRO,28,48870,0,401,48469
2022-10-02,GU,Guam,WPRO,85,48955,0,401,48554
2022-10-09,GU,Guam,WPRO,54,49009,0,401,48608
2022-10-16,GU,Guam,WPRO,0,49009,0,401,48608
2022-10-23,GU,Guam,WPRO,8,49017,0,401,48616
2022-10-30,GU,Guam,WPRO,110,49127,2,403,48724
2022-11-06,GU,Guam,WPRO,47,49174,1,404,48770
2022-11-13,GU,Guam,WPRO,61,49235,2,406,48829
2022-11-20,GU,Guam,WPRO,128,49363,1,407,48956
2022-11-27,GU,Guam,WPRO,214,49577,2,409,49168
2022-12-04,GU,Guam,WPRO,0,49577,1,410,49167
2022-12-11,GU,Guam,WPRO,123,49700,0,410,49290
2022-12-18,GU,Guam,WPRO,107,49807,1,411,49396
2022-12-25,GU,Guam,WPRO,131,49938,0,411,49527
2023-01-01,GU,Guam,WPRO,64,50002,0,411,49591
2023-01-08,GU,Guam,WPRO,0,50002,0,411,49591
2023-01-15,GU,Guam,WPRO,403,50405,0,411,49994
2023-01-22,GU,Guam,WPRO,37,50442,0,411,50031
2023-01-29,GU,Guam,WPRO,193,50635,0,411,50224
2023-02-05,GU,Guam,WPRO,90,50725,2,413,50312
2023-02-12,GU,Guam,WPRO,59,50784,0,413,50371
2023-02-19,GU,Guam,WPRO,33,50817,0,413,50404
2023-02-26,GU,Guam,WPRO,23,50840,0,413,50427
2023-03-05,GU,Guam,WPRO,29,50869,0,413,50456
2023-03-12,GU,Guam,WPRO,45,50914,0,413,50501
2023-03-19,GU,Guam,WPRO,41,50955,0,413,50542
2023-03-26,GU,Guam,WPRO,19,50974,0,413,50561
2023-04-02,GU,Guam,WPRO,31,51005,0,413,50592
2023-04-09,GU,Guam,WPRO,12,51017,0,413,50604
2023-04-16,GU,Guam,WPRO,45,51062,0,413,50649
2023-04-23,GU,Guam,WPRO,48,51110,0,413,50697
2023-04-30,GU,Guam,WPRO,69,51179,0,413,50766
2023-05-07,GU,Guam,WPRO,61,51240,0,413,50827
2023-05-14,GU,Guam,WPRO,105,51345,0,413,50932
2023-05-21,GU,Guam,WPRO,95,51440,0,413,51027
2023-05-28,GU,Guam,WPRO,0,51440,0,413,51027
2023-06-04,GU,Guam,WPRO,53,51493,0,413,51080
2023-06-11,GU,Guam,WPRO,24,51517,0,413,51104
2023-06-18,GU,Guam,WPRO,32,51549,0,413,51136
2023-06-25,GU,Guam,WPRO,74,51623,0,413,51210
2023-07-02,GU,Guam,WPRO,52,51675,0,413,51262
2023-07-09,GU,Guam,WPRO,56,51731,2,415,51316
2023-07-16,GU,Guam,WPRO,7,51738,0,415,51323
2023-07-23,GU,Guam,WPRO,31,51769,0,415,51354
2023-07-30,GU,Guam,WPRO,17,51786,0,415,51371
2023-08-06,GU,Guam,WPRO,0,51786,0,415,51371
2023-08-13,GU,Guam,WPRO,42,51828,1,416,51412
2023-08-20,GU,Guam,WPRO,17,51845,0,416,51429
2023-08-27,GU,Guam,WPRO,0,51845,0,416,51429
2023-09-03,GU,Guam,WPRO,88,51933,0,416,51517
2023-09-10,GU,Guam,WPRO,26,51959,0,416,51543
2023-09-17,GU,Guam,WPRO,0,51959,0,416,51543
2023-09-24,GU,Guam,WPRO,41,52000,0,416,51584
2023-10-01,GU,Guam,WPRO,17,52017,0,416,51601
2023-10-08,GU,Guam,WPRO,15,52032,1,417,51615
2023-10-15,GU,Guam,WPRO,0,52032,0,417,51615
2023-10-22,GU,Guam,WPRO,18,52050,0,417,51633
2023-10-29,GU,Guam,WPRO,10,52060,0,417,51643
2023-11-05,GU,Guam,WPRO,15,52075,0,417,51658
2023-11-12,GU,Guam,WPRO,4,52079,0,417,51662
2023-11-19,GU,Guam,WPRO,102,52181,0,417,51764
2023-11-26,GU,Guam,WPRO,6,52187,0,417,51770
2023-12-03,GU,Guam,WPRO,0,52187,0,417,51770
2023-12-10,GU,Guam,WPRO,0,52187,0,417,51770
2023-12-17,GU,Guam,WPRO,0,52187,0,417,51770
2023-12-24,GU,Guam,WPRO,60,52247,2,419,51828
2023-12-31,GU,Guam,WPRO,40,52287,0,419,51868
2024-01-07,GU,Guam,WPRO,0,52287,0,419,51868
2024-01-14,GU,Guam,WPRO,0,52287,0,419,51868
2024-01-21,GU,Guam,WPRO,0,52287,0,419,51868
2024-01-28,GU,Guam,WPRO,0,52287,0,419,51868
2024-02-04,GU,Guam,WPRO,0,52287,0,419,51868
2024-02-11,GU,Guam,WPRO,0,52287,0,419,51868
2024-02-18,GU,Guam,WPRO,0,52287,0,419,51868
2024-02-25,GU,Guam,WPRO,0,52287,0,419,51868
2024-03-03,GU,Guam,WPRO,0,52287,0,419,51868
2024-03-10,GU,Guam,WPRO,0,52287,0,419,51868
2024-03-17,GU,Guam,WPRO,0,52287,0,419,51868
2024-03-24,GU,Guam,WPRO,0,52287,0,419,51868
2024-03-31,GU,Guam,WPRO,0,52287,0,419,51868
2024-04-07,GU,Guam,WPRO,0,52287,0,419,51868
2024-04-14,GU,Guam,WPRO,0,52287,0,419,51868
2024-04-21,GU,Guam,WPRO,0,52287,0,419,51868
2024-04-28,GU,Guam,WPRO,0,52287,0,419,51868
2024-05-05,GU,Guam,WPRO,0,52287,0,419,51868
2024-05-12,GU,Guam,WPRO,0,52287,0,419,51868
2024-05-19,GU,Guam,WPRO,0,52287,0,419,51868
2024-05-26,GU,Guam,WPRO,0,52287,0,419,51868
2024-06-02,GU,Guam,WPRO,0,52287,0,419,51868
2024-06-09,GU,Guam,WPRO,0,52287,0,419,51868
2024-06-16,GU,Guam,WPRO,0,52287,0,419,51868
2024-06-23,GU,Guam,WPRO,0,52287,0,419,51868
2024-06-30,GU,Guam,WPRO,0,52287,0,419,51868
2024-07-07,GU,Guam,WPRO,0,52287,0,419,51868
2024-07-14,GU,Guam,WPRO,0,52287,0,419,51868
2024-07-21,GU,Guam,WPRO,0,52287,0,419,51868
2024-07-28,GU,Guam,WPRO,0,52287,0,419,51868
2024-08-04,GU,Guam,WPRO,0,52287,0,419,51868
2024-08-11,GU,Guam,WPRO,0,52287,0,419,51868
2024-08-18,GU,Guam,WPRO,0,52287,0,419,51868
2024-08-25,GU,Guam,WPRO,0,52287,0,419,51868
2024-09-01,GU,Guam,WPRO,0,52287,0,419,51868
2024-09-08,GU,Guam,WPRO,0,52287,0,419,51868
2024-09-15,GU,Guam,WPRO,0,52287,0,419,51868
2024-09-22,GU,Guam,WPRO,0,52287,0,419,51868
2024-09-29,GU,Guam,WPRO,0,52287,0,419,51868
2024-10-06,GU,Guam,WPRO,0,52287,0,419,51868
2024-10-13,GU,Guam,WPRO,0,52287,0,419,51868
2024-10-20,GU,Guam,WPRO,0,52287,0,419,51868
2024-10-27,GU,Guam,WPRO,0,52287,0,419,51868
2024-11-03,GU,Guam,WPRO,0,52287,0,419,51868
2024-11-10,GU,Guam,WPRO,0,52287,0,419,51868
2024-11-17,GU,Guam,WPRO,0,52287,0,419,51868
2020-01-05,GT,Guatemala,AMRO,0,0,0,0,0
2020-01-12,GT,Guatemala,AMRO,0,0,0,0,0
2020-01-19,GT,Guatemala,AMRO,0,0,0,0,0
2020-01-26,GT,Guatemala,AMRO,0,0,0,0,0
2020-02-02,GT,Guatemala,AMRO,0,0,0,0,0
2020-02-09,GT,Guatemala,AMRO,0,0,0,0,0
2020-02-16,GT,Guatemala,AMRO,0,0,0,0,0
2020-02-23,GT,Guatemala,AMRO,0,0,0,0,0
2020-03-01,GT,Guatemala,AMRO,0,0,0,0,0
2020-03-08,GT,Guatemala,AMRO,0,0,0,0,0
2020-03-15,GT,Guatemala,AMRO,1,1,0,0,1
2020-03-22,GT,Guatemala,AMRO,11,12,1,1,11
2020-03-29,GT,Guatemala,AMRO,65,77,0,1,76
2020-04-05,GT,Guatemala,AMRO,0,50,0,1,49
2020-04-12,GT,Guatemala,AMRO,87,137,2,3,134
2020-04-19,GT,Guatemala,AMRO,98,235,4,7,228
2020-04-26,GT,Guatemala,AMRO,195,430,6,13,417
2020-05-03,GT,Guatemala,AMRO,214,644,5,18,626
2020-05-10,GT,Guatemala,AMRO,256,900,6,24,876
2020-05-17,GT,Guatemala,AMRO,743,1643,6,30,1613
2020-05-24,GT,Guatemala,AMRO,1100,2743,23,53,2690
2020-05-31,GT,Guatemala,AMRO,1864,4607,37,90,4517
2020-06-07,GT,Guatemala,AMRO,1878,6485,126,216,6269
2020-06-14,GT,Guatemala,AMRO,2497,8982,135,351,8631
2020-06-21,GT,Guatemala,AMRO,3527,12509,132,483,12026
2020-06-28,GT,Guatemala,AMRO,3319,15828,189,672,15156
2020-07-05,GT,Guatemala,AMRO,5465,21293,208,880,20413
2020-07-12,GT,Guatemala,AMRO,6326,27619,259,1139,26480
2020-07-19,GT,Guatemala,AMRO,6190,33809,304,1443,32366
2020-07-26,GT,Guatemala,AMRO,10683,44492,256,1699,42793
2020-08-02,GT,Guatemala,AMRO,6487,50979,258,1957,49022
2020-08-09,GT,Guatemala,AMRO,5210,56189,240,2197,53992
2020-08-16,GT,Guatemala,AMRO,6124,62313,158,2355,59958
2020-08-23,GT,Guatemala,AMRO,5543,67856,225,2580,65276
2020-08-30,GT,Guatemala,AMRO,5823,73679,148,2728,70951
2020-09-06,GT,Guatemala,AMRO,3802,77481,117,2845,74636
2020-09-13,GT,Guatemala,AMRO,4177,81658,104,2949,78709
2020-09-20,GT,Guatemala,AMRO,3494,85152,156,3105,82047
2020-09-27,GT,Guatemala,AMRO,4550,89702,108,3213,86489
2020-10-04,GT,Guatemala,AMRO,4046,93748,72,3285,90463
2020-10-11,GT,Guatemala,AMRO,3796,97544,80,3365,94179
2020-10-18,GT,Guatemala,AMRO,3484,101028,150,3515,97513
2020-10-25,GT,Guatemala,AMRO,3604,104632,94,3609,101023
2020-11-01,GT,Guatemala,AMRO,3307,107939,120,3729,104210
2020-11-08,GT,Guatemala,AMRO,3111,111050,82,3811,107239
2020-11-15,GT,Guatemala,AMRO,3669,114719,109,3920,110799
2020-11-22,GT,Guatemala,AMRO,3698,118417,154,4074,114343
2020-11-29,GT,Guatemala,AMRO,3381,121798,87,4161,117637
2020-12-06,GT,Guatemala,AMRO,3554,125352,78,4239,121113
2020-12-13,GT,Guatemala,AMRO,3747,129099,166,4405,124694
2020-12-20,GT,Guatemala,AMRO,3496,132595,219,4624,127971
2020-12-27,GT,Guatemala,AMRO,2576,135171,139,4763,130408
2021-01-03,GT,Guatemala,AMRO,3145,138316,64,4827,133489
2021-01-10,GT,Guatemala,AMRO,4811,143127,172,4999,138128
2021-01-17,GT,Guatemala,AMRO,5471,148598,221,5220,143378
2021-01-24,GT,Guatemala,AMRO,5292,153890,236,5456,148434
2021-01-31,GT,Guatemala,AMRO,5228,159118,162,5618,153500
2021-02-07,GT,Guatemala,AMRO,3819,162937,236,5854,157083
2021-02-14,GT,Guatemala,AMRO,4134,167071,240,6094,160977
2021-02-21,GT,Guatemala,AMRO,3860,170931,155,6249,164682
2021-02-28,GT,Guatemala,AMRO,3404,174335,125,6374,167961
2021-03-07,GT,Guatemala,AMRO,4002,178337,93,6467,171870
2021-03-14,GT,Guatemala,AMRO,4342,182679,96,6563,176116
2021-03-21,GT,Guatemala,AMRO,4980,187659,122,6685,180974
2021-03-28,GT,Guatemala,AMRO,5391,193050,109,6794,186256
2021-04-04,GT,Guatemala,AMRO,2189,195239,90,6884,188355
2021-04-11,GT,Guatemala,AMRO,7401,202640,117,7001,195639
2021-04-18,GT,Guatemala,AMRO,9667,212307,189,7190,205117
2021-04-25,GT,Guatemala,AMRO,9000,221307,205,7395,213912
2021-05-02,GT,Guatemala,AMRO,7170,228477,148,7543,220934
2021-05-09,GT,Guatemala,AMRO,6406,234883,174,7717,227166
2021-05-16,GT,Guatemala,AMRO,6234,241117,155,7872,233245
2021-05-23,GT,Guatemala,AMRO,5989,247106,124,7996,239110
2021-05-30,GT,Guatemala,AMRO,6731,253837,125,8121,245716
2021-06-06,GT,Guatemala,AMRO,7555,261392,159,8280,253112
2021-06-13,GT,Guatemala,AMRO,9739,271131,159,8439,262692
2021-06-20,GT,Guatemala,AMRO,8816,279947,206,8645,271302
2021-06-27,GT,Guatemala,AMRO,10905,290852,363,9008,281844
2021-07-04,GT,Guatemala,AMRO,10337,301189,411,9419,291770
2021-07-11,GT,Guatemala,AMRO,16122,317311,269,9688,307623
2021-07-18,GT,Guatemala,AMRO,15815,333126,210,9898,323228
2021-07-25,GT,Guatemala,AMRO,17690,350816,195,10093,340723
2021-08-01,GT,Guatemala,AMRO,17668,368484,246,10339,358145
2021-08-08,GT,Guatemala,AMRO,21026,389510,375,10714,378796
2021-08-15,GT,Guatemala,AMRO,22221,411731,371,11085,400646
2021-08-22,GT,Guatemala,AMRO,26188,437919,365,11450,426469
2021-08-29,GT,Guatemala,AMRO,25834,463753,368,11818,451935
2021-09-05,GT,Guatemala,AMRO,23066,486819,385,12203,474616
2021-09-12,GT,Guatemala,AMRO,22835,509654,462,12665,496989
2021-09-19,GT,Guatemala,AMRO,19768,529422,375,13040,516382
2021-09-26,GT,Guatemala,AMRO,19182,548604,291,13331,535273
2021-10-03,GT,Guatemala,AMRO,16962,565566,369,13700,551866
2021-10-10,GT,Guatemala,AMRO,13243,578809,286,13986,564823
2021-10-17,GT,Guatemala,AMRO,8878,587687,280,14266,573421
2021-10-24,GT,Guatemala,AMRO,5772,593459,349,14615,578844
2021-10-31,GT,Guatemala,AMRO,7943,601402,405,15020,586382
2021-11-07,GT,Guatemala,AMRO,4013,605415,369,15389,590026
2021-11-14,GT,Guatemala,AMRO,3721,609136,286,15675,593461
2021-11-21,GT,Guatemala,AMRO,4577,613713,162,15837,597876
2021-11-28,GT,Guatemala,AMRO,3782,617495,80,15917,601578
2021-12-05,GT,Guatemala,AMRO,1545,619040,55,15972,603068
2021-12-12,GT,Guatemala,AMRO,2804,621844,57,16029,605815
2021-12-19,GT,Guatemala,AMRO,1605,623449,36,16065,607384
2021-12-26,GT,Guatemala,AMRO,1580,625029,30,16095,608934
2022-01-02,GT,Guatemala,AMRO,3330,628359,12,16107,612252
2022-01-09,GT,Guatemala,AMRO,7254,635613,11,16118,619495
2022-01-16,GT,Guatemala,AMRO,13334,648947,42,16160,632787
2022-01-23,GT,Guatemala,AMRO,17070,666017,85,16245,649772
2022-01-30,GT,Guatemala,AMRO,19525,685542,98,16343,669199
2022-02-06,GT,Guatemala,AMRO,20072,705614,127,16470,689144
2022-02-13,GT,Guatemala,AMRO,24363,729977,141,16611,713366
2022-02-20,GT,Guatemala,AMRO,23304,753281,133,16744,736537
2022-02-27,GT,Guatemala,AMRO,20294,773575,195,16939,756636
2022-03-06,GT,Guatemala,AMRO,15779,789354,106,17045,772309
2022-03-13,GT,Guatemala,AMRO,13390,802744,94,17139,785605
2022-03-20,GT,Guatemala,AMRO,11367,814111,67,17206,796905
2022-03-27,GT,Guatemala,AMRO,9034,823145,68,17274,805871
2022-04-03,GT,Guatemala,AMRO,6736,829881,44,17318,812563
2022-04-10,GT,Guatemala,AMRO,4600,834481,49,17367,817114
2022-04-17,GT,Guatemala,AMRO,2896,837377,55,17422,819955
2022-04-24,GT,Guatemala,AMRO,3964,841341,74,17496,823845
2022-05-01,GT,Guatemala,AMRO,4527,845868,70,17566,828302
2022-05-08,GT,Guatemala,AMRO,2939,848807,117,17683,831124
2022-05-15,GT,Guatemala,AMRO,3070,851877,109,17792,834085
2022-05-22,GT,Guatemala,AMRO,3925,855802,131,17923,837879
2022-05-29,GT,Guatemala,AMRO,3509,859311,161,18084,841227
2022-06-05,GT,Guatemala,AMRO,4284,863595,112,18196,845399
2022-06-12,GT,Guatemala,AMRO,6050,869645,74,18270,851375
2022-06-19,GT,Guatemala,AMRO,8756,878401,101,18371,860030
2022-06-26,GT,Guatemala,AMRO,14670,893071,98,18469,874602
2022-07-03,GT,Guatemala,AMRO,22250,915321,103,18572,896749
2022-07-10,GT,Guatemala,AMRO,23979,939300,106,18678,920622
2022-07-17,GT,Guatemala,AMRO,38239,977539,104,18782,958757
2022-07-24,GT,Guatemala,AMRO,26772,1004311,99,18881,985430
2022-07-31,GT,Guatemala,AMRO,33440,1037751,124,19005,1018746
2022-08-07,GT,Guatemala,AMRO,16376,1054127,91,19096,1035031
2022-08-14,GT,Guatemala,AMRO,16199,1070326,109,19205,1051121
2022-08-21,GT,Guatemala,AMRO,14792,1085118,134,19339,1065779
2022-08-28,GT,Guatemala,AMRO,11412,1096530,112,19451,1077079
2022-09-04,GT,Guatemala,AMRO,8006,1104536,116,19567,1084969
2022-09-11,GT,Guatemala,AMRO,6437,1110973,98,19665,1091308
2022-09-18,GT,Guatemala,AMRO,3830,1114803,37,19702,1095101
2022-09-25,GT,Guatemala,AMRO,4474,1119277,46,19748,1099529
2022-10-02,GT,Guatemala,AMRO,5190,1124467,47,19795,1104672
2022-10-09,GT,Guatemala,AMRO,4248,1128715,29,19824,1108891
2022-10-16,GT,Guatemala,AMRO,3977,1132692,24,19848,1112844
2022-10-23,GT,Guatemala,AMRO,2998,1135690,14,19862,1115828
2022-10-30,GT,Guatemala,AMRO,4155,1139845,20,19882,1119963
2022-11-06,GT,Guatemala,AMRO,2093,1141938,19,19901,1122037
2022-11-13,GT,Guatemala,AMRO,2833,1144771,15,19916,1124855
2022-11-20,GT,Guatemala,AMRO,2928,1147699,20,19936,1127763
2022-11-27,GT,Guatemala,AMRO,5099,1152798,8,19944,1132854
2022-12-04,GT,Guatemala,AMRO,5700,1158498,9,19953,1138545
2022-12-11,GT,Guatemala,AMRO,10137,1168635,8,19961,1148674
2022-12-18,GT,Guatemala,AMRO,13657,1182292,16,19977,1162315
2022-12-25,GT,Guatemala,AMRO,13352,1195644,13,19990,1175654
2023-01-01,GT,Guatemala,AMRO,7736,1203380,10,20000,1183380
2023-01-08,GT,Guatemala,AMRO,4534,1207914,7,20007,1187907
2023-01-15,GT,Guatemala,AMRO,9525,1217439,38,20045,1197394
2023-01-22,GT,Guatemala,AMRO,4570,1222009,24,20069,1201940
2023-01-29,GT,Guatemala,AMRO,4520,1226529,23,20092,1206437
2023-02-05,GT,Guatemala,AMRO,2644,1229173,28,20120,1209053
2023-02-12,GT,Guatemala,AMRO,2334,1231507,22,20142,1211365
2023-02-19,GT,Guatemala,AMRO,2072,1233579,13,20155,1213424
2023-02-26,GT,Guatemala,AMRO,1868,1235447,10,20165,1215282
2023-03-05,GT,Guatemala,AMRO,1888,1237335,12,20177,1217158
2023-03-12,GT,Guatemala,AMRO,1254,1238589,5,20182,1218407
2023-03-19,GT,Guatemala,AMRO,1791,1240380,1,20183,1220197
2023-03-26,GT,Guatemala,AMRO,1882,1242262,1,20184,1222078
2023-04-02,GT,Guatemala,AMRO,2550,1244812,3,20187,1224625
2023-04-09,GT,Guatemala,AMRO,0,1244812,0,20187,1224625
2023-04-16,GT,Guatemala,AMRO,1918,1246730,2,20189,1226541
2023-04-23,GT,Guatemala,AMRO,691,1247421,0,20189,1227232
2023-04-30,GT,Guatemala,AMRO,750,1248171,0,20189,1227982
2023-05-07,GT,Guatemala,AMRO,652,1248823,7,20196,1228627
2023-05-14,GT,Guatemala,AMRO,1445,1250268,3,20199,1230069
2023-05-21,GT,Guatemala,AMRO,2,1250270,0,20199,1230071
2023-05-28,GT,Guatemala,AMRO,2,1250272,0,20199,1230073
2023-06-04,GT,Guatemala,AMRO,2,1250274,0,20199,1230075
2023-06-11,GT,Guatemala,AMRO,3,1250277,0,20199,1230078
2023-06-18,GT,Guatemala,AMRO,1,1250278,0,20199,1230079
2023-06-25,GT,Guatemala,AMRO,0,1250278,0,20199,1230079
2023-07-02,GT,Guatemala,AMRO,2,1250280,1,20200,1230080
2023-07-09,GT,Guatemala,AMRO,2,1250282,0,20200,1230082
2023-07-16,GT,Guatemala,AMRO,3,1250285,0,20200,1230085
2023-07-23,GT,Guatemala,AMRO,3,1250288,0,20200,1230088
2023-07-30,GT,Guatemala,AMRO,2,1250290,0,20200,1230090
2023-08-06,GT,Guatemala,AMRO,3,1250293,1,20201,1230092
2023-08-13,GT,Guatemala,AMRO,1,1250294,0,20201,1230093
2023-08-20,GT,Guatemala,AMRO,4,1250298,0,20201,1230097
2023-08-27,GT,Guatemala,AMRO,1,1250299,0,20201,1230098
2023-09-03,GT,Guatemala,AMRO,2,1250301,0,20201,1230100
2023-09-10,GT,Guatemala,AMRO,1,1250302,0,20201,1230101
2023-09-17,GT,Guatemala,AMRO,0,1250302,0,20201,1230101
2023-09-24,GT,Guatemala,AMRO,1,1250303,0,20201,1230102
2023-10-01,GT,Guatemala,AMRO,0,1250303,0,20201,1230102
2023-10-08,GT,Guatemala,AMRO,0,1250303,0,20201,1230102
2023-10-15,GT,Guatemala,AMRO,0,1250303,0,20201,1230102
2023-10-22,GT,Guatemala,AMRO,0,1250303,0,20201,1230102
2023-10-29,GT,Guatemala,AMRO,0,1250303,0,20201,1230102
2023-11-05,GT,Guatemala,AMRO,0,1250303,0,20201,1230102
2023-11-12,GT,Guatemala,AMRO,1,1250304,0,20201,1230103
2023-11-19,GT,Guatemala,AMRO,0,1250304,0,20201,1230103
2023-11-26,GT,Guatemala,AMRO,0,1250304,0,20201,1230103
2023-12-03,GT,Guatemala,AMRO,2,1250306,0,20201,1230105
2023-12-10,GT,Guatemala,AMRO,0,1250306,0,20201,1230105
2023-12-17,GT,Guatemala,AMRO,0,1250306,0,20201,1230105
2023-12-24,GT,Guatemala,AMRO,0,1250306,0,20201,1230105
2023-12-31,GT,Guatemala,AMRO,1,1250307,0,20201,1230106
2024-01-07,GT,Guatemala,AMRO,1,1250308,0,20201,1230107
2024-01-14,GT,Guatemala,AMRO,2,1250310,0,20201,1230109
2024-01-21,GT,Guatemala,AMRO,6,1250316,0,20201,1230115
2024-01-28,GT,Guatemala,AMRO,5,1250321,0,20201,1230120
2024-02-04,GT,Guatemala,AMRO,1,1250322,0,20201,1230121
2024-02-11,GT,Guatemala,AMRO,2,1250324,0,20201,1230123
2024-02-18,GT,Guatemala,AMRO,6,1250330,0,20201,1230129
2024-02-25,GT,Guatemala,AMRO,5,1250335,0,20201,1230134
2024-03-03,GT,Guatemala,AMRO,1,1250336,0,20201,1230135
2024-03-10,GT,Guatemala,AMRO,0,1250336,0,20201,1230135
2024-03-17,GT,Guatemala,AMRO,6,1250342,1,20202,1230140
2024-03-24,GT,Guatemala,AMRO,2,1250344,0,20202,1230142
2024-03-31,GT,Guatemala,AMRO,3,1250347,0,20202,1230145
2024-04-07,GT,Guatemala,AMRO,1,1250348,0,20202,1230146
2024-04-14,GT,Guatemala,AMRO,3,1250351,0,20202,1230149
2024-04-21,GT,Guatemala,AMRO,4,1250355,0,20202,1230153
2024-04-28,GT,Guatemala,AMRO,1,1250356,0,20202,1230154
2024-05-05,GT,Guatemala,AMRO,0,1250356,0,20202,1230154
2024-05-12,GT,Guatemala,AMRO,2,1250358,0,20202,1230156
2024-05-19,GT,Guatemala,AMRO,0,1250358,0,20202,1230156
2024-05-26,GT,Guatemala,AMRO,1,1250359,1,20203,1230156
2024-06-02,GT,Guatemala,AMRO,4,1250363,0,20203,1230160
2024-06-09,GT,Guatemala,AMRO,0,1250363,0,20203,1230160
2024-06-16,GT,Guatemala,AMRO,0,1250363,0,20203,1230160
2024-06-23,GT,Guatemala,AMRO,0,1250363,0,20203,1230160
2024-06-30,GT,Guatemala,AMRO,1,1250364,0,20203,1230161
2024-07-07,GT,Guatemala,AMRO,0,1250364,0,20203,1230161
2024-07-14,GT,Guatemala,AMRO,3,1250367,0,20203,1230164
2024-07-21,GT,Guatemala,AMRO,2,1250369,0,20203,1230166
2024-07-28,GT,Guatemala,AMRO,1,1250370,0,20203,1230167
2024-08-04,GT,Guatemala,AMRO,1,1250371,0,20203,1230168
2024-08-11,GT,Guatemala,AMRO,2,1250373,0,20203,1230170
2024-08-18,GT,Guatemala,AMRO,3,1250376,0,20203,1230173
2024-08-25,GT,Guatemala,AMRO,9,1250385,0,20203,1230182
2024-09-01,GT,Guatemala,AMRO,1,1250386,0,20203,1230183
2024-09-08,GT,Guatemala,AMRO,3,1250389,0,20203,1230186
2024-09-15,GT,Guatemala,AMRO,1,1250390,0,20203,1230187
2024-09-22,GT,Guatemala,AMRO,2,1250392,0,20203,1230189
2024-09-29,GT,Guatemala,AMRO,1,1250393,0,20203,1230190
2024-10-06,GT,Guatemala,AMRO,0,1250393,0,20203,1230190
2024-10-13,GT,Guatemala,AMRO,0,1250393,0,20203,1230190
2024-10-20,GT,Guatemala,AMRO,0,1250393,0,20203,1230190
2024-10-27,GT,Guatemala,AMRO,0,1250393,0,20203,1230190
2024-11-03,GT,Guatemala,AMRO,0,1250393,0,20203,1230190
2024-11-10,GT,Guatemala,AMRO,1,1250394,0,20203,1230191
2024-11-17,GT,Guatemala,AMRO,0,1250394,0,20203,1230191
2020-01-05,GN,Guinea,AFRO,0,0,0,0,0
2020-01-12,GN,Guinea,AFRO,0,0,0,0,0
2020-01-19,GN,Guinea,AFRO,0,0,0,0,0
2020-01-26,GN,Guinea,AFRO,0,0,0,0,0
2020-02-02,GN,Guinea,AFRO,0,0,0,0,0
2020-02-09,GN,Guinea,AFRO,0,0,0,0,0
2020-02-16,GN,Guinea,AFRO,0,0,0,0,0
2020-02-23,GN,Guinea,AFRO,0,0,0,0,0
2020-03-01,GN,Guinea,AFRO,0,0,0,0,0
2020-03-08,GN,Guinea,AFRO,0,0,0,0,0
2020-03-15,GN,Guinea,AFRO,1,1,0,0,1
2020-03-22,GN,Guinea,AFRO,3,4,0,0,4
2020-03-29,GN,Guinea,AFRO,5,9,0,0,9
2020-04-05,GN,Guinea,AFRO,112,121,0,0,121
2020-04-12,GN,Guinea,AFRO,129,250,0,0,250
2020-04-19,GN,Guinea,AFRO,227,477,4,4,473
2020-04-26,GN,Guinea,AFRO,617,1094,4,8,1086
2020-05-03,GN,Guinea,AFRO,492,1586,0,8,1578
2020-05-10,GN,Guinea,AFRO,456,2042,4,12,2030
2020-05-17,GN,Guinea,AFRO,621,2663,4,16,2647
2020-05-24,GN,Guinea,AFRO,513,3176,4,20,3156
2020-05-31,GN,Guinea,AFRO,530,3706,3,23,3683
2020-06-07,GN,Guinea,AFRO,411,4117,0,23,4094
2020-06-14,GN,Guinea,AFRO,367,4484,2,25,4459
2020-06-21,GN,Guinea,AFRO,476,4960,2,27,4933
2020-06-28,GN,Guinea,AFRO,331,5291,3,30,5261
2020-07-05,GN,Guinea,AFRO,279,5570,4,34,5536
2020-07-12,GN,Guinea,AFRO,571,6141,3,37,6104
2020-07-19,GN,Guinea,AFRO,350,6491,2,39,6452
2020-07-26,GN,Guinea,AFRO,436,6927,3,42,6885
2020-08-02,GN,Guinea,AFRO,381,7308,4,46,7262
2020-08-09,GN,Guinea,AFRO,567,7875,4,50,7825
2020-08-16,GN,Guinea,AFRO,468,8343,0,50,8293
2020-08-23,GN,Guinea,AFRO,624,8967,3,53,8914
2020-08-30,GN,Guinea,AFRO,284,9251,6,59,9192
2020-09-06,GN,Guinea,AFRO,471,9722,2,61,9661
2020-09-13,GN,Guinea,AFRO,298,10020,2,63,9957
2020-09-20,GN,Guinea,AFRO,266,10286,0,63,10223
2020-09-27,GN,Guinea,AFRO,262,10548,3,66,10482
2020-10-04,GN,Guinea,AFRO,206,10754,0,66,10688
2020-10-11,GN,Guinea,AFRO,268,11022,3,69,10953
2020-10-18,GN,Guinea,AFRO,456,11478,1,70,11408
2020-10-25,GN,Guinea,AFRO,191,11669,1,71,11598
2020-11-01,GN,Guinea,AFRO,403,12072,1,72,12000
2020-11-08,GN,Guinea,AFRO,342,12414,2,74,12340
2020-11-15,GN,Guinea,AFRO,197,12611,1,75,12536
2020-11-22,GN,Guinea,AFRO,215,12826,0,75,12751
2020-11-29,GN,Guinea,AFRO,213,13039,1,76,12963
2020-12-06,GN,Guinea,AFRO,194,13233,0,76,13157
2020-12-13,GN,Guinea,AFRO,187,13420,3,79,13341
2020-12-20,GN,Guinea,AFRO,125,13545,1,80,13465
2020-12-27,GN,Guinea,AFRO,129,13674,0,80,13594
2021-01-03,GN,Guinea,AFRO,110,13784,1,81,13703
2021-01-10,GN,Guinea,AFRO,158,13942,0,81,13861
2021-01-17,GN,Guinea,AFRO,172,14114,0,81,14033
2021-01-24,GN,Guinea,AFRO,205,14319,0,81,14238
2021-01-31,GN,Guinea,AFRO,213,14532,1,82,14450
2021-02-07,GN,Guinea,AFRO,155,14687,2,84,14603
2021-02-14,GN,Guinea,AFRO,259,14946,0,84,14862
2021-02-21,GN,Guinea,AFRO,449,15395,2,86,15309
2021-02-28,GN,Guinea,AFRO,597,15992,3,89,15903
2021-03-07,GN,Guinea,AFRO,833,16825,2,91,16734
2021-03-14,GN,Guinea,AFRO,767,17592,9,100,17492
2021-03-21,GN,Guinea,AFRO,1125,18717,10,110,18607
2021-03-28,GN,Guinea,AFRO,953,19670,10,120,19550
2021-04-04,GN,Guinea,AFRO,735,20405,10,130,20275
2021-04-11,GN,Guinea,AFRO,544,20949,4,134,20815
2021-04-18,GN,Guinea,AFRO,511,21460,4,138,21322
2021-04-25,GN,Guinea,AFRO,493,21953,2,140,21813
2021-05-02,GN,Guinea,AFRO,351,22304,5,145,22159
2021-05-09,GN,Guinea,AFRO,329,22633,5,150,22483
2021-05-16,GN,Guinea,AFRO,113,22746,1,151,22595
2021-05-23,GN,Guinea,AFRO,242,22988,7,158,22830
2021-05-30,GN,Guinea,AFRO,184,23172,3,161,23011
2021-06-06,GN,Guinea,AFRO,83,23255,1,162,23093
2021-06-13,GN,Guinea,AFRO,134,23389,5,167,23222
2021-06-20,GN,Guinea,AFRO,61,23450,0,167,23283
2021-06-27,GN,Guinea,AFRO,242,23692,1,168,23524
2021-07-04,GN,Guinea,AFRO,179,23871,5,173,23698
2021-07-11,GN,Guinea,AFRO,263,24134,6,179,23955
2021-07-18,GN,Guinea,AFRO,577,24711,11,190,24521
2021-07-25,GN,Guinea,AFRO,282,24993,8,198,24795
2021-08-01,GN,Guinea,AFRO,921,25914,34,232,25682
2021-08-08,GN,Guinea,AFRO,1055,26969,28,260,26709
2021-08-15,GN,Guinea,AFRO,1149,28118,32,292,27826
2021-08-22,GN,Guinea,AFRO,684,28802,22,314,28488
2021-08-29,GN,Guinea,AFRO,598,29400,21,335,29065
2021-09-05,GN,Guinea,AFRO,464,29864,20,355,29509
2021-09-12,GN,Guinea,AFRO,183,30047,13,368,29679
2021-09-19,GN,Guinea,AFRO,89,30136,2,370,29766
2021-09-26,GN,Guinea,AFRO,228,30364,8,378,29986
2021-10-03,GN,Guinea,AFRO,81,30445,3,381,30064
2021-10-10,GN,Guinea,AFRO,34,30479,2,383,30096
2021-10-17,GN,Guinea,AFRO,93,30572,2,385,30187
2021-10-24,GN,Guinea,AFRO,54,30626,0,385,30241
2021-10-31,GN,Guinea,AFRO,27,30653,0,385,30268
2021-11-07,GN,Guinea,AFRO,28,30681,0,385,30296
2021-11-14,GN,Guinea,AFRO,34,30715,2,387,30328
2021-11-21,GN,Guinea,AFRO,0,30715,0,387,30328
2021-11-28,GN,Guinea,AFRO,48,30763,0,387,30376
2021-12-05,GN,Guinea,AFRO,35,30798,1,388,30410
2021-12-12,GN,Guinea,AFRO,15,30813,0,388,30425
2021-12-19,GN,Guinea,AFRO,1,30814,0,388,30426
2021-12-26,GN,Guinea,AFRO,316,31130,1,389,30741
2022-01-02,GN,Guinea,AFRO,1737,32867,2,391,32476
2022-01-09,GN,Guinea,AFRO,1806,34673,9,400,34273
2022-01-16,GN,Guinea,AFRO,929,35602,8,408,35194
2022-01-23,GN,Guinea,AFRO,306,35908,8,416,35492
2022-01-30,GN,Guinea,AFRO,105,36013,0,416,35597
2022-02-06,GN,Guinea,AFRO,257,36270,16,432,35838
2022-02-13,GN,Guinea,AFRO,59,36329,4,436,35893
2022-02-20,GN,Guinea,AFRO,25,36354,2,438,35916
2022-02-27,GN,Guinea,AFRO,39,36393,2,440,35953
2022-03-06,GN,Guinea,AFRO,4,36397,0,440,35957
2022-03-13,GN,Guinea,AFRO,30,36427,0,440,35987
2022-03-20,GN,Guinea,AFRO,28,36455,0,440,36015
2022-03-27,GN,Guinea,AFRO,4,36459,0,440,36019
2022-04-03,GN,Guinea,AFRO,43,36502,0,440,36062
2022-04-10,GN,Guinea,AFRO,0,36502,0,440,36062
2022-04-17,GN,Guinea,AFRO,38,36540,1,441,36099
2022-04-24,GN,Guinea,AFRO,9,36549,1,442,36107
2022-05-01,GN,Guinea,AFRO,0,36549,0,442,36107
2022-05-08,GN,Guinea,AFRO,48,36597,0,442,36155
2022-05-15,GN,Guinea,AFRO,64,36661,0,442,36219
2022-05-22,GN,Guinea,AFRO,38,36699,0,442,36257
2022-05-29,GN,Guinea,AFRO,65,36764,0,442,36322
2022-06-05,GN,Guinea,AFRO,53,36817,0,442,36375
2022-06-12,GN,Guinea,AFRO,56,36873,0,442,36431
2022-06-19,GN,Guinea,AFRO,151,37024,0,442,36582
2022-06-26,GN,Guinea,AFRO,99,37123,1,443,36680
2022-07-03,GN,Guinea,AFRO,150,37273,0,443,36830
2022-07-10,GN,Guinea,AFRO,78,37351,2,445,36906
2022-07-17,GN,Guinea,AFRO,18,37369,0,445,36924
2022-07-24,GN,Guinea,AFRO,39,37408,0,445,36963
2022-07-31,GN,Guinea,AFRO,21,37429,0,445,36984
2022-08-07,GN,Guinea,AFRO,41,37470,2,447,37023
2022-08-14,GN,Guinea,AFRO,0,37470,0,447,37023
2022-08-21,GN,Guinea,AFRO,0,37470,0,447,37023
2022-08-28,GN,Guinea,AFRO,97,37567,1,448,37119
2022-09-04,GN,Guinea,AFRO,85,37652,1,449,37203
2022-09-11,GN,Guinea,AFRO,78,37730,0,449,37281
2022-09-18,GN,Guinea,AFRO,99,37829,1,450,37379
2022-09-25,GN,Guinea,AFRO,80,37909,3,453,37456
2022-10-02,GN,Guinea,AFRO,41,37950,2,455,37495
2022-10-09,GN,Guinea,AFRO,49,37999,1,456,37543
2022-10-16,GN,Guinea,AFRO,48,38047,0,456,37591
2022-10-23,GN,Guinea,AFRO,43,38090,2,458,37632
2022-10-30,GN,Guinea,AFRO,32,38122,0,458,37664
2022-11-06,GN,Guinea,AFRO,0,38122,0,458,37664
2022-11-13,GN,Guinea,AFRO,31,38153,6,464,37689
2022-11-20,GN,Guinea,AFRO,9,38162,1,465,37697
2022-11-27,GN,Guinea,AFRO,14,38176,0,465,37711
2022-12-04,GN,Guinea,AFRO,15,38191,0,465,37726
2022-12-11,GN,Guinea,AFRO,10,38201,0,465,37736
2022-12-18,GN,Guinea,AFRO,9,38210,1,466,37744
2022-12-25,GN,Guinea,AFRO,1,38211,0,466,37745
2023-01-01,GN,Guinea,AFRO,13,38224,1,467,37757
2023-01-08,GN,Guinea,AFRO,1,38225,0,467,37758
2023-01-15,GN,Guinea,AFRO,15,38240,0,467,37773
2023-01-22,GN,Guinea,AFRO,10,38250,0,467,37783
2023-01-29,GN,Guinea,AFRO,5,38255,0,467,37788
2023-02-05,GN,Guinea,AFRO,12,38267,0,467,37800
2023-02-12,GN,Guinea,AFRO,0,38267,0,467,37800
2023-02-19,GN,Guinea,AFRO,13,38280,0,467,37813
2023-02-26,GN,Guinea,AFRO,0,38280,0,467,37813
2023-03-05,GN,Guinea,AFRO,0,38280,0,467,37813
2023-03-12,GN,Guinea,AFRO,0,38280,0,467,37813
2023-03-19,GN,Guinea,AFRO,102,38382,0,467,37915
2023-03-26,GN,Guinea,AFRO,18,38400,0,467,37933
2023-04-02,GN,Guinea,AFRO,30,38430,0,467,37963
2023-04-09,GN,Guinea,AFRO,32,38462,0,467,37995
2023-04-16,GN,Guinea,AFRO,57,38519,1,468,38051
2023-04-23,GN,Guinea,AFRO,28,38547,0,468,38079
2023-04-30,GN,Guinea,AFRO,16,38563,0,468,38095
2023-05-07,GN,Guinea,AFRO,0,38563,0,468,38095
2023-05-14,GN,Guinea,AFRO,0,38563,0,468,38095
2023-05-21,GN,Guinea,AFRO,0,38563,0,468,38095
2023-05-28,GN,Guinea,AFRO,0,38563,0,468,38095
2023-06-04,GN,Guinea,AFRO,0,38563,0,468,38095
2023-06-11,GN,Guinea,AFRO,0,38563,0,468,38095
2023-06-18,GN,Guinea,AFRO,0,38563,0,468,38095
2023-06-25,GN,Guinea,AFRO,0,38563,0,468,38095
2023-07-02,GN,Guinea,AFRO,0,38563,0,468,38095
2023-07-09,GN,Guinea,AFRO,0,38563,0,468,38095
2023-07-16,GN,Guinea,AFRO,0,38563,0,468,38095
2023-07-23,GN,Guinea,AFRO,0,38563,0,468,38095
2023-07-30,GN,Guinea,AFRO,0,38563,0,468,38095
2023-08-06,GN,Guinea,AFRO,0,38563,0,468,38095
2023-08-13,GN,Guinea,AFRO,0,38563,0,468,38095
2023-08-20,GN,Guinea,AFRO,0,38563,0,468,38095
2023-08-27,GN,Guinea,AFRO,0,38563,0,468,38095
2023-09-03,GN,Guinea,AFRO,0,38563,0,468,38095
2023-09-10,GN,Guinea,AFRO,0,38563,0,468,38095
2023-09-17,GN,Guinea,AFRO,0,38563,0,468,38095
2023-09-24,GN,Guinea,AFRO,0,38563,0,468,38095
2023-10-01,GN,Guinea,AFRO,0,38563,0,468,38095
2023-10-08,GN,Guinea,AFRO,0,38563,0,468,38095
2023-10-15,GN,Guinea,AFRO,3,38566,0,468,38098
2023-10-22,GN,Guinea,AFRO,1,38567,0,468,38099
2023-10-29,GN,Guinea,AFRO,1,38568,0,468,38100
2023-11-05,GN,Guinea,AFRO,4,38572,0,468,38104
2023-11-12,GN,Guinea,AFRO,0,38572,0,468,38104
2023-11-19,GN,Guinea,AFRO,0,38572,0,468,38104
2023-11-26,GN,Guinea,AFRO,0,38572,0,468,38104
2023-12-03,GN,Guinea,AFRO,0,38572,0,468,38104
2023-12-10,GN,Guinea,AFRO,0,38572,0,468,38104
2023-12-17,GN,Guinea,AFRO,0,38572,0,468,38104
2023-12-24,GN,Guinea,AFRO,0,38572,0,468,38104
2023-12-31,GN,Guinea,AFRO,0,38572,0,468,38104
2024-01-07,GN,Guinea,AFRO,0,38572,0,468,38104
2024-01-14,GN,Guinea,AFRO,0,38572,0,468,38104
2024-01-21,GN,Guinea,AFRO,0,38572,0,468,38104
2024-01-28,GN,Guinea,AFRO,0,38572,0,468,38104
2024-02-04,GN,Guinea,AFRO,0,38572,0,468,38104
2024-02-11,GN,Guinea,AFRO,0,38572,0,468,38104
2024-02-18,GN,Guinea,AFRO,0,38572,0,468,38104
2024-02-25,GN,Guinea,AFRO,0,38572,0,468,38104
2024-03-03,GN,Guinea,AFRO,0,38572,0,468,38104
2024-03-10,GN,Guinea,AFRO,0,38572,0,468,38104
2024-03-17,GN,Guinea,AFRO,0,38572,0,468,38104
2024-03-24,GN,Guinea,AFRO,0,38572,0,468,38104
2024-03-31,GN,Guinea,AFRO,0,38572,0,468,38104
2024-04-07,GN,Guinea,AFRO,0,38572,0,468,38104
2024-04-14,GN,Guinea,AFRO,0,38572,0,468,38104
2024-04-21,GN,Guinea,AFRO,0,38572,0,468,38104
2024-04-28,GN,Guinea,AFRO,0,38572,0,468,38104
2024-05-05,GN,Guinea,AFRO,0,38572,0,468,38104
2024-05-12,GN,Guinea,AFRO,0,38572,0,468,38104
2024-05-19,GN,Guinea,AFRO,0,38572,0,468,38104
2024-05-26,GN,Guinea,AFRO,0,38572,0,468,38104
2024-06-02,GN,Guinea,AFRO,0,38572,0,468,38104
2024-06-09,GN,Guinea,AFRO,0,38572,0,468,38104
2024-06-16,GN,Guinea,AFRO,0,38572,0,468,38104
2024-06-23,GN,Guinea,AFRO,0,38572,0,468,38104
2024-06-30,GN,Guinea,AFRO,0,38572,0,468,38104
2024-07-07,GN,Guinea,AFRO,0,38572,0,468,38104
2024-07-14,GN,Guinea,AFRO,0,38572,0,468,38104
2024-07-21,GN,Guinea,AFRO,0,38572,0,468,38104
2024-07-28,GN,Guinea,AFRO,0,38572,0,468,38104
2024-08-04,GN,Guinea,AFRO,0,38572,0,468,38104
2024-08-11,GN,Guinea,AFRO,0,38572,0,468,38104
2024-08-18,GN,Guinea,AFRO,0,38572,0,468,38104
2024-08-25,GN,Guinea,AFRO,1,38573,0,468,38105
2024-09-01,GN,Guinea,AFRO,0,38573,0,468,38105
2024-09-08,GN,Guinea,AFRO,1,38574,0,468,38106
2024-09-15,GN,Guinea,AFRO,1,38575,0,468,38107
2024-09-22,GN,Guinea,AFRO,0,38575,0,468,38107
2024-09-29,GN,Guinea,AFRO,1,38576,0,468,38108
2024-10-06,GN,Guinea,AFRO,6,38582,0,468,38114
2024-10-13,GN,Guinea,AFRO,0,38582,0,468,38114
2024-10-20,GN,Guinea,AFRO,0,38582,0,468,38114
2024-10-27,GN,Guinea,AFRO,0,38582,0,468,38114
2024-11-03,GN,Guinea,AFRO,0,38582,0,468,38114
2024-11-10,GN,Guinea,AFRO,0,38582,0,468,38114
2024-11-17,GN,Guinea,AFRO,0,38582,0,468,38114
2020-01-05,GW,Guinea-Bissau,AFRO,0,0,0,0,0
2020-01-12,GW,Guinea-Bissau,AFRO,0,0,0,0,0
2020-01-19,GW,Guinea-Bissau,AFRO,0,0,0,0,0
2020-01-26,GW,Guinea-Bissau,AFRO,0,0,0,0,0
2020-02-02,GW,Guinea-Bissau,AFRO,0,0,0,0,0
2020-02-09,GW,Guinea-Bissau,AFRO,0,0,0,0,0
2020-02-16,GW,Guinea-Bissau,AFRO,0,0,0,0,0
2020-02-23,GW,Guinea-Bissau,AFRO,0,0,0,0,0
2020-03-01,GW,Guinea-Bissau,AFRO,0,0,0,0,0
2020-03-08,GW,Guinea-Bissau,AFRO,0,0,0,0,0
2020-03-15,GW,Guinea-Bissau,AFRO,0,0,0,0,0
2020-03-22,GW,Guinea-Bissau,AFRO,0,0,0,0,0
2020-03-29,GW,Guinea-Bissau,AFRO,2,2,0,0,2
2020-04-05,GW,Guinea-Bissau,AFRO,16,18,0,0,18
2020-04-12,GW,Guinea-Bissau,AFRO,21,39,0,0,39
2020-04-19,GW,Guinea-Bissau,AFRO,11,50,0,0,50
2020-04-26,GW,Guinea-Bissau,AFRO,2,52,0,0,52
2020-05-03,GW,Guinea-Bissau,AFRO,208,260,2,2,258
2020-05-10,GW,Guinea-Bissau,AFRO,382,642,1,3,639
2020-05-17,GW,Guinea-Bissau,AFRO,271,913,0,3,910
2020-05-24,GW,Guinea-Bissau,AFRO,201,1114,3,6,1108
2020-05-31,GW,Guinea-Bissau,AFRO,142,1256,2,8,1248
2020-06-07,GW,Guinea-Bissau,AFRO,112,1368,4,12,1356
2020-06-14,GW,Guinea-Bissau,AFRO,115,1483,3,15,1468
2020-06-21,GW,Guinea-Bissau,AFRO,58,1541,2,17,1524
2020-06-28,GW,Guinea-Bissau,AFRO,73,1614,4,21,1593
2020-07-05,GW,Guinea-Bissau,AFRO,176,1790,4,25,1765
2020-07-12,GW,Guinea-Bissau,AFRO,52,1842,0,25,1817
2020-07-19,GW,Guinea-Bissau,AFRO,108,1950,1,26,1924
2020-07-26,GW,Guinea-Bissau,AFRO,4,1954,0,26,1928
2020-08-02,GW,Guinea-Bissau,AFRO,27,1981,1,27,1954
2020-08-09,GW,Guinea-Bissau,AFRO,71,2052,2,29,2023
2020-08-16,GW,Guinea-Bissau,AFRO,65,2117,4,33,2084
2020-08-23,GW,Guinea-Bissau,AFRO,32,2149,0,33,2116
2020-08-30,GW,Guinea-Bissau,AFRO,0,2149,0,33,2116
2020-09-06,GW,Guinea-Bissau,AFRO,96,2245,5,38,2207
2020-09-13,GW,Guinea-Bissau,AFRO,30,2275,1,39,2236
2020-09-20,GW,Guinea-Bissau,AFRO,28,2303,0,39,2264
2020-09-27,GW,Guinea-Bissau,AFRO,21,2324,0,39,2285
2020-10-04,GW,Guinea-Bissau,AFRO,38,2362,0,39,2323
2020-10-11,GW,Guinea-Bissau,AFRO,23,2385,1,40,2345
2020-10-18,GW,Guinea-Bissau,AFRO,18,2403,1,41,2362
2020-10-25,GW,Guinea-Bissau,AFRO,0,2403,0,41,2362
2020-11-01,GW,Guinea-Bissau,AFRO,10,2413,0,41,2372
2020-11-08,GW,Guinea-Bissau,AFRO,1,2414,1,42,2372
2020-11-15,GW,Guinea-Bissau,AFRO,5,2419,1,43,2376
2020-11-22,GW,Guinea-Bissau,AFRO,2,2421,0,43,2378
2020-11-29,GW,Guinea-Bissau,AFRO,1,2422,0,43,2379
2020-12-06,GW,Guinea-Bissau,AFRO,19,2441,1,44,2397
2020-12-13,GW,Guinea-Bissau,AFRO,3,2444,0,44,2400
2020-12-20,GW,Guinea-Bissau,AFRO,3,2447,0,44,2403
2020-12-27,GW,Guinea-Bissau,AFRO,0,2447,1,45,2402
2021-01-03,GW,Guinea-Bissau,AFRO,8,2455,0,45,2410
2021-01-10,GW,Guinea-Bissau,AFRO,23,2478,0,45,2433
2021-01-17,GW,Guinea-Bissau,AFRO,0,2478,0,45,2433
2021-01-24,GW,Guinea-Bissau,AFRO,55,2533,0,45,2488
2021-01-31,GW,Guinea-Bissau,AFRO,102,2635,0,45,2590
2021-02-07,GW,Guinea-Bissau,AFRO,145,2780,1,46,2734
2021-02-14,GW,Guinea-Bissau,AFRO,144,2924,0,46,2878
2021-02-21,GW,Guinea-Bissau,AFRO,191,3115,1,47,3068
2021-02-28,GW,Guinea-Bissau,AFRO,147,3262,1,48,3214
2021-03-07,GW,Guinea-Bissau,AFRO,50,3312,1,49,3263
2021-03-14,GW,Guinea-Bissau,AFRO,135,3447,3,52,3395
2021-03-21,GW,Guinea-Bissau,AFRO,121,3568,3,55,3513
2021-03-28,GW,Guinea-Bissau,AFRO,66,3634,6,61,3573
2021-04-04,GW,Guinea-Bissau,AFRO,28,3662,5,66,3596
2021-04-11,GW,Guinea-Bissau,AFRO,18,3680,0,66,3614
2021-04-18,GW,Guinea-Bissau,AFRO,32,3712,0,66,3646
2021-04-25,GW,Guinea-Bissau,AFRO,14,3726,1,67,3659
2021-05-02,GW,Guinea-Bissau,AFRO,10,3736,0,67,3669
2021-05-09,GW,Guinea-Bissau,AFRO,5,3741,0,67,3674
2021-05-16,GW,Guinea-Bissau,AFRO,5,3746,0,67,3679
2021-05-23,GW,Guinea-Bissau,AFRO,5,3751,1,68,3683
2021-05-30,GW,Guinea-Bissau,AFRO,15,3766,0,68,3698
2021-06-06,GW,Guinea-Bissau,AFRO,21,3787,0,68,3719
2021-06-13,GW,Guinea-Bissau,AFRO,16,3803,1,69,3734
2021-06-20,GW,Guinea-Bissau,AFRO,22,3825,0,69,3756
2021-06-27,GW,Guinea-Bissau,AFRO,21,3846,0,69,3777
2021-07-04,GW,Guinea-Bissau,AFRO,35,3881,0,69,3812
2021-07-11,GW,Guinea-Bissau,AFRO,66,3947,1,70,3877
2021-07-18,GW,Guinea-Bissau,AFRO,105,4052,3,73,3979
2021-07-25,GW,Guinea-Bissau,AFRO,161,4213,1,74,4139
2021-08-01,GW,Guinea-Bissau,AFRO,285,4498,2,76,4422
2021-08-08,GW,Guinea-Bissau,AFRO,290,4788,3,79,4709
2021-08-15,GW,Guinea-Bissau,AFRO,335,5123,11,90,5033
2021-08-22,GW,Guinea-Bissau,AFRO,395,5518,13,103,5415
2021-08-29,GW,Guinea-Bissau,AFRO,248,5766,14,117,5649
2021-09-05,GW,Guinea-Bissau,AFRO,136,5902,4,121,5781
2021-09-12,GW,Guinea-Bissau,AFRO,119,6021,4,125,5896
2021-09-19,GW,Guinea-Bissau,AFRO,57,6078,5,130,5948
2021-09-26,GW,Guinea-Bissau,AFRO,25,6103,5,135,5968
2021-10-03,GW,Guinea-Bissau,AFRO,9,6112,0,135,5977
2021-10-10,GW,Guinea-Bissau,AFRO,7,6119,6,141,5978
2021-10-17,GW,Guinea-Bissau,AFRO,11,6130,0,141,5989
2021-10-24,GW,Guinea-Bissau,AFRO,1,6131,0,141,5990
2021-10-31,GW,Guinea-Bissau,AFRO,3,6134,0,141,5993
2021-11-07,GW,Guinea-Bissau,AFRO,16,6150,2,143,6007
2021-11-14,GW,Guinea-Bissau,AFRO,252,6402,1,144,6258
2021-11-21,GW,Guinea-Bissau,AFRO,32,6434,2,146,6288
2021-11-28,GW,Guinea-Bissau,AFRO,6,6440,2,148,6292
2021-12-05,GW,Guinea-Bissau,AFRO,4,6444,1,149,6295
2021-12-12,GW,Guinea-Bissau,AFRO,4,6448,0,149,6299
2021-12-19,GW,Guinea-Bissau,AFRO,8,6456,0,149,6307
2021-12-26,GW,Guinea-Bissau,AFRO,10,6466,0,149,6317
2022-01-02,GW,Guinea-Bissau,AFRO,33,6499,0,149,6350
2022-01-09,GW,Guinea-Bissau,AFRO,195,6694,0,149,6545
2022-01-16,GW,Guinea-Bissau,AFRO,340,7034,3,152,6882
2022-01-23,GW,Guinea-Bissau,AFRO,430,7464,2,154,7310
2022-01-30,GW,Guinea-Bissau,AFRO,122,7586,2,156,7430
2022-02-06,GW,Guinea-Bissau,AFRO,186,7772,2,158,7614
2022-02-13,GW,Guinea-Bissau,AFRO,77,7849,6,164,7685
2022-02-20,GW,Guinea-Bissau,AFRO,96,7945,2,166,7779
2022-02-27,GW,Guinea-Bissau,AFRO,56,8001,1,167,7834
2022-03-06,GW,Guinea-Bissau,AFRO,32,8033,0,167,7866
2022-03-13,GW,Guinea-Bissau,AFRO,38,8071,2,169,7902
2022-03-20,GW,Guinea-Bissau,AFRO,42,8113,0,169,7944
2022-03-27,GW,Guinea-Bissau,AFRO,18,8131,0,169,7962
2022-04-03,GW,Guinea-Bissau,AFRO,20,8151,1,170,7981
2022-04-10,GW,Guinea-Bissau,AFRO,22,8173,0,170,8003
2022-04-17,GW,Guinea-Bissau,AFRO,9,8182,1,171,8011
2022-04-24,GW,Guinea-Bissau,AFRO,4,8186,0,171,8015
2022-05-01,GW,Guinea-Bissau,AFRO,16,8202,0,171,8031
2022-05-08,GW,Guinea-Bissau,AFRO,13,8215,0,171,8044
2022-05-15,GW,Guinea-Bissau,AFRO,7,8222,0,171,8051
2022-05-22,GW,Guinea-Bissau,AFRO,24,8246,0,171,8075
2022-05-29,GW,Guinea-Bissau,AFRO,23,8269,0,171,8098
2022-06-05,GW,Guinea-Bissau,AFRO,21,8290,0,171,8119
2022-06-12,GW,Guinea-Bissau,AFRO,17,8307,0,171,8136
2022-06-19,GW,Guinea-Bissau,AFRO,0,8307,0,171,8136
2022-06-26,GW,Guinea-Bissau,AFRO,41,8348,0,171,8177
2022-07-03,GW,Guinea-Bissau,AFRO,43,8391,0,171,8220
2022-07-10,GW,Guinea-Bissau,AFRO,9,8400,0,171,8229
2022-07-17,GW,Guinea-Bissau,AFRO,2,8402,1,172,8230
2022-07-24,GW,Guinea-Bissau,AFRO,10,8412,0,172,8240
2022-07-31,GW,Guinea-Bissau,AFRO,28,8440,2,174,8266
2022-08-07,GW,Guinea-Bissau,AFRO,12,8452,0,174,8278
2022-08-14,GW,Guinea-Bissau,AFRO,30,8482,0,174,8308
2022-08-21,GW,Guinea-Bissau,AFRO,0,8482,0,174,8308
2022-08-28,GW,Guinea-Bissau,AFRO,9,8491,1,175,8316
2022-09-04,GW,Guinea-Bissau,AFRO,305,8796,0,175,8621
2022-09-11,GW,Guinea-Bissau,AFRO,0,8796,0,175,8621
2022-09-18,GW,Guinea-Bissau,AFRO,0,8796,0,175,8621
2022-09-25,GW,Guinea-Bissau,AFRO,18,8814,1,176,8638
2022-10-02,GW,Guinea-Bissau,AFRO,17,8831,0,176,8655
2022-10-09,GW,Guinea-Bissau,AFRO,17,8848,0,176,8672
2022-10-16,GW,Guinea-Bissau,AFRO,0,8848,0,176,8672
2022-10-23,GW,Guinea-Bissau,AFRO,0,8848,0,176,8672
2022-10-30,GW,Guinea-Bissau,AFRO,0,8848,0,176,8672
2022-11-06,GW,Guinea-Bissau,AFRO,0,8848,0,176,8672
2022-11-13,GW,Guinea-Bissau,AFRO,0,8848,0,176,8672
2022-11-20,GW,Guinea-Bissau,AFRO,0,8848,0,176,8672
2022-11-27,GW,Guinea-Bissau,AFRO,0,8848,0,176,8672
2022-12-04,GW,Guinea-Bissau,AFRO,93,8941,0,176,8765
2022-12-11,GW,Guinea-Bissau,AFRO,4,8945,0,176,8769
2022-12-18,GW,Guinea-Bissau,AFRO,0,8945,0,176,8769
2022-12-25,GW,Guinea-Bissau,AFRO,2,8947,0,176,8771
2023-01-01,GW,Guinea-Bissau,AFRO,0,8947,0,176,8771
2023-01-08,GW,Guinea-Bissau,AFRO,6,8953,0,176,8777
2023-01-15,GW,Guinea-Bissau,AFRO,0,8953,0,176,8777
2023-01-22,GW,Guinea-Bissau,AFRO,0,8953,0,176,8777
2023-01-29,GW,Guinea-Bissau,AFRO,0,8953,0,176,8777
2023-02-05,GW,Guinea-Bissau,AFRO,0,8953,0,176,8777
2023-02-12,GW,Guinea-Bissau,AFRO,0,8953,0,176,8777
2023-02-19,GW,Guinea-Bissau,AFRO,1,8954,0,176,8778
2023-02-26,GW,Guinea-Bissau,AFRO,6,8960,0,176,8784
2023-03-05,GW,Guinea-Bissau,AFRO,0,8960,0,176,8784
2023-03-12,GW,Guinea-Bissau,AFRO,174,9134,0,176,8958
2023-03-19,GW,Guinea-Bissau,AFRO,96,9230,0,176,9054
2023-03-26,GW,Guinea-Bissau,AFRO,120,9350,0,176,9174
2023-04-02,GW,Guinea-Bissau,AFRO,0,9350,0,176,9174
2023-04-09,GW,Guinea-Bissau,AFRO,0,9350,0,176,9174
2023-04-16,GW,Guinea-Bissau,AFRO,264,9614,1,177,9437
2023-04-23,GW,Guinea-Bissau,AFRO,0,9614,0,177,9437
2023-04-30,GW,Guinea-Bissau,AFRO,0,9614,0,177,9437
2023-05-07,GW,Guinea-Bissau,AFRO,0,9614,0,177,9437
2023-05-14,GW,Guinea-Bissau,AFRO,0,9614,0,177,9437
2023-05-21,GW,Guinea-Bissau,AFRO,0,9614,0,177,9437
2023-05-28,GW,Guinea-Bissau,AFRO,0,9614,0,177,9437
2023-06-04,GW,Guinea-Bissau,AFRO,0,9614,0,177,9437
2023-06-11,GW,Guinea-Bissau,AFRO,0,9614,0,177,9437
2023-06-18,GW,Guinea-Bissau,AFRO,0,9614,0,177,9437
2023-06-25,GW,Guinea-Bissau,AFRO,0,9614,0,177,9437
2023-07-02,GW,Guinea-Bissau,AFRO,0,9614,0,177,9437
2023-07-09,GW,Guinea-Bissau,AFRO,0,9614,0,177,9437
2023-07-16,GW,Guinea-Bissau,AFRO,0,9614,0,177,9437
2023-07-23,GW,Guinea-Bissau,AFRO,0,9614,0,177,9437
2023-07-30,GW,Guinea-Bissau,AFRO,0,9614,0,177,9437
2023-08-06,GW,Guinea-Bissau,AFRO,0,9614,0,177,9437
2023-08-13,GW,Guinea-Bissau,AFRO,0,9614,0,177,9437
2023-08-20,GW,Guinea-Bissau,AFRO,0,9614,0,177,9437
2023-08-27,GW,Guinea-Bissau,AFRO,0,9614,0,177,9437
2023-09-03,GW,Guinea-Bissau,AFRO,0,9614,0,177,9437
2023-09-10,GW,Guinea-Bissau,AFRO,0,9614,0,177,9437
2023-09-17,GW,Guinea-Bissau,AFRO,0,9614,0,177,9437
2023-09-24,GW,Guinea-Bissau,AFRO,0,9614,0,177,9437
2023-10-01,GW,Guinea-Bissau,AFRO,0,9614,0,177,9437
2023-10-08,GW,Guinea-Bissau,AFRO,0,9614,0,177,9437
2023-10-15,GW,Guinea-Bissau,AFRO,0,9614,0,177,9437
2023-10-22,GW,Guinea-Bissau,AFRO,0,9614,0,177,9437
2023-10-29,GW,Guinea-Bissau,AFRO,0,9614,0,177,9437
2023-11-05,GW,Guinea-Bissau,AFRO,0,9614,0,177,9437
2023-11-12,GW,Guinea-Bissau,AFRO,0,9614,0,177,9437
2023-11-19,GW,Guinea-Bissau,AFRO,0,9614,0,177,9437
2023-11-26,GW,Guinea-Bissau,AFRO,0,9614,0,177,9437
2023-12-03,GW,Guinea-Bissau,AFRO,0,9614,0,177,9437
2023-12-10,GW,Guinea-Bissau,AFRO,0,9614,0,177,9437
2023-12-17,GW,Guinea-Bissau,AFRO,0,9614,0,177,9437
2023-12-24,GW,Guinea-Bissau,AFRO,0,9614,0,177,9437
2023-12-31,GW,Guinea-Bissau,AFRO,0,9614,0,177,9437
2024-01-07,GW,Guinea-Bissau,AFRO,0,9614,0,177,9437
2024-01-14,GW,Guinea-Bissau,AFRO,0,9614,0,177,9437
2024-01-21,GW,Guinea-Bissau,AFRO,0,9614,0,177,9437
2024-01-28,GW,Guinea-Bissau,AFRO,0,9614,0,177,9437
2024-02-04,GW,Guinea-Bissau,AFRO,0,9614,0,177,9437
2024-02-11,GW,Guinea-Bissau,AFRO,0,9614,0,177,9437
2024-02-18,GW,Guinea-Bissau,AFRO,0,9614,0,177,9437
2024-02-25,GW,Guinea-Bissau,AFRO,0,9614,0,177,9437
2024-03-03,GW,Guinea-Bissau,AFRO,0,9614,0,177,9437
2024-03-10,GW,Guinea-Bissau,AFRO,0,9614,0,177,9437
2024-03-17,GW,Guinea-Bissau,AFRO,0,9614,0,177,9437
2024-03-24,GW,Guinea-Bissau,AFRO,0,9614,0,177,9437
2024-03-31,GW,Guinea-Bissau,AFRO,0,9614,0,177,9437
2024-04-07,GW,Guinea-Bissau,AFRO,0,9614,0,177,9437
2024-04-14,GW,Guinea-Bissau,AFRO,0,9614,0,177,9437
2024-04-21,GW,Guinea-Bissau,AFRO,0,9614,0,177,9437
2024-04-28,GW,Guinea-Bissau,AFRO,0,9614,0,177,9437
2024-05-05,GW,Guinea-Bissau,AFRO,0,9614,0,177,9437
2024-05-12,GW,Guinea-Bissau,AFRO,0,9614,0,177,9437
2024-05-19,GW,Guinea-Bissau,AFRO,0,9614,0,177,9437
2024-05-26,GW,Guinea-Bissau,AFRO,0,9614,0,177,9437
2024-06-02,GW,Guinea-Bissau,AFRO,0,9614,0,177,9437
2024-06-09,GW,Guinea-Bissau,AFRO,0,9614,0,177,9437
2024-06-16,GW,Guinea-Bissau,AFRO,0,9614,0,177,9437
2024-06-23,GW,Guinea-Bissau,AFRO,0,9614,0,177,9437
2024-06-30,GW,Guinea-Bissau,AFRO,0,9614,0,177,9437
2024-07-07,GW,Guinea-Bissau,AFRO,0,9614,0,177,9437
2024-07-14,GW,Guinea-Bissau,AFRO,0,9614,0,177,9437
2024-07-21,GW,Guinea-Bissau,AFRO,0,9614,0,177,9437
2024-07-28,GW,Guinea-Bissau,AFRO,0,9614,0,177,9437
2024-08-04,GW,Guinea-Bissau,AFRO,0,9614,0,177,9437
2024-08-11,GW,Guinea-Bissau,AFRO,0,9614,0,177,9437
2024-08-18,GW,Guinea-Bissau,AFRO,0,9614,0,177,9437
2024-08-25,GW,Guinea-Bissau,AFRO,0,9614,0,177,9437
2024-09-01,GW,Guinea-Bissau,AFRO,0,9614,0,177,9437
2024-09-08,GW,Guinea-Bissau,AFRO,0,9614,0,177,9437
2024-09-15,GW,Guinea-Bissau,AFRO,0,9614,0,177,9437
2024-09-22,GW,Guinea-Bissau,AFRO,0,9614,0,177,9437
2024-09-29,GW,Guinea-Bissau,AFRO,0,9614,0,177,9437
2024-10-06,GW,Guinea-Bissau,AFRO,0,9614,0,177,9437
2024-10-13,GW,Guinea-Bissau,AFRO,0,9614,0,177,9437
2024-10-20,GW,Guinea-Bissau,AFRO,0,9614,0,177,9437
2024-10-27,GW,Guinea-Bissau,AFRO,0,9614,0,177,9437
2024-11-03,GW,Guinea-Bissau,AFRO,0,9614,0,177,9437
2024-11-10,GW,Guinea-Bissau,AFRO,0,9614,0,177,9437
2024-11-17,GW,Guinea-Bissau,AFRO,0,9614,0,177,9437
2020-01-05,GY,Guyana,AMRO,0,0,0,0,0
2020-01-12,GY,Guyana,AMRO,0,0,0,0,0
2020-01-19,GY,Guyana,AMRO,0,0,0,0,0
2020-01-26,GY,Guyana,AMRO,0,0,0,0,0
2020-02-02,GY,Guyana,AMRO,0,0,0,0,0
2020-02-09,GY,Guyana,AMRO,0,0,0,0,0
2020-02-16,GY,Guyana,AMRO,0,0,0,0,0
2020-02-23,GY,Guyana,AMRO,0,0,0,0,0
2020-03-01,GY,Guyana,AMRO,0,0,0,0,0
2020-03-08,GY,Guyana,AMRO,0,0,0,0,0
2020-03-15,GY,Guyana,AMRO,1,1,1,1,0
2020-03-22,GY,Guyana,AMRO,4,5,0,1,4
2020-03-29,GY,Guyana,AMRO,0,5,0,1,4
2020-04-05,GY,Guyana,AMRO,18,23,3,4,19
2020-04-12,GY,Guyana,AMRO,14,37,2,6,31
2020-04-19,GY,Guyana,AMRO,26,63,0,6,57
2020-04-26,GY,Guyana,AMRO,10,73,1,7,66
2020-05-03,GY,Guyana,AMRO,9,82,2,9,73
2020-05-10,GY,Guyana,AMRO,11,93,1,10,83
2020-05-17,GY,Guyana,AMRO,23,116,0,10,106
2020-05-24,GY,Guyana,AMRO,11,127,0,10,117
2020-05-31,GY,Guyana,AMRO,23,150,1,11,139
2020-06-07,GY,Guyana,AMRO,3,153,1,12,141
2020-06-14,GY,Guyana,AMRO,6,159,0,12,147
2020-06-21,GY,Guyana,AMRO,24,183,0,12,171
2020-06-28,GY,Guyana,AMRO,47,230,0,12,218
2020-07-05,GY,Guyana,AMRO,26,256,2,14,242
2020-07-12,GY,Guyana,AMRO,34,290,2,16,274
2020-07-19,GY,Guyana,AMRO,30,320,3,19,301
2020-07-26,GY,Guyana,AMRO,32,352,1,20,332
2020-08-02,GY,Guyana,AMRO,61,413,0,20,393
2020-08-09,GY,Guyana,AMRO,125,538,2,22,516
2020-08-16,GY,Guyana,AMRO,111,649,0,22,627
2020-08-23,GY,Guyana,AMRO,232,881,8,30,851
2020-08-30,GY,Guyana,AMRO,299,1180,5,35,1145
2020-09-06,GY,Guyana,AMRO,236,1416,9,44,1372
2020-09-13,GY,Guyana,AMRO,347,1763,8,52,1711
2020-09-20,GY,Guyana,AMRO,339,2102,10,62,2040
2020-09-27,GY,Guyana,AMRO,607,2709,11,73,2636
2020-10-04,GY,Guyana,AMRO,259,2968,12,85,2883
2020-10-11,GY,Guyana,AMRO,390,3358,15,100,3258
2020-10-18,GY,Guyana,AMRO,314,3672,7,107,3565
2020-10-25,GY,Guyana,AMRO,288,3960,10,117,3843
2020-11-01,GY,Guyana,AMRO,183,4143,7,124,4019
2020-11-08,GY,Guyana,AMRO,314,4457,9,133,4324
2020-11-15,GY,Guyana,AMRO,267,4724,5,138,4586
2020-11-22,GY,Guyana,AMRO,281,5005,5,143,4862
2020-11-29,GY,Guyana,AMRO,305,5310,6,149,5161
2020-12-06,GY,Guyana,AMRO,291,5601,2,151,5450
2020-12-13,GY,Guyana,AMRO,238,5839,3,154,5685
2020-12-20,GY,Guyana,AMRO,237,6076,5,159,5917
2020-12-27,GY,Guyana,AMRO,213,6289,3,162,6127
2021-01-03,GY,Guyana,AMRO,62,6351,2,164,6187
2021-01-10,GY,Guyana,AMRO,118,6469,3,167,6302
2021-01-17,GY,Guyana,AMRO,336,6805,3,170,6635
2021-01-24,GY,Guyana,AMRO,338,7143,0,170,6973
2021-01-31,GY,Guyana,AMRO,385,7528,5,175,7353
2021-02-07,GY,Guyana,AMRO,359,7887,4,179,7708
2021-02-14,GY,Guyana,AMRO,294,8181,7,186,7995
2021-02-21,GY,Guyana,AMRO,176,8357,3,189,8168
2021-02-28,GY,Guyana,AMRO,156,8513,6,195,8318
2021-03-07,GY,Guyana,AMRO,216,8729,5,200,8529
2021-03-14,GY,Guyana,AMRO,340,9069,6,206,8863
2021-03-21,GY,Guyana,AMRO,417,9486,6,212,9274
2021-03-28,GY,Guyana,AMRO,521,10007,13,225,9782
2021-04-04,GY,Guyana,AMRO,439,10446,10,235,10211
2021-04-11,GY,Guyana,AMRO,512,10958,17,252,10706
2021-04-18,GY,Guyana,AMRO,684,11642,15,267,11375
2021-04-25,GY,Guyana,AMRO,806,12448,10,277,12171
2021-05-02,GY,Guyana,AMRO,835,13283,19,296,12987
2021-05-09,GY,Guyana,AMRO,754,14037,18,314,13723
2021-05-16,GY,Guyana,AMRO,951,14988,21,335,14653
2021-05-23,GY,Guyana,AMRO,755,15743,14,349,15394
2021-05-30,GY,Guyana,AMRO,981,16724,31,380,16344
2021-06-06,GY,Guyana,AMRO,735,17459,23,403,17056
2021-06-13,GY,Guyana,AMRO,629,18088,16,419,17669
2021-06-20,GY,Guyana,AMRO,749,18837,23,442,18395
2021-06-27,GY,Guyana,AMRO,837,19674,17,459,19215
2021-07-04,GY,Guyana,AMRO,631,20305,19,478,19827
2021-07-11,GY,Guyana,AMRO,529,20834,11,489,20345
2021-07-18,GY,Guyana,AMRO,517,21351,18,507,20844
2021-07-25,GY,Guyana,AMRO,499,21850,11,518,21332
2021-08-01,GY,Guyana,AMRO,608,22458,17,535,21923
2021-08-08,GY,Guyana,AMRO,385,22843,19,554,22289
2021-08-15,GY,Guyana,AMRO,501,23344,16,570,22774
2021-08-22,GY,Guyana,AMRO,703,24047,21,591,23456
2021-08-29,GY,Guyana,AMRO,920,24967,18,609,24358
2021-09-05,GY,Guyana,AMRO,1145,26112,27,636,25476
2021-09-12,GY,Guyana,AMRO,1407,27519,33,669,26850
2021-09-19,GY,Guyana,AMRO,1553,29072,37,706,28366
2021-09-26,GY,Guyana,AMRO,1624,30696,43,749,29947
2021-10-03,GY,Guyana,AMRO,1359,32055,43,792,31263
2021-10-10,GY,Guyana,AMRO,1511,33566,43,835,32731
2021-10-17,GY,Guyana,AMRO,674,34240,27,862,33378
2021-10-24,GY,Guyana,AMRO,637,34877,31,893,33984
2021-10-31,GY,Guyana,AMRO,567,35444,17,910,34534
2021-11-07,GY,Guyana,AMRO,485,35929,20,930,34999
2021-11-14,GY,Guyana,AMRO,723,36652,25,955,35697
2021-11-21,GY,Guyana,AMRO,532,37184,16,971,36213
2021-11-28,GY,Guyana,AMRO,479,37663,14,985,36678
2021-12-05,GY,Guyana,AMRO,405,38068,16,1001,37067
2021-12-12,GY,Guyana,AMRO,385,38453,15,1016,37437
2021-12-19,GY,Guyana,AMRO,298,38751,12,1028,37723
2021-12-26,GY,Guyana,AMRO,291,39042,14,1042,38000
2022-01-02,GY,Guyana,AMRO,531,39573,12,1054,38519
2022-01-09,GY,Guyana,AMRO,3656,43229,12,1066,42163
2022-01-16,GY,Guyana,AMRO,5827,49056,15,1081,47975
2022-01-23,GY,Guyana,AMRO,6572,55628,41,1122,54506
2022-01-30,GY,Guyana,AMRO,3351,58979,38,1160,57819
2022-02-06,GY,Guyana,AMRO,2129,61108,19,1179,59929
2022-02-13,GY,Guyana,AMRO,1048,62156,11,1190,60966
2022-02-20,GY,Guyana,AMRO,429,62585,18,1208,61377
2022-02-27,GY,Guyana,AMRO,271,62856,8,1216,61640
2022-03-06,GY,Guyana,AMRO,168,63024,7,1223,61801
2022-03-13,GY,Guyana,AMRO,103,63127,1,1224,61903
2022-03-20,GY,Guyana,AMRO,54,63181,2,1226,61955
2022-03-27,GY,Guyana,AMRO,42,63223,0,1226,61997
2022-04-03,GY,Guyana,AMRO,35,63258,0,1226,62032
2022-04-10,GY,Guyana,AMRO,52,63310,0,1226,62084
2022-04-17,GY,Guyana,AMRO,54,63364,2,1228,62136
2022-04-24,GY,Guyana,AMRO,43,63407,0,1228,62179
2022-05-01,GY,Guyana,AMRO,50,63457,0,1228,62229
2022-05-08,GY,Guyana,AMRO,82,63539,0,1228,62311
2022-05-15,GY,Guyana,AMRO,233,63772,0,1228,62544
2022-05-22,GY,Guyana,AMRO,402,64174,3,1231,62943
2022-05-29,GY,Guyana,AMRO,347,64521,1,1232,63289
2022-06-05,GY,Guyana,AMRO,627,65148,5,1237,63911
2022-06-12,GY,Guyana,AMRO,651,65799,2,1239,64560
2022-06-19,GY,Guyana,AMRO,586,66385,6,1245,65140
2022-06-26,GY,Guyana,AMRO,562,66947,4,1249,65698
2022-07-03,GY,Guyana,AMRO,525,67472,6,1255,66217
2022-07-10,GY,Guyana,AMRO,548,68020,4,1259,66761
2022-07-17,GY,Guyana,AMRO,710,68730,5,1264,67466
2022-07-24,GY,Guyana,AMRO,602,69332,4,1268,68064
2022-07-31,GY,Guyana,AMRO,413,69745,3,1271,68474
2022-08-07,GY,Guyana,AMRO,338,70083,0,1271,68812
2022-08-14,GY,Guyana,AMRO,315,70398,4,1275,69123
2022-08-21,GY,Guyana,AMRO,390,70788,3,1278,69510
2022-08-28,GY,Guyana,AMRO,155,70943,0,1278,69665
2022-09-04,GY,Guyana,AMRO,133,71076,1,1279,69797
2022-09-11,GY,Guyana,AMRO,110,71186,0,1279,69907
2022-09-18,GY,Guyana,AMRO,57,71243,2,1281,69962
2022-09-25,GY,Guyana,AMRO,68,71311,0,1281,70030
2022-10-02,GY,Guyana,AMRO,29,71340,0,1281,70059
2022-10-09,GY,Guyana,AMRO,21,71361,0,1281,70080
2022-10-16,GY,Guyana,AMRO,38,71399,0,1281,70118
2022-10-23,GY,Guyana,AMRO,20,71419,0,1281,70138
2022-10-30,GY,Guyana,AMRO,17,71436,0,1281,70155
2022-11-06,GY,Guyana,AMRO,6,71442,0,1281,70161
2022-11-13,GY,Guyana,AMRO,19,71461,0,1281,70180
2022-11-20,GY,Guyana,AMRO,61,71522,0,1281,70241
2022-11-27,GY,Guyana,AMRO,43,71565,3,1284,70281
2022-12-04,GY,Guyana,AMRO,62,71627,1,1285,70342
2022-12-11,GY,Guyana,AMRO,101,71728,0,1285,70443
2022-12-18,GY,Guyana,AMRO,29,71757,0,1285,70472
2022-12-25,GY,Guyana,AMRO,247,72004,1,1286,70718
2023-01-01,GY,Guyana,AMRO,159,72163,0,1286,70877
2023-01-08,GY,Guyana,AMRO,234,72397,4,1290,71107
2023-01-15,GY,Guyana,AMRO,241,72638,3,1293,71345
2023-01-22,GY,Guyana,AMRO,177,72815,0,1293,71522
2023-01-29,GY,Guyana,AMRO,107,72922,1,1294,71628
2023-02-05,GY,Guyana,AMRO,62,72984,1,1295,71689
2023-02-12,GY,Guyana,AMRO,48,73032,2,1297,71735
2023-02-19,GY,Guyana,AMRO,25,73057,1,1298,71759
2023-02-26,GY,Guyana,AMRO,9,73066,0,1298,71768
2023-03-05,GY,Guyana,AMRO,9,73075,0,1298,71777
2023-03-12,GY,Guyana,AMRO,6,73081,0,1298,71783
2023-03-19,GY,Guyana,AMRO,24,73105,0,1298,71807
2023-03-26,GY,Guyana,AMRO,9,73114,0,1298,71816
2023-04-02,GY,Guyana,AMRO,5,73119,0,1298,71821
2023-04-09,GY,Guyana,AMRO,0,73119,0,1298,71821
2023-04-16,GY,Guyana,AMRO,2,73121,0,1298,71823
2023-04-23,GY,Guyana,AMRO,12,73133,0,1298,71835
2023-04-30,GY,Guyana,AMRO,29,73162,0,1298,71864
2023-05-07,GY,Guyana,AMRO,6,73168,0,1298,71870
2023-05-14,GY,Guyana,AMRO,39,73207,0,1298,71909
2023-05-21,GY,Guyana,AMRO,19,73226,0,1298,71928
2023-05-28,GY,Guyana,AMRO,9,73235,0,1298,71937
2023-06-04,GY,Guyana,AMRO,15,73250,0,1298,71952
2023-06-11,GY,Guyana,AMRO,28,73278,0,1298,71980
2023-06-18,GY,Guyana,AMRO,32,73310,0,1298,72012
2023-06-25,GY,Guyana,AMRO,44,73354,0,1298,72056
2023-07-02,GY,Guyana,AMRO,44,73398,1,1299,72099
2023-07-09,GY,Guyana,AMRO,62,73460,0,1299,72161
2023-07-16,GY,Guyana,AMRO,41,73501,0,1299,72202
2023-07-23,GY,Guyana,AMRO,37,73538,0,1299,72239
2023-07-30,GY,Guyana,AMRO,30,73568,0,1299,72269
2023-08-06,GY,Guyana,AMRO,13,73581,0,1299,72282
2023-08-13,GY,Guyana,AMRO,15,73596,0,1299,72297
2023-08-20,GY,Guyana,AMRO,16,73612,0,1299,72313
2023-08-27,GY,Guyana,AMRO,10,73622,0,1299,72323
2023-09-03,GY,Guyana,AMRO,2,73624,0,1299,72325
2023-09-10,GY,Guyana,AMRO,8,73632,0,1299,72333
2023-09-17,GY,Guyana,AMRO,14,73646,0,1299,72347
2023-09-24,GY,Guyana,AMRO,7,73653,0,1299,72354
2023-10-01,GY,Guyana,AMRO,7,73660,0,1299,72361
2023-10-08,GY,Guyana,AMRO,5,73665,0,1299,72366
2023-10-15,GY,Guyana,AMRO,4,73669,0,1299,72370
2023-10-22,GY,Guyana,AMRO,1,73670,0,1299,72371
2023-10-29,GY,Guyana,AMRO,0,73670,0,1299,72371
2023-11-05,GY,Guyana,AMRO,2,73672,0,1299,72373
2023-11-12,GY,Guyana,AMRO,1,73673,0,1299,72374
2023-11-19,GY,Guyana,AMRO,1,73674,0,1299,72375
2023-11-26,GY,Guyana,AMRO,0,73674,0,1299,72375
2023-12-03,GY,Guyana,AMRO,2,73676,0,1299,72377
2023-12-10,GY,Guyana,AMRO,0,73676,0,1299,72377
2023-12-17,GY,Guyana,AMRO,2,73678,0,1299,72379
2023-12-24,GY,Guyana,AMRO,3,73681,0,1299,72382
2023-12-31,GY,Guyana,AMRO,2,73683,0,1299,72384
2024-01-07,GY,Guyana,AMRO,2,73685,0,1299,72386
2024-01-14,GY,Guyana,AMRO,6,73691,0,1299,72392
2024-01-21,GY,Guyana,AMRO,9,73700,0,1299,72401
2024-01-28,GY,Guyana,AMRO,18,73718,0,1299,72419
2024-02-04,GY,Guyana,AMRO,52,73770,0,1299,72471
2024-02-11,GY,Guyana,AMRO,60,73830,1,1300,72530
2024-02-18,GY,Guyana,AMRO,88,73918,0,1300,72618
2024-02-25,GY,Guyana,AMRO,44,73962,0,1300,72662
2024-03-03,GY,Guyana,AMRO,56,74018,0,1300,72718
2024-03-10,GY,Guyana,AMRO,32,74050,1,1301,72749
2024-03-17,GY,Guyana,AMRO,37,74087,0,1301,72786
2024-03-24,GY,Guyana,AMRO,13,74100,0,1301,72799
2024-03-31,GY,Guyana,AMRO,4,74104,0,1301,72803
2024-04-07,GY,Guyana,AMRO,4,74108,0,1301,72807
2024-04-14,GY,Guyana,AMRO,1,74109,0,1301,72808
2024-04-21,GY,Guyana,AMRO,5,74114,0,1301,72813
2024-04-28,GY,Guyana,AMRO,7,74121,0,1301,72820
2024-05-05,GY,Guyana,AMRO,7,74128,0,1301,72827
2024-05-12,GY,Guyana,AMRO,3,74131,0,1301,72830
2024-05-19,GY,Guyana,AMRO,2,74133,0,1301,72832
2024-05-26,GY,Guyana,AMRO,15,74148,0,1301,72847
2024-06-02,GY,Guyana,AMRO,19,74167,0,1301,72866
2024-06-09,GY,Guyana,AMRO,11,74178,0,1301,72877
2024-06-16,GY,Guyana,AMRO,25,74203,1,1302,72901
2024-06-23,GY,Guyana,AMRO,59,74262,0,1302,72960
2024-06-30,GY,Guyana,AMRO,50,74312,0,1302,73010
2024-07-07,GY,Guyana,AMRO,49,74361,0,1302,73059
2024-07-14,GY,Guyana,AMRO,37,74398,0,1302,73096
2024-07-21,GY,Guyana,AMRO,25,74423,0,1302,73121
2024-07-28,GY,Guyana,AMRO,24,74447,0,1302,73145
2024-08-04,GY,Guyana,AMRO,7,74454,0,1302,73152
2024-08-11,GY,Guyana,AMRO,10,74464,0,1302,73162
2024-08-18,GY,Guyana,AMRO,5,74469,0,1302,73167
2024-08-25,GY,Guyana,AMRO,11,74480,0,1302,73178
2024-09-01,GY,Guyana,AMRO,4,74484,0,1302,73182
2024-09-08,GY,Guyana,AMRO,1,74485,0,1302,73183
2024-09-15,GY,Guyana,AMRO,1,74486,0,1302,73184
2024-09-22,GY,Guyana,AMRO,0,74486,0,1302,73184
2024-09-29,GY,Guyana,AMRO,1,74487,0,1302,73185
2024-10-06,GY,Guyana,AMRO,0,74487,0,1302,73185
2024-10-13,GY,Guyana,AMRO,4,74491,0,1302,73189
2024-10-20,GY,Guyana,AMRO,0,74491,0,1302,73189
2024-10-27,GY,Guyana,AMRO,0,74491,0,1302,73189
2024-11-03,GY,Guyana,AMRO,0,74491,0,1302,73189
2024-11-10,GY,Guyana,AMRO,0,74491,0,1302,73189
2024-11-17,GY,Guyana,AMRO,0,74491,0,1302,73189
2020-01-05,HT,Haiti,AMRO,0,0,0,0,0
2020-01-12,HT,Haiti,AMRO,0,0,0,0,0
2020-01-19,HT,Haiti,AMRO,0,0,0,0,0
2020-01-26,HT,Haiti,AMRO,0,0,0,0,0
2020-02-02,HT,Haiti,AMRO,0,0,0,0,0
2020-02-09,HT,Haiti,AMRO,0,0,0,0,0
2020-02-16,HT,Haiti,AMRO,0,0,0,0,0
2020-02-23,HT,Haiti,AMRO,0,0,0,0,0
2020-03-01,HT,Haiti,AMRO,0,0,0,0,0
2020-03-08,HT,Haiti,AMRO,0,0,0,0,0
2020-03-15,HT,Haiti,AMRO,0,0,0,0,0
2020-03-22,HT,Haiti,AMRO,2,2,0,0,2
2020-03-29,HT,Haiti,AMRO,6,8,0,0,8
2020-04-05,HT,Haiti,AMRO,10,18,0,0,18
2020-04-12,HT,Haiti,AMRO,13,31,2,2,29
2020-04-19,HT,Haiti,AMRO,13,44,1,3,41
2020-04-26,HT,Haiti,AMRO,28,72,3,6,66
2020-05-03,HT,Haiti,AMRO,13,85,2,8,77
2020-05-10,HT,Haiti,AMRO,61,146,4,12,134
2020-05-17,HT,Haiti,AMRO,164,310,8,20,290
2020-05-24,HT,Haiti,AMRO,502,812,5,25,787
2020-05-31,HT,Haiti,AMRO,772,1584,10,35,1549
2020-06-07,HT,Haiti,AMRO,1340,2924,15,50,2874
2020-06-14,HT,Haiti,AMRO,1017,3941,14,64,3877
2020-06-21,HT,Haiti,AMRO,1039,4980,23,87,4893
2020-06-28,HT,Haiti,AMRO,742,5722,11,98,5624
2020-07-05,HT,Haiti,AMRO,508,6230,12,110,6120
2020-07-12,HT,Haiti,AMRO,387,6617,25,135,6482
2020-07-19,HT,Haiti,AMRO,358,6975,11,146,6829
2020-07-26,HT,Haiti,AMRO,285,7260,10,156,7104
2020-08-02,HT,Haiti,AMRO,164,7424,5,161,7263
2020-08-09,HT,Haiti,AMRO,175,7599,16,177,7422
2020-08-16,HT,Haiti,AMRO,232,7831,19,196,7635
2020-08-23,HT,Haiti,AMRO,219,8050,0,196,7854
2020-08-30,HT,Haiti,AMRO,124,8174,5,201,7973
2020-09-06,HT,Haiti,AMRO,152,8326,11,212,8114
2020-09-13,HT,Haiti,AMRO,131,8457,4,216,8241
2020-09-20,HT,Haiti,AMRO,143,8600,5,221,8379
2020-09-27,HT,Haiti,AMRO,84,8684,6,227,8457
2020-10-04,HT,Haiti,AMRO,108,8792,2,229,8563
2020-10-11,HT,Haiti,AMRO,68,8860,1,230,8630
2020-10-18,HT,Haiti,AMRO,65,8925,1,231,8694
2020-10-25,HT,Haiti,AMRO,90,9015,0,231,8784
2020-11-01,HT,Haiti,AMRO,39,9054,1,232,8822
2020-11-08,HT,Haiti,AMRO,73,9127,0,232,8895
2020-11-15,HT,Haiti,AMRO,41,9168,0,232,8936
2020-11-22,HT,Haiti,AMRO,46,9214,0,232,8982
2020-11-29,HT,Haiti,AMRO,50,9264,0,232,9032
2020-12-06,HT,Haiti,AMRO,106,9370,1,233,9137
2020-12-13,HT,Haiti,AMRO,121,9491,0,233,9258
2020-12-20,HT,Haiti,AMRO,183,9674,1,234,9440
2020-12-27,HT,Haiti,AMRO,172,9846,1,235,9611
2021-01-03,HT,Haiti,AMRO,231,10077,1,236,9841
2021-01-10,HT,Haiti,AMRO,164,10241,1,237,10004
2021-01-17,HT,Haiti,AMRO,540,10781,3,240,10541
2021-01-24,HT,Haiti,AMRO,318,11099,3,243,10856
2021-01-31,HT,Haiti,AMRO,573,11672,2,245,11427
2021-02-07,HT,Haiti,AMRO,297,11969,1,246,11723
2021-02-14,HT,Haiti,AMRO,237,12206,1,247,11959
2021-02-21,HT,Haiti,AMRO,146,12352,0,247,12105
2021-02-28,HT,Haiti,AMRO,179,12531,3,250,12281
2021-03-07,HT,Haiti,AMRO,101,12632,0,250,12382
2021-03-14,HT,Haiti,AMRO,66,12698,1,251,12447
2021-03-21,HT,Haiti,AMRO,60,12758,0,251,12507
2021-03-28,HT,Haiti,AMRO,45,12803,0,251,12552
2021-04-04,HT,Haiti,AMRO,54,12857,0,251,12606
2021-04-11,HT,Haiti,AMRO,63,12920,0,251,12669
2021-04-18,HT,Haiti,AMRO,85,13005,2,253,12752
2021-04-25,HT,Haiti,AMRO,89,13094,1,254,12840
2021-05-02,HT,Haiti,AMRO,76,13170,10,264,12906
2021-05-09,HT,Haiti,AMRO,97,13267,5,269,12998
2021-05-16,HT,Haiti,AMRO,331,13598,7,276,13322
2021-05-23,HT,Haiti,AMRO,530,14128,26,302,13826
2021-05-30,HT,Haiti,AMRO,917,15045,19,321,14724
2021-06-06,HT,Haiti,AMRO,956,16001,21,342,15659
2021-06-13,HT,Haiti,AMRO,858,16859,19,361,16498
2021-06-20,HT,Haiti,AMRO,1043,17902,37,398,17504
2021-06-27,HT,Haiti,AMRO,756,18658,39,437,18221
2021-07-04,HT,Haiti,AMRO,514,19172,30,467,18705
2021-07-11,HT,Haiti,AMRO,375,19547,41,508,19039
2021-07-18,HT,Haiti,AMRO,264,19811,18,526,19285
2021-07-25,HT,Haiti,AMRO,305,20116,26,552,19564
2021-08-01,HT,Haiti,AMRO,229,20345,14,566,19779
2021-08-08,HT,Haiti,AMRO,211,20556,10,576,19980
2021-08-15,HT,Haiti,AMRO,163,20719,7,583,20136
2021-08-22,HT,Haiti,AMRO,131,20850,1,584,20266
2021-08-29,HT,Haiti,AMRO,127,20977,2,586,20391
2021-09-05,HT,Haiti,AMRO,185,21162,2,588,20574
2021-09-12,HT,Haiti,AMRO,156,21318,8,596,20722
2021-09-19,HT,Haiti,AMRO,190,21508,11,607,20901
2021-09-26,HT,Haiti,AMRO,408,21916,4,611,21305
2021-10-03,HT,Haiti,AMRO,466,22382,25,636,21746
2021-10-10,HT,Haiti,AMRO,529,22911,18,654,22257
2021-10-17,HT,Haiti,AMRO,535,23446,4,658,22788
2021-10-24,HT,Haiti,AMRO,463,23909,8,666,23243
2021-10-31,HT,Haiti,AMRO,182,24091,20,686,23405
2021-11-07,HT,Haiti,AMRO,292,24383,19,705,23678
2021-11-14,HT,Haiti,AMRO,385,24768,6,711,24057
2021-11-21,HT,Haiti,AMRO,248,25016,14,725,24291
2021-11-28,HT,Haiti,AMRO,249,25265,13,738,24527
2021-12-05,HT,Haiti,AMRO,409,25674,12,750,24924
2021-12-12,HT,Haiti,AMRO,191,25865,12,762,25103
2021-12-19,HT,Haiti,AMRO,69,25934,3,765,25169
2021-12-26,HT,Haiti,AMRO,40,25974,1,766,25208
2022-01-02,HT,Haiti,AMRO,281,26255,7,773,25482
2022-01-09,HT,Haiti,AMRO,552,26807,7,780,26027
2022-01-16,HT,Haiti,AMRO,1166,27973,0,780,27193
2022-01-23,HT,Haiti,AMRO,736,28709,3,783,27926
2022-01-30,HT,Haiti,AMRO,735,29444,16,799,28645
2022-02-06,HT,Haiti,AMRO,404,29848,5,804,29044
2022-02-13,HT,Haiti,AMRO,207,30055,5,809,29246
2022-02-20,HT,Haiti,AMRO,218,30273,10,819,29454
2022-02-27,HT,Haiti,AMRO,69,30342,1,820,29522
2022-03-06,HT,Haiti,AMRO,88,30430,7,827,29603
2022-03-13,HT,Haiti,AMRO,43,30473,0,827,29646
2022-03-20,HT,Haiti,AMRO,36,30509,0,827,29682
2022-03-27,HT,Haiti,AMRO,19,30528,6,833,29695
2022-04-03,HT,Haiti,AMRO,47,30575,0,833,29742
2022-04-10,HT,Haiti,AMRO,11,30586,2,835,29751
2022-04-17,HT,Haiti,AMRO,54,30640,0,835,29805
2022-04-24,HT,Haiti,AMRO,19,30659,0,835,29824
2022-05-01,HT,Haiti,AMRO,45,30704,0,835,29869
2022-05-08,HT,Haiti,AMRO,9,30713,0,835,29878
2022-05-15,HT,Haiti,AMRO,33,30746,0,835,29911
2022-05-22,HT,Haiti,AMRO,43,30789,0,835,29954
2022-05-29,HT,Haiti,AMRO,29,30818,0,835,29983
2022-06-05,HT,Haiti,AMRO,145,30963,0,835,30128
2022-06-12,HT,Haiti,AMRO,112,31075,2,837,30238
2022-06-19,HT,Haiti,AMRO,151,31226,0,837,30389
2022-06-26,HT,Haiti,AMRO,244,31470,0,837,30633
2022-07-03,HT,Haiti,AMRO,325,31795,0,837,30958
2022-07-10,HT,Haiti,AMRO,185,31980,0,837,31143
2022-07-17,HT,Haiti,AMRO,198,32178,1,838,31340
2022-07-24,HT,Haiti,AMRO,85,32263,0,838,31425
2022-07-31,HT,Haiti,AMRO,142,32405,0,838,31567
2022-08-07,HT,Haiti,AMRO,298,32703,0,838,31865
2022-08-14,HT,Haiti,AMRO,239,32942,2,840,32102
2022-08-21,HT,Haiti,AMRO,247,33189,1,841,32348
2022-08-28,HT,Haiti,AMRO,253,33442,0,841,32601
2022-09-04,HT,Haiti,AMRO,177,33619,5,846,32773
2022-09-11,HT,Haiti,AMRO,88,33707,11,857,32850
2022-09-18,HT,Haiti,AMRO,39,33746,0,857,32889
2022-09-25,HT,Haiti,AMRO,15,33761,0,857,32904
2022-10-02,HT,Haiti,AMRO,0,33761,0,857,32904
2022-10-09,HT,Haiti,AMRO,30,33791,0,857,32934
2022-10-16,HT,Haiti,AMRO,20,33811,0,857,32954
2022-10-23,HT,Haiti,AMRO,0,33811,0,857,32954
2022-10-30,HT,Haiti,AMRO,17,33828,3,860,32968
2022-11-06,HT,Haiti,AMRO,4,33832,0,860,32972
2022-11-13,HT,Haiti,AMRO,5,33837,0,860,32977
2022-11-20,HT,Haiti,AMRO,25,33862,0,860,33002
2022-11-27,HT,Haiti,AMRO,0,33862,0,860,33002
2022-12-04,HT,Haiti,AMRO,14,33876,0,860,33016
2022-12-11,HT,Haiti,AMRO,0,33876,0,860,33016
2022-12-18,HT,Haiti,AMRO,28,33904,0,860,33044
2022-12-25,HT,Haiti,AMRO,8,33912,0,860,33052
2023-01-01,HT,Haiti,AMRO,57,33969,0,860,33109
2023-01-08,HT,Haiti,AMRO,39,34008,0,860,33148
2023-01-15,HT,Haiti,AMRO,0,34008,0,860,33148
2023-01-22,HT,Haiti,AMRO,68,34076,0,860,33216
2023-01-29,HT,Haiti,AMRO,0,34076,0,860,33216
2023-02-05,HT,Haiti,AMRO,67,34143,0,860,33283
2023-02-12,HT,Haiti,AMRO,12,34155,0,860,33295
2023-02-19,HT,Haiti,AMRO,0,34155,0,860,33295
2023-02-26,HT,Haiti,AMRO,47,34202,0,860,33342
2023-03-05,HT,Haiti,AMRO,0,34202,0,860,33342
2023-03-12,HT,Haiti,AMRO,0,34202,0,860,33342
2023-03-19,HT,Haiti,AMRO,0,34202,0,860,33342
2023-03-26,HT,Haiti,AMRO,0,34202,0,860,33342
2023-04-02,HT,Haiti,AMRO,0,34202,0,860,33342
2023-04-09,HT,Haiti,AMRO,0,34202,0,860,33342
2023-04-16,HT,Haiti,AMRO,12,34214,0,860,33354
2023-04-23,HT,Haiti,AMRO,12,34226,0,860,33366
2023-04-30,HT,Haiti,AMRO,2,34228,0,860,33368
2023-05-07,HT,Haiti,AMRO,0,34228,0,860,33368
2023-05-14,HT,Haiti,AMRO,0,34228,0,860,33368
2023-05-21,HT,Haiti,AMRO,0,34228,0,860,33368
2023-05-28,HT,Haiti,AMRO,0,34228,0,860,33368
2023-06-04,HT,Haiti,AMRO,0,34228,0,860,33368
2023-06-11,HT,Haiti,AMRO,0,34228,0,860,33368
2023-06-18,HT,Haiti,AMRO,0,34228,0,860,33368
2023-06-25,HT,Haiti,AMRO,0,34228,0,860,33368
2023-07-02,HT,Haiti,AMRO,0,34228,0,860,33368
2023-07-09,HT,Haiti,AMRO,0,34228,0,860,33368
2023-07-16,HT,Haiti,AMRO,0,34228,0,860,33368
2023-07-23,HT,Haiti,AMRO,0,34228,0,860,33368
2023-07-30,HT,Haiti,AMRO,0,34228,0,860,33368
2023-08-06,HT,Haiti,AMRO,0,34228,0,860,33368
2023-08-13,HT,Haiti,AMRO,0,34228,0,860,33368
2023-08-20,HT,Haiti,AMRO,0,34228,0,860,33368
2023-08-27,HT,Haiti,AMRO,0,34228,0,860,33368
2023-09-03,HT,Haiti,AMRO,0,34228,0,860,33368
2023-09-10,HT,Haiti,AMRO,0,34228,0,860,33368
2023-09-17,HT,Haiti,AMRO,0,34228,0,860,33368
2023-09-24,HT,Haiti,AMRO,0,34228,0,860,33368
2023-10-01,HT,Haiti,AMRO,0,34228,0,860,33368
2023-10-08,HT,Haiti,AMRO,0,34228,0,860,33368
2023-10-15,HT,Haiti,AMRO,0,34228,0,860,33368
2023-10-22,HT,Haiti,AMRO,0,34228,0,860,33368
2023-10-29,HT,Haiti,AMRO,0,34228,0,860,33368
2023-11-05,HT,Haiti,AMRO,0,34228,0,860,33368
2023-11-12,HT,Haiti,AMRO,0,34228,0,860,33368
2023-11-19,HT,Haiti,AMRO,0,34228,0,860,33368
2023-11-26,HT,Haiti,AMRO,0,34228,0,860,33368
2023-12-03,HT,Haiti,AMRO,0,34228,0,860,33368
2023-12-10,HT,Haiti,AMRO,0,34228,0,860,33368
2023-12-17,HT,Haiti,AMRO,0,34228,0,860,33368
2023-12-24,HT,Haiti,AMRO,0,34228,0,860,33368
2023-12-31,HT,Haiti,AMRO,0,34228,0,860,33368
2024-01-07,HT,Haiti,AMRO,5,34233,0,860,33373
2024-01-14,HT,Haiti,AMRO,18,34251,0,860,33391
2024-01-21,HT,Haiti,AMRO,26,34277,0,860,33417
2024-01-28,HT,Haiti,AMRO,38,34315,0,860,33455
2024-02-04,HT,Haiti,AMRO,16,34331,0,860,33471
2024-02-11,HT,Haiti,AMRO,7,34338,0,860,33478
2024-02-18,HT,Haiti,AMRO,6,34344,0,860,33484
2024-02-25,HT,Haiti,AMRO,18,34362,0,860,33502
2024-03-03,HT,Haiti,AMRO,11,34373,0,860,33513
2024-03-10,HT,Haiti,AMRO,0,34373,0,860,33513
2024-03-17,HT,Haiti,AMRO,3,34376,0,860,33516
2024-03-24,HT,Haiti,AMRO,7,34383,0,860,33523
2024-03-31,HT,Haiti,AMRO,0,34383,0,860,33523
2024-04-07,HT,Haiti,AMRO,1,34384,0,860,33524
2024-04-14,HT,Haiti,AMRO,1,34385,0,860,33525
2024-04-21,HT,Haiti,AMRO,2,34387,0,860,33527
2024-04-28,HT,Haiti,AMRO,7,34394,0,860,33534
2024-05-05,HT,Haiti,AMRO,8,34402,0,860,33542
2024-05-12,HT,Haiti,AMRO,6,34408,0,860,33548
2024-05-19,HT,Haiti,AMRO,14,34422,0,860,33562
2024-05-26,HT,Haiti,AMRO,4,34426,0,860,33566
2024-06-02,HT,Haiti,AMRO,4,34430,0,860,33570
2024-06-09,HT,Haiti,AMRO,10,34440,0,860,33580
2024-06-16,HT,Haiti,AMRO,8,34448,0,860,33588
2024-06-23,HT,Haiti,AMRO,2,34450,0,860,33590
2024-06-30,HT,Haiti,AMRO,9,34459,0,860,33599
2024-07-07,HT,Haiti,AMRO,5,34464,0,860,33604
2024-07-14,HT,Haiti,AMRO,3,34467,0,860,33607
2024-07-21,HT,Haiti,AMRO,2,34469,0,860,33609
2024-07-28,HT,Haiti,AMRO,4,34473,0,860,33613
2024-08-04,HT,Haiti,AMRO,10,34483,0,860,33623
2024-08-11,HT,Haiti,AMRO,5,34488,0,860,33628
2024-08-18,HT,Haiti,AMRO,13,34501,0,860,33641
2024-08-25,HT,Haiti,AMRO,3,34504,0,860,33644
2024-09-01,HT,Haiti,AMRO,10,34514,0,860,33654
2024-09-08,HT,Haiti,AMRO,19,34533,0,860,33673
2024-09-15,HT,Haiti,AMRO,11,34544,0,860,33684
2024-09-22,HT,Haiti,AMRO,7,34551,0,860,33691
2024-09-29,HT,Haiti,AMRO,0,34551,0,860,33691
2024-10-06,HT,Haiti,AMRO,2,34553,0,860,33693
2024-10-13,HT,Haiti,AMRO,1,34554,0,860,33694
2024-10-20,HT,Haiti,AMRO,15,34569,0,860,33709
2024-10-27,HT,Haiti,AMRO,19,34588,0,860,33728
2024-11-03,HT,Haiti,AMRO,9,34597,0,860,33737
2024-11-10,HT,Haiti,AMRO,0,34597,0,860,33737
2024-11-17,HT,Haiti,AMRO,0,34597,0,860,33737
2020-01-05,HN,Honduras,AMRO,0,0,0,0,0
2020-01-12,HN,Honduras,AMRO,0,0,0,0,0
2020-01-19,HN,Honduras,AMRO,0,0,0,0,0
2020-01-26,HN,Honduras,AMRO,0,0,0,0,0
2020-02-02,HN,Honduras,AMRO,0,0,0,0,0
2020-02-09,HN,Honduras,AMRO,0,0,0,0,0
2020-02-16,HN,Honduras,AMRO,0,0,0,0,0
2020-02-23,HN,Honduras,AMRO,0,0,0,0,0
2020-03-01,HN,Honduras,AMRO,0,0,0,0,0
2020-03-08,HN,Honduras,AMRO,0,0,0,0,0
2020-03-15,HN,Honduras,AMRO,3,3,0,0,3
2020-03-22,HN,Honduras,AMRO,21,24,0,0,24
2020-03-29,HN,Honduras,AMRO,43,67,1,1,66
2020-04-05,HN,Honduras,AMRO,197,264,14,15,249
2020-04-12,HN,Honduras,AMRO,128,392,9,24,368
2020-04-19,HN,Honduras,AMRO,65,457,22,46,411
2020-04-26,HN,Honduras,AMRO,134,591,9,55,536
2020-05-03,HN,Honduras,AMRO,308,899,20,75,824
2020-05-10,HN,Honduras,AMRO,872,1771,32,107,1664
2020-05-17,HN,Honduras,AMRO,689,2460,27,134,2326
2020-05-24,HN,Honduras,AMRO,1017,3477,33,167,3310
2020-05-31,HN,Honduras,AMRO,1409,4886,32,199,4687
2020-06-07,HN,Honduras,AMRO,1085,5971,49,248,5723
2020-06-14,HN,Honduras,AMRO,2161,8132,58,306,7826
2020-06-21,HN,Honduras,AMRO,3126,11258,43,349,10909
2020-06-28,HN,Honduras,AMRO,4736,15994,122,471,15523
2020-07-05,HN,Honduras,AMRO,6122,22116,134,605,21511
2020-07-12,HN,Honduras,AMRO,4937,27053,145,750,26303
2020-07-19,HN,Honduras,AMRO,4692,31745,107,857,30888
2020-07-26,HN,Honduras,AMRO,5814,37559,204,1061,36498
2020-08-02,HN,Honduras,AMRO,4455,42014,276,1337,40677
2020-08-09,HN,Honduras,AMRO,4621,46635,128,1465,45170
2020-08-16,HN,Honduras,AMRO,2832,49467,83,1548,47919
2020-08-23,HN,Honduras,AMRO,3914,53381,84,1632,51749
2020-08-30,HN,Honduras,AMRO,5429,58810,195,1827,56983
2020-09-06,HN,Honduras,AMRO,4988,63798,157,1984,61814
2020-09-13,HN,Honduras,AMRO,2251,66049,74,2058,63991
2020-09-20,HN,Honduras,AMRO,4562,70611,88,2146,68465
2020-09-27,HN,Honduras,AMRO,3229,73840,125,2271,71569
2020-10-04,HN,Honduras,AMRO,4429,78269,115,2386,75883
2020-10-11,HN,Honduras,AMRO,4283,82552,106,2492,80060
2020-10-18,HN,Honduras,AMRO,4139,86691,64,2556,84135
2020-10-25,HN,Honduras,AMRO,5191,91882,56,2612,89270
2020-11-01,HN,Honduras,AMRO,5006,96888,57,2669,94219
2020-11-08,HN,Honduras,AMRO,2688,99576,72,2741,96835
2020-11-15,HN,Honduras,AMRO,2503,102079,79,2820,99259
2020-11-22,HN,Honduras,AMRO,2100,104179,35,2855,101324
2020-11-29,HN,Honduras,AMRO,2955,107134,44,2899,104235
2020-12-06,HN,Honduras,AMRO,2826,109960,42,2941,107019
2020-12-13,HN,Honduras,AMRO,3748,113708,30,2971,110737
2020-12-20,HN,Honduras,AMRO,2504,116212,52,3023,113189
2020-12-27,HN,Honduras,AMRO,2447,118659,38,3061,115598
2021-01-03,HN,Honduras,AMRO,4315,122974,99,3160,119814
2021-01-10,HN,Honduras,AMRO,3422,126396,106,3266,123130
2021-01-17,HN,Honduras,AMRO,6016,132412,78,3344,129068
2021-01-24,HN,Honduras,AMRO,6770,139182,95,3439,135743
2021-01-31,HN,Honduras,AMRO,6928,146110,136,3575,142535
2021-02-07,HN,Honduras,AMRO,7143,153253,119,3694,149559
2021-02-14,HN,Honduras,AMRO,5771,159024,154,3848,155176
2021-02-21,HN,Honduras,AMRO,5053,164077,127,3975,160102
2021-02-28,HN,Honduras,AMRO,4834,168911,142,4117,164794
2021-03-07,HN,Honduras,AMRO,4109,173020,130,4247,168773
2021-03-14,HN,Honduras,AMRO,4148,177168,78,4325,172843
2021-03-21,HN,Honduras,AMRO,4189,181357,97,4422,176935
2021-03-28,HN,Honduras,AMRO,4980,186337,114,4536,181801
2021-04-04,HN,Honduras,AMRO,3389,189726,86,4622,185104
2021-04-11,HN,Honduras,AMRO,4822,194548,144,4766,189782
2021-04-18,HN,Honduras,AMRO,5134,199682,168,4934,194748
2021-04-25,HN,Honduras,AMRO,6014,205696,161,5095,200601
2021-05-02,HN,Honduras,AMRO,6637,212333,186,5281,207052
2021-05-09,HN,Honduras,AMRO,5997,218330,304,5585,212745
2021-05-16,HN,Honduras,AMRO,6926,225256,352,5937,219319
2021-05-23,HN,Honduras,AMRO,6304,231560,196,6133,225427
2021-05-30,HN,Honduras,AMRO,4891,236451,151,6284,230167
2021-06-06,HN,Honduras,AMRO,4588,241039,170,6454,234585
2021-06-13,HN,Honduras,AMRO,4656,245695,145,6599,239096
2021-06-20,HN,Honduras,AMRO,6271,251966,149,6748,245218
2021-06-27,HN,Honduras,AMRO,6383,258349,154,6902,251447
2021-07-04,HN,Honduras,AMRO,6825,265174,157,7059,258115
2021-07-11,HN,Honduras,AMRO,7556,272730,162,7221,265509
2021-07-18,HN,Honduras,AMRO,6527,279257,206,7427,271830
2021-07-25,HN,Honduras,AMRO,7378,286635,167,7594,279041
2021-08-01,HN,Honduras,AMRO,10476,297111,240,7834,289277
2021-08-08,HN,Honduras,AMRO,8825,305936,286,8120,297816
2021-08-15,HN,Honduras,AMRO,10299,316235,253,8373,307862
2021-08-22,HN,Honduras,AMRO,10595,326830,221,8594,318236
2021-08-29,HN,Honduras,AMRO,8568,335398,238,8832,326566
2021-09-05,HN,Honduras,AMRO,8409,343807,191,9023,334784
2021-09-12,HN,Honduras,AMRO,7072,350879,296,9319,341560
2021-09-19,HN,Honduras,AMRO,6775,357654,172,9491,348163
2021-09-26,HN,Honduras,AMRO,5363,363017,188,9679,353338
2021-10-03,HN,Honduras,AMRO,4258,367275,176,9855,357420
2021-10-10,HN,Honduras,AMRO,1755,369030,94,9949,359081
2021-10-17,HN,Honduras,AMRO,3149,372179,148,10097,362082
2021-10-24,HN,Honduras,AMRO,1969,374148,95,10192,363956
2021-10-31,HN,Honduras,AMRO,1233,375381,48,10240,365141
2021-11-07,HN,Honduras,AMRO,900,376281,69,10309,365972
2021-11-14,HN,Honduras,AMRO,686,376967,44,10353,366614
2021-11-21,HN,Honduras,AMRO,453,377420,35,10388,367032
2021-11-28,HN,Honduras,AMRO,468,377888,15,10403,367485
2021-12-05,HN,Honduras,AMRO,225,378113,10,10413,367700
2021-12-12,HN,Honduras,AMRO,448,378561,8,10421,368140
2021-12-19,HN,Honduras,AMRO,243,378804,7,10428,368376
2021-12-26,HN,Honduras,AMRO,269,379073,1,10429,368644
2022-01-02,HN,Honduras,AMRO,469,379542,5,10434,369108
2022-01-09,HN,Honduras,AMRO,1712,381254,10,10444,370810
2022-01-16,HN,Honduras,AMRO,2823,384077,10,10454,373623
2022-01-23,HN,Honduras,AMRO,4359,388436,15,10469,377967
2022-01-30,HN,Honduras,AMRO,3438,391874,35,10504,381370
2022-02-06,HN,Honduras,AMRO,7026,398900,47,10551,388349
2022-02-13,HN,Honduras,AMRO,5864,404764,57,10608,394156
2022-02-20,HN,Honduras,AMRO,3692,408456,63,10671,397785
2022-02-27,HN,Honduras,AMRO,3717,412173,104,10775,401398
2022-03-06,HN,Honduras,AMRO,2138,414311,24,10799,403512
2022-03-13,HN,Honduras,AMRO,2418,416729,35,10834,405895
2022-03-20,HN,Honduras,AMRO,1571,418300,23,10857,407443
2022-03-27,HN,Honduras,AMRO,2321,420621,14,10871,409750
2022-04-03,HN,Honduras,AMRO,549,421170,14,10885,410285
2022-04-10,HN,Honduras,AMRO,489,421659,6,10891,410768
2022-04-17,HN,Honduras,AMRO,0,421659,0,10891,410768
2022-04-24,HN,Honduras,AMRO,886,422545,2,10893,411652
2022-05-01,HN,Honduras,AMRO,634,423179,0,10893,412286
2022-05-08,HN,Honduras,AMRO,700,423879,2,10895,412984
2022-05-15,HN,Honduras,AMRO,568,424447,1,10896,413551
2022-05-22,HN,Honduras,AMRO,412,424859,0,10896,413963
2022-05-29,HN,Honduras,AMRO,254,425113,3,10899,414214
2022-06-05,HN,Honduras,AMRO,358,425471,1,10900,414571
2022-06-12,HN,Honduras,AMRO,184,425655,2,10902,414753
2022-06-19,HN,Honduras,AMRO,275,425930,1,10903,415027
2022-06-26,HN,Honduras,AMRO,949,426879,2,10905,415974
2022-07-03,HN,Honduras,AMRO,839,427718,1,10906,416812
2022-07-10,HN,Honduras,AMRO,2130,429848,6,10912,418936
2022-07-17,HN,Honduras,AMRO,2291,432139,7,10919,421220
2022-07-24,HN,Honduras,AMRO,2657,434796,11,10930,423866
2022-07-31,HN,Honduras,AMRO,5105,439901,2,10932,428969
2022-08-07,HN,Honduras,AMRO,5370,445271,13,10945,434326
2022-08-14,HN,Honduras,AMRO,2094,447365,9,10954,436411
2022-08-21,HN,Honduras,AMRO,3028,450393,11,10965,439428
2022-08-28,HN,Honduras,AMRO,3600,453993,8,10973,443020
2022-09-04,HN,Honduras,AMRO,786,454779,16,10989,443790
2022-09-11,HN,Honduras,AMRO,232,455011,0,10989,444022
2022-09-18,HN,Honduras,AMRO,825,455836,3,10992,444844
2022-09-25,HN,Honduras,AMRO,500,456336,0,10992,445344
2022-10-02,HN,Honduras,AMRO,55,456391,1,10993,445398
2022-10-09,HN,Honduras,AMRO,273,456664,3,10996,445668
2022-10-16,HN,Honduras,AMRO,222,456886,11,11007,445879
2022-10-23,HN,Honduras,AMRO,138,457024,30,11037,445987
2022-10-30,HN,Honduras,AMRO,110,457134,2,11039,446095
2022-11-06,HN,Honduras,AMRO,128,457262,1,11040,446222
2022-11-13,HN,Honduras,AMRO,144,457406,1,11041,446365
2022-11-20,HN,Honduras,AMRO,102,457508,2,11043,446465
2022-11-27,HN,Honduras,AMRO,515,458023,0,11043,446980
2022-12-04,HN,Honduras,AMRO,898,458921,8,11051,447870
2022-12-11,HN,Honduras,AMRO,1793,460714,3,11054,449660
2022-12-18,HN,Honduras,AMRO,2028,462742,6,11060,451682
2022-12-25,HN,Honduras,AMRO,943,463685,3,11063,452622
2023-01-01,HN,Honduras,AMRO,2230,465915,8,11071,454844
2023-01-08,HN,Honduras,AMRO,2429,468344,23,11094,457250
2023-01-15,HN,Honduras,AMRO,886,469230,1,11095,458135
2023-01-22,HN,Honduras,AMRO,960,470190,7,11102,459088
2023-01-29,HN,Honduras,AMRO,366,470556,2,11104,459452
2023-02-05,HN,Honduras,AMRO,384,470940,0,11104,459836
2023-02-12,HN,Honduras,AMRO,477,471417,5,11109,460308
2023-02-19,HN,Honduras,AMRO,347,471764,0,11109,460655
2023-02-26,HN,Honduras,AMRO,352,472116,2,11111,461005
2023-03-05,HN,Honduras,AMRO,134,472250,0,11111,461139
2023-03-12,HN,Honduras,AMRO,58,472308,0,11111,461197
2023-03-19,HN,Honduras,AMRO,32,472340,0,11111,461229
2023-03-26,HN,Honduras,AMRO,103,472443,0,11111,461332
2023-04-02,HN,Honduras,AMRO,24,472467,0,11111,461356
2023-04-09,HN,Honduras,AMRO,0,472467,0,11111,461356
2023-04-16,HN,Honduras,AMRO,18,472485,0,11111,461374
2023-04-23,HN,Honduras,AMRO,48,472533,1,11112,461421
2023-04-30,HN,Honduras,AMRO,0,472533,0,11112,461421
2023-05-07,HN,Honduras,AMRO,0,472533,0,11112,461421
2023-05-14,HN,Honduras,AMRO,61,472594,2,11114,461480
2023-05-21,HN,Honduras,AMRO,0,472594,0,11114,461480
2023-05-28,HN,Honduras,AMRO,0,472594,0,11114,461480
2023-06-04,HN,Honduras,AMRO,4,472598,0,11114,461484
2023-06-11,HN,Honduras,AMRO,2,472600,0,11114,461486
2023-06-18,HN,Honduras,AMRO,2,472602,0,11114,461488
2023-06-25,HN,Honduras,AMRO,3,472605,0,11114,461491
2023-07-02,HN,Honduras,AMRO,15,472620,0,11114,461506
2023-07-09,HN,Honduras,AMRO,8,472628,0,11114,461514
2023-07-16,HN,Honduras,AMRO,29,472657,0,11114,461543
2023-07-23,HN,Honduras,AMRO,28,472685,0,11114,461571
2023-07-30,HN,Honduras,AMRO,31,472716,0,11114,461602
2023-08-06,HN,Honduras,AMRO,3,472719,0,11114,461605
2023-08-13,HN,Honduras,AMRO,9,472728,0,11114,461614
2023-08-20,HN,Honduras,AMRO,5,472733,0,11114,461619
2023-08-27,HN,Honduras,AMRO,1,472734,0,11114,461620
2023-09-03,HN,Honduras,AMRO,3,472737,0,11114,461623
2023-09-10,HN,Honduras,AMRO,2,472739,0,11114,461625
2023-09-17,HN,Honduras,AMRO,0,472739,0,11114,461625
2023-09-24,HN,Honduras,AMRO,1,472740,0,11114,461626
2023-10-01,HN,Honduras,AMRO,2,472742,0,11114,461628
2023-10-08,HN,Honduras,AMRO,0,472742,0,11114,461628
2023-10-15,HN,Honduras,AMRO,0,472742,0,11114,461628
2023-10-22,HN,Honduras,AMRO,0,472742,0,11114,461628
2023-10-29,HN,Honduras,AMRO,1,472743,0,11114,461629
2023-11-05,HN,Honduras,AMRO,0,472743,0,11114,461629
2023-11-12,HN,Honduras,AMRO,0,472743,0,11114,461629
2023-11-19,HN,Honduras,AMRO,0,472743,0,11114,461629
2023-11-26,HN,Honduras,AMRO,0,472743,0,11114,461629
2023-12-03,HN,Honduras,AMRO,0,472743,0,11114,461629
2023-12-10,HN,Honduras,AMRO,0,472743,0,11114,461629
2023-12-17,HN,Honduras,AMRO,1,472744,0,11114,461630
2023-12-24,HN,Honduras,AMRO,0,472744,0,11114,461630
2023-12-31,HN,Honduras,AMRO,3,472747,0,11114,461633
2024-01-07,HN,Honduras,AMRO,11,472758,0,11114,461644
2024-01-14,HN,Honduras,AMRO,28,472786,0,11114,461672
2024-01-21,HN,Honduras,AMRO,28,472814,0,11114,461700
2024-01-28,HN,Honduras,AMRO,7,472821,0,11114,461707
2024-02-04,HN,Honduras,AMRO,6,472827,0,11114,461713
2024-02-11,HN,Honduras,AMRO,4,472831,0,11114,461717
2024-02-18,HN,Honduras,AMRO,2,472833,0,11114,461719
2024-02-25,HN,Honduras,AMRO,1,472834,0,11114,461720
2024-03-03,HN,Honduras,AMRO,0,472834,0,11114,461720
2024-03-10,HN,Honduras,AMRO,4,472838,0,11114,461724
2024-03-17,HN,Honduras,AMRO,1,472839,0,11114,461725
2024-03-24,HN,Honduras,AMRO,0,472839,0,11114,461725
2024-03-31,HN,Honduras,AMRO,0,472839,0,11114,461725
2024-04-07,HN,Honduras,AMRO,1,472840,0,11114,461726
2024-04-14,HN,Honduras,AMRO,1,472841,0,11114,461727
2024-04-21,HN,Honduras,AMRO,1,472842,0,11114,461728
2024-04-28,HN,Honduras,AMRO,2,472844,0,11114,461730
2024-05-05,HN,Honduras,AMRO,1,472845,0,11114,461731
2024-05-12,HN,Honduras,AMRO,0,472845,0,11114,461731
2024-05-19,HN,Honduras,AMRO,0,472845,0,11114,461731
2024-05-26,HN,Honduras,AMRO,2,472847,0,11114,461733
2024-06-02,HN,Honduras,AMRO,6,472853,0,11114,461739
2024-06-09,HN,Honduras,AMRO,3,472856,0,11114,461742
2024-06-16,HN,Honduras,AMRO,4,472860,0,11114,461746
2024-06-23,HN,Honduras,AMRO,3,472863,0,11114,461749
2024-06-30,HN,Honduras,AMRO,9,472872,0,11114,461758
2024-07-07,HN,Honduras,AMRO,14,472886,0,11114,461772
2024-07-14,HN,Honduras,AMRO,1,472887,0,11114,461773
2024-07-21,HN,Honduras,AMRO,4,472891,0,11114,461777
2024-07-28,HN,Honduras,AMRO,5,472896,0,11114,461782
2024-08-04,HN,Honduras,AMRO,4,472900,0,11114,461786
2024-08-11,HN,Honduras,AMRO,1,472901,0,11114,461787
2024-08-18,HN,Honduras,AMRO,2,472903,0,11114,461789
2024-08-25,HN,Honduras,AMRO,2,472905,0,11114,461791
2024-09-01,HN,Honduras,AMRO,0,472905,0,11114,461791
2024-09-08,HN,Honduras,AMRO,0,472905,0,11114,461791
2024-09-15,HN,Honduras,AMRO,5,472910,0,11114,461796
2024-09-22,HN,Honduras,AMRO,0,472910,0,11114,461796
2024-09-29,HN,Honduras,AMRO,0,472910,0,11114,461796
2024-10-06,HN,Honduras,AMRO,0,472910,0,11114,461796
2024-10-13,HN,Honduras,AMRO,0,472910,0,11114,461796
2024-10-20,HN,Honduras,AMRO,0,472910,0,11114,461796
2024-10-27,HN,Honduras,AMRO,0,472910,0,11114,461796
2024-11-03,HN,Honduras,AMRO,0,472910,0,11114,461796
2024-11-10,HN,Honduras,AMRO,0,472910,0,11114,461796
2024-11-17,HN,Honduras,AMRO,0,472910,0,11114,461796
2020-01-05,HU,Hungary,EURO,0,0,0,0,0
2020-01-12,HU,Hungary,EURO,0,0,0,0,0
2020-01-19,HU,Hungary,EURO,0,0,0,0,0
2020-01-26,HU,Hungary,EURO,0,0,0,0,0
2020-02-02,HU,Hungary,EURO,0,0,0,0,0
2020-02-09,HU,Hungary,EURO,0,0,0,0,0
2020-02-16,HU,Hungary,EURO,0,0,0,0,0
2020-02-23,HU,Hungary,EURO,0,0,0,0,0
2020-03-01,HU,Hungary,EURO,0,0,0,0,0
2020-03-08,HU,Hungary,EURO,7,7,0,0,7
2020-03-15,HU,Hungary,EURO,24,31,0,0,31
2020-03-22,HU,Hungary,EURO,100,131,4,4,127
2020-03-29,HU,Hungary,EURO,277,408,9,13,395
2020-04-05,HU,Hungary,EURO,325,733,21,34,699
2020-04-12,HU,Hungary,EURO,677,1410,65,99,1311
2020-04-19,HU,Hungary,EURO,506,1916,90,189,1727
2020-04-26,HU,Hungary,EURO,584,2500,83,272,2228
2020-05-03,HU,Hungary,EURO,498,2998,68,340,2658
2020-05-10,HU,Hungary,EURO,265,3263,73,413,2850
2020-05-17,HU,Hungary,EURO,246,3509,38,451,3058
2020-05-24,HU,Hungary,EURO,232,3741,35,486,3255
2020-05-31,HU,Hungary,EURO,126,3867,38,524,3343
2020-06-07,HU,Hungary,EURO,103,3970,18,542,3428
2020-06-14,HU,Hungary,EURO,94,4064,17,559,3505
2020-06-21,HU,Hungary,EURO,30,4094,11,570,3524
2020-06-28,HU,Hungary,EURO,44,4138,8,578,3560
2020-07-05,HU,Hungary,EURO,45,4183,11,589,3594
2020-07-12,HU,Hungary,EURO,46,4229,6,595,3634
2020-07-19,HU,Hungary,EURO,86,4315,1,596,3719
2020-07-26,HU,Hungary,EURO,120,4435,0,596,3839
2020-08-02,HU,Hungary,EURO,91,4526,1,597,3929
2020-08-09,HU,Hungary,EURO,127,4653,5,602,4051
2020-08-16,HU,Hungary,EURO,224,4877,5,607,4270
2020-08-23,HU,Hungary,EURO,256,5133,4,611,4522
2020-08-30,HU,Hungary,EURO,536,5669,3,614,5055
2020-09-06,HU,Hungary,EURO,2223,7892,10,624,7268
2020-09-13,HU,Hungary,EURO,3933,11825,9,633,11192
2020-09-20,HU,Hungary,EURO,6165,17990,50,683,17307
2020-09-27,HU,Hungary,EURO,6024,24014,53,736,23278
2020-10-04,HU,Hungary,EURO,6561,30575,86,822,29753
2020-10-11,HU,Hungary,EURO,7089,37664,132,954,36710
2020-10-18,HU,Hungary,EURO,8626,46290,188,1142,45148
2020-10-25,HU,Hungary,EURO,12957,59247,283,1425,57822
2020-11-01,HU,Hungary,EURO,19952,79199,394,1819,77380
2020-11-08,HU,Hungary,EURO,30417,109616,619,2438,107178
2020-11-15,HU,Hungary,EURO,31345,140961,659,3097,137864
2020-11-22,HU,Hungary,EURO,33657,174618,703,3800,170818
2020-11-29,HU,Hungary,EURO,36909,211527,872,4672,206855
2020-12-06,HU,Hungary,EURO,38751,250278,1196,5868,244410
2020-12-13,HU,Hungary,EURO,30122,280400,1097,6965,273435
2020-12-20,HU,Hungary,EURO,22589,302989,1134,8099,294890
2020-12-27,HU,Hungary,EURO,13071,316060,948,9047,307013
2021-01-03,HU,Hungary,EURO,11935,327995,837,9884,318111
2021-01-10,HU,Hungary,EURO,14242,342237,764,10648,331589
2021-01-17,HU,Hungary,EURO,9591,351828,693,11341,340487
2021-01-24,HU,Hungary,EURO,7746,359574,627,11968,347606
2021-01-31,HU,Hungary,EURO,8012,367586,556,12524,355062
2021-02-07,HU,Hungary,EURO,8909,376495,566,13090,363405
2021-02-14,HU,Hungary,EURO,10967,387462,616,13706,373756
2021-02-21,HU,Hungary,EURO,15561,403023,593,14299,388724
2021-02-28,HU,Hungary,EURO,25576,428599,675,14974,413625
2021-03-07,HU,Hungary,EURO,37418,466017,899,15873,450144
2021-03-14,HU,Hungary,EURO,50473,516490,1079,16952,499538
2021-03-21,HU,Hungary,EURO,55106,571596,1310,18262,553334
2021-03-28,HU,Hungary,EURO,62265,633861,1710,19972,613889
2021-04-04,HU,Hungary,EURO,52118,685979,1743,21715,664264
2021-04-11,HU,Hungary,EURO,34185,720164,1702,23417,696747
2021-04-18,HU,Hungary,EURO,30344,750508,1767,25184,725324
2021-04-25,HU,Hungary,EURO,19010,769518,1441,26625,742893
2021-05-02,HU,Hungary,EURO,13374,782892,1177,27802,755090
2021-05-09,HU,Hungary,EURO,8817,791709,800,28602,763107
2021-05-16,HU,Hungary,EURO,6438,798147,573,29175,768972
2021-05-23,HU,Hungary,EURO,3941,802088,344,29519,772569
2021-05-30,HU,Hungary,EURO,1944,804032,190,29709,774323
2021-06-06,HU,Hungary,EURO,1976,806008,146,29855,776153
2021-06-13,HU,Hungary,EURO,782,806790,50,29905,776885
2021-06-20,HU,Hungary,EURO,638,807428,46,29951,777477
2021-06-27,HU,Hungary,EURO,482,807910,30,29981,777929
2021-07-04,HU,Hungary,EURO,287,808197,11,29992,778205
2021-07-11,HU,Hungary,EURO,240,808437,12,30004,778433
2021-07-18,HU,Hungary,EURO,288,808725,11,30015,778710
2021-07-25,HU,Hungary,EURO,376,809101,5,30020,779081
2021-08-01,HU,Hungary,EURO,390,809491,6,30026,779465
2021-08-08,HU,Hungary,EURO,364,809855,7,30033,779822
2021-08-15,HU,Hungary,EURO,461,810316,5,30038,780278
2021-08-22,HU,Hungary,EURO,465,810781,8,30046,780735
2021-08-29,HU,Hungary,EURO,925,811706,11,30057,781649
2021-09-05,HU,Hungary,EURO,1334,813040,4,30061,782979
2021-09-12,HU,Hungary,EURO,1692,814732,25,30086,784646
2021-09-19,HU,Hungary,EURO,2427,817159,37,30123,787036
2021-09-26,HU,Hungary,EURO,2919,820078,28,30151,789927
2021-10-03,HU,Hungary,EURO,3306,823384,48,30199,793185
2021-10-10,HU,Hungary,EURO,4026,827410,76,30275,797135
2021-10-17,HU,Hungary,EURO,5705,833115,76,30351,802764
2021-10-24,HU,Hungary,EURO,10710,843825,141,30492,813333
2021-10-31,HU,Hungary,EURO,19594,863419,237,30729,832690
2021-11-07,HU,Hungary,EURO,28745,892164,455,31184,860980
2021-11-14,HU,Hungary,EURO,47620,939784,683,31867,907917
2021-11-21,HU,Hungary,EURO,58704,998488,913,32780,965708
2021-11-28,HU,Hungary,EURO,70400,1068888,1086,33866,1035022
2021-12-05,HU,Hungary,EURO,65981,1134869,1256,35122,1099747
2021-12-12,HU,Hungary,EURO,48053,1182922,1307,36429,1146493
2021-12-19,HU,Hungary,EURO,35373,1218295,1101,37530,1180765
2021-12-26,HU,Hungary,EURO,19035,1237330,777,38307,1199023
2022-01-02,HU,Hungary,EURO,19085,1256415,879,39186,1217229
2022-01-09,HU,Hungary,EURO,26542,1282957,594,39780,1243177
2022-01-16,HU,Hungary,EURO,44057,1327014,457,40237,1286777
2022-01-23,HU,Hungary,EURO,74443,1401457,585,40822,1360635
2022-01-30,HU,Hungary,EURO,106901,1508358,407,41229,1467129
2022-02-06,HU,Hungary,EURO,108488,1616846,512,41741,1575105
2022-02-13,HU,Hungary,EURO,79145,1695991,619,42360,1653631
2022-02-20,HU,Hungary,EURO,50433,1746424,706,43066,1703358
2022-02-27,HU,Hungary,EURO,32750,1779174,686,43752,1735422
2022-03-06,HU,Hungary,EURO,20872,1800046,534,44286,1755760
2022-03-13,HU,Hungary,EURO,14316,1814362,367,44653,1769709
2022-03-20,HU,Hungary,EURO,9727,1824089,308,44961,1779128
2022-03-27,HU,Hungary,EURO,15269,1839358,297,45258,1794100
2022-04-03,HU,Hungary,EURO,14840,1854198,252,45510,1808688
2022-04-10,HU,Hungary,EURO,13809,1868007,211,45721,1822286
2022-04-17,HU,Hungary,EURO,11473,1879480,144,45865,1833615
2022-04-24,HU,Hungary,EURO,11473,1890953,183,46048,1844905
2022-05-01,HU,Hungary,EURO,10064,1901017,153,46201,1854816
2022-05-08,HU,Hungary,EURO,2183,1903200,65,46266,1856934
2022-05-15,HU,Hungary,EURO,6748,1909948,77,46343,1863605
2022-05-22,HU,Hungary,EURO,4749,1914697,103,46446,1868251
2022-05-29,HU,Hungary,EURO,3080,1917777,61,46507,1871270
2022-06-05,HU,Hungary,EURO,2063,1919840,40,46547,1873293
2022-06-12,HU,Hungary,EURO,1646,1921486,24,46571,1874915
2022-06-19,HU,Hungary,EURO,1636,1923122,23,46594,1876528
2022-06-26,HU,Hungary,EURO,1961,1925083,32,46626,1878457
2022-07-03,HU,Hungary,EURO,3042,1928125,21,46647,1881478
2022-07-10,HU,Hungary,EURO,4663,1932788,14,46661,1886127
2022-07-17,HU,Hungary,EURO,8036,1940824,35,46696,1894128
2022-07-24,HU,Hungary,EURO,10255,1951079,40,46736,1904343
2022-07-31,HU,Hungary,EURO,14402,1965481,54,46790,1918691
2022-08-07,HU,Hungary,EURO,21840,1987321,96,46886,1940435
2022-08-14,HU,Hungary,EURO,18078,2005399,80,46966,1958433
2022-08-21,HU,Hungary,EURO,16249,2021648,117,47083,1974565
2022-08-28,HU,Hungary,EURO,14742,2036390,108,47191,1989199
2022-09-04,HU,Hungary,EURO,12157,2048547,100,47291,2001256
2022-09-11,HU,Hungary,EURO,10300,2058847,76,47367,2011480
2022-09-18,HU,Hungary,EURO,11596,2070443,42,47409,2023034
2022-09-25,HU,Hungary,EURO,12307,2082750,48,47457,2035293
2022-10-02,HU,Hungary,EURO,11392,2094142,46,47503,2046639
2022-10-09,HU,Hungary,EURO,13765,2107907,73,47576,2060331
2022-10-16,HU,Hungary,EURO,12636,2120543,104,47680,2072863
2022-10-23,HU,Hungary,EURO,11947,2132490,118,47798,2084692
2022-10-30,HU,Hungary,EURO,9023,2141513,140,47938,2093575
2022-11-06,HU,Hungary,EURO,7495,2149008,81,48019,2100989
2022-11-13,HU,Hungary,EURO,4556,2153564,92,48111,2105453
2022-11-20,HU,Hungary,EURO,4431,2157995,73,48184,2109811
2022-11-27,HU,Hungary,EURO,4098,2162093,61,48245,2113848
2022-12-04,HU,Hungary,EURO,4259,2166352,42,48287,2118065
2022-12-11,HU,Hungary,EURO,4704,2171056,50,48337,2122719
2022-12-18,HU,Hungary,EURO,5193,2176249,43,48380,2127869
2022-12-25,HU,Hungary,EURO,5170,2181419,59,48439,2132980
2023-01-01,HU,Hungary,EURO,4397,2185816,56,48495,2137321
2023-01-08,HU,Hungary,EURO,2921,2188737,65,48560,2140177
2023-01-15,HU,Hungary,EURO,1596,2190333,44,48604,2141729
2023-01-22,HU,Hungary,EURO,866,2191199,17,48621,2142578
2023-01-29,HU,Hungary,EURO,627,2191826,17,48638,2143188
2023-02-05,HU,Hungary,EURO,621,2192447,9,48647,2143800
2023-02-12,HU,Hungary,EURO,825,2193272,8,48655,2144617
2023-02-19,HU,Hungary,EURO,830,2194102,9,48664,2145438
2023-02-26,HU,Hungary,EURO,867,2194969,6,48670,2146299
2023-03-05,HU,Hungary,EURO,957,2195926,11,48681,2147245
2023-03-12,HU,Hungary,EURO,878,2196804,12,48693,2148111
2023-03-19,HU,Hungary,EURO,1016,2197820,16,48709,2149111
2023-03-26,HU,Hungary,EURO,641,2198461,11,48720,2149741
2023-04-02,HU,Hungary,EURO,685,2199146,10,48730,2150416
2023-04-09,HU,Hungary,EURO,618,2199764,15,48745,2151019
2023-04-16,HU,Hungary,EURO,447,2200211,8,48753,2151458
2023-04-23,HU,Hungary,EURO,528,2200739,11,48764,2151975
2023-04-30,HU,Hungary,EURO,616,2201355,6,48770,2152585
2023-05-07,HU,Hungary,EURO,469,2201824,8,48778,2153046
2023-05-14,HU,Hungary,EURO,355,2202179,4,48782,2153397
2023-05-21,HU,Hungary,EURO,312,2202491,4,48786,2153705
2023-05-28,HU,Hungary,EURO,225,2202716,5,48791,2153925
2023-06-04,HU,Hungary,EURO,171,2202887,3,48794,2154093
2023-06-11,HU,Hungary,EURO,103,2202990,1,48795,2154195
2023-06-18,HU,Hungary,EURO,92,2203082,2,48797,2154285
2023-06-25,HU,Hungary,EURO,47,2203129,0,48797,2154332
2023-07-02,HU,Hungary,EURO,42,2203171,1,48798,2154373
2023-07-09,HU,Hungary,EURO,29,2203200,1,48799,2154401
2023-07-16,HU,Hungary,EURO,22,2203222,0,48799,2154423
2023-07-23,HU,Hungary,EURO,40,2203262,0,48799,2154463
2023-07-30,HU,Hungary,EURO,27,2203289,1,48800,2154489
2023-08-06,HU,Hungary,EURO,26,2203315,1,48801,2154514
2023-08-13,HU,Hungary,EURO,41,2203356,1,48802,2154554
2023-08-20,HU,Hungary,EURO,85,2203441,0,48802,2154639
2023-08-27,HU,Hungary,EURO,123,2203564,1,48803,2154761
2023-09-03,HU,Hungary,EURO,197,2203761,0,48803,2154958
2023-09-10,HU,Hungary,EURO,329,2204090,0,48803,2155287
2023-09-17,HU,Hungary,EURO,398,2204488,3,48806,2155682
2023-09-24,HU,Hungary,EURO,834,2205322,1,48807,2156515
2023-10-01,HU,Hungary,EURO,989,2206311,5,48812,2157499
2023-10-08,HU,Hungary,EURO,869,2207180,3,48815,2158365
2023-10-15,HU,Hungary,EURO,789,2207969,4,48819,2159150
2023-10-22,HU,Hungary,EURO,981,2208950,3,48822,2160128
2023-10-29,HU,Hungary,EURO,1022,2209972,9,48831,2161141
2023-11-05,HU,Hungary,EURO,874,2210846,10,48841,2162005
2023-11-12,HU,Hungary,EURO,984,2211830,13,48854,2162976
2023-11-19,HU,Hungary,EURO,1216,2213046,15,48869,2164177
2023-11-26,HU,Hungary,EURO,1675,2214721,17,48886,2165835
2023-12-03,HU,Hungary,EURO,2463,2217184,16,48902,2168282
2023-12-10,HU,Hungary,EURO,3036,2220220,20,48922,2171298
2023-12-17,HU,Hungary,EURO,3611,2223831,24,48946,2174885
2023-12-24,HU,Hungary,EURO,2254,2226085,21,48967,2177118
2023-12-31,HU,Hungary,EURO,1074,2227159,24,48991,2178168
2024-01-07,HU,Hungary,EURO,1047,2228206,15,49006,2179200
2024-01-14,HU,Hungary,EURO,622,2228828,10,49016,2179812
2024-01-21,HU,Hungary,EURO,439,2229267,10,49026,2180241
2024-01-28,HU,Hungary,EURO,271,2229538,5,49031,2180507
2024-02-04,HU,Hungary,EURO,266,2229804,9,49040,2180764
2024-02-11,HU,Hungary,EURO,183,2229987,3,49043,2180944
2024-02-18,HU,Hungary,EURO,107,2230094,3,49046,2181048
2024-02-25,HU,Hungary,EURO,65,2230159,1,49047,2181112
2024-03-03,HU,Hungary,EURO,43,2230202,1,49048,2181154
2024-03-10,HU,Hungary,EURO,30,2230232,0,49048,2181184
2024-03-17,HU,Hungary,EURO,17,2230249,0,49048,2181201
2024-03-24,HU,Hungary,EURO,25,2230274,0,49048,2181226
2024-03-31,HU,Hungary,EURO,19,2230293,1,49049,2181244
2024-04-07,HU,Hungary,EURO,19,2230312,2,49051,2181261
2024-04-14,HU,Hungary,EURO,13,2230325,0,49051,2181274
2024-04-21,HU,Hungary,EURO,26,2230351,0,49051,2181300
2024-04-28,HU,Hungary,EURO,20,2230371,0,49051,2181320
2024-05-05,HU,Hungary,EURO,10,2230381,0,49051,2181330
2024-05-12,HU,Hungary,EURO,15,2230396,0,49051,2181345
2024-05-19,HU,Hungary,EURO,23,2230419,0,49051,2181368
2024-05-26,HU,Hungary,EURO,4,2230423,0,49051,2181372
2024-06-02,HU,Hungary,EURO,15,2230438,0,49051,2181387
2024-06-09,HU,Hungary,EURO,6,2230444,0,49051,2181393
2024-06-16,HU,Hungary,EURO,9,2230453,0,49051,2181402
2024-06-23,HU,Hungary,EURO,19,2230472,0,49051,2181421
2024-06-30,HU,Hungary,EURO,13,2230485,0,49051,2181434
2024-07-07,HU,Hungary,EURO,19,2230504,0,49051,2181453
2024-07-14,HU,Hungary,EURO,44,2230548,0,49051,2181497
2024-07-21,HU,Hungary,EURO,43,2230591,2,49053,2181538
2024-07-28,HU,Hungary,EURO,66,2230657,0,49053,2181604
2024-08-04,HU,Hungary,EURO,143,2230800,0,49053,2181747
2024-08-11,HU,Hungary,EURO,125,2230925,1,49054,2181871
2024-08-18,HU,Hungary,EURO,149,2231074,1,49055,2182019
2024-08-25,HU,Hungary,EURO,133,2231207,1,49056,2182151
2024-09-01,HU,Hungary,EURO,198,2231405,3,49059,2182346
2024-09-08,HU,Hungary,EURO,335,2231740,5,49064,2182676
2024-09-15,HU,Hungary,EURO,513,2232253,2,49066,2183187
2024-09-22,HU,Hungary,EURO,671,2232924,4,49070,2183854
2024-09-29,HU,Hungary,EURO,969,2233893,4,49074,2184819
2024-10-06,HU,Hungary,EURO,816,2234709,6,49080,2185629
2024-10-13,HU,Hungary,EURO,652,2235361,6,49086,2186275
2024-10-20,HU,Hungary,EURO,526,2235887,6,49092,2186795
2024-10-27,HU,Hungary,EURO,332,2236219,2,49094,2187125
2024-11-03,HU,Hungary,EURO,196,2236415,3,49097,2187318
2024-11-10,HU,Hungary,EURO,231,2236646,3,49100,2187546
2024-11-17,HU,Hungary,EURO,142,2236788,2,49102,2187686
2020-01-05,IS,Iceland,EURO,0,0,0,0,0
2020-01-12,IS,Iceland,EURO,0,0,0,0,0
2020-01-19,IS,Iceland,EURO,0,0,0,0,0
2020-01-26,IS,Iceland,EURO,0,0,0,0,0
2020-02-02,IS,Iceland,EURO,0,0,0,0,0
2020-02-09,IS,Iceland,EURO,15,15,0,0,15
2020-02-16,IS,Iceland,EURO,0,15,0,0,15
2020-02-23,IS,Iceland,EURO,0,15,0,0,15
2020-03-01,IS,Iceland,EURO,7,22,0,0,22
2020-03-08,IS,Iceland,EURO,53,75,0,0,75
2020-03-15,IS,Iceland,EURO,117,192,0,0,192
2020-03-22,IS,Iceland,EURO,461,653,1,1,652
2020-03-29,IS,Iceland,EURO,509,1162,1,2,1160
2020-04-05,IS,Iceland,EURO,440,1602,4,6,1596
2020-04-12,IS,Iceland,EURO,135,1737,2,8,1729
2020-04-19,IS,Iceland,EURO,53,1790,1,9,1781
2020-04-26,IS,Iceland,EURO,16,1806,1,10,1796
2020-05-03,IS,Iceland,EURO,7,1813,0,10,1803
2020-05-10,IS,Iceland,EURO,2,1815,0,10,1805
2020-05-17,IS,Iceland,EURO,1,1816,0,10,1806
2020-05-24,IS,Iceland,EURO,2,1818,0,10,1808
2020-05-31,IS,Iceland,EURO,2,1820,0,10,1810
2020-06-07,IS,Iceland,EURO,1,1821,0,10,1811
2020-06-14,IS,Iceland,EURO,2,1823,0,10,1813
2020-06-21,IS,Iceland,EURO,5,1828,0,10,1818
2020-06-28,IS,Iceland,EURO,6,1834,0,10,1824
2020-07-05,IS,Iceland,EURO,9,1843,0,10,1833
2020-07-12,IS,Iceland,EURO,3,1846,0,10,1836
2020-07-19,IS,Iceland,EURO,6,1852,0,10,1842
2020-07-26,IS,Iceland,EURO,16,1868,0,10,1858
2020-08-02,IS,Iceland,EURO,59,1927,0,10,1917
2020-08-09,IS,Iceland,EURO,47,1974,0,10,1964
2020-08-16,IS,Iceland,EURO,54,2028,0,10,2018
2020-08-23,IS,Iceland,EURO,55,2083,0,10,2073
2020-08-30,IS,Iceland,EURO,41,2124,0,10,2114
2020-09-06,IS,Iceland,EURO,32,2156,0,10,2146
2020-09-13,IS,Iceland,EURO,25,2181,0,10,2171
2020-09-20,IS,Iceland,EURO,212,2393,0,10,2383
2020-09-27,IS,Iceland,EURO,280,2673,0,10,2663
2020-10-04,IS,Iceland,EURO,321,2994,0,10,2984
2020-10-11,IS,Iceland,EURO,603,3597,1,11,3586
2020-10-18,IS,Iceland,EURO,532,4129,1,12,4117
2020-10-25,IS,Iceland,EURO,397,4526,0,12,4514
2020-11-01,IS,Iceland,EURO,408,4934,5,17,4917
2020-11-08,IS,Iceland,EURO,174,5108,7,24,5084
2020-11-15,IS,Iceland,EURO,108,5216,1,25,5191
2020-11-22,IS,Iceland,EURO,80,5296,1,26,5270
2020-11-29,IS,Iceland,EURO,107,5403,0,26,5377
2020-12-06,IS,Iceland,EURO,105,5508,1,27,5481
2020-12-13,IS,Iceland,EURO,64,5572,1,28,5544
2020-12-20,IS,Iceland,EURO,89,5661,0,28,5633
2020-12-27,IS,Iceland,EURO,82,5743,0,28,5715
2021-01-03,IS,Iceland,EURO,73,5816,1,29,5787
2021-01-10,IS,Iceland,EURO,102,5918,0,29,5889
2021-01-17,IS,Iceland,EURO,70,5988,0,29,5959
2021-01-24,IS,Iceland,EURO,19,6007,0,29,5978
2021-01-31,IS,Iceland,EURO,22,6029,0,29,6000
2021-02-07,IS,Iceland,EURO,12,6041,0,29,6012
2021-02-14,IS,Iceland,EURO,15,6056,0,29,6027
2021-02-21,IS,Iceland,EURO,10,6066,0,29,6037
2021-02-28,IS,Iceland,EURO,10,6076,0,29,6047
2021-03-07,IS,Iceland,EURO,11,6087,0,29,6058
2021-03-14,IS,Iceland,EURO,19,6106,0,29,6077
2021-03-21,IS,Iceland,EURO,38,6144,0,29,6115
2021-03-28,IS,Iceland,EURO,61,6205,0,29,6176
2021-04-04,IS,Iceland,EURO,50,6255,0,29,6226
2021-04-11,IS,Iceland,EURO,34,6289,0,29,6260
2021-04-18,IS,Iceland,EURO,62,6351,0,29,6322
2021-04-25,IS,Iceland,EURO,65,6416,0,29,6387
2021-05-02,IS,Iceland,EURO,54,6470,0,29,6441
2021-05-09,IS,Iceland,EURO,35,6505,0,29,6476
2021-05-16,IS,Iceland,EURO,30,6535,0,29,6506
2021-05-23,IS,Iceland,EURO,7,6542,1,30,6512
2021-05-30,IS,Iceland,EURO,30,6572,0,30,6542
2021-06-06,IS,Iceland,EURO,28,6600,0,30,6570
2021-06-13,IS,Iceland,EURO,11,6611,0,30,6581
2021-06-20,IS,Iceland,EURO,10,6621,0,30,6591
2021-06-27,IS,Iceland,EURO,17,6638,0,30,6608
2021-07-04,IS,Iceland,EURO,16,6654,0,30,6624
2021-07-11,IS,Iceland,EURO,25,6679,0,30,6649
2021-07-18,IS,Iceland,EURO,99,6778,0,30,6748
2021-07-25,IS,Iceland,EURO,519,7297,0,30,7267
2021-08-01,IS,Iceland,EURO,815,8112,0,30,8082
2021-08-08,IS,Iceland,EURO,776,8888,0,30,8858
2021-08-15,IS,Iceland,EURO,680,9568,0,30,9538
2021-08-22,IS,Iceland,EURO,605,10173,0,30,10143
2021-08-29,IS,Iceland,EURO,525,10698,3,33,10665
2021-09-05,IS,Iceland,EURO,355,11053,0,33,11020
2021-09-12,IS,Iceland,EURO,219,11272,0,33,11239
2021-09-19,IS,Iceland,EURO,189,11461,0,33,11428
2021-09-26,IS,Iceland,EURO,251,11712,0,33,11679
2021-10-03,IS,Iceland,EURO,235,11947,0,33,11914
2021-10-10,IS,Iceland,EURO,285,12232,0,33,12199
2021-10-17,IS,Iceland,EURO,373,12605,0,33,12572
2021-10-24,IS,Iceland,EURO,525,13130,0,33,13097
2021-10-31,IS,Iceland,EURO,601,13731,1,34,13697
2021-11-07,IS,Iceland,EURO,827,14558,0,34,14524
2021-11-14,IS,Iceland,EURO,1175,15733,0,34,15699
2021-11-21,IS,Iceland,EURO,1058,16791,0,34,16757
2021-11-28,IS,Iceland,EURO,975,17766,1,35,17731
2021-12-05,IS,Iceland,EURO,868,18634,0,35,18599
2021-12-12,IS,Iceland,EURO,901,19535,1,36,19499
2021-12-19,IS,Iceland,EURO,1352,20887,1,37,20850
2021-12-26,IS,Iceland,EURO,3319,24206,0,37,24169
2022-01-02,IS,Iceland,EURO,6853,31059,1,38,31021
2022-01-09,IS,Iceland,EURO,8921,39980,3,41,39939
2022-01-16,IS,Iceland,EURO,131,40111,0,41,40070
2022-01-23,IS,Iceland,EURO,9874,49985,0,41,49944
2022-01-30,IS,Iceland,EURO,9188,59173,2,43,59130
2022-02-06,IS,Iceland,EURO,10475,69648,3,46,69602
2022-02-13,IS,Iceland,EURO,13792,83440,5,51,83389
2022-02-20,IS,Iceland,EURO,17366,100806,5,56,100750
2022-02-27,IS,Iceland,EURO,13322,114128,3,59,114069
2022-03-06,IS,Iceland,EURO,16895,131023,8,67,130956
2022-03-13,IS,Iceland,EURO,19640,150663,6,73,150590
2022-03-20,IS,Iceland,EURO,13313,163976,10,83,163893
2022-03-27,IS,Iceland,EURO,7342,171318,4,87,171231
2022-04-03,IS,Iceland,EURO,3024,174342,8,95,174247
2022-04-10,IS,Iceland,EURO,1622,175964,9,104,175860
2022-04-17,IS,Iceland,EURO,875,176839,1,105,176734
2022-04-24,IS,Iceland,EURO,866,177705,5,110,177595
2022-05-01,IS,Iceland,EURO,551,178256,0,110,178146
2022-05-08,IS,Iceland,EURO,451,178707,1,111,178596
2022-05-15,IS,Iceland,EURO,778,179485,0,111,179374
2022-05-22,IS,Iceland,EURO,863,180348,0,111,180237
2022-05-29,IS,Iceland,EURO,809,181157,0,111,181046
2022-06-05,IS,Iceland,EURO,1159,182316,0,111,182205
2022-06-12,IS,Iceland,EURO,1412,183728,0,111,183617
2022-06-19,IS,Iceland,EURO,1535,185263,2,113,185150
2022-06-26,IS,Iceland,EURO,2409,187672,2,115,187557
2022-07-03,IS,Iceland,EURO,3196,190868,2,117,190751
2022-07-10,IS,Iceland,EURO,3196,194064,0,117,193947
2022-07-17,IS,Iceland,EURO,2338,196402,0,117,196285
2022-07-24,IS,Iceland,EURO,1695,198097,0,117,197980
2022-07-31,IS,Iceland,EURO,1337,199434,0,117,199317
2022-08-07,IS,Iceland,EURO,803,200237,0,117,200120
2022-08-14,IS,Iceland,EURO,860,201097,0,117,200980
2022-08-21,IS,Iceland,EURO,717,201814,0,117,201697
2022-08-28,IS,Iceland,EURO,547,202361,0,117,202244
2022-09-04,IS,Iceland,EURO,424,202785,0,117,202668
2022-09-11,IS,Iceland,EURO,357,203142,0,117,203025
2022-09-18,IS,Iceland,EURO,250,203392,0,117,203275
2022-09-25,IS,Iceland,EURO,239,203631,0,117,203514
2022-10-02,IS,Iceland,EURO,240,203871,0,117,203754
2022-10-09,IS,Iceland,EURO,188,204059,0,117,203942
2022-10-16,IS,Iceland,EURO,217,204276,0,117,204159
2022-10-23,IS,Iceland,EURO,324,204600,0,117,204483
2022-10-30,IS,Iceland,EURO,295,204895,0,117,204778
2022-11-06,IS,Iceland,EURO,305,205200,0,117,205083
2022-11-13,IS,Iceland,EURO,310,205510,69,186,205324
2022-11-20,IS,Iceland,EURO,276,205786,0,186,205600
2022-11-27,IS,Iceland,EURO,274,206060,0,186,205874
2022-12-04,IS,Iceland,EURO,207,206267,0,186,206081
2022-12-11,IS,Iceland,EURO,207,206474,0,186,206288
2022-12-18,IS,Iceland,EURO,384,206858,0,186,206672
2022-12-25,IS,Iceland,EURO,355,207213,0,186,207027
2023-01-01,IS,Iceland,EURO,223,207436,0,186,207250
2023-01-08,IS,Iceland,EURO,192,207628,0,186,207442
2023-01-15,IS,Iceland,EURO,0,207628,0,186,207442
2023-01-22,IS,Iceland,EURO,76,207704,0,186,207518
2023-01-29,IS,Iceland,EURO,105,207809,0,186,207623
2023-02-05,IS,Iceland,EURO,190,207999,0,186,207813
2023-02-12,IS,Iceland,EURO,115,208114,0,186,207928
2023-02-19,IS,Iceland,EURO,101,208215,0,186,208029
2023-02-26,IS,Iceland,EURO,117,208332,0,186,208146
2023-03-05,IS,Iceland,EURO,75,208407,0,186,208221
2023-03-12,IS,Iceland,EURO,32,208439,0,186,208253
2023-03-19,IS,Iceland,EURO,44,208483,0,186,208297
2023-03-26,IS,Iceland,EURO,28,208511,0,186,208325
2023-04-02,IS,Iceland,EURO,37,208548,0,186,208362
2023-04-09,IS,Iceland,EURO,28,208576,0,186,208390
2023-04-16,IS,Iceland,EURO,16,208592,0,186,208406
2023-04-23,IS,Iceland,EURO,8,208600,0,186,208414
2023-04-30,IS,Iceland,EURO,10,208610,0,186,208424
2023-05-07,IS,Iceland,EURO,10,208620,0,186,208434
2023-05-14,IS,Iceland,EURO,10,208630,0,186,208444
2023-05-21,IS,Iceland,EURO,16,208646,0,186,208460
2023-05-28,IS,Iceland,EURO,19,208665,0,186,208479
2023-06-04,IS,Iceland,EURO,23,208688,0,186,208502
2023-06-11,IS,Iceland,EURO,19,208707,0,186,208521
2023-06-18,IS,Iceland,EURO,21,208728,0,186,208542
2023-06-25,IS,Iceland,EURO,7,208735,0,186,208549
2023-07-02,IS,Iceland,EURO,8,208743,0,186,208557
2023-07-09,IS,Iceland,EURO,8,208751,0,186,208565
2023-07-16,IS,Iceland,EURO,6,208757,0,186,208571
2023-07-23,IS,Iceland,EURO,35,208792,0,186,208606
2023-07-30,IS,Iceland,EURO,22,208814,0,186,208628
2023-08-06,IS,Iceland,EURO,31,208845,0,186,208659
2023-08-13,IS,Iceland,EURO,38,208883,0,186,208697
2023-08-20,IS,Iceland,EURO,32,208915,0,186,208729
2023-08-27,IS,Iceland,EURO,42,208957,0,186,208771
2023-09-03,IS,Iceland,EURO,41,208998,0,186,208812
2023-09-10,IS,Iceland,EURO,44,209042,0,186,208856
2023-09-17,IS,Iceland,EURO,43,209085,0,186,208899
2023-09-24,IS,Iceland,EURO,57,209142,0,186,208956
2023-10-01,IS,Iceland,EURO,54,209196,0,186,209010
2023-10-08,IS,Iceland,EURO,47,209243,0,186,209057
2023-10-15,IS,Iceland,EURO,43,209286,0,186,209100
2023-10-22,IS,Iceland,EURO,42,209328,0,186,209142
2023-10-29,IS,Iceland,EURO,0,209328,0,186,209142
2023-11-05,IS,Iceland,EURO,42,209370,0,186,209184
2023-11-12,IS,Iceland,EURO,43,209413,0,186,209227
2023-11-19,IS,Iceland,EURO,62,209475,0,186,209289
2023-11-26,IS,Iceland,EURO,59,209534,0,186,209348
2023-12-03,IS,Iceland,EURO,52,209586,0,186,209400
2023-12-10,IS,Iceland,EURO,64,209650,0,186,209464
2023-12-17,IS,Iceland,EURO,56,209706,0,186,209520
2023-12-24,IS,Iceland,EURO,48,209754,0,186,209568
2023-12-31,IS,Iceland,EURO,37,209791,0,186,209605
2024-01-07,IS,Iceland,EURO,41,209832,0,186,209646
2024-01-14,IS,Iceland,EURO,26,209858,0,186,209672
2024-01-21,IS,Iceland,EURO,12,209870,0,186,209684
2024-01-28,IS,Iceland,EURO,8,209878,0,186,209692
2024-02-04,IS,Iceland,EURO,6,209884,0,186,209698
2024-02-11,IS,Iceland,EURO,5,209889,0,186,209703
2024-02-18,IS,Iceland,EURO,6,209895,0,186,209709
2024-02-25,IS,Iceland,EURO,4,209899,0,186,209713
2024-03-03,IS,Iceland,EURO,4,209903,0,186,209717
2024-03-10,IS,Iceland,EURO,3,209906,0,186,209720
2024-03-17,IS,Iceland,EURO,7,209913,0,186,209727
2024-03-24,IS,Iceland,EURO,1,209914,0,186,209728
2024-03-31,IS,Iceland,EURO,1,209915,0,186,209729
2024-04-07,IS,Iceland,EURO,0,209915,0,186,209729
2024-04-14,IS,Iceland,EURO,5,209920,0,186,209734
2024-04-21,IS,Iceland,EURO,8,209928,0,186,209742
2024-04-28,IS,Iceland,EURO,4,209932,0,186,209746
2024-05-05,IS,Iceland,EURO,6,209938,0,186,209752
2024-05-12,IS,Iceland,EURO,7,209945,0,186,209759
2024-05-19,IS,Iceland,EURO,19,209964,0,186,209778
2024-05-26,IS,Iceland,EURO,15,209979,0,186,209793
2024-06-02,IS,Iceland,EURO,15,209994,0,186,209808
2024-06-09,IS,Iceland,EURO,19,210013,0,186,209827
2024-06-16,IS,Iceland,EURO,35,210048,0,186,209862
2024-06-23,IS,Iceland,EURO,32,210080,0,186,209894
2024-06-30,IS,Iceland,EURO,56,210136,0,186,209950
2024-07-07,IS,Iceland,EURO,51,210187,0,186,210001
2024-07-14,IS,Iceland,EURO,70,210257,0,186,210071
2024-07-21,IS,Iceland,EURO,58,210315,0,186,210129
2024-07-28,IS,Iceland,EURO,32,210347,0,186,210161
2024-08-04,IS,Iceland,EURO,27,210374,0,186,210188
2024-08-11,IS,Iceland,EURO,24,210398,0,186,210212
2024-08-18,IS,Iceland,EURO,27,210425,0,186,210239
2024-08-25,IS,Iceland,EURO,28,210453,0,186,210267
2024-09-01,IS,Iceland,EURO,42,210495,0,186,210309
2024-09-08,IS,Iceland,EURO,39,210534,0,186,210348
2024-09-15,IS,Iceland,EURO,27,210561,0,186,210375
2024-09-22,IS,Iceland,EURO,30,210591,0,186,210405
2024-09-29,IS,Iceland,EURO,16,210607,0,186,210421
2024-10-06,IS,Iceland,EURO,11,210618,0,186,210432
2024-10-13,IS,Iceland,EURO,17,210635,0,186,210449
2024-10-20,IS,Iceland,EURO,21,210656,0,186,210470
2024-10-27,IS,Iceland,EURO,19,210675,0,186,210489
2024-11-03,IS,Iceland,EURO,13,210688,0,186,210502
2024-11-10,IS,Iceland,EURO,8,210696,0,186,210510
2024-11-17,IS,Iceland,EURO,8,210704,0,186,210518
2020-01-05,IN,India,SEARO,0,0,0,0,0
2020-01-12,IN,India,SEARO,0,0,0,0,0
2020-01-19,IN,India,SEARO,0,0,0,0,0
2020-01-26,IN,India,SEARO,0,0,0,0,0
2020-02-02,IN,India,SEARO,2,2,0,0,2
2020-02-09,IN,India,SEARO,5,7,0,0,7
2020-02-16,IN,India,SEARO,0,7,0,0,7
2020-02-23,IN,India,SEARO,0,7,0,0,7
2020-03-01,IN,India,SEARO,0,7,0,0,7
2020-03-08,IN,India,SEARO,32,39,0,0,39
2020-03-15,IN,India,SEARO,68,107,2,2,105
2020-03-22,IN,India,SEARO,253,360,5,7,353
2020-03-29,IN,India,SEARO,619,979,18,25,954
2020-04-05,IN,India,SEARO,2395,3374,52,77,3297
2020-04-12,IN,India,SEARO,4982,8356,196,273,8083
2020-04-19,IN,India,SEARO,7356,15712,234,507,15205
2020-04-26,IN,India,SEARO,10784,26496,317,824,25672
2020-05-03,IN,India,SEARO,13484,39980,477,1301,38679
2020-05-10,IN,India,SEARO,22959,62939,808,2109,60830
2020-05-17,IN,India,SEARO,27988,90927,763,2872,88055
2020-05-24,IN,India,SEARO,40941,131868,995,3867,128001
2020-05-31,IN,India,SEARO,50275,182143,1297,5164,176979
2020-06-07,IN,India,SEARO,64485,246628,1765,6929,239699
2020-06-14,IN,India,SEARO,74294,320922,2266,9195,311727
2020-06-21,IN,India,SEARO,89539,410461,4059,13254,397207
2020-06-28,IN,India,SEARO,118398,528859,2841,16095,512764
2020-07-05,IN,India,SEARO,144306,673165,3173,19268,653897
2020-07-12,IN,India,SEARO,176388,849553,3406,22674,826879
2020-07-19,IN,India,SEARO,228065,1077618,4142,26816,1050802
2020-07-26,IN,India,SEARO,307904,1385522,5247,32063,1353459
2020-08-02,IN,India,SEARO,365201,1750723,5301,37364,1713359
2020-08-09,IN,India,SEARO,402287,2153010,6015,43379,2109631
2020-08-16,IN,India,SEARO,436672,2589682,6601,49980,2539702
2020-08-23,IN,India,SEARO,455258,3044940,6726,56706,2988234
2020-08-30,IN,India,SEARO,497793,3542733,6792,63498,3479235
2020-09-06,IN,India,SEARO,571078,4113811,7128,70626,4043185
2020-09-13,IN,India,SEARO,640545,4754356,7960,78586,4675770
2020-09-20,IN,India,SEARO,646263,5400619,8166,86752,5313867
2020-09-27,IN,India,SEARO,591913,5992532,7751,94503,5898029
2020-10-04,IN,India,SEARO,556841,6549373,7279,101782,6447591
2020-10-11,IN,India,SEARO,504433,7053806,6552,108334,6945472
2020-10-18,IN,India,SEARO,440745,7494551,5697,114031,7380520
2020-10-25,IN,India,SEARO,370260,7864811,4503,118534,7746277
2020-11-01,IN,India,SEARO,319271,8184082,3577,122111,8061971
2020-11-08,IN,India,SEARO,323672,8507754,4010,126121,8381633
2020-11-15,IN,India,SEARO,306825,8814579,3514,129635,8684944
2020-11-22,IN,India,SEARO,281227,9095806,3592,133227,8962579
2020-11-29,IN,India,SEARO,297113,9392919,3469,136696,9256223
2020-12-06,IN,India,SEARO,251303,9644222,3486,140182,9504040
2020-12-13,IN,India,SEARO,212807,9857029,2837,143019,9714010
2020-12-20,IN,India,SEARO,174194,10031223,2458,145477,9885746
2020-12-27,IN,India,SEARO,156627,10187850,2145,147622,10040228
2021-01-03,IN,India,SEARO,136115,10323965,1813,149435,10174530
2021-01-10,IN,India,SEARO,126319,10450284,1564,150999,10299285
2021-01-17,IN,India,SEARO,107701,10557985,1275,152274,10405711
2021-01-24,IN,India,SEARO,96548,10654533,1065,153339,10501194
2021-01-31,IN,India,SEARO,91650,10746183,935,154274,10591909
2021-02-07,IN,India,SEARO,80180,10826363,722,154996,10671367
2021-02-14,IN,India,SEARO,78577,10904940,646,155642,10749298
2021-02-21,IN,India,SEARO,86711,10991651,660,156302,10835349
2021-02-28,IN,India,SEARO,105080,11096731,749,157051,10939680
2021-03-07,IN,India,SEARO,114068,11210799,705,157756,11053043
2021-03-14,IN,India,SEARO,148249,11359048,851,158607,11200441
2021-03-21,IN,India,SEARO,240082,11599130,1148,159755,11439375
2021-03-28,IN,India,SEARO,372494,11971624,1797,161552,11810072
2021-04-04,IN,India,SEARO,513885,12485509,3071,164623,12320886
2021-04-11,IN,India,SEARO,873296,13358805,4652,169275,13189530
2021-04-18,IN,India,SEARO,1429304,14788109,7875,177150,14610959
2021-04-25,IN,India,SEARO,2172063,16960172,15161,192311,16767861
2021-05-02,IN,India,SEARO,2597285,19557457,23231,215542,19341915
2021-05-09,IN,India,SEARO,2738957,22296414,26820,242362,22054052
2021-05-16,IN,India,SEARO,2387663,24684077,27922,270284,24413793
2021-05-23,IN,India,SEARO,1846055,26530132,28982,299266,26230866
2021-05-30,IN,India,SEARO,1364668,27894800,26706,325972,27568828
2021-06-06,IN,India,SEARO,914539,28809339,20787,346759,28462580
2021-06-13,IN,India,SEARO,630650,29439989,23625,370384,29069605
2021-06-20,IN,India,SEARO,441976,29881965,16329,386713,29495252
2021-06-27,IN,India,SEARO,351218,30233183,9038,395751,29837432
2021-07-04,IN,India,SEARO,312250,30545433,6254,402005,30143428
2021-07-11,IN,India,SEARO,291789,30837222,6035,408040,30429182
2021-07-18,IN,India,SEARO,268843,31106065,5569,413609,30692456
2021-07-25,IN,India,SEARO,265836,31371901,6942,420551,30951350
2021-08-01,IN,India,SEARO,283923,31655824,3800,424351,31231473
2021-08-08,IN,India,SEARO,278631,31934455,3511,427862,31506593
2021-08-15,IN,India,SEARO,258121,32192576,3363,431225,31761351
2021-08-22,IN,India,SEARO,231658,32424234,3142,434367,31989867
2021-08-29,IN,India,SEARO,270796,32695030,3463,437830,32257200
2021-09-05,IN,India,SEARO,293643,32988673,2703,440533,32548140
2021-09-12,IN,India,SEARO,248248,33236921,2122,442655,32794266
2021-09-19,IN,India,SEARO,211242,33448163,2183,444838,33003325
2021-09-26,IN,India,SEARO,204582,33652745,2080,446918,33205827
2021-10-03,IN,India,SEARO,161158,33813903,1899,448817,33365086
2021-10-10,IN,India,SEARO,139572,33953475,1772,450589,33502886
2021-10-17,IN,India,SEARO,114244,34067719,1535,452124,33615595
2021-10-24,IN,India,SEARO,107749,34175468,2145,454269,33721199
2021-10-31,IN,India,SEARO,97832,34273300,3917,458186,33815114
2021-11-07,IN,India,SEARO,82236,34355536,2605,460791,33894745
2021-11-14,IN,India,SEARO,81771,34437307,2739,463530,33973777
2021-11-21,IN,India,SEARO,73106,34510413,2132,465662,34044751
2021-11-28,IN,India,SEARO,62110,34572523,2892,468554,34103969
2021-12-05,IN,India,SEARO,60732,34633255,4772,473326,34159929
2021-12-12,IN,India,SEARO,57255,34690510,2108,475434,34215076
2021-12-19,IN,India,SEARO,49765,34740275,1988,477422,34262853
2021-12-26,IN,India,SEARO,46527,34786802,2260,479682,34307120
2022-01-02,IN,India,SEARO,102330,34889132,2088,481770,34407362
2022-01-09,IN,India,SEARO,638872,35528004,2020,483790,35044214
2022-01-16,IN,India,SEARO,1594160,37122164,2276,486066,36636098
2022-01-23,IN,India,SEARO,2115100,39237264,3343,489409,38747855
2022-01-30,IN,India,SEARO,1855258,41092522,4682,494091,40598431
2022-02-06,IN,India,SEARO,1095616,42188138,7888,501979,41686159
2022-02-13,IN,India,SEARO,443283,42631421,6686,508665,42122756
2022-02-20,IN,India,SEARO,191052,42822473,3238,511903,42310570
2022-02-27,IN,India,SEARO,93644,42916117,1821,513724,42402393
2022-03-06,IN,India,SEARO,46836,42962953,1312,515036,42447917
2022-03-13,IN,India,SEARO,28038,42990991,814,515850,42475141
2022-03-20,IN,India,SEARO,16850,43007841,629,516479,42491362
2022-03-27,IN,India,SEARO,11612,43019453,4525,521004,42498449
2022-04-03,IN,India,SEARO,8678,43028131,341,521345,42506786
2022-04-10,IN,India,SEARO,7140,43035271,340,521685,42513586
2022-04-17,IN,India,SEARO,6826,43042097,66,521751,42520346
2022-04-24,IN,India,SEARO,15448,43057545,442,522193,42535352
2022-05-01,IN,India,SEARO,21643,43079188,1650,523843,42555345
2022-05-08,IN,India,SEARO,23006,43102194,221,524064,42578130
2022-05-15,IN,India,SEARO,19405,43121599,150,524214,42597385
2022-05-22,IN,India,SEARO,14772,43136371,199,524413,42611958
2022-05-29,IN,India,SEARO,16672,43153043,173,524586,42628457
2022-06-05,IN,India,SEARO,23774,43176817,106,524692,42652125
2022-06-12,IN,India,SEARO,45200,43222017,69,524761,42697256
2022-06-19,IN,India,SEARO,74675,43296692,94,524855,42771837
2022-06-26,IN,India,SEARO,93281,43389973,144,524999,42864974
2022-07-03,IN,India,SEARO,112456,43502429,200,525199,42977230
2022-07-10,IN,India,SEARO,120222,43622651,229,525428,43097223
2022-07-17,IN,India,SEARO,127948,43750599,281,525709,43224890
2022-07-24,IN,India,SEARO,138156,43888755,324,526033,43362722
2022-07-31,IN,India,SEARO,131056,44019811,324,526357,43493454
2022-08-07,IN,India,SEARO,125921,44145732,332,526689,43619043
2022-08-14,IN,India,SEARO,107732,44253464,348,527037,43726427
2022-08-21,IN,India,SEARO,85965,44339429,295,527332,43812097
2022-08-28,IN,India,SEARO,68703,44408132,422,527754,43880378
2022-09-04,IN,India,SEARO,48403,44456535,237,527991,43928544
2022-09-11,IN,India,SEARO,38824,44495359,159,528150,43967209
2022-09-18,IN,India,SEARO,38829,44534188,187,528337,44005851
2022-09-25,IN,India,SEARO,33926,44568114,173,528510,44039604
2022-10-02,IN,India,SEARO,26373,44594487,163,528673,44065814
2022-10-09,IN,India,SEARO,17526,44612013,126,528799,44083214
2022-10-16,IN,India,SEARO,16815,44628828,96,528895,44099933
2022-10-23,IN,India,SEARO,13914,44642742,66,528961,44113781
2022-10-30,IN,India,SEARO,9524,44652266,55,529016,44123250
2022-11-06,IN,India,SEARO,8313,44660579,1484,530500,44130079
2022-11-13,IN,India,SEARO,5798,44666377,31,530531,44135846
2022-11-20,IN,India,SEARO,2638,44669015,43,530574,44138441
2022-11-27,IN,India,SEARO,2547,44671562,38,530612,44140950
2022-12-04,IN,India,SEARO,1830,44673392,16,530628,44142764
2022-12-11,IN,India,SEARO,1430,44674822,30,530658,44144164
2022-12-18,IN,India,SEARO,1130,44675952,14,530672,44145280
2022-12-25,IN,India,SEARO,1154,44677106,21,530693,44146413
2023-01-01,IN,India,SEARO,1543,44678649,12,530705,44147944
2023-01-08,IN,India,SEARO,1275,44679924,15,530720,44149204
2023-01-15,IN,India,SEARO,1116,44681040,6,530726,44150314
2023-01-22,IN,India,SEARO,881,44681921,7,530733,44151188
2023-01-29,IN,India,SEARO,718,44682639,7,530740,44151899
2023-02-05,IN,India,SEARO,724,44683363,5,530745,44152618
2023-02-12,IN,India,SEARO,755,44684118,5,530750,44153368
2023-02-19,IN,India,SEARO,799,44684917,10,530760,44154157
2023-02-26,IN,India,SEARO,1100,44686017,9,530769,44155248
2023-03-05,IN,India,SEARO,1803,44687820,6,530775,44157045
2023-03-12,IN,India,SEARO,2672,44690492,6,530781,44159711
2023-03-19,IN,India,SEARO,4928,44695420,21,530802,44164618
2023-03-26,IN,India,SEARO,8727,44704147,29,530831,44173316
2023-04-02,IN,India,SEARO,18458,44722605,50,530881,44191724
2023-04-09,IN,India,SEARO,34011,44756616,84,530965,44225651
2023-04-16,IN,India,SEARO,61499,44818115,149,531114,44287001
2023-04-23,IN,India,SEARO,73874,44891989,215,531329,44360660
2023-04-30,IN,India,SEARO,53400,44945389,204,531533,44413856
2023-05-07,IN,India,SEARO,24241,44969630,147,531680,44437950
2023-05-14,IN,India,SEARO,11044,44980674,90,531770,44448904
2023-05-21,IN,India,SEARO,5787,44986461,62,531832,44454629
2023-05-28,IN,India,SEARO,3283,44989744,32,531864,44457880
2023-06-04,IN,India,SEARO,1838,44991582,16,531880,44459702
2023-06-11,IN,India,SEARO,1206,44992788,11,531891,44460897
2023-06-18,IN,India,SEARO,692,44993480,4,531895,44461585
2023-06-25,IN,India,SEARO,472,44993952,8,531903,44462049
2023-07-02,IN,India,SEARO,329,44994281,4,531907,44462374
2023-07-09,IN,India,SEARO,294,44994575,6,531913,44462662
2023-07-16,IN,India,SEARO,303,44994878,2,531915,44462963
2023-07-23,IN,India,SEARO,386,44995264,0,531915,44463349
2023-07-30,IN,India,SEARO,324,44995588,1,531916,44463672
2023-08-06,IN,India,SEARO,392,44995980,2,531918,44464062
2023-08-13,IN,India,SEARO,294,44996274,3,531921,44464353
2023-08-20,IN,India,SEARO,325,44996599,4,531925,44464674
2023-08-27,IN,India,SEARO,364,44996963,3,531928,44465035
2023-09-03,IN,India,SEARO,363,44997326,95,532023,44465303
2023-09-10,IN,India,SEARO,384,44997710,4,532027,44465683
2023-09-17,IN,India,SEARO,452,44998162,3,532030,44466132
2023-09-24,IN,India,SEARO,363,44998525,1,532031,44466494
2023-10-01,IN,India,SEARO,313,44998838,1,532032,44466806
2023-10-08,IN,India,SEARO,490,44999328,2,532034,44467294
2023-10-15,IN,India,SEARO,260,44999588,3,532037,44467551
2023-10-22,IN,India,SEARO,1464,45001052,1254,533291,44467761
2023-10-29,IN,India,SEARO,193,45001245,2,533293,44467952
2023-11-05,IN,India,SEARO,139,45001384,1,533294,44468090
2023-11-12,IN,India,SEARO,72,45001456,1,533295,44468161
2023-11-19,IN,India,SEARO,119,45001575,0,533295,44468280
2023-11-26,IN,India,SEARO,189,45001764,3,533298,44468466
2023-12-03,IN,India,SEARO,415,45002179,2,533300,44468879
2023-12-10,IN,India,SEARO,876,45003055,6,533306,44469749
2023-12-17,IN,India,SEARO,1761,45004816,10,533316,44471500
2023-12-24,IN,India,SEARO,3804,45008620,17,533333,44475287
2023-12-31,IN,India,SEARO,4552,45013172,28,533361,44479811
2024-01-07,IN,India,SEARO,4962,45018134,31,533392,44484742
2024-01-14,IN,India,SEARO,3624,45021758,22,533414,44488344
2024-01-21,IN,India,SEARO,1993,45023751,20,533434,44490317
2024-01-28,IN,India,SEARO,1325,45025076,11,533445,44491631
2024-02-04,IN,India,SEARO,1063,45026139,9,533454,44492685
2024-02-11,IN,India,SEARO,1012,45027151,8,533462,44493689
2024-02-18,IN,India,SEARO,902,45028053,10,533472,44494581
2024-02-25,IN,India,SEARO,982,45029035,6,533478,44495557
2024-03-03,IN,India,SEARO,1177,45030212,17,533495,44496717
2024-03-10,IN,India,SEARO,1202,45031414,15,533510,44497904
2024-03-17,IN,India,SEARO,1241,45032655,11,533521,44499134
2024-03-24,IN,India,SEARO,989,45033644,18,533539,44500105
2024-03-31,IN,India,SEARO,716,45034360,13,533552,44500808
2024-04-07,IN,India,SEARO,695,45035055,13,533565,44501490
2024-04-14,IN,India,SEARO,518,45035573,9,533574,44501999
2024-04-21,IN,India,SEARO,624,45036197,7,533581,44502616
2024-04-28,IN,India,SEARO,756,45036953,4,533585,44503368
2024-05-05,IN,India,SEARO,823,45037776,4,533589,44504187
2024-05-12,IN,India,SEARO,742,45038518,10,533599,44504919
2024-05-19,IN,India,SEARO,622,45039140,11,533610,44505530
2024-05-26,IN,India,SEARO,370,45039510,2,533612,44505898
2024-06-02,IN,India,SEARO,362,45039872,5,533617,44506255
2024-06-09,IN,India,SEARO,164,45040036,2,533619,44506417
2024-06-16,IN,India,SEARO,38,45040074,0,533619,44506455
2024-06-23,IN,India,SEARO,210,45040284,2,533621,44506663
2024-06-30,IN,India,SEARO,334,45040618,1,533622,44506996
2024-07-07,IN,India,SEARO,134,45040752,0,533622,44507130
2024-07-14,IN,India,SEARO,0,45040752,0,533622,44507130
2024-07-21,IN,India,SEARO,440,45041192,1,533623,44507569
2024-07-28,IN,India,SEARO,243,45041435,0,533623,44507812
2024-08-04,IN,India,SEARO,313,45041748,0,533623,44508125
2024-08-11,IN,India,SEARO,306,45042054,3,533626,44508428
2024-08-18,IN,India,SEARO,266,45042320,3,533629,44508691
2024-08-25,IN,India,SEARO,200,45042520,3,533632,44508888
2024-09-01,IN,India,SEARO,282,45042802,4,533636,44509166
2024-09-08,IN,India,SEARO,235,45043037,0,533636,44509401
2024-09-15,IN,India,SEARO,190,45043227,2,533638,44509589
2024-09-22,IN,India,SEARO,188,45043415,3,533641,44509774
2024-09-29,IN,India,SEARO,190,45043605,5,533646,44509959
2024-10-06,IN,India,SEARO,187,45043792,2,533648,44510144
2024-10-13,IN,India,SEARO,156,45043948,3,533651,44510297
2024-10-20,IN,India,SEARO,133,45044081,1,533652,44510429
2024-10-27,IN,India,SEARO,115,45044196,1,533653,44510543
2024-11-03,IN,India,SEARO,85,45044281,1,533654,44510627
2024-11-10,IN,India,SEARO,65,45044346,1,533655,44510691
2024-11-17,IN,India,SEARO,62,45044408,1,533656,44510752
2020-01-05,ID,Indonesia,SEARO,0,0,0,0,0
2020-01-12,ID,Indonesia,SEARO,0,0,0,0,0
2020-01-19,ID,Indonesia,SEARO,0,0,0,0,0
2020-01-26,ID,Indonesia,SEARO,0,0,0,0,0
2020-02-02,ID,Indonesia,SEARO,0,0,0,0,0
2020-02-09,ID,Indonesia,SEARO,0,0,0,0,0
2020-02-16,ID,Indonesia,SEARO,0,0,0,0,0
2020-02-23,ID,Indonesia,SEARO,0,0,0,0,0
2020-03-01,ID,Indonesia,SEARO,0,0,0,0,0
2020-03-08,ID,Indonesia,SEARO,10,10,0,0,10
2020-03-15,ID,Indonesia,SEARO,107,117,4,4,113
2020-03-22,ID,Indonesia,SEARO,397,514,44,48,466
2020-03-29,ID,Indonesia,SEARO,771,1285,66,114,1171
2020-04-05,ID,Indonesia,SEARO,988,2273,84,198,2075
2020-04-12,ID,Indonesia,SEARO,1968,4241,175,373,3868
2020-04-19,ID,Indonesia,SEARO,2334,6575,209,582,5993
2020-04-26,ID,Indonesia,SEARO,2307,8882,161,743,8139
2020-05-03,ID,Indonesia,SEARO,2310,11192,102,845,10347
2020-05-10,ID,Indonesia,SEARO,2840,14032,128,973,13059
2020-05-17,ID,Indonesia,SEARO,3482,17514,175,1148,16366
2020-05-24,ID,Indonesia,SEARO,4757,22271,224,1372,20899
2020-05-31,ID,Indonesia,SEARO,4202,26473,241,1613,24860
2020-06-07,ID,Indonesia,SEARO,4713,31186,238,1851,29335
2020-06-14,ID,Indonesia,SEARO,7091,38277,283,2134,36143
2020-06-21,ID,Indonesia,SEARO,7614,45891,331,2465,43426
2020-06-28,ID,Indonesia,SEARO,8119,54010,289,2754,51256
2020-07-05,ID,Indonesia,SEARO,9739,63749,417,3171,60578
2020-07-12,ID,Indonesia,SEARO,11950,75699,435,3606,72093
2020-07-19,ID,Indonesia,SEARO,10822,86521,537,4143,82378
2020-07-26,ID,Indonesia,SEARO,12257,98778,638,4781,93997
2020-08-02,ID,Indonesia,SEARO,12677,111455,455,5236,106219
2020-08-09,ID,Indonesia,SEARO,13941,125396,487,5723,119673
2020-08-16,ID,Indonesia,SEARO,14153,139549,427,6150,133399
2020-08-23,ID,Indonesia,SEARO,13986,153535,530,6680,146855
2020-08-30,ID,Indonesia,SEARO,18518,172053,663,7343,164710
2020-09-06,ID,Indonesia,SEARO,22056,194109,682,8025,186084
2020-09-13,ID,Indonesia,SEARO,24273,218382,698,8723,209659
2020-09-20,ID,Indonesia,SEARO,26294,244676,830,9553,235123
2020-09-27,ID,Indonesia,SEARO,30537,275213,833,10386,264827
2020-10-04,ID,Indonesia,SEARO,28285,303498,765,11151,292347
2020-10-11,ID,Indonesia,SEARO,29951,333449,693,11844,321605
2020-10-18,ID,Indonesia,SEARO,28418,361867,667,12511,349356
2020-10-25,ID,Indonesia,SEARO,27845,389712,788,13299,376413
2020-11-01,ID,Indonesia,SEARO,23072,412784,644,13943,398841
2020-11-08,ID,Indonesia,SEARO,24932,437716,671,14614,423102
2020-11-15,ID,Indonesia,SEARO,29397,467113,597,15211,451902
2020-11-22,ID,Indonesia,SEARO,30555,497668,673,15884,481784
2020-11-29,ID,Indonesia,SEARO,36598,534266,931,16815,517451
2020-12-06,ID,Indonesia,SEARO,41530,575796,925,17740,558056
2020-12-13,ID,Indonesia,SEARO,42024,617820,1079,18819,599001
2020-12-20,ID,Indonesia,SEARO,47110,664930,1061,19880,645050
2020-12-27,ID,Indonesia,SEARO,48435,713365,1357,21237,692128
2021-01-03,ID,Indonesia,SEARO,51985,765350,1497,22734,742616
2021-01-10,ID,Indonesia,SEARO,62676,828026,1395,24129,803897
2021-01-17,ID,Indonesia,SEARO,79903,907929,1858,25987,881942
2021-01-24,ID,Indonesia,SEARO,81333,989262,1848,27835,961427
2021-01-31,ID,Indonesia,SEARO,89052,1078314,2163,29998,1048316
2021-02-07,ID,Indonesia,SEARO,79523,1157837,1558,31556,1126281
2021-02-14,ID,Indonesia,SEARO,59631,1217468,1627,33183,1184285
2021-02-21,ID,Indonesia,SEARO,61185,1278653,1306,34489,1244164
2021-02-28,ID,Indonesia,SEARO,55981,1334634,1677,36166,1298468
2021-03-07,ID,Indonesia,SEARO,45028,1379662,1100,37266,1342396
2021-03-14,ID,Indonesia,SEARO,39793,1419455,1160,38426,1381029
2021-03-21,ID,Indonesia,SEARO,40729,1460184,1124,39550,1420634
2021-03-28,ID,Indonesia,SEARO,35901,1496085,899,40449,1455636
2021-04-04,ID,Indonesia,SEARO,38170,1534255,1220,41669,1492586
2021-04-11,ID,Indonesia,SEARO,32740,1566995,861,42530,1524465
2021-04-18,ID,Indonesia,SEARO,37353,1604348,894,43424,1560924
2021-04-25,ID,Indonesia,SEARO,36846,1641194,1170,44594,1596600
2021-05-02,ID,Indonesia,SEARO,36080,1677274,1202,45796,1631478
2021-05-09,ID,Indonesia,SEARO,36410,1713684,1216,47012,1666672
2021-05-16,ID,Indonesia,SEARO,26066,1739750,1081,48093,1691657
2021-05-23,ID,Indonesia,SEARO,35470,1775220,1235,49328,1725892
2021-05-30,ID,Indonesia,SEARO,40821,1816041,1076,50404,1765637
2021-06-06,ID,Indonesia,SEARO,39997,1856038,1208,51612,1804426
2021-06-13,ID,Indonesia,SEARO,55320,1911358,1267,52879,1858479
2021-06-20,ID,Indonesia,SEARO,78551,1989909,1783,54662,1935247
2021-06-27,ID,Indonesia,SEARO,125395,2115304,2476,57138,2058166
2021-07-04,ID,Indonesia,SEARO,168780,2284084,3444,60582,2223502
2021-07-11,ID,Indonesia,SEARO,243119,2527203,5882,66464,2460739
2021-07-18,ID,Indonesia,SEARO,350273,2877476,7118,73582,2803894
2021-07-25,ID,Indonesia,SEARO,289029,3166505,9697,83279,3083226
2021-08-01,ID,Indonesia,SEARO,273891,3440396,12444,95723,3344673
2021-08-08,ID,Indonesia,SEARO,225635,3666031,11373,107096,3558935
2021-08-15,ID,Indonesia,SEARO,188323,3854354,10492,117588,3736766
2021-08-22,ID,Indonesia,SEARO,125102,3979456,8784,126372,3853084
2021-08-29,ID,Indonesia,SEARO,94375,4073831,5551,131923,3941908
2021-09-05,ID,Indonesia,SEARO,55189,4129020,3938,135861,3993159
2021-09-12,ID,Indonesia,SEARO,38491,4167511,3028,138889,4028622
2021-09-19,ID,Indonesia,SEARO,23252,4190763,1579,140468,4050295
2021-09-26,ID,Indonesia,SEARO,17250,4208013,999,141467,4066546
2021-10-03,ID,Indonesia,SEARO,11271,4219284,706,142173,4077111
2021-10-10,ID,Indonesia,SEARO,8648,4227932,478,142651,4085281
2021-10-17,ID,Indonesia,SEARO,6826,4234758,301,142952,4091806
2021-10-24,ID,Indonesia,SEARO,5261,4240019,253,143205,4096814
2021-10-31,ID,Indonesia,SEARO,4339,4244358,200,143405,4100953
2021-11-07,ID,Indonesia,SEARO,3807,4248165,140,143545,4104620
2021-11-14,ID,Indonesia,SEARO,2690,4250855,114,143659,4107196
2021-11-21,ID,Indonesia,SEARO,2557,4253412,80,143739,4109673
2021-11-28,ID,Indonesia,SEARO,2524,4255936,69,143808,4112128
2021-12-05,ID,Indonesia,SEARO,1749,4257685,59,143867,4113818
2021-12-12,ID,Indonesia,SEARO,1458,4259143,69,143936,4115207
2021-12-19,ID,Indonesia,SEARO,1401,4260544,66,144002,4116542
2021-12-26,ID,Indonesia,SEARO,1215,4261759,53,144055,4117704
2022-01-02,ID,Indonesia,SEARO,1409,4263168,42,144097,4119071
2022-01-09,ID,Indonesia,SEARO,3027,4266195,32,144129,4122066
2022-01-16,ID,Indonesia,SEARO,5454,4271649,41,144170,4127479
2022-01-23,ID,Indonesia,SEARO,14729,4286378,50,144220,4142158
2022-01-30,ID,Indonesia,SEARO,56807,4343185,83,144303,4198882
2022-02-06,ID,Indonesia,SEARO,173295,4516480,251,144554,4371926
2022-02-13,ID,Indonesia,SEARO,291298,4807778,622,145176,4662602
2022-02-20,ID,Indonesia,SEARO,389727,5197505,1189,146365,5051140
2022-02-27,ID,Indonesia,SEARO,341889,5539394,1708,148073,5391321
2022-03-06,ID,Indonesia,SEARO,209331,5748725,2099,150172,5598553
2022-03-13,ID,Indonesia,SEARO,141770,5890495,1994,152166,5738329
2022-03-20,ID,Indonesia,SEARO,71988,5962483,1572,153738,5808745
2022-03-27,ID,Indonesia,SEARO,36470,5998953,932,154670,5844283
2022-04-03,ID,Indonesia,SEARO,21028,6019981,618,155288,5864693
2022-04-10,ID,Indonesia,SEARO,12726,6032707,338,155626,5877081
2022-04-17,ID,Indonesia,SEARO,7166,6039873,240,155866,5884007
2022-04-24,ID,Indonesia,SEARO,4277,6044150,234,156100,5888050
2022-05-01,ID,Indonesia,SEARO,2890,6047040,173,156273,5890767
2022-05-08,ID,Indonesia,SEARO,1391,6048431,108,156381,5892050
2022-05-15,ID,Indonesia,SEARO,2345,6050776,77,156458,5894318
2022-05-22,ID,Indonesia,SEARO,1814,6052590,64,156522,5896068
2022-05-29,ID,Indonesia,SEARO,1825,6054415,52,156574,5897841
2022-06-05,ID,Indonesia,SEARO,2385,6056800,41,156615,5900185
2022-06-12,ID,Indonesia,SEARO,3688,6060488,28,156643,5903845
2022-06-19,ID,Indonesia,SEARO,7587,6068075,44,156687,5911388
2022-06-26,ID,Indonesia,SEARO,12376,6080451,30,156717,5923734
2022-07-03,ID,Indonesia,SEARO,13466,6093917,32,156749,5937168
2022-07-10,ID,Indonesia,SEARO,17388,6111305,42,156791,5954514
2022-07-17,ID,Indonesia,SEARO,23648,6134953,58,156849,5978104
2022-07-24,ID,Indonesia,SEARO,33389,6168342,53,156902,6011440
2022-07-31,ID,Indonesia,SEARO,38756,6207098,91,156993,6050105
2022-08-07,ID,Indonesia,SEARO,37880,6244978,102,157095,6087883
2022-08-14,ID,Indonesia,SEARO,37796,6282774,131,157226,6125548
2022-08-21,ID,Indonesia,SEARO,32783,6315557,151,157377,6158180
2022-08-28,ID,Indonesia,SEARO,30747,6346304,123,157500,6188804
2022-09-04,ID,Indonesia,SEARO,26238,6372542,147,157647,6214895
2022-09-11,ID,Indonesia,SEARO,19950,6392492,123,157770,6234722
2022-09-18,ID,Indonesia,SEARO,16314,6408806,122,157892,6250914
2022-09-25,ID,Indonesia,SEARO,13723,6422529,122,158014,6264515
2022-10-02,ID,Indonesia,SEARO,12056,6434585,118,158132,6276453
2022-10-09,ID,Indonesia,SEARO,10363,6444948,73,158205,6286743
2022-10-16,ID,Indonesia,SEARO,11920,6456868,108,158313,6298555
2022-10-23,ID,Indonesia,SEARO,14093,6470961,116,158429,6312532
2022-10-30,ID,Indonesia,SEARO,19661,6490622,168,158597,6332025
2022-11-06,ID,Indonesia,SEARO,30670,6521292,232,158829,6362463
2022-11-13,ID,Indonesia,SEARO,40212,6561504,275,159104,6402400
2022-11-20,ID,Indonesia,SEARO,46863,6608367,275,159379,6448988
2022-11-27,ID,Indonesia,SEARO,41877,6650244,297,159676,6490568
2022-12-04,ID,Indonesia,SEARO,29959,6680203,302,159978,6520225
2022-12-11,ID,Indonesia,SEARO,18587,6698790,246,160224,6538566
2022-12-18,ID,Indonesia,SEARO,10807,6709597,174,160398,6549199
2022-12-25,ID,Indonesia,SEARO,6527,6716124,139,160537,6555587
2023-01-01,ID,Indonesia,SEARO,4057,6720181,82,160619,6559562
2023-01-08,ID,Indonesia,SEARO,3365,6723546,64,160683,6562863
2023-01-15,ID,Indonesia,SEARO,2540,6726086,44,160727,6565359
2023-01-22,ID,Indonesia,SEARO,1979,6728065,54,160781,6567284
2023-01-29,ID,Indonesia,SEARO,1508,6729573,22,160803,6568770
2023-02-05,ID,Indonesia,SEARO,1562,6731135,29,160832,6570303
2023-02-12,ID,Indonesia,SEARO,1664,6732799,32,160864,6571935
2023-02-19,ID,Indonesia,SEARO,1416,6734215,22,160886,6573329
2023-02-26,ID,Indonesia,SEARO,1413,6735628,22,160908,6574720
2023-03-05,ID,Indonesia,SEARO,1531,6737159,22,160930,6576229
2023-03-12,ID,Indonesia,SEARO,1908,6739067,18,160948,6578119
2023-03-19,ID,Indonesia,SEARO,2287,6741354,23,160971,6580383
2023-03-26,ID,Indonesia,SEARO,2679,6744033,23,160994,6583039
2023-04-02,ID,Indonesia,SEARO,3330,6747363,33,161027,6586336
2023-04-09,ID,Indonesia,SEARO,3805,6751168,25,161052,6590116
2023-04-16,ID,Indonesia,SEARO,6277,6757445,71,161123,6596322
2023-04-23,ID,Indonesia,SEARO,6495,6763940,54,161177,6602763
2023-04-30,ID,Indonesia,SEARO,10781,6774721,107,161284,6613437
2023-05-07,ID,Indonesia,SEARO,12633,6787354,175,161459,6625895
2023-05-14,ID,Indonesia,SEARO,9982,6797336,150,161609,6635727
2023-05-21,ID,Indonesia,SEARO,4754,6802090,65,161674,6640416
2023-05-28,ID,Indonesia,SEARO,4198,6806288,65,161739,6644549
2023-06-04,ID,Indonesia,SEARO,2249,6808537,50,161789,6646748
2023-06-11,ID,Indonesia,SEARO,1582,6810119,32,161821,6648298
2023-06-18,ID,Indonesia,SEARO,1009,6811128,23,161844,6649284
2023-06-25,ID,Indonesia,SEARO,652,6811780,21,161865,6649915
2023-07-02,ID,Indonesia,SEARO,307,6812087,13,161878,6650209
2023-07-09,ID,Indonesia,SEARO,302,6812389,6,161884,6650505
2023-07-16,ID,Indonesia,SEARO,281,6812670,11,161895,6650775
2023-07-23,ID,Indonesia,SEARO,148,6812818,8,161903,6650915
2023-07-30,ID,Indonesia,SEARO,148,6812966,11,161914,6651052
2023-08-06,ID,Indonesia,SEARO,129,6813095,2,161916,6651179
2023-08-13,ID,Indonesia,SEARO,72,6813167,0,161916,6651251
2023-08-20,ID,Indonesia,SEARO,66,6813233,0,161916,6651317
2023-08-27,ID,Indonesia,SEARO,68,6813301,2,161918,6651383
2023-09-03,ID,Indonesia,SEARO,66,6813367,0,161918,6651449
2023-09-10,ID,Indonesia,SEARO,11,6813378,0,161918,6651460
2023-09-17,ID,Indonesia,SEARO,51,6813429,0,161918,6651511
2023-09-24,ID,Indonesia,SEARO,0,6813429,0,161918,6651511
2023-10-01,ID,Indonesia,SEARO,0,6813429,0,161918,6651511
2023-10-08,ID,Indonesia,SEARO,0,6813429,0,161918,6651511
2023-10-15,ID,Indonesia,SEARO,0,6813429,0,161918,6651511
2023-10-22,ID,Indonesia,SEARO,0,6813429,0,161918,6651511
2023-10-29,ID,Indonesia,SEARO,0,6813429,0,161918,6651511
2023-11-05,ID,Indonesia,SEARO,0,6813429,0,161918,6651511
2023-11-12,ID,Indonesia,SEARO,0,6813429,0,161918,6651511
2023-11-19,ID,Indonesia,SEARO,0,6813429,0,161918,6651511
2023-11-26,ID,Indonesia,SEARO,0,6813429,0,161918,6651511
2023-12-03,ID,Indonesia,SEARO,0,6813429,0,161918,6651511
2023-12-10,ID,Indonesia,SEARO,1727,6815156,5,161923,6653233
2023-12-17,ID,Indonesia,SEARO,1998,6817154,7,161930,6655224
2023-12-24,ID,Indonesia,SEARO,2676,6819830,24,161954,6657876
2023-12-31,ID,Indonesia,SEARO,1940,6821770,18,161972,6659798
2024-01-07,ID,Indonesia,SEARO,1996,6823766,23,161995,6661771
2024-01-14,ID,Indonesia,SEARO,1772,6825538,20,162015,6663523
2024-01-21,ID,Indonesia,SEARO,1212,6826750,18,162033,6664717
2024-01-28,ID,Indonesia,SEARO,919,6827669,12,162045,6665624
2024-02-04,ID,Indonesia,SEARO,599,6828268,9,162054,6666214
2024-02-11,ID,Indonesia,SEARO,58,6828326,-4,162050,6666276
2024-02-18,ID,Indonesia,SEARO,0,6828326,0,162050,6666276
2024-02-25,ID,Indonesia,SEARO,41,6828367,0,162050,6666317
2024-03-03,ID,Indonesia,SEARO,441,6828808,5,162055,6666753
2024-03-10,ID,Indonesia,SEARO,48,6828856,1,162056,6666800
2024-03-17,ID,Indonesia,SEARO,28,6828884,0,162056,6666828
2024-03-24,ID,Indonesia,SEARO,35,6828919,0,162056,6666863
2024-03-31,ID,Indonesia,SEARO,23,6828942,0,162056,6666886
2024-04-07,ID,Indonesia,SEARO,15,6828957,0,162056,6666901
2024-04-14,ID,Indonesia,SEARO,6,6828963,2,162058,6666905
2024-04-21,ID,Indonesia,SEARO,6,6828969,0,162058,6666911
2024-04-28,ID,Indonesia,SEARO,0,6828969,0,162058,6666911
2024-05-05,ID,Indonesia,SEARO,24,6828993,0,162058,6666935
2024-05-12,ID,Indonesia,SEARO,17,6829010,0,162058,6666952
2024-05-19,ID,Indonesia,SEARO,19,6829029,0,162058,6666971
2024-05-26,ID,Indonesia,SEARO,0,6829029,0,162058,6666971
2024-06-02,ID,Indonesia,SEARO,28,6829057,0,162058,6666999
2024-06-09,ID,Indonesia,SEARO,63,6829120,0,162058,6667062
2024-06-16,ID,Indonesia,SEARO,0,6829120,0,162058,6667062
2024-06-23,ID,Indonesia,SEARO,0,6829120,0,162058,6667062
2024-06-30,ID,Indonesia,SEARO,99,6829219,0,162058,6667161
2024-07-07,ID,Indonesia,SEARO,41,6829260,0,162058,6667202
2024-07-14,ID,Indonesia,SEARO,45,6829305,1,162059,6667246
2024-07-21,ID,Indonesia,SEARO,48,6829353,0,162059,6667294
2024-07-28,ID,Indonesia,SEARO,0,6829353,0,162059,6667294
2024-08-04,ID,Indonesia,SEARO,46,6829399,0,162059,6667340
2024-08-11,ID,Indonesia,SEARO,92,6829491,0,162059,6667432
2024-08-18,ID,Indonesia,SEARO,24,6829515,0,162059,6667456
2024-08-25,ID,Indonesia,SEARO,13,6829528,0,162059,6667469
2024-09-01,ID,Indonesia,SEARO,21,6829549,0,162059,6667490
2024-09-08,ID,Indonesia,SEARO,0,6829549,0,162059,6667490
2024-09-15,ID,Indonesia,SEARO,27,6829576,0,162059,6667517
2024-09-22,ID,Indonesia,SEARO,0,6829576,0,162059,6667517
2024-09-29,ID,Indonesia,SEARO,34,6829610,0,162059,6667551
2024-10-06,ID,Indonesia,SEARO,14,6829624,0,162059,6667565
2024-10-13,ID,Indonesia,SEARO,0,6829624,0,162059,6667565
2024-10-20,ID,Indonesia,SEARO,44,6829668,0,162059,6667609
2024-10-27,ID,Indonesia,SEARO,36,6829704,0,162059,6667645
2024-11-03,ID,Indonesia,SEARO,55,6829759,0,162059,6667700
2024-11-10,ID,Indonesia,SEARO,30,6829789,0,162059,6667730
2024-11-17,ID,Indonesia,SEARO,47,6829836,0,162059,6667777
2020-01-05,XXL,International commercial vessel,OTHER,0,0,0,0,0
2020-01-12,XXL,International commercial vessel,OTHER,0,0,0,0,0
2020-01-19,XXL,International commercial vessel,OTHER,0,0,0,0,0
2020-01-26,XXL,International commercial vessel,OTHER,0,0,0,0,0
2020-02-02,XXL,International commercial vessel,OTHER,0,0,0,0,0
2020-02-09,XXL,International commercial vessel,OTHER,0,0,0,0,0
2020-02-16,XXL,International commercial vessel,OTHER,0,0,0,0,0
2020-02-23,XXL,International commercial vessel,OTHER,0,0,0,0,0
2020-03-01,XXL,International commercial vessel,OTHER,0,0,0,0,0
2020-03-08,XXL,International commercial vessel,OTHER,0,0,0,0,0
2020-03-15,XXL,International commercial vessel,OTHER,0,0,0,0,0
2020-03-22,XXL,International commercial vessel,OTHER,0,0,0,0,0
2020-03-29,XXL,International commercial vessel,OTHER,0,0,0,0,0
2020-04-05,XXL,International commercial vessel,OTHER,0,0,0,0,0
2020-04-12,XXL,International commercial vessel,OTHER,0,0,0,0,0
2020-04-19,XXL,International commercial vessel,OTHER,0,0,0,0,0
2020-04-26,XXL,International commercial vessel,OTHER,0,0,0,0,0
2020-05-03,XXL,International commercial vessel,OTHER,0,0,0,0,0
2020-05-10,XXL,International commercial vessel,OTHER,0,0,0,0,0
2020-05-17,XXL,International commercial vessel,OTHER,0,0,0,0,0
2020-05-24,XXL,International commercial vessel,OTHER,29,29,0,0,29
2020-05-31,XXL,International commercial vessel,OTHER,0,29,0,0,29
2020-06-07,XXL,International commercial vessel,OTHER,0,29,0,0,29
2020-06-14,XXL,International commercial vessel,OTHER,0,29,0,0,29
2020-06-21,XXL,International commercial vessel,OTHER,0,29,0,0,29
2020-06-28,XXL,International commercial vessel,OTHER,0,29,0,0,29
2020-07-05,XXL,International commercial vessel,OTHER,0,29,0,0,29
2020-07-12,XXL,International commercial vessel,OTHER,0,29,0,0,29
2020-07-19,XXL,International commercial vessel,OTHER,0,29,0,0,29
2020-07-26,XXL,International commercial vessel,OTHER,0,29,0,0,29
2020-08-02,XXL,International commercial vessel,OTHER,0,29,0,0,29
2020-08-09,XXL,International commercial vessel,OTHER,0,29,0,0,29
2020-08-16,XXL,International commercial vessel,OTHER,0,29,0,0,29
2020-08-23,XXL,International commercial vessel,OTHER,0,29,0,0,29
2020-08-30,XXL,International commercial vessel,OTHER,0,29,0,0,29
2020-09-06,XXL,International commercial vessel,OTHER,0,29,0,0,29
2020-09-13,XXL,International commercial vessel,OTHER,0,29,0,0,29
2020-09-20,XXL,International commercial vessel,OTHER,0,29,0,0,29
2020-09-27,XXL,International commercial vessel,OTHER,0,29,0,0,29
2020-10-04,XXL,International commercial vessel,OTHER,0,29,0,0,29
2020-10-11,XXL,International commercial vessel,OTHER,0,29,0,0,29
2020-10-18,XXL,International commercial vessel,OTHER,0,29,0,0,29
2020-10-25,XXL,International commercial vessel,OTHER,0,29,0,0,29
2020-11-01,XXL,International commercial vessel,OTHER,0,29,0,0,29
2020-11-08,XXL,International commercial vessel,OTHER,0,29,0,0,29
2020-11-15,XXL,International commercial vessel,OTHER,0,29,0,0,29
2020-11-22,XXL,International commercial vessel,OTHER,0,29,0,0,29
2020-11-29,XXL,International commercial vessel,OTHER,0,29,0,0,29
2020-12-06,XXL,International commercial vessel,OTHER,0,29,0,0,29
2020-12-13,XXL,International commercial vessel,OTHER,0,29,0,0,29
2020-12-20,XXL,International commercial vessel,OTHER,0,29,0,0,29
2020-12-27,XXL,International commercial vessel,OTHER,0,29,0,0,29
2021-01-03,XXL,International commercial vessel,OTHER,0,29,0,0,29
2021-01-10,XXL,International commercial vessel,OTHER,0,29,0,0,29
2021-01-17,XXL,International commercial vessel,OTHER,0,29,0,0,29
2021-01-24,XXL,International commercial vessel,OTHER,0,29,0,0,29
2021-01-31,XXL,International commercial vessel,OTHER,0,29,0,0,29
2021-02-07,XXL,International commercial vessel,OTHER,0,29,0,0,29
2021-02-14,XXL,International commercial vessel,OTHER,0,29,0,0,29
2021-02-21,XXL,International commercial vessel,OTHER,0,29,0,0,29
2021-02-28,XXL,International commercial vessel,OTHER,0,29,0,0,29
2021-03-07,XXL,International commercial vessel,OTHER,0,29,0,0,29
2021-03-14,XXL,International commercial vessel,OTHER,0,29,0,0,29
2021-03-21,XXL,International commercial vessel,OTHER,0,29,0,0,29
2021-03-28,XXL,International commercial vessel,OTHER,0,29,0,0,29
2021-04-04,XXL,International commercial vessel,OTHER,0,29,0,0,29
2021-04-11,XXL,International commercial vessel,OTHER,0,29,0,0,29
2021-04-18,XXL,International commercial vessel,OTHER,0,29,0,0,29
2021-04-25,XXL,International commercial vessel,OTHER,0,29,0,0,29
2021-05-02,XXL,International commercial vessel,OTHER,0,29,0,0,29
2021-05-09,XXL,International commercial vessel,OTHER,0,29,0,0,29
2021-05-16,XXL,International commercial vessel,OTHER,0,29,0,0,29
2021-05-23,XXL,International commercial vessel,OTHER,0,29,0,0,29
2021-05-30,XXL,International commercial vessel,OTHER,0,29,0,0,29
2021-06-06,XXL,International commercial vessel,OTHER,0,29,0,0,29
2021-06-13,XXL,International commercial vessel,OTHER,0,29,0,0,29
2021-06-20,XXL,International commercial vessel,OTHER,0,29,0,0,29
2021-06-27,XXL,International commercial vessel,OTHER,0,29,0,0,29
2021-07-04,XXL,International commercial vessel,OTHER,0,29,0,0,29
2021-07-11,XXL,International commercial vessel,OTHER,0,29,0,0,29
2021-07-18,XXL,International commercial vessel,OTHER,0,29,0,0,29
2021-07-25,XXL,International commercial vessel,OTHER,0,29,0,0,29
2021-08-01,XXL,International commercial vessel,OTHER,0,29,0,0,29
2021-08-08,XXL,International commercial vessel,OTHER,0,29,0,0,29
2021-08-15,XXL,International commercial vessel,OTHER,0,29,0,0,29
2021-08-22,XXL,International commercial vessel,OTHER,0,29,0,0,29
2021-08-29,XXL,International commercial vessel,OTHER,0,29,0,0,29
2021-09-05,XXL,International commercial vessel,OTHER,0,29,0,0,29
2021-09-12,XXL,International commercial vessel,OTHER,0,29,0,0,29
2021-09-19,XXL,International commercial vessel,OTHER,0,29,0,0,29
2021-09-26,XXL,International commercial vessel,OTHER,0,29,0,0,29
2021-10-03,XXL,International commercial vessel,OTHER,0,29,0,0,29
2021-10-10,XXL,International commercial vessel,OTHER,0,29,0,0,29
2021-10-17,XXL,International commercial vessel,OTHER,0,29,0,0,29
2021-10-24,XXL,International commercial vessel,OTHER,0,29,0,0,29
2021-10-31,XXL,International commercial vessel,OTHER,0,29,0,0,29
2021-11-07,XXL,International commercial vessel,OTHER,0,29,0,0,29
2021-11-14,XXL,International commercial vessel,OTHER,0,29,0,0,29
2021-11-21,XXL,International commercial vessel,OTHER,0,29,0,0,29
2021-11-28,XXL,International commercial vessel,OTHER,0,29,0,0,29
2021-12-05,XXL,International commercial vessel,OTHER,0,29,0,0,29
2021-12-12,XXL,International commercial vessel,OTHER,0,29,0,0,29
2021-12-19,XXL,International commercial vessel,OTHER,0,29,0,0,29
2021-12-26,XXL,International commercial vessel,OTHER,0,29,0,0,29
2022-01-02,XXL,International commercial vessel,OTHER,0,29,0,0,29
2022-01-09,XXL,International commercial vessel,OTHER,0,29,0,0,29
2022-01-16,XXL,International commercial vessel,OTHER,0,29,0,0,29
2022-01-23,XXL,International commercial vessel,OTHER,0,29,0,0,29
2022-01-30,XXL,International commercial vessel,OTHER,0,29,0,0,29
2022-02-06,XXL,International commercial vessel,OTHER,0,29,0,0,29
2022-02-13,XXL,International commercial vessel,OTHER,0,29,0,0,29
2022-02-20,XXL,International commercial vessel,OTHER,0,29,0,0,29
2022-02-27,XXL,International commercial vessel,OTHER,0,29,0,0,29
2022-03-06,XXL,International commercial vessel,OTHER,0,29,0,0,29
2022-03-13,XXL,International commercial vessel,OTHER,0,29,0,0,29
2022-03-20,XXL,International commercial vessel,OTHER,0,29,0,0,29
2022-03-27,XXL,International commercial vessel,OTHER,0,29,0,0,29
2022-04-03,XXL,International commercial vessel,OTHER,0,29,0,0,29
2022-04-10,XXL,International commercial vessel,OTHER,0,29,0,0,29
2022-04-17,XXL,International commercial vessel,OTHER,0,29,0,0,29
2022-04-24,XXL,International commercial vessel,OTHER,0,29,0,0,29
2022-05-01,XXL,International commercial vessel,OTHER,0,29,0,0,29
2022-05-08,XXL,International commercial vessel,OTHER,0,29,0,0,29
2022-05-15,XXL,International commercial vessel,OTHER,0,29,0,0,29
2022-05-22,XXL,International commercial vessel,OTHER,0,29,0,0,29
2022-05-29,XXL,International commercial vessel,OTHER,0,29,0,0,29
2022-06-05,XXL,International commercial vessel,OTHER,0,29,0,0,29
2022-06-12,XXL,International commercial vessel,OTHER,0,29,0,0,29
2022-06-19,XXL,International commercial vessel,OTHER,0,29,0,0,29
2022-06-26,XXL,International commercial vessel,OTHER,0,29,0,0,29
2022-07-03,XXL,International commercial vessel,OTHER,0,29,0,0,29
2022-07-10,XXL,International commercial vessel,OTHER,0,29,0,0,29
2022-07-17,XXL,International commercial vessel,OTHER,0,29,0,0,29
2022-07-24,XXL,International commercial vessel,OTHER,0,29,0,0,29
2022-07-31,XXL,International commercial vessel,OTHER,0,29,0,0,29
2022-08-07,XXL,International commercial vessel,OTHER,0,29,0,0,29
2022-08-14,XXL,International commercial vessel,OTHER,0,29,0,0,29
2022-08-21,XXL,International commercial vessel,OTHER,0,29,0,0,29
2022-08-28,XXL,International commercial vessel,OTHER,0,29,0,0,29
2022-09-04,XXL,International commercial vessel,OTHER,0,29,0,0,29
2022-09-11,XXL,International commercial vessel,OTHER,0,29,0,0,29
2022-09-18,XXL,International commercial vessel,OTHER,0,29,0,0,29
2022-09-25,XXL,International commercial vessel,OTHER,0,29,0,0,29
2022-10-02,XXL,International commercial vessel,OTHER,0,29,0,0,29
2022-10-09,XXL,International commercial vessel,OTHER,0,29,0,0,29
2022-10-16,XXL,International commercial vessel,OTHER,0,29,0,0,29
2022-10-23,XXL,International commercial vessel,OTHER,0,29,0,0,29
2022-10-30,XXL,International commercial vessel,OTHER,0,29,0,0,29
2022-11-06,XXL,International commercial vessel,OTHER,0,29,0,0,29
2022-11-13,XXL,International commercial vessel,OTHER,0,29,0,0,29
2022-11-20,XXL,International commercial vessel,OTHER,0,29,0,0,29
2022-11-27,XXL,International commercial vessel,OTHER,0,29,0,0,29
2022-12-04,XXL,International commercial vessel,OTHER,0,29,0,0,29
2022-12-11,XXL,International commercial vessel,OTHER,0,29,0,0,29
2022-12-18,XXL,International commercial vessel,OTHER,0,29,0,0,29
2022-12-25,XXL,International commercial vessel,OTHER,0,29,0,0,29
2023-01-01,XXL,International commercial vessel,OTHER,0,29,0,0,29
2023-01-08,XXL,International commercial vessel,OTHER,0,29,0,0,29
2023-01-15,XXL,International commercial vessel,OTHER,0,29,0,0,29
2023-01-22,XXL,International commercial vessel,OTHER,0,29,0,0,29
2023-01-29,XXL,International commercial vessel,OTHER,0,29,0,0,29
2023-02-05,XXL,International commercial vessel,OTHER,0,29,0,0,29
2023-02-12,XXL,International commercial vessel,OTHER,0,29,0,0,29
2023-02-19,XXL,International commercial vessel,OTHER,0,29,0,0,29
2023-02-26,XXL,International commercial vessel,OTHER,0,29,0,0,29
2023-03-05,XXL,International commercial vessel,OTHER,0,29,0,0,29
2023-03-12,XXL,International commercial vessel,OTHER,0,29,0,0,29
2023-03-19,XXL,International commercial vessel,OTHER,0,29,0,0,29
2023-03-26,XXL,International commercial vessel,OTHER,0,29,0,0,29
2023-04-02,XXL,International commercial vessel,OTHER,0,29,0,0,29
2023-04-09,XXL,International commercial vessel,OTHER,0,29,0,0,29
2023-04-16,XXL,International commercial vessel,OTHER,0,29,0,0,29
2023-04-23,XXL,International commercial vessel,OTHER,0,29,0,0,29
2023-04-30,XXL,International commercial vessel,OTHER,0,29,0,0,29
2023-05-07,XXL,International commercial vessel,OTHER,0,29,0,0,29
2023-05-14,XXL,International commercial vessel,OTHER,0,29,0,0,29
2023-05-21,XXL,International commercial vessel,OTHER,0,29,0,0,29
2023-05-28,XXL,International commercial vessel,OTHER,0,29,0,0,29
2023-06-04,XXL,International commercial vessel,OTHER,0,29,0,0,29
2023-06-11,XXL,International commercial vessel,OTHER,0,29,0,0,29
2023-06-18,XXL,International commercial vessel,OTHER,0,29,0,0,29
2023-06-25,XXL,International commercial vessel,OTHER,0,29,0,0,29
2023-07-02,XXL,International commercial vessel,OTHER,0,29,0,0,29
2023-07-09,XXL,International commercial vessel,OTHER,0,29,0,0,29
2023-07-16,XXL,International commercial vessel,OTHER,0,29,0,0,29
2023-07-23,XXL,International commercial vessel,OTHER,0,29,0,0,29
2023-07-30,XXL,International commercial vessel,OTHER,0,29,0,0,29
2023-08-06,XXL,International commercial vessel,OTHER,0,29,0,0,29
2023-08-13,XXL,International commercial vessel,OTHER,0,29,0,0,29
2023-08-20,XXL,International commercial vessel,OTHER,0,29,0,0,29
2023-08-27,XXL,International commercial vessel,OTHER,0,29,0,0,29
2023-09-03,XXL,International commercial vessel,OTHER,0,29,0,0,29
2023-09-10,XXL,International commercial vessel,OTHER,0,29,0,0,29
2023-09-17,XXL,International commercial vessel,OTHER,0,29,0,0,29
2023-09-24,XXL,International commercial vessel,OTHER,0,29,0,0,29
2023-10-01,XXL,International commercial vessel,OTHER,0,29,0,0,29
2023-10-08,XXL,International commercial vessel,OTHER,0,29,0,0,29
2023-10-15,XXL,International commercial vessel,OTHER,0,29,0,0,29
2023-10-22,XXL,International commercial vessel,OTHER,0,29,0,0,29
2023-10-29,XXL,International commercial vessel,OTHER,0,29,0,0,29
2023-11-05,XXL,International commercial vessel,OTHER,0,29,0,0,29
2023-11-12,XXL,International commercial vessel,OTHER,0,29,0,0,29
2023-11-19,XXL,International commercial vessel,OTHER,0,29,0,0,29
2023-11-26,XXL,International commercial vessel,OTHER,0,29,0,0,29
2023-12-03,XXL,International commercial vessel,OTHER,0,29,0,0,29
2023-12-10,XXL,International commercial vessel,OTHER,0,29,0,0,29
2023-12-17,XXL,International commercial vessel,OTHER,0,29,0,0,29
2023-12-24,XXL,International commercial vessel,OTHER,0,29,0,0,29
2023-12-31,XXL,International commercial vessel,OTHER,0,29,0,0,29
2024-01-07,XXL,International commercial vessel,OTHER,0,29,0,0,29
2024-01-14,XXL,International commercial vessel,OTHER,0,29,0,0,29
2024-01-21,XXL,International commercial vessel,OTHER,0,29,0,0,29
2024-01-28,XXL,International commercial vessel,OTHER,0,29,0,0,29
2024-02-04,XXL,International commercial vessel,OTHER,0,29,0,0,29
2024-02-11,XXL,International commercial vessel,OTHER,0,29,0,0,29
2024-02-18,XXL,International commercial vessel,OTHER,0,29,0,0,29
2024-02-25,XXL,International commercial vessel,OTHER,0,29,0,0,29
2024-03-03,XXL,International commercial vessel,OTHER,0,29,0,0,29
2024-03-10,XXL,International commercial vessel,OTHER,0,29,0,0,29
2024-03-17,XXL,International commercial vessel,OTHER,0,29,0,0,29
2024-03-24,XXL,International commercial vessel,OTHER,0,29,0,0,29
2024-03-31,XXL,International commercial vessel,OTHER,0,29,0,0,29
2024-04-07,XXL,International commercial vessel,OTHER,0,29,0,0,29
2024-04-14,XXL,International commercial vessel,OTHER,0,29,0,0,29
2024-04-21,XXL,International commercial vessel,OTHER,0,29,0,0,29
2024-04-28,XXL,International commercial vessel,OTHER,0,29,0,0,29
2024-05-05,XXL,International commercial vessel,OTHER,0,29,0,0,29
2024-05-12,XXL,International commercial vessel,OTHER,0,29,0,0,29
2024-05-19,XXL,International commercial vessel,OTHER,0,29,0,0,29
2024-05-26,XXL,International commercial vessel,OTHER,0,29,0,0,29
2024-06-02,XXL,International commercial vessel,OTHER,0,29,0,0,29
2024-06-09,XXL,International commercial vessel,OTHER,0,29,0,0,29
2024-06-16,XXL,International commercial vessel,OTHER,0,29,0,0,29
2024-06-23,XXL,International commercial vessel,OTHER,0,29,0,0,29
2024-06-30,XXL,International commercial vessel,OTHER,0,29,0,0,29
2024-07-07,XXL,International commercial vessel,OTHER,0,29,0,0,29
2024-07-14,XXL,International commercial vessel,OTHER,0,29,0,0,29
2024-07-21,XXL,International commercial vessel,OTHER,0,29,0,0,29
2024-07-28,XXL,International commercial vessel,OTHER,0,29,0,0,29
2024-08-04,XXL,International commercial vessel,OTHER,0,29,0,0,29
2024-08-11,XXL,International commercial vessel,OTHER,0,29,0,0,29
2024-08-18,XXL,International commercial vessel,OTHER,0,29,0,0,29
2024-08-25,XXL,International commercial vessel,OTHER,0,29,0,0,29
2024-09-01,XXL,International commercial vessel,OTHER,0,29,0,0,29
2024-09-08,XXL,International commercial vessel,OTHER,0,29,0,0,29
2024-09-15,XXL,International commercial vessel,OTHER,0,29,0,0,29
2024-09-22,XXL,International commercial vessel,OTHER,0,29,0,0,29
2024-09-29,XXL,International commercial vessel,OTHER,0,29,0,0,29
2024-10-06,XXL,International commercial vessel,OTHER,0,29,0,0,29
2024-10-13,XXL,International commercial vessel,OTHER,0,29,0,0,29
2024-10-20,XXL,International commercial vessel,OTHER,0,29,0,0,29
2024-10-27,XXL,International commercial vessel,OTHER,0,29,0,0,29
2024-11-03,XXL,International commercial vessel,OTHER,0,29,0,0,29
2024-11-10,XXL,International commercial vessel,OTHER,0,29,0,0,29
2024-11-17,XXL,International commercial vessel,OTHER,0,29,0,0,29
2020-01-05,XXF,International conveyance (American Samoa),OTHER,0,0,0,0,0
2020-01-12,XXF,International conveyance (American Samoa),OTHER,0,0,0,0,0
2020-01-19,XXF,International conveyance (American Samoa),OTHER,0,0,0,0,0
2020-01-26,XXF,International conveyance (American Samoa),OTHER,0,0,0,0,0
2020-02-02,XXF,International conveyance (American Samoa),OTHER,0,0,0,0,0
2020-02-09,XXF,International conveyance (American Samoa),OTHER,0,0,0,0,0
2020-02-16,XXF,International conveyance (American Samoa),OTHER,0,0,0,0,0
2020-02-23,XXF,International conveyance (American Samoa),OTHER,0,0,0,0,0
2020-03-01,XXF,International conveyance (American Samoa),OTHER,0,0,0,0,0
2020-03-08,XXF,International conveyance (American Samoa),OTHER,0,0,0,0,0
2020-03-15,XXF,International conveyance (American Samoa),OTHER,0,0,0,0,0
2020-03-22,XXF,International conveyance (American Samoa),OTHER,0,0,0,0,0
2020-03-29,XXF,International conveyance (American Samoa),OTHER,0,0,0,0,0
2020-04-05,XXF,International conveyance (American Samoa),OTHER,0,0,0,0,0
2020-04-12,XXF,International conveyance (American Samoa),OTHER,0,0,0,0,0
2020-04-19,XXF,International conveyance (American Samoa),OTHER,0,0,0,0,0
2020-04-26,XXF,International conveyance (American Samoa),OTHER,0,0,0,0,0
2020-05-03,XXF,International conveyance (American Samoa),OTHER,0,0,0,0,0
2020-05-10,XXF,International conveyance (American Samoa),OTHER,0,0,0,0,0
2020-05-17,XXF,International conveyance (American Samoa),OTHER,0,0,0,0,0
2020-05-24,XXF,International conveyance (American Samoa),OTHER,0,0,0,0,0
2020-05-31,XXF,International conveyance (American Samoa),OTHER,0,0,0,0,0
2020-06-07,XXF,International conveyance (American Samoa),OTHER,0,0,0,0,0
2020-06-14,XXF,International conveyance (American Samoa),OTHER,0,0,0,0,0
2020-06-21,XXF,International conveyance (American Samoa),OTHER,0,0,0,0,0
2020-06-28,XXF,International conveyance (American Samoa),OTHER,0,0,0,0,0
2020-07-05,XXF,International conveyance (American Samoa),OTHER,0,0,0,0,0
2020-07-12,XXF,International conveyance (American Samoa),OTHER,0,0,0,0,0
2020-07-19,XXF,International conveyance (American Samoa),OTHER,0,0,0,0,0
2020-07-26,XXF,International conveyance (American Samoa),OTHER,0,0,0,0,0
2020-08-02,XXF,International conveyance (American Samoa),OTHER,0,0,0,0,0
2020-08-09,XXF,International conveyance (American Samoa),OTHER,0,0,0,0,0
2020-08-16,XXF,International conveyance (American Samoa),OTHER,0,0,0,0,0
2020-08-23,XXF,International conveyance (American Samoa),OTHER,0,0,0,0,0
2020-08-30,XXF,International conveyance (American Samoa),OTHER,0,0,0,0,0
2020-09-06,XXF,International conveyance (American Samoa),OTHER,0,0,0,0,0
2020-09-13,XXF,International conveyance (American Samoa),OTHER,0,0,0,0,0
2020-09-20,XXF,International conveyance (American Samoa),OTHER,0,0,0,0,0
2020-09-27,XXF,International conveyance (American Samoa),OTHER,0,0,0,0,0
2020-10-04,XXF,International conveyance (American Samoa),OTHER,0,0,0,0,0
2020-10-11,XXF,International conveyance (American Samoa),OTHER,0,0,0,0,0
2020-10-18,XXF,International conveyance (American Samoa),OTHER,0,0,0,0,0
2020-10-25,XXF,International conveyance (American Samoa),OTHER,0,0,0,0,0
2020-11-01,XXF,International conveyance (American Samoa),OTHER,0,0,0,0,0
2020-11-08,XXF,International conveyance (American Samoa),OTHER,0,0,0,0,0
2020-11-15,XXF,International conveyance (American Samoa),OTHER,0,0,0,0,0
2020-11-22,XXF,International conveyance (American Samoa),OTHER,0,0,0,0,0
2020-11-29,XXF,International conveyance (American Samoa),OTHER,0,0,0,0,0
2020-12-06,XXF,International conveyance (American Samoa),OTHER,0,0,0,0,0
2020-12-13,XXF,International conveyance (American Samoa),OTHER,3,3,0,0,3
2020-12-20,XXF,International conveyance (American Samoa),OTHER,0,3,0,0,3
2020-12-27,XXF,International conveyance (American Samoa),OTHER,1,4,0,0,4
2021-01-03,XXF,International conveyance (American Samoa),OTHER,0,4,0,0,4
2021-01-10,XXF,International conveyance (American Samoa),OTHER,0,4,0,0,4
2021-01-17,XXF,International conveyance (American Samoa),OTHER,0,4,0,0,4
2021-01-24,XXF,International conveyance (American Samoa),OTHER,0,4,0,0,4
2021-01-31,XXF,International conveyance (American Samoa),OTHER,0,4,0,0,4
2021-02-07,XXF,International conveyance (American Samoa),OTHER,0,4,0,0,4
2021-02-14,XXF,International conveyance (American Samoa),OTHER,0,4,0,0,4
2021-02-21,XXF,International conveyance (American Samoa),OTHER,0,4,0,0,4
2021-02-28,XXF,International conveyance (American Samoa),OTHER,0,4,0,0,4
2021-03-07,XXF,International conveyance (American Samoa),OTHER,0,4,0,0,4
2021-03-14,XXF,International conveyance (American Samoa),OTHER,0,4,0,0,4
2021-03-21,XXF,International conveyance (American Samoa),OTHER,0,4,0,0,4
2021-03-28,XXF,International conveyance (American Samoa),OTHER,0,4,0,0,4
2021-04-04,XXF,International conveyance (American Samoa),OTHER,0,4,0,0,4
2021-04-11,XXF,International conveyance (American Samoa),OTHER,0,4,0,0,4
2021-04-18,XXF,International conveyance (American Samoa),OTHER,0,4,0,0,4
2021-04-25,XXF,International conveyance (American Samoa),OTHER,0,4,0,0,4
2021-05-02,XXF,International conveyance (American Samoa),OTHER,0,4,0,0,4
2021-05-09,XXF,International conveyance (American Samoa),OTHER,0,4,0,0,4
2021-05-16,XXF,International conveyance (American Samoa),OTHER,0,4,0,0,4
2021-05-23,XXF,International conveyance (American Samoa),OTHER,0,4,0,0,4
2021-05-30,XXF,International conveyance (American Samoa),OTHER,0,4,0,0,4
2021-06-06,XXF,International conveyance (American Samoa),OTHER,0,4,0,0,4
2021-06-13,XXF,International conveyance (American Samoa),OTHER,0,4,0,0,4
2021-06-20,XXF,International conveyance (American Samoa),OTHER,0,4,0,0,4
2021-06-27,XXF,International conveyance (American Samoa),OTHER,0,4,0,0,4
2021-07-04,XXF,International conveyance (American Samoa),OTHER,0,4,0,0,4
2021-07-11,XXF,International conveyance (American Samoa),OTHER,0,4,0,0,4
2021-07-18,XXF,International conveyance (American Samoa),OTHER,0,4,0,0,4
2021-07-25,XXF,International conveyance (American Samoa),OTHER,0,4,0,0,4
2021-08-01,XXF,International conveyance (American Samoa),OTHER,0,4,0,0,4
2021-08-08,XXF,International conveyance (American Samoa),OTHER,0,4,0,0,4
2021-08-15,XXF,International conveyance (American Samoa),OTHER,0,4,0,0,4
2021-08-22,XXF,International conveyance (American Samoa),OTHER,0,4,0,0,4
2021-08-29,XXF,International conveyance (American Samoa),OTHER,0,4,0,0,4
2021-09-05,XXF,International conveyance (American Samoa),OTHER,0,4,0,0,4
2021-09-12,XXF,International conveyance (American Samoa),OTHER,0,4,0,0,4
2021-09-19,XXF,International conveyance (American Samoa),OTHER,0,4,0,0,4
2021-09-26,XXF,International conveyance (American Samoa),OTHER,0,4,0,0,4
2021-10-03,XXF,International conveyance (American Samoa),OTHER,0,4,0,0,4
2021-10-10,XXF,International conveyance (American Samoa),OTHER,0,4,0,0,4
2021-10-17,XXF,International conveyance (American Samoa),OTHER,0,4,0,0,4
2021-10-24,XXF,International conveyance (American Samoa),OTHER,0,4,0,0,4
2021-10-31,XXF,International conveyance (American Samoa),OTHER,0,4,0,0,4
2021-11-07,XXF,International conveyance (American Samoa),OTHER,0,4,0,0,4
2021-11-14,XXF,International conveyance (American Samoa),OTHER,0,4,0,0,4
2021-11-21,XXF,International conveyance (American Samoa),OTHER,0,4,0,0,4
2021-11-28,XXF,International conveyance (American Samoa),OTHER,0,4,0,0,4
2021-12-05,XXF,International conveyance (American Samoa),OTHER,0,4,0,0,4
2021-12-12,XXF,International conveyance (American Samoa),OTHER,0,4,0,0,4
2021-12-19,XXF,International conveyance (American Samoa),OTHER,0,4,0,0,4
2021-12-26,XXF,International conveyance (American Samoa),OTHER,0,4,0,0,4
2022-01-02,XXF,International conveyance (American Samoa),OTHER,0,4,0,0,4
2022-01-09,XXF,International conveyance (American Samoa),OTHER,0,4,0,0,4
2022-01-16,XXF,International conveyance (American Samoa),OTHER,0,4,0,0,4
2022-01-23,XXF,International conveyance (American Samoa),OTHER,0,4,0,0,4
2022-01-30,XXF,International conveyance (American Samoa),OTHER,0,4,0,0,4
2022-02-06,XXF,International conveyance (American Samoa),OTHER,0,4,0,0,4
2022-02-13,XXF,International conveyance (American Samoa),OTHER,0,4,0,0,4
2022-02-20,XXF,International conveyance (American Samoa),OTHER,0,4,0,0,4
2022-02-27,XXF,International conveyance (American Samoa),OTHER,0,4,0,0,4
2022-03-06,XXF,International conveyance (American Samoa),OTHER,0,4,0,0,4
2022-03-13,XXF,International conveyance (American Samoa),OTHER,0,4,0,0,4
2022-03-20,XXF,International conveyance (American Samoa),OTHER,0,4,0,0,4
2022-03-27,XXF,International conveyance (American Samoa),OTHER,0,4,0,0,4
2022-04-03,XXF,International conveyance (American Samoa),OTHER,0,4,0,0,4
2022-04-10,XXF,International conveyance (American Samoa),OTHER,0,4,0,0,4
2022-04-17,XXF,International conveyance (American Samoa),OTHER,0,4,0,0,4
2022-04-24,XXF,International conveyance (American Samoa),OTHER,0,4,0,0,4
2022-05-01,XXF,International conveyance (American Samoa),OTHER,0,4,0,0,4
2022-05-08,XXF,International conveyance (American Samoa),OTHER,0,4,0,0,4
2022-05-15,XXF,International conveyance (American Samoa),OTHER,0,4,0,0,4
2022-05-22,XXF,International conveyance (American Samoa),OTHER,0,4,0,0,4
2022-05-29,XXF,International conveyance (American Samoa),OTHER,0,4,0,0,4
2022-06-05,XXF,International conveyance (American Samoa),OTHER,0,4,0,0,4
2022-06-12,XXF,International conveyance (American Samoa),OTHER,0,4,0,0,4
2022-06-19,XXF,International conveyance (American Samoa),OTHER,0,4,0,0,4
2022-06-26,XXF,International conveyance (American Samoa),OTHER,0,4,0,0,4
2022-07-03,XXF,International conveyance (American Samoa),OTHER,0,4,0,0,4
2022-07-10,XXF,International conveyance (American Samoa),OTHER,0,4,0,0,4
2022-07-17,XXF,International conveyance (American Samoa),OTHER,0,4,0,0,4
2022-07-24,XXF,International conveyance (American Samoa),OTHER,0,4,0,0,4
2022-07-31,XXF,International conveyance (American Samoa),OTHER,0,4,0,0,4
2022-08-07,XXF,International conveyance (American Samoa),OTHER,0,4,0,0,4
2022-08-14,XXF,International conveyance (American Samoa),OTHER,0,4,0,0,4
2022-08-21,XXF,International conveyance (American Samoa),OTHER,0,4,0,0,4
2022-08-28,XXF,International conveyance (American Samoa),OTHER,0,4,0,0,4
2022-09-04,XXF,International conveyance (American Samoa),OTHER,0,4,0,0,4
2022-09-11,XXF,International conveyance (American Samoa),OTHER,0,4,0,0,4
2022-09-18,XXF,International conveyance (American Samoa),OTHER,0,4,0,0,4
2022-09-25,XXF,International conveyance (American Samoa),OTHER,0,4,0,0,4
2022-10-02,XXF,International conveyance (American Samoa),OTHER,0,4,0,0,4
2022-10-09,XXF,International conveyance (American Samoa),OTHER,0,4,0,0,4
2022-10-16,XXF,International conveyance (American Samoa),OTHER,0,4,0,0,4
2022-10-23,XXF,International conveyance (American Samoa),OTHER,0,4,0,0,4
2022-10-30,XXF,International conveyance (American Samoa),OTHER,0,4,0,0,4
2022-11-06,XXF,International conveyance (American Samoa),OTHER,0,4,0,0,4
2022-11-13,XXF,International conveyance (American Samoa),OTHER,0,4,0,0,4
2022-11-20,XXF,International conveyance (American Samoa),OTHER,0,4,0,0,4
2022-11-27,XXF,International conveyance (American Samoa),OTHER,0,4,0,0,4
2022-12-04,XXF,International conveyance (American Samoa),OTHER,0,4,0,0,4
2022-12-11,XXF,International conveyance (American Samoa),OTHER,0,4,0,0,4
2022-12-18,XXF,International conveyance (American Samoa),OTHER,0,4,0,0,4
2022-12-25,XXF,International conveyance (American Samoa),OTHER,0,4,0,0,4
2023-01-01,XXF,International conveyance (American Samoa),OTHER,0,4,0,0,4
2023-01-08,XXF,International conveyance (American Samoa),OTHER,0,4,0,0,4
2023-01-15,XXF,International conveyance (American Samoa),OTHER,0,4,0,0,4
2023-01-22,XXF,International conveyance (American Samoa),OTHER,0,4,0,0,4
2023-01-29,XXF,International conveyance (American Samoa),OTHER,0,4,0,0,4
2023-02-05,XXF,International conveyance (American Samoa),OTHER,0,4,0,0,4
2023-02-12,XXF,International conveyance (American Samoa),OTHER,0,4,0,0,4
2023-02-19,XXF,International conveyance (American Samoa),OTHER,0,4,0,0,4
2023-02-26,XXF,International conveyance (American Samoa),OTHER,0,4,0,0,4
2023-03-05,XXF,International conveyance (American Samoa),OTHER,0,4,0,0,4
2023-03-12,XXF,International conveyance (American Samoa),OTHER,0,4,0,0,4
2023-03-19,XXF,International conveyance (American Samoa),OTHER,0,4,0,0,4
2023-03-26,XXF,International conveyance (American Samoa),OTHER,0,4,0,0,4
2023-04-02,XXF,International conveyance (American Samoa),OTHER,0,4,0,0,4
2023-04-09,XXF,International conveyance (American Samoa),OTHER,0,4,0,0,4
2023-04-16,XXF,International conveyance (American Samoa),OTHER,0,4,0,0,4
2023-04-23,XXF,International conveyance (American Samoa),OTHER,0,4,0,0,4
2023-04-30,XXF,International conveyance (American Samoa),OTHER,0,4,0,0,4
2023-05-07,XXF,International conveyance (American Samoa),OTHER,0,4,0,0,4
2023-05-14,XXF,International conveyance (American Samoa),OTHER,0,4,0,0,4
2023-05-21,XXF,International conveyance (American Samoa),OTHER,0,4,0,0,4
2023-05-28,XXF,International conveyance (American Samoa),OTHER,0,4,0,0,4
2023-06-04,XXF,International conveyance (American Samoa),OTHER,0,4,0,0,4
2023-06-11,XXF,International conveyance (American Samoa),OTHER,0,4,0,0,4
2023-06-18,XXF,International conveyance (American Samoa),OTHER,0,4,0,0,4
2023-06-25,XXF,International conveyance (American Samoa),OTHER,0,4,0,0,4
2023-07-02,XXF,International conveyance (American Samoa),OTHER,0,4,0,0,4
2023-07-09,XXF,International conveyance (American Samoa),OTHER,0,4,0,0,4
2023-07-16,XXF,International conveyance (American Samoa),OTHER,0,4,0,0,4
2023-07-23,XXF,International conveyance (American Samoa),OTHER,0,4,0,0,4
2023-07-30,XXF,International conveyance (American Samoa),OTHER,0,4,0,0,4
2023-08-06,XXF,International conveyance (American Samoa),OTHER,0,4,0,0,4
2023-08-13,XXF,International conveyance (American Samoa),OTHER,0,4,0,0,4
2023-08-20,XXF,International conveyance (American Samoa),OTHER,0,4,0,0,4
2023-08-27,XXF,International conveyance (American Samoa),OTHER,0,4,0,0,4
2023-09-03,XXF,International conveyance (American Samoa),OTHER,0,4,0,0,4
2023-09-10,XXF,International conveyance (American Samoa),OTHER,0,4,0,0,4
2023-09-17,XXF,International conveyance (American Samoa),OTHER,0,4,0,0,4
2023-09-24,XXF,International conveyance (American Samoa),OTHER,0,4,0,0,4
2023-10-01,XXF,International conveyance (American Samoa),OTHER,0,4,0,0,4
2023-10-08,XXF,International conveyance (American Samoa),OTHER,0,4,0,0,4
2023-10-15,XXF,International conveyance (American Samoa),OTHER,0,4,0,0,4
2023-10-22,XXF,International conveyance (American Samoa),OTHER,0,4,0,0,4
2023-10-29,XXF,International conveyance (American Samoa),OTHER,0,4,0,0,4
2023-11-05,XXF,International conveyance (American Samoa),OTHER,0,4,0,0,4
2023-11-12,XXF,International conveyance (American Samoa),OTHER,0,4,0,0,4
2023-11-19,XXF,International conveyance (American Samoa),OTHER,0,4,0,0,4
2023-11-26,XXF,International conveyance (American Samoa),OTHER,0,4,0,0,4
2023-12-03,XXF,International conveyance (American Samoa),OTHER,0,4,0,0,4
2023-12-10,XXF,International conveyance (American Samoa),OTHER,0,4,0,0,4
2023-12-17,XXF,International conveyance (American Samoa),OTHER,0,4,0,0,4
2023-12-24,XXF,International conveyance (American Samoa),OTHER,0,4,0,0,4
2023-12-31,XXF,International conveyance (American Samoa),OTHER,0,4,0,0,4
2024-01-07,XXF,International conveyance (American Samoa),OTHER,0,4,0,0,4
2024-01-14,XXF,International conveyance (American Samoa),OTHER,0,4,0,0,4
2024-01-21,XXF,International conveyance (American Samoa),OTHER,0,4,0,0,4
2024-01-28,XXF,International conveyance (American Samoa),OTHER,0,4,0,0,4
2024-02-04,XXF,International conveyance (American Samoa),OTHER,0,4,0,0,4
2024-02-11,XXF,International conveyance (American Samoa),OTHER,0,4,0,0,4
2024-02-18,XXF,International conveyance (American Samoa),OTHER,0,4,0,0,4
2024-02-25,XXF,International conveyance (American Samoa),OTHER,0,4,0,0,4
2024-03-03,XXF,International conveyance (American Samoa),OTHER,0,4,0,0,4
2024-03-10,XXF,International conveyance (American Samoa),OTHER,0,4,0,0,4
2024-03-17,XXF,International conveyance (American Samoa),OTHER,0,4,0,0,4
2024-03-24,XXF,International conveyance (American Samoa),OTHER,0,4,0,0,4
2024-03-31,XXF,International conveyance (American Samoa),OTHER,0,4,0,0,4
2024-04-07,XXF,International conveyance (American Samoa),OTHER,0,4,0,0,4
2024-04-14,XXF,International conveyance (American Samoa),OTHER,0,4,0,0,4
2024-04-21,XXF,International conveyance (American Samoa),OTHER,0,4,0,0,4
2024-04-28,XXF,International conveyance (American Samoa),OTHER,0,4,0,0,4
2024-05-05,XXF,International conveyance (American Samoa),OTHER,0,4,0,0,4
2024-05-12,XXF,International conveyance (American Samoa),OTHER,0,4,0,0,4
2024-05-19,XXF,International conveyance (American Samoa),OTHER,0,4,0,0,4
2024-05-26,XXF,International conveyance (American Samoa),OTHER,0,4,0,0,4
2024-06-02,XXF,International conveyance (American Samoa),OTHER,0,4,0,0,4
2024-06-09,XXF,International conveyance (American Samoa),OTHER,0,4,0,0,4
2024-06-16,XXF,International conveyance (American Samoa),OTHER,0,4,0,0,4
2024-06-23,XXF,International conveyance (American Samoa),OTHER,0,4,0,0,4
2024-06-30,XXF,International conveyance (American Samoa),OTHER,0,4,0,0,4
2024-07-07,XXF,International conveyance (American Samoa),OTHER,0,4,0,0,4
2024-07-14,XXF,International conveyance (American Samoa),OTHER,0,4,0,0,4
2024-07-21,XXF,International conveyance (American Samoa),OTHER,0,4,0,0,4
2024-07-28,XXF,International conveyance (American Samoa),OTHER,0,4,0,0,4
2024-08-04,XXF,International conveyance (American Samoa),OTHER,0,4,0,0,4
2024-08-11,XXF,International conveyance (American Samoa),OTHER,0,4,0,0,4
2024-08-18,XXF,International conveyance (American Samoa),OTHER,0,4,0,0,4
2024-08-25,XXF,International conveyance (American Samoa),OTHER,0,4,0,0,4
2024-09-01,XXF,International conveyance (American Samoa),OTHER,0,4,0,0,4
2024-09-08,XXF,International conveyance (American Samoa),OTHER,0,4,0,0,4
2024-09-15,XXF,International conveyance (American Samoa),OTHER,0,4,0,0,4
2024-09-22,XXF,International conveyance (American Samoa),OTHER,0,4,0,0,4
2024-09-29,XXF,International conveyance (American Samoa),OTHER,0,4,0,0,4
2024-10-06,XXF,International conveyance (American Samoa),OTHER,0,4,0,0,4
2024-10-13,XXF,International conveyance (American Samoa),OTHER,0,4,0,0,4
2024-10-20,XXF,International conveyance (American Samoa),OTHER,0,4,0,0,4
2024-10-27,XXF,International conveyance (American Samoa),OTHER,0,4,0,0,4
2024-11-03,XXF,International conveyance (American Samoa),OTHER,0,4,0,0,4
2024-11-10,XXF,International conveyance (American Samoa),OTHER,0,4,0,0,4
2024-11-17,XXF,International conveyance (American Samoa),OTHER,0,4,0,0,4
2020-01-05,XXJ,International conveyance (Diamond Princess),OTHER,0,0,0,0,0
2020-01-12,XXJ,International conveyance (Diamond Princess),OTHER,0,0,0,0,0
2020-01-19,XXJ,International conveyance (Diamond Princess),OTHER,0,0,0,0,0
2020-01-26,XXJ,International conveyance (Diamond Princess),OTHER,0,0,0,0,0
2020-02-02,XXJ,International conveyance (Diamond Princess),OTHER,0,0,0,0,0
2020-02-09,XXJ,International conveyance (Diamond Princess),OTHER,74,74,0,0,74
2020-02-16,XXJ,International conveyance (Diamond Princess),OTHER,285,359,0,0,359
2020-02-23,XXJ,International conveyance (Diamond Princess),OTHER,336,695,2,2,693
2020-03-01,XXJ,International conveyance (Diamond Princess),OTHER,5,700,4,6,694
2020-03-08,XXJ,International conveyance (Diamond Princess),OTHER,0,700,1,7,693
2020-03-15,XXJ,International conveyance (Diamond Princess),OTHER,12,712,0,7,705
2020-03-22,XXJ,International conveyance (Diamond Princess),OTHER,0,712,1,8,704
2020-03-29,XXJ,International conveyance (Diamond Princess),OTHER,0,712,2,10,702
2020-04-05,XXJ,International conveyance (Diamond Princess),OTHER,0,712,1,11,701
2020-04-12,XXJ,International conveyance (Diamond Princess),OTHER,0,712,0,11,701
2020-04-19,XXJ,International conveyance (Diamond Princess),OTHER,0,712,2,13,699
2020-04-26,XXJ,International conveyance (Diamond Princess),OTHER,0,712,0,13,699
2020-05-03,XXJ,International conveyance (Diamond Princess),OTHER,0,712,0,13,699
2020-05-10,XXJ,International conveyance (Diamond Princess),OTHER,0,712,0,13,699
2020-05-17,XXJ,International conveyance (Diamond Princess),OTHER,0,712,0,13,699
2020-05-24,XXJ,International conveyance (Diamond Princess),OTHER,0,712,0,13,699
2020-05-31,XXJ,International conveyance (Diamond Princess),OTHER,0,712,0,13,699
2020-06-07,XXJ,International conveyance (Diamond Princess),OTHER,0,712,0,13,699
2020-06-14,XXJ,International conveyance (Diamond Princess),OTHER,0,712,0,13,699
2020-06-21,XXJ,International conveyance (Diamond Princess),OTHER,0,712,0,13,699
2020-06-28,XXJ,International conveyance (Diamond Princess),OTHER,0,712,0,13,699
2020-07-05,XXJ,International conveyance (Diamond Princess),OTHER,0,712,0,13,699
2020-07-12,XXJ,International conveyance (Diamond Princess),OTHER,0,712,0,13,699
2020-07-19,XXJ,International conveyance (Diamond Princess),OTHER,0,712,0,13,699
2020-07-26,XXJ,International conveyance (Diamond Princess),OTHER,0,712,0,13,699
2020-08-02,XXJ,International conveyance (Diamond Princess),OTHER,0,712,0,13,699
2020-08-09,XXJ,International conveyance (Diamond Princess),OTHER,0,712,0,13,699
2020-08-16,XXJ,International conveyance (Diamond Princess),OTHER,0,712,0,13,699
2020-08-23,XXJ,International conveyance (Diamond Princess),OTHER,0,712,0,13,699
2020-08-30,XXJ,International conveyance (Diamond Princess),OTHER,0,712,0,13,699
2020-09-06,XXJ,International conveyance (Diamond Princess),OTHER,0,712,0,13,699
2020-09-13,XXJ,International conveyance (Diamond Princess),OTHER,0,712,0,13,699
2020-09-20,XXJ,International conveyance (Diamond Princess),OTHER,0,712,0,13,699
2020-09-27,XXJ,International conveyance (Diamond Princess),OTHER,0,712,0,13,699
2020-10-04,XXJ,International conveyance (Diamond Princess),OTHER,0,712,0,13,699
2020-10-11,XXJ,International conveyance (Diamond Princess),OTHER,0,712,0,13,699
2020-10-18,XXJ,International conveyance (Diamond Princess),OTHER,0,712,0,13,699
2020-10-25,XXJ,International conveyance (Diamond Princess),OTHER,0,712,0,13,699
2020-11-01,XXJ,International conveyance (Diamond Princess),OTHER,0,712,0,13,699
2020-11-08,XXJ,International conveyance (Diamond Princess),OTHER,0,712,0,13,699
2020-11-15,XXJ,International conveyance (Diamond Princess),OTHER,0,712,0,13,699
2020-11-22,XXJ,International conveyance (Diamond Princess),OTHER,0,712,0,13,699
2020-11-29,XXJ,International conveyance (Diamond Princess),OTHER,0,712,0,13,699
2020-12-06,XXJ,International conveyance (Diamond Princess),OTHER,0,712,0,13,699
2020-12-13,XXJ,International conveyance (Diamond Princess),OTHER,0,712,0,13,699
2020-12-20,XXJ,International conveyance (Diamond Princess),OTHER,0,712,0,13,699
2020-12-27,XXJ,International conveyance (Diamond Princess),OTHER,0,712,0,13,699
2021-01-03,XXJ,International conveyance (Diamond Princess),OTHER,0,712,0,13,699
2021-01-10,XXJ,International conveyance (Diamond Princess),OTHER,0,712,0,13,699
2021-01-17,XXJ,International conveyance (Diamond Princess),OTHER,0,712,0,13,699
2021-01-24,XXJ,International conveyance (Diamond Princess),OTHER,0,712,0,13,699
2021-01-31,XXJ,International conveyance (Diamond Princess),OTHER,0,712,0,13,699
2021-02-07,XXJ,International conveyance (Diamond Princess),OTHER,0,712,0,13,699
2021-02-14,XXJ,International conveyance (Diamond Princess),OTHER,0,712,0,13,699
2021-02-21,XXJ,International conveyance (Diamond Princess),OTHER,0,712,0,13,699
2021-02-28,XXJ,International conveyance (Diamond Princess),OTHER,0,712,0,13,699
2021-03-07,XXJ,International conveyance (Diamond Princess),OTHER,0,712,0,13,699
2021-03-14,XXJ,International conveyance (Diamond Princess),OTHER,0,712,0,13,699
2021-03-21,XXJ,International conveyance (Diamond Princess),OTHER,0,712,0,13,699
2021-03-28,XXJ,International conveyance (Diamond Princess),OTHER,0,712,0,13,699
2021-04-04,XXJ,International conveyance (Diamond Princess),OTHER,0,712,0,13,699
2021-04-11,XXJ,International conveyance (Diamond Princess),OTHER,0,712,0,13,699
2021-04-18,XXJ,International conveyance (Diamond Princess),OTHER,0,712,0,13,699
2021-04-25,XXJ,International conveyance (Diamond Princess),OTHER,0,712,0,13,699
2021-05-02,XXJ,International conveyance (Diamond Princess),OTHER,0,712,0,13,699
2021-05-09,XXJ,International conveyance (Diamond Princess),OTHER,0,712,0,13,699
2021-05-16,XXJ,International conveyance (Diamond Princess),OTHER,0,712,0,13,699
2021-05-23,XXJ,International conveyance (Diamond Princess),OTHER,0,712,0,13,699
2021-05-30,XXJ,International conveyance (Diamond Princess),OTHER,0,712,0,13,699
2021-06-06,XXJ,International conveyance (Diamond Princess),OTHER,0,712,0,13,699
2021-06-13,XXJ,International conveyance (Diamond Princess),OTHER,0,712,0,13,699
2021-06-20,XXJ,International conveyance (Diamond Princess),OTHER,0,712,0,13,699
2021-06-27,XXJ,International conveyance (Diamond Princess),OTHER,0,712,0,13,699
2021-07-04,XXJ,International conveyance (Diamond Princess),OTHER,0,712,0,13,699
2021-07-11,XXJ,International conveyance (Diamond Princess),OTHER,0,712,0,13,699
2021-07-18,XXJ,International conveyance (Diamond Princess),OTHER,0,712,0,13,699
2021-07-25,XXJ,International conveyance (Diamond Princess),OTHER,0,712,0,13,699
2021-08-01,XXJ,International conveyance (Diamond Princess),OTHER,0,712,0,13,699
2021-08-08,XXJ,International conveyance (Diamond Princess),OTHER,0,712,0,13,699
2021-08-15,XXJ,International conveyance (Diamond Princess),OTHER,0,712,0,13,699
2021-08-22,XXJ,International conveyance (Diamond Princess),OTHER,0,712,0,13,699
2021-08-29,XXJ,International conveyance (Diamond Princess),OTHER,0,712,0,13,699
2021-09-05,XXJ,International conveyance (Diamond Princess),OTHER,0,712,0,13,699
2021-09-12,XXJ,International conveyance (Diamond Princess),OTHER,0,712,0,13,699
2021-09-19,XXJ,International conveyance (Diamond Princess),OTHER,0,712,0,13,699
2021-09-26,XXJ,International conveyance (Diamond Princess),OTHER,0,712,0,13,699
2021-10-03,XXJ,International conveyance (Diamond Princess),OTHER,0,712,0,13,699
2021-10-10,XXJ,International conveyance (Diamond Princess),OTHER,0,712,0,13,699
2021-10-17,XXJ,International conveyance (Diamond Princess),OTHER,0,712,0,13,699
2021-10-24,XXJ,International conveyance (Diamond Princess),OTHER,0,712,0,13,699
2021-10-31,XXJ,International conveyance (Diamond Princess),OTHER,0,712,0,13,699
2021-11-07,XXJ,International conveyance (Diamond Princess),OTHER,0,712,0,13,699
2021-11-14,XXJ,International conveyance (Diamond Princess),OTHER,0,712,0,13,699
2021-11-21,XXJ,International conveyance (Diamond Princess),OTHER,0,712,0,13,699
2021-11-28,XXJ,International conveyance (Diamond Princess),OTHER,0,712,0,13,699
2021-12-05,XXJ,International conveyance (Diamond Princess),OTHER,0,712,0,13,699
2021-12-12,XXJ,International conveyance (Diamond Princess),OTHER,0,712,0,13,699
2021-12-19,XXJ,International conveyance (Diamond Princess),OTHER,0,712,0,13,699
2021-12-26,XXJ,International conveyance (Diamond Princess),OTHER,0,712,0,13,699
2022-01-02,XXJ,International conveyance (Diamond Princess),OTHER,0,712,0,13,699
2022-01-09,XXJ,International conveyance (Diamond Princess),OTHER,0,712,0,13,699
2022-01-16,XXJ,International conveyance (Diamond Princess),OTHER,0,712,0,13,699
2022-01-23,XXJ,International conveyance (Diamond Princess),OTHER,0,712,0,13,699
2022-01-30,XXJ,International conveyance (Diamond Princess),OTHER,0,712,0,13,699
2022-02-06,XXJ,International conveyance (Diamond Princess),OTHER,0,712,0,13,699
2022-02-13,XXJ,International conveyance (Diamond Princess),OTHER,0,712,0,13,699
2022-02-20,XXJ,International conveyance (Diamond Princess),OTHER,0,712,0,13,699
2022-02-27,XXJ,International conveyance (Diamond Princess),OTHER,0,712,0,13,699
2022-03-06,XXJ,International conveyance (Diamond Princess),OTHER,0,712,0,13,699
2022-03-13,XXJ,International conveyance (Diamond Princess),OTHER,0,712,0,13,699
2022-03-20,XXJ,International conveyance (Diamond Princess),OTHER,0,712,0,13,699
2022-03-27,XXJ,International conveyance (Diamond Princess),OTHER,0,712,0,13,699
2022-04-03,XXJ,International conveyance (Diamond Princess),OTHER,0,712,0,13,699
2022-04-10,XXJ,International conveyance (Diamond Princess),OTHER,0,712,0,13,699
2022-04-17,XXJ,International conveyance (Diamond Princess),OTHER,0,712,0,13,699
2022-04-24,XXJ,International conveyance (Diamond Princess),OTHER,0,712,0,13,699
2022-05-01,XXJ,International conveyance (Diamond Princess),OTHER,0,712,0,13,699
2022-05-08,XXJ,International conveyance (Diamond Princess),OTHER,0,712,0,13,699
2022-05-15,XXJ,International conveyance (Diamond Princess),OTHER,0,712,0,13,699
2022-05-22,XXJ,International conveyance (Diamond Princess),OTHER,0,712,0,13,699
2022-05-29,XXJ,International conveyance (Diamond Princess),OTHER,0,712,0,13,699
2022-06-05,XXJ,International conveyance (Diamond Princess),OTHER,0,712,0,13,699
2022-06-12,XXJ,International conveyance (Diamond Princess),OTHER,0,712,0,13,699
2022-06-19,XXJ,International conveyance (Diamond Princess),OTHER,0,712,0,13,699
2022-06-26,XXJ,International conveyance (Diamond Princess),OTHER,0,712,0,13,699
2022-07-03,XXJ,International conveyance (Diamond Princess),OTHER,0,712,0,13,699
2022-07-10,XXJ,International conveyance (Diamond Princess),OTHER,0,712,0,13,699
2022-07-17,XXJ,International conveyance (Diamond Princess),OTHER,0,712,0,13,699
2022-07-24,XXJ,International conveyance (Diamond Princess),OTHER,0,712,0,13,699
2022-07-31,XXJ,International conveyance (Diamond Princess),OTHER,0,712,0,13,699
2022-08-07,XXJ,International conveyance (Diamond Princess),OTHER,0,712,0,13,699
2022-08-14,XXJ,International conveyance (Diamond Princess),OTHER,0,712,0,13,699
2022-08-21,XXJ,International conveyance (Diamond Princess),OTHER,0,712,0,13,699
2022-08-28,XXJ,International conveyance (Diamond Princess),OTHER,0,712,0,13,699
2022-09-04,XXJ,International conveyance (Diamond Princess),OTHER,0,712,0,13,699
2022-09-11,XXJ,International conveyance (Diamond Princess),OTHER,0,712,0,13,699
2022-09-18,XXJ,International conveyance (Diamond Princess),OTHER,0,712,0,13,699
2022-09-25,XXJ,International conveyance (Diamond Princess),OTHER,0,712,0,13,699
2022-10-02,XXJ,International conveyance (Diamond Princess),OTHER,0,712,0,13,699
2022-10-09,XXJ,International conveyance (Diamond Princess),OTHER,0,712,0,13,699
2022-10-16,XXJ,International conveyance (Diamond Princess),OTHER,0,712,0,13,699
2022-10-23,XXJ,International conveyance (Diamond Princess),OTHER,0,712,0,13,699
2022-10-30,XXJ,International conveyance (Diamond Princess),OTHER,0,712,0,13,699
2022-11-06,XXJ,International conveyance (Diamond Princess),OTHER,0,712,0,13,699
2022-11-13,XXJ,International conveyance (Diamond Princess),OTHER,0,712,0,13,699
2022-11-20,XXJ,International conveyance (Diamond Princess),OTHER,0,712,0,13,699
2022-11-27,XXJ,International conveyance (Diamond Princess),OTHER,0,712,0,13,699
2022-12-04,XXJ,International conveyance (Diamond Princess),OTHER,0,712,0,13,699
2022-12-11,XXJ,International conveyance (Diamond Princess),OTHER,0,712,0,13,699
2022-12-18,XXJ,International conveyance (Diamond Princess),OTHER,0,712,0,13,699
2022-12-25,XXJ,International conveyance (Diamond Princess),OTHER,0,712,0,13,699
2023-01-01,XXJ,International conveyance (Diamond Princess),OTHER,0,712,0,13,699
2023-01-08,XXJ,International conveyance (Diamond Princess),OTHER,0,712,0,13,699
2023-01-15,XXJ,International conveyance (Diamond Princess),OTHER,0,712,0,13,699
2023-01-22,XXJ,International conveyance (Diamond Princess),OTHER,0,712,0,13,699
2023-01-29,XXJ,International conveyance (Diamond Princess),OTHER,0,712,0,13,699
2023-02-05,XXJ,International conveyance (Diamond Princess),OTHER,0,712,0,13,699
2023-02-12,XXJ,International conveyance (Diamond Princess),OTHER,0,712,0,13,699
2023-02-19,XXJ,International conveyance (Diamond Princess),OTHER,0,712,0,13,699
2023-02-26,XXJ,International conveyance (Diamond Princess),OTHER,0,712,0,13,699
2023-03-05,XXJ,International conveyance (Diamond Princess),OTHER,0,712,0,13,699
2023-03-12,XXJ,International conveyance (Diamond Princess),OTHER,0,712,0,13,699
2023-03-19,XXJ,International conveyance (Diamond Princess),OTHER,0,712,0,13,699
2023-03-26,XXJ,International conveyance (Diamond Princess),OTHER,0,712,0,13,699
2023-04-02,XXJ,International conveyance (Diamond Princess),OTHER,0,712,0,13,699
2023-04-09,XXJ,International conveyance (Diamond Princess),OTHER,0,712,0,13,699
2023-04-16,XXJ,International conveyance (Diamond Princess),OTHER,0,712,0,13,699
2023-04-23,XXJ,International conveyance (Diamond Princess),OTHER,0,712,0,13,699
2023-04-30,XXJ,International conveyance (Diamond Princess),OTHER,0,712,0,13,699
2023-05-07,XXJ,International conveyance (Diamond Princess),OTHER,0,712,0,13,699
2023-05-14,XXJ,International conveyance (Diamond Princess),OTHER,0,712,0,13,699
2023-05-21,XXJ,International conveyance (Diamond Princess),OTHER,0,712,0,13,699
2023-05-28,XXJ,International conveyance (Diamond Princess),OTHER,0,712,0,13,699
2023-06-04,XXJ,International conveyance (Diamond Princess),OTHER,0,712,0,13,699
2023-06-11,XXJ,International conveyance (Diamond Princess),OTHER,0,712,0,13,699
2023-06-18,XXJ,International conveyance (Diamond Princess),OTHER,0,712,0,13,699
2023-06-25,XXJ,International conveyance (Diamond Princess),OTHER,0,712,0,13,699
2023-07-02,XXJ,International conveyance (Diamond Princess),OTHER,0,712,0,13,699
2023-07-09,XXJ,International conveyance (Diamond Princess),OTHER,0,712,0,13,699
2023-07-16,XXJ,International conveyance (Diamond Princess),OTHER,0,712,0,13,699
2023-07-23,XXJ,International conveyance (Diamond Princess),OTHER,0,712,0,13,699
2023-07-30,XXJ,International conveyance (Diamond Princess),OTHER,0,712,0,13,699
2023-08-06,XXJ,International conveyance (Diamond Princess),OTHER,0,712,0,13,699
2023-08-13,XXJ,International conveyance (Diamond Princess),OTHER,0,712,0,13,699
2023-08-20,XXJ,International conveyance (Diamond Princess),OTHER,0,712,0,13,699
2023-08-27,XXJ,International conveyance (Diamond Princess),OTHER,0,712,0,13,699
2023-09-03,XXJ,International conveyance (Diamond Princess),OTHER,0,712,0,13,699
2023-09-10,XXJ,International conveyance (Diamond Princess),OTHER,0,712,0,13,699
2023-09-17,XXJ,International conveyance (Diamond Princess),OTHER,0,712,0,13,699
2023-09-24,XXJ,International conveyance (Diamond Princess),OTHER,0,712,0,13,699
2023-10-01,XXJ,International conveyance (Diamond Princess),OTHER,0,712,0,13,699
2023-10-08,XXJ,International conveyance (Diamond Princess),OTHER,0,712,0,13,699
2023-10-15,XXJ,International conveyance (Diamond Princess),OTHER,0,712,0,13,699
2023-10-22,XXJ,International conveyance (Diamond Princess),OTHER,0,712,0,13,699
2023-10-29,XXJ,International conveyance (Diamond Princess),OTHER,0,712,0,13,699
2023-11-05,XXJ,International conveyance (Diamond Princess),OTHER,0,712,0,13,699
2023-11-12,XXJ,International conveyance (Diamond Princess),OTHER,0,712,0,13,699
2023-11-19,XXJ,International conveyance (Diamond Princess),OTHER,0,712,0,13,699
2023-11-26,XXJ,International conveyance (Diamond Princess),OTHER,0,712,0,13,699
2023-12-03,XXJ,International conveyance (Diamond Princess),OTHER,0,712,0,13,699
2023-12-10,XXJ,International conveyance (Diamond Princess),OTHER,0,712,0,13,699
2023-12-17,XXJ,International conveyance (Diamond Princess),OTHER,0,712,0,13,699
2023-12-24,XXJ,International conveyance (Diamond Princess),OTHER,0,712,0,13,699
2023-12-31,XXJ,International conveyance (Diamond Princess),OTHER,0,712,0,13,699
2024-01-07,XXJ,International conveyance (Diamond Princess),OTHER,0,712,0,13,699
2024-01-14,XXJ,International conveyance (Diamond Princess),OTHER,0,712,0,13,699
2024-01-21,XXJ,International conveyance (Diamond Princess),OTHER,0,712,0,13,699
2024-01-28,XXJ,International conveyance (Diamond Princess),OTHER,0,712,0,13,699
2024-02-04,XXJ,International conveyance (Diamond Princess),OTHER,0,712,0,13,699
2024-02-11,XXJ,International conveyance (Diamond Princess),OTHER,0,712,0,13,699
2024-02-18,XXJ,International conveyance (Diamond Princess),OTHER,0,712,0,13,699
2024-02-25,XXJ,International conveyance (Diamond Princess),OTHER,0,712,0,13,699
2024-03-03,XXJ,International conveyance (Diamond Princess),OTHER,0,712,0,13,699
2024-03-10,XXJ,International conveyance (Diamond Princess),OTHER,0,712,0,13,699
2024-03-17,XXJ,International conveyance (Diamond Princess),OTHER,0,712,0,13,699
2024-03-24,XXJ,International conveyance (Diamond Princess),OTHER,0,712,0,13,699
2024-03-31,XXJ,International conveyance (Diamond Princess),OTHER,0,712,0,13,699
2024-04-07,XXJ,International conveyance (Diamond Princess),OTHER,0,712,0,13,699
2024-04-14,XXJ,International conveyance (Diamond Princess),OTHER,0,712,0,13,699
2024-04-21,XXJ,International conveyance (Diamond Princess),OTHER,0,712,0,13,699
2024-04-28,XXJ,International conveyance (Diamond Princess),OTHER,0,712,0,13,699
2024-05-05,XXJ,International conveyance (Diamond Princess),OTHER,0,712,0,13,699
2024-05-12,XXJ,International conveyance (Diamond Princess),OTHER,0,712,0,13,699
2024-05-19,XXJ,International conveyance (Diamond Princess),OTHER,0,712,0,13,699
2024-05-26,XXJ,International conveyance (Diamond Princess),OTHER,0,712,0,13,699
2024-06-02,XXJ,International conveyance (Diamond Princess),OTHER,0,712,0,13,699
2024-06-09,XXJ,International conveyance (Diamond Princess),OTHER,0,712,0,13,699
2024-06-16,XXJ,International conveyance (Diamond Princess),OTHER,0,712,0,13,699
2024-06-23,XXJ,International conveyance (Diamond Princess),OTHER,0,712,0,13,699
2024-06-30,XXJ,International conveyance (Diamond Princess),OTHER,0,712,0,13,699
2024-07-07,XXJ,International conveyance (Diamond Princess),OTHER,0,712,0,13,699
2024-07-14,XXJ,International conveyance (Diamond Princess),OTHER,0,712,0,13,699
2024-07-21,XXJ,International conveyance (Diamond Princess),OTHER,0,712,0,13,699
2024-07-28,XXJ,International conveyance (Diamond Princess),OTHER,0,712,0,13,699
2024-08-04,XXJ,International conveyance (Diamond Princess),OTHER,0,712,0,13,699
2024-08-11,XXJ,International conveyance (Diamond Princess),OTHER,0,712,0,13,699
2024-08-18,XXJ,International conveyance (Diamond Princess),OTHER,0,712,0,13,699
2024-08-25,XXJ,International conveyance (Diamond Princess),OTHER,0,712,0,13,699
2024-09-01,XXJ,International conveyance (Diamond Princess),OTHER,0,712,0,13,699
2024-09-08,XXJ,International conveyance (Diamond Princess),OTHER,0,712,0,13,699
2024-09-15,XXJ,International conveyance (Diamond Princess),OTHER,0,712,0,13,699
2024-09-22,XXJ,International conveyance (Diamond Princess),OTHER,0,712,0,13,699
2024-09-29,XXJ,International conveyance (Diamond Princess),OTHER,0,712,0,13,699
2024-10-06,XXJ,International conveyance (Diamond Princess),OTHER,0,712,0,13,699
2024-10-13,XXJ,International conveyance (Diamond Princess),OTHER,0,712,0,13,699
2024-10-20,XXJ,International conveyance (Diamond Princess),OTHER,0,712,0,13,699
2024-10-27,XXJ,International conveyance (Diamond Princess),OTHER,0,712,0,13,699
2024-11-03,XXJ,International conveyance (Diamond Princess),OTHER,0,712,0,13,699
2024-11-10,XXJ,International conveyance (Diamond Princess),OTHER,0,712,0,13,699
2024-11-17,XXJ,International conveyance (Diamond Princess),OTHER,0,712,0,13,699
2020-01-05,XXI,International conveyance (Kiribati),OTHER,0,0,0,0,0
2020-01-12,XXI,International conveyance (Kiribati),OTHER,0,0,0,0,0
2020-01-19,XXI,International conveyance (Kiribati),OTHER,0,0,0,0,0
2020-01-26,XXI,International conveyance (Kiribati),OTHER,0,0,0,0,0
2020-02-02,XXI,International conveyance (Kiribati),OTHER,0,0,0,0,0
2020-02-09,XXI,International conveyance (Kiribati),OTHER,0,0,0,0,0
2020-02-16,XXI,International conveyance (Kiribati),OTHER,0,0,0,0,0
2020-02-23,XXI,International conveyance (Kiribati),OTHER,0,0,0,0,0
2020-03-01,XXI,International conveyance (Kiribati),OTHER,0,0,0,0,0
2020-03-08,XXI,International conveyance (Kiribati),OTHER,0,0,0,0,0
2020-03-15,XXI,International conveyance (Kiribati),OTHER,0,0,0,0,0
2020-03-22,XXI,International conveyance (Kiribati),OTHER,0,0,0,0,0
2020-03-29,XXI,International conveyance (Kiribati),OTHER,0,0,0,0,0
2020-04-05,XXI,International conveyance (Kiribati),OTHER,0,0,0,0,0
2020-04-12,XXI,International conveyance (Kiribati),OTHER,0,0,0,0,0
2020-04-19,XXI,International conveyance (Kiribati),OTHER,0,0,0,0,0
2020-04-26,XXI,International conveyance (Kiribati),OTHER,0,0,0,0,0
2020-05-03,XXI,International conveyance (Kiribati),OTHER,0,0,0,0,0
2020-05-10,XXI,International conveyance (Kiribati),OTHER,0,0,0,0,0
2020-05-17,XXI,International conveyance (Kiribati),OTHER,0,0,0,0,0
2020-05-24,XXI,International conveyance (Kiribati),OTHER,0,0,0,0,0
2020-05-31,XXI,International conveyance (Kiribati),OTHER,0,0,0,0,0
2020-06-07,XXI,International conveyance (Kiribati),OTHER,0,0,0,0,0
2020-06-14,XXI,International conveyance (Kiribati),OTHER,0,0,0,0,0
2020-06-21,XXI,International conveyance (Kiribati),OTHER,0,0,0,0,0
2020-06-28,XXI,International conveyance (Kiribati),OTHER,0,0,0,0,0
2020-07-05,XXI,International conveyance (Kiribati),OTHER,0,0,0,0,0
2020-07-12,XXI,International conveyance (Kiribati),OTHER,0,0,0,0,0
2020-07-19,XXI,International conveyance (Kiribati),OTHER,0,0,0,0,0
2020-07-26,XXI,International conveyance (Kiribati),OTHER,0,0,0,0,0
2020-08-02,XXI,International conveyance (Kiribati),OTHER,0,0,0,0,0
2020-08-09,XXI,International conveyance (Kiribati),OTHER,0,0,0,0,0
2020-08-16,XXI,International conveyance (Kiribati),OTHER,0,0,0,0,0
2020-08-23,XXI,International conveyance (Kiribati),OTHER,0,0,0,0,0
2020-08-30,XXI,International conveyance (Kiribati),OTHER,0,0,0,0,0
2020-09-06,XXI,International conveyance (Kiribati),OTHER,0,0,0,0,0
2020-09-13,XXI,International conveyance (Kiribati),OTHER,0,0,0,0,0
2020-09-20,XXI,International conveyance (Kiribati),OTHER,0,0,0,0,0
2020-09-27,XXI,International conveyance (Kiribati),OTHER,0,0,0,0,0
2020-10-04,XXI,International conveyance (Kiribati),OTHER,0,0,0,0,0
2020-10-11,XXI,International conveyance (Kiribati),OTHER,0,0,0,0,0
2020-10-18,XXI,International conveyance (Kiribati),OTHER,0,0,0,0,0
2020-10-25,XXI,International conveyance (Kiribati),OTHER,0,0,0,0,0
2020-11-01,XXI,International conveyance (Kiribati),OTHER,0,0,0,0,0
2020-11-08,XXI,International conveyance (Kiribati),OTHER,0,0,0,0,0
2020-11-15,XXI,International conveyance (Kiribati),OTHER,0,0,0,0,0
2020-11-22,XXI,International conveyance (Kiribati),OTHER,0,0,0,0,0
2020-11-29,XXI,International conveyance (Kiribati),OTHER,0,0,0,0,0
2020-12-06,XXI,International conveyance (Kiribati),OTHER,0,0,0,0,0
2020-12-13,XXI,International conveyance (Kiribati),OTHER,0,0,0,0,0
2020-12-20,XXI,International conveyance (Kiribati),OTHER,0,0,0,0,0
2020-12-27,XXI,International conveyance (Kiribati),OTHER,0,0,0,0,0
2021-01-03,XXI,International conveyance (Kiribati),OTHER,0,0,0,0,0
2021-01-10,XXI,International conveyance (Kiribati),OTHER,0,0,0,0,0
2021-01-17,XXI,International conveyance (Kiribati),OTHER,0,0,0,0,0
2021-01-24,XXI,International conveyance (Kiribati),OTHER,0,0,0,0,0
2021-01-31,XXI,International conveyance (Kiribati),OTHER,0,0,0,0,0
2021-02-07,XXI,International conveyance (Kiribati),OTHER,0,0,0,0,0
2021-02-14,XXI,International conveyance (Kiribati),OTHER,0,0,0,0,0
2021-02-21,XXI,International conveyance (Kiribati),OTHER,0,0,0,0,0
2021-02-28,XXI,International conveyance (Kiribati),OTHER,0,0,0,0,0
2021-03-07,XXI,International conveyance (Kiribati),OTHER,0,0,0,0,0
2021-03-14,XXI,International conveyance (Kiribati),OTHER,0,0,0,0,0
2021-03-21,XXI,International conveyance (Kiribati),OTHER,0,0,0,0,0
2021-03-28,XXI,International conveyance (Kiribati),OTHER,0,0,0,0,0
2021-04-04,XXI,International conveyance (Kiribati),OTHER,0,0,0,0,0
2021-04-11,XXI,International conveyance (Kiribati),OTHER,0,0,0,0,0
2021-04-18,XXI,International conveyance (Kiribati),OTHER,0,0,0,0,0
2021-04-25,XXI,International conveyance (Kiribati),OTHER,0,0,0,0,0
2021-05-02,XXI,International conveyance (Kiribati),OTHER,0,0,0,0,0
2021-05-09,XXI,International conveyance (Kiribati),OTHER,0,0,0,0,0
2021-05-16,XXI,International conveyance (Kiribati),OTHER,0,0,0,0,0
2021-05-23,XXI,International conveyance (Kiribati),OTHER,2,2,0,0,2
2021-05-30,XXI,International conveyance (Kiribati),OTHER,0,2,0,0,2
2021-06-06,XXI,International conveyance (Kiribati),OTHER,0,2,0,0,2
2021-06-13,XXI,International conveyance (Kiribati),OTHER,0,2,0,0,2
2021-06-20,XXI,International conveyance (Kiribati),OTHER,0,2,0,0,2
2021-06-27,XXI,International conveyance (Kiribati),OTHER,0,2,0,0,2
2021-07-04,XXI,International conveyance (Kiribati),OTHER,0,2,0,0,2
2021-07-11,XXI,International conveyance (Kiribati),OTHER,0,2,0,0,2
2021-07-18,XXI,International conveyance (Kiribati),OTHER,0,2,0,0,2
2021-07-25,XXI,International conveyance (Kiribati),OTHER,0,2,0,0,2
2021-08-01,XXI,International conveyance (Kiribati),OTHER,0,2,0,0,2
2021-08-08,XXI,International conveyance (Kiribati),OTHER,0,2,0,0,2
2021-08-15,XXI,International conveyance (Kiribati),OTHER,0,2,0,0,2
2021-08-22,XXI,International conveyance (Kiribati),OTHER,0,2,0,0,2
2021-08-29,XXI,International conveyance (Kiribati),OTHER,0,2,0,0,2
2021-09-05,XXI,International conveyance (Kiribati),OTHER,0,2,0,0,2
2021-09-12,XXI,International conveyance (Kiribati),OTHER,0,2,0,0,2
2021-09-19,XXI,International conveyance (Kiribati),OTHER,0,2,0,0,2
2021-09-26,XXI,International conveyance (Kiribati),OTHER,0,2,0,0,2
2021-10-03,XXI,International conveyance (Kiribati),OTHER,0,2,0,0,2
2021-10-10,XXI,International conveyance (Kiribati),OTHER,0,2,0,0,2
2021-10-17,XXI,International conveyance (Kiribati),OTHER,0,2,0,0,2
2021-10-24,XXI,International conveyance (Kiribati),OTHER,0,2,0,0,2
2021-10-31,XXI,International conveyance (Kiribati),OTHER,0,2,0,0,2
2021-11-07,XXI,International conveyance (Kiribati),OTHER,0,2,0,0,2
2021-11-14,XXI,International conveyance (Kiribati),OTHER,0,2,0,0,2
2021-11-21,XXI,International conveyance (Kiribati),OTHER,0,2,0,0,2
2021-11-28,XXI,International conveyance (Kiribati),OTHER,0,2,0,0,2
2021-12-05,XXI,International conveyance (Kiribati),OTHER,0,2,0,0,2
2021-12-12,XXI,International conveyance (Kiribati),OTHER,0,2,0,0,2
2021-12-19,XXI,International conveyance (Kiribati),OTHER,0,2,0,0,2
2021-12-26,XXI,International conveyance (Kiribati),OTHER,0,2,0,0,2
2022-01-02,XXI,International conveyance (Kiribati),OTHER,0,2,0,0,2
2022-01-09,XXI,International conveyance (Kiribati),OTHER,0,2,0,0,2
2022-01-16,XXI,International conveyance (Kiribati),OTHER,0,2,0,0,2
2022-01-23,XXI,International conveyance (Kiribati),OTHER,0,2,0,0,2
2022-01-30,XXI,International conveyance (Kiribati),OTHER,0,2,0,0,2
2022-02-06,XXI,International conveyance (Kiribati),OTHER,0,2,0,0,2
2022-02-13,XXI,International conveyance (Kiribati),OTHER,0,2,0,0,2
2022-02-20,XXI,International conveyance (Kiribati),OTHER,0,2,0,0,2
2022-02-27,XXI,International conveyance (Kiribati),OTHER,0,2,0,0,2
2022-03-06,XXI,International conveyance (Kiribati),OTHER,0,2,0,0,2
2022-03-13,XXI,International conveyance (Kiribati),OTHER,0,2,0,0,2
2022-03-20,XXI,International conveyance (Kiribati),OTHER,0,2,0,0,2
2022-03-27,XXI,International conveyance (Kiribati),OTHER,0,2,0,0,2
2022-04-03,XXI,International conveyance (Kiribati),OTHER,0,2,0,0,2
2022-04-10,XXI,International conveyance (Kiribati),OTHER,0,2,0,0,2
2022-04-17,XXI,International conveyance (Kiribati),OTHER,0,2,0,0,2
2022-04-24,XXI,International conveyance (Kiribati),OTHER,0,2,0,0,2
2022-05-01,XXI,International conveyance (Kiribati),OTHER,0,2,0,0,2
2022-05-08,XXI,International conveyance (Kiribati),OTHER,0,2,0,0,2
2022-05-15,XXI,International conveyance (Kiribati),OTHER,0,2,0,0,2
2022-05-22,XXI,International conveyance (Kiribati),OTHER,0,2,0,0,2
2022-05-29,XXI,International conveyance (Kiribati),OTHER,0,2,0,0,2
2022-06-05,XXI,International conveyance (Kiribati),OTHER,0,2,0,0,2
2022-06-12,XXI,International conveyance (Kiribati),OTHER,0,2,0,0,2
2022-06-19,XXI,International conveyance (Kiribati),OTHER,0,2,0,0,2
2022-06-26,XXI,International conveyance (Kiribati),OTHER,0,2,0,0,2
2022-07-03,XXI,International conveyance (Kiribati),OTHER,0,2,0,0,2
2022-07-10,XXI,International conveyance (Kiribati),OTHER,0,2,0,0,2
2022-07-17,XXI,International conveyance (Kiribati),OTHER,0,2,0,0,2
2022-07-24,XXI,International conveyance (Kiribati),OTHER,0,2,0,0,2
2022-07-31,XXI,International conveyance (Kiribati),OTHER,0,2,0,0,2
2022-08-07,XXI,International conveyance (Kiribati),OTHER,0,2,0,0,2
2022-08-14,XXI,International conveyance (Kiribati),OTHER,0,2,0,0,2
2022-08-21,XXI,International conveyance (Kiribati),OTHER,0,2,0,0,2
2022-08-28,XXI,International conveyance (Kiribati),OTHER,0,2,0,0,2
2022-09-04,XXI,International conveyance (Kiribati),OTHER,0,2,0,0,2
2022-09-11,XXI,International conveyance (Kiribati),OTHER,0,2,0,0,2
2022-09-18,XXI,International conveyance (Kiribati),OTHER,0,2,0,0,2
2022-09-25,XXI,International conveyance (Kiribati),OTHER,0,2,0,0,2
2022-10-02,XXI,International conveyance (Kiribati),OTHER,0,2,0,0,2
2022-10-09,XXI,International conveyance (Kiribati),OTHER,0,2,0,0,2
2022-10-16,XXI,International conveyance (Kiribati),OTHER,0,2,0,0,2
2022-10-23,XXI,International conveyance (Kiribati),OTHER,0,2,0,0,2
2022-10-30,XXI,International conveyance (Kiribati),OTHER,0,2,0,0,2
2022-11-06,XXI,International conveyance (Kiribati),OTHER,0,2,0,0,2
2022-11-13,XXI,International conveyance (Kiribati),OTHER,0,2,0,0,2
2022-11-20,XXI,International conveyance (Kiribati),OTHER,0,2,0,0,2
2022-11-27,XXI,International conveyance (Kiribati),OTHER,0,2,0,0,2
2022-12-04,XXI,International conveyance (Kiribati),OTHER,0,2,0,0,2
2022-12-11,XXI,International conveyance (Kiribati),OTHER,0,2,0,0,2
2022-12-18,XXI,International conveyance (Kiribati),OTHER,0,2,0,0,2
2022-12-25,XXI,International conveyance (Kiribati),OTHER,0,2,0,0,2
2023-01-01,XXI,International conveyance (Kiribati),OTHER,0,2,0,0,2
2023-01-08,XXI,International conveyance (Kiribati),OTHER,0,2,0,0,2
2023-01-15,XXI,International conveyance (Kiribati),OTHER,0,2,0,0,2
2023-01-22,XXI,International conveyance (Kiribati),OTHER,0,2,0,0,2
2023-01-29,XXI,International conveyance (Kiribati),OTHER,0,2,0,0,2
2023-02-05,XXI,International conveyance (Kiribati),OTHER,0,2,0,0,2
2023-02-12,XXI,International conveyance (Kiribati),OTHER,0,2,0,0,2
2023-02-19,XXI,International conveyance (Kiribati),OTHER,0,2,0,0,2
2023-02-26,XXI,International conveyance (Kiribati),OTHER,0,2,0,0,2
2023-03-05,XXI,International conveyance (Kiribati),OTHER,0,2,0,0,2
2023-03-12,XXI,International conveyance (Kiribati),OTHER,0,2,0,0,2
2023-03-19,XXI,International conveyance (Kiribati),OTHER,0,2,0,0,2
2023-03-26,XXI,International conveyance (Kiribati),OTHER,0,2,0,0,2
2023-04-02,XXI,International conveyance (Kiribati),OTHER,0,2,0,0,2
2023-04-09,XXI,International conveyance (Kiribati),OTHER,0,2,0,0,2
2023-04-16,XXI,International conveyance (Kiribati),OTHER,0,2,0,0,2
2023-04-23,XXI,International conveyance (Kiribati),OTHER,0,2,0,0,2
2023-04-30,XXI,International conveyance (Kiribati),OTHER,0,2,0,0,2
2023-05-07,XXI,International conveyance (Kiribati),OTHER,0,2,0,0,2
2023-05-14,XXI,International conveyance (Kiribati),OTHER,0,2,0,0,2
2023-05-21,XXI,International conveyance (Kiribati),OTHER,0,2,0,0,2
2023-05-28,XXI,International conveyance (Kiribati),OTHER,0,2,0,0,2
2023-06-04,XXI,International conveyance (Kiribati),OTHER,0,2,0,0,2
2023-06-11,XXI,International conveyance (Kiribati),OTHER,0,2,0,0,2
2023-06-18,XXI,International conveyance (Kiribati),OTHER,0,2,0,0,2
2023-06-25,XXI,International conveyance (Kiribati),OTHER,0,2,0,0,2
2023-07-02,XXI,International conveyance (Kiribati),OTHER,0,2,0,0,2
2023-07-09,XXI,International conveyance (Kiribati),OTHER,0,2,0,0,2
2023-07-16,XXI,International conveyance (Kiribati),OTHER,0,2,0,0,2
2023-07-23,XXI,International conveyance (Kiribati),OTHER,0,2,0,0,2
2023-07-30,XXI,International conveyance (Kiribati),OTHER,0,2,0,0,2
2023-08-06,XXI,International conveyance (Kiribati),OTHER,0,2,0,0,2
2023-08-13,XXI,International conveyance (Kiribati),OTHER,0,2,0,0,2
2023-08-20,XXI,International conveyance (Kiribati),OTHER,0,2,0,0,2
2023-08-27,XXI,International conveyance (Kiribati),OTHER,0,2,0,0,2
2023-09-03,XXI,International conveyance (Kiribati),OTHER,0,2,0,0,2
2023-09-10,XXI,International conveyance (Kiribati),OTHER,0,2,0,0,2
2023-09-17,XXI,International conveyance (Kiribati),OTHER,0,2,0,0,2
2023-09-24,XXI,International conveyance (Kiribati),OTHER,0,2,0,0,2
2023-10-01,XXI,International conveyance (Kiribati),OTHER,0,2,0,0,2
2023-10-08,XXI,International conveyance (Kiribati),OTHER,0,2,0,0,2
2023-10-15,XXI,International conveyance (Kiribati),OTHER,0,2,0,0,2
2023-10-22,XXI,International conveyance (Kiribati),OTHER,0,2,0,0,2
2023-10-29,XXI,International conveyance (Kiribati),OTHER,0,2,0,0,2
2023-11-05,XXI,International conveyance (Kiribati),OTHER,0,2,0,0,2
2023-11-12,XXI,International conveyance (Kiribati),OTHER,0,2,0,0,2
2023-11-19,XXI,International conveyance (Kiribati),OTHER,0,2,0,0,2
2023-11-26,XXI,International conveyance (Kiribati),OTHER,0,2,0,0,2
2023-12-03,XXI,International conveyance (Kiribati),OTHER,0,2,0,0,2
2023-12-10,XXI,International conveyance (Kiribati),OTHER,0,2,0,0,2
2023-12-17,XXI,International conveyance (Kiribati),OTHER,0,2,0,0,2
2023-12-24,XXI,International conveyance (Kiribati),OTHER,0,2,0,0,2
2023-12-31,XXI,International conveyance (Kiribati),OTHER,0,2,0,0,2
2024-01-07,XXI,International conveyance (Kiribati),OTHER,0,2,0,0,2
2024-01-14,XXI,International conveyance (Kiribati),OTHER,0,2,0,0,2
2024-01-21,XXI,International conveyance (Kiribati),OTHER,0,2,0,0,2
2024-01-28,XXI,International conveyance (Kiribati),OTHER,0,2,0,0,2
2024-02-04,XXI,International conveyance (Kiribati),OTHER,0,2,0,0,2
2024-02-11,XXI,International conveyance (Kiribati),OTHER,0,2,0,0,2
2024-02-18,XXI,International conveyance (Kiribati),OTHER,0,2,0,0,2
2024-02-25,XXI,International conveyance (Kiribati),OTHER,0,2,0,0,2
2024-03-03,XXI,International conveyance (Kiribati),OTHER,0,2,0,0,2
2024-03-10,XXI,International conveyance (Kiribati),OTHER,0,2,0,0,2
2024-03-17,XXI,International conveyance (Kiribati),OTHER,0,2,0,0,2
2024-03-24,XXI,International conveyance (Kiribati),OTHER,0,2,0,0,2
2024-03-31,XXI,International conveyance (Kiribati),OTHER,0,2,0,0,2
2024-04-07,XXI,International conveyance (Kiribati),OTHER,0,2,0,0,2
2024-04-14,XXI,International conveyance (Kiribati),OTHER,0,2,0,0,2
2024-04-21,XXI,International conveyance (Kiribati),OTHER,0,2,0,0,2
2024-04-28,XXI,International conveyance (Kiribati),OTHER,0,2,0,0,2
2024-05-05,XXI,International conveyance (Kiribati),OTHER,0,2,0,0,2
2024-05-12,XXI,International conveyance (Kiribati),OTHER,0,2,0,0,2
2024-05-19,XXI,International conveyance (Kiribati),OTHER,0,2,0,0,2
2024-05-26,XXI,International conveyance (Kiribati),OTHER,0,2,0,0,2
2024-06-02,XXI,International conveyance (Kiribati),OTHER,0,2,0,0,2
2024-06-09,XXI,International conveyance (Kiribati),OTHER,0,2,0,0,2
2024-06-16,XXI,International conveyance (Kiribati),OTHER,0,2,0,0,2
2024-06-23,XXI,International conveyance (Kiribati),OTHER,0,2,0,0,2
2024-06-30,XXI,International conveyance (Kiribati),OTHER,0,2,0,0,2
2024-07-07,XXI,International conveyance (Kiribati),OTHER,0,2,0,0,2
2024-07-14,XXI,International conveyance (Kiribati),OTHER,0,2,0,0,2
2024-07-21,XXI,International conveyance (Kiribati),OTHER,0,2,0,0,2
2024-07-28,XXI,International conveyance (Kiribati),OTHER,0,2,0,0,2
2024-08-04,XXI,International conveyance (Kiribati),OTHER,0,2,0,0,2
2024-08-11,XXI,International conveyance (Kiribati),OTHER,0,2,0,0,2
2024-08-18,XXI,International conveyance (Kiribati),OTHER,0,2,0,0,2
2024-08-25,XXI,International conveyance (Kiribati),OTHER,0,2,0,0,2
2024-09-01,XXI,International conveyance (Kiribati),OTHER,0,2,0,0,2
2024-09-08,XXI,International conveyance (Kiribati),OTHER,0,2,0,0,2
2024-09-15,XXI,International conveyance (Kiribati),OTHER,0,2,0,0,2
2024-09-22,XXI,International conveyance (Kiribati),OTHER,0,2,0,0,2
2024-09-29,XXI,International conveyance (Kiribati),OTHER,0,2,0,0,2
2024-10-06,XXI,International conveyance (Kiribati),OTHER,0,2,0,0,2
2024-10-13,XXI,International conveyance (Kiribati),OTHER,0,2,0,0,2
2024-10-20,XXI,International conveyance (Kiribati),OTHER,0,2,0,0,2
2024-10-27,XXI,International conveyance (Kiribati),OTHER,0,2,0,0,2
2024-11-03,XXI,International conveyance (Kiribati),OTHER,0,2,0,0,2
2024-11-10,XXI,International conveyance (Kiribati),OTHER,0,2,0,0,2
2024-11-17,XXI,International conveyance (Kiribati),OTHER,0,2,0,0,2
2020-01-05,XXG,International conveyance (Solomon Islands),OTHER,0,0,0,0,0
2020-01-12,XXG,International conveyance (Solomon Islands),OTHER,0,0,0,0,0
2020-01-19,XXG,International conveyance (Solomon Islands),OTHER,0,0,0,0,0
2020-01-26,XXG,International conveyance (Solomon Islands),OTHER,0,0,0,0,0
2020-02-02,XXG,International conveyance (Solomon Islands),OTHER,0,0,0,0,0
2020-02-09,XXG,International conveyance (Solomon Islands),OTHER,0,0,0,0,0
2020-02-16,XXG,International conveyance (Solomon Islands),OTHER,0,0,0,0,0
2020-02-23,XXG,International conveyance (Solomon Islands),OTHER,0,0,0,0,0
2020-03-01,XXG,International conveyance (Solomon Islands),OTHER,0,0,0,0,0
2020-03-08,XXG,International conveyance (Solomon Islands),OTHER,0,0,0,0,0
2020-03-15,XXG,International conveyance (Solomon Islands),OTHER,0,0,0,0,0
2020-03-22,XXG,International conveyance (Solomon Islands),OTHER,0,0,0,0,0
2020-03-29,XXG,International conveyance (Solomon Islands),OTHER,0,0,0,0,0
2020-04-05,XXG,International conveyance (Solomon Islands),OTHER,0,0,0,0,0
2020-04-12,XXG,International conveyance (Solomon Islands),OTHER,0,0,0,0,0
2020-04-19,XXG,International conveyance (Solomon Islands),OTHER,0,0,0,0,0
2020-04-26,XXG,International conveyance (Solomon Islands),OTHER,0,0,0,0,0
2020-05-03,XXG,International conveyance (Solomon Islands),OTHER,0,0,0,0,0
2020-05-10,XXG,International conveyance (Solomon Islands),OTHER,0,0,0,0,0
2020-05-17,XXG,International conveyance (Solomon Islands),OTHER,0,0,0,0,0
2020-05-24,XXG,International conveyance (Solomon Islands),OTHER,0,0,0,0,0
2020-05-31,XXG,International conveyance (Solomon Islands),OTHER,0,0,0,0,0
2020-06-07,XXG,International conveyance (Solomon Islands),OTHER,0,0,0,0,0
2020-06-14,XXG,International conveyance (Solomon Islands),OTHER,0,0,0,0,0
2020-06-21,XXG,International conveyance (Solomon Islands),OTHER,0,0,0,0,0
2020-06-28,XXG,International conveyance (Solomon Islands),OTHER,0,0,0,0,0
2020-07-05,XXG,International conveyance (Solomon Islands),OTHER,0,0,0,0,0
2020-07-12,XXG,International conveyance (Solomon Islands),OTHER,0,0,0,0,0
2020-07-19,XXG,International conveyance (Solomon Islands),OTHER,0,0,0,0,0
2020-07-26,XXG,International conveyance (Solomon Islands),OTHER,0,0,0,0,0
2020-08-02,XXG,International conveyance (Solomon Islands),OTHER,0,0,0,0,0
2020-08-09,XXG,International conveyance (Solomon Islands),OTHER,0,0,0,0,0
2020-08-16,XXG,International conveyance (Solomon Islands),OTHER,0,0,0,0,0
2020-08-23,XXG,International conveyance (Solomon Islands),OTHER,0,0,0,0,0
2020-08-30,XXG,International conveyance (Solomon Islands),OTHER,0,0,0,0,0
2020-09-06,XXG,International conveyance (Solomon Islands),OTHER,0,0,0,0,0
2020-09-13,XXG,International conveyance (Solomon Islands),OTHER,0,0,0,0,0
2020-09-20,XXG,International conveyance (Solomon Islands),OTHER,0,0,0,0,0
2020-09-27,XXG,International conveyance (Solomon Islands),OTHER,0,0,0,0,0
2020-10-04,XXG,International conveyance (Solomon Islands),OTHER,0,0,0,0,0
2020-10-11,XXG,International conveyance (Solomon Islands),OTHER,0,0,0,0,0
2020-10-18,XXG,International conveyance (Solomon Islands),OTHER,0,0,0,0,0
2020-10-25,XXG,International conveyance (Solomon Islands),OTHER,0,0,0,0,0
2020-11-01,XXG,International conveyance (Solomon Islands),OTHER,0,0,0,0,0
2020-11-08,XXG,International conveyance (Solomon Islands),OTHER,0,0,0,0,0
2020-11-15,XXG,International conveyance (Solomon Islands),OTHER,0,0,0,0,0
2020-11-22,XXG,International conveyance (Solomon Islands),OTHER,0,0,0,0,0
2020-11-29,XXG,International conveyance (Solomon Islands),OTHER,0,0,0,0,0
2020-12-06,XXG,International conveyance (Solomon Islands),OTHER,0,0,0,0,0
2020-12-13,XXG,International conveyance (Solomon Islands),OTHER,0,0,0,0,0
2020-12-20,XXG,International conveyance (Solomon Islands),OTHER,0,0,0,0,0
2020-12-27,XXG,International conveyance (Solomon Islands),OTHER,0,0,0,0,0
2021-01-03,XXG,International conveyance (Solomon Islands),OTHER,0,0,0,0,0
2021-01-10,XXG,International conveyance (Solomon Islands),OTHER,0,0,0,0,0
2021-01-17,XXG,International conveyance (Solomon Islands),OTHER,0,0,0,0,0
2021-01-24,XXG,International conveyance (Solomon Islands),OTHER,0,0,0,0,0
2021-01-31,XXG,International conveyance (Solomon Islands),OTHER,0,0,0,0,0
2021-02-07,XXG,International conveyance (Solomon Islands),OTHER,0,0,0,0,0
2021-02-14,XXG,International conveyance (Solomon Islands),OTHER,0,0,0,0,0
2021-02-21,XXG,International conveyance (Solomon Islands),OTHER,0,0,0,0,0
2021-02-28,XXG,International conveyance (Solomon Islands),OTHER,0,0,0,0,0
2021-03-07,XXG,International conveyance (Solomon Islands),OTHER,0,0,0,0,0
2021-03-14,XXG,International conveyance (Solomon Islands),OTHER,0,0,0,0,0
2021-03-21,XXG,International conveyance (Solomon Islands),OTHER,0,0,0,0,0
2021-03-28,XXG,International conveyance (Solomon Islands),OTHER,0,0,0,0,0
2021-04-04,XXG,International conveyance (Solomon Islands),OTHER,0,0,0,0,0
2021-04-11,XXG,International conveyance (Solomon Islands),OTHER,0,0,0,0,0
2021-04-18,XXG,International conveyance (Solomon Islands),OTHER,0,0,0,0,0
2021-04-25,XXG,International conveyance (Solomon Islands),OTHER,1,1,0,0,1
2021-05-02,XXG,International conveyance (Solomon Islands),OTHER,0,1,0,0,1
2021-05-09,XXG,International conveyance (Solomon Islands),OTHER,0,1,0,0,1
2021-05-16,XXG,International conveyance (Solomon Islands),OTHER,0,1,0,0,1
2021-05-23,XXG,International conveyance (Solomon Islands),OTHER,4,5,0,0,5
2021-05-30,XXG,International conveyance (Solomon Islands),OTHER,0,5,0,0,5
2021-06-06,XXG,International conveyance (Solomon Islands),OTHER,0,5,0,0,5
2021-06-13,XXG,International conveyance (Solomon Islands),OTHER,0,5,0,0,5
2021-06-20,XXG,International conveyance (Solomon Islands),OTHER,0,5,0,0,5
2021-06-27,XXG,International conveyance (Solomon Islands),OTHER,0,5,0,0,5
2021-07-04,XXG,International conveyance (Solomon Islands),OTHER,0,5,0,0,5
2021-07-11,XXG,International conveyance (Solomon Islands),OTHER,0,5,0,0,5
2021-07-18,XXG,International conveyance (Solomon Islands),OTHER,0,5,0,0,5
2021-07-25,XXG,International conveyance (Solomon Islands),OTHER,0,5,0,0,5
2021-08-01,XXG,International conveyance (Solomon Islands),OTHER,0,5,0,0,5
2021-08-08,XXG,International conveyance (Solomon Islands),OTHER,0,5,0,0,5
2021-08-15,XXG,International conveyance (Solomon Islands),OTHER,0,5,0,0,5
2021-08-22,XXG,International conveyance (Solomon Islands),OTHER,0,5,0,0,5
2021-08-29,XXG,International conveyance (Solomon Islands),OTHER,0,5,0,0,5
2021-09-05,XXG,International conveyance (Solomon Islands),OTHER,0,5,0,0,5
2021-09-12,XXG,International conveyance (Solomon Islands),OTHER,0,5,0,0,5
2021-09-19,XXG,International conveyance (Solomon Islands),OTHER,0,5,0,0,5
2021-09-26,XXG,International conveyance (Solomon Islands),OTHER,0,5,0,0,5
2021-10-03,XXG,International conveyance (Solomon Islands),OTHER,0,5,0,0,5
2021-10-10,XXG,International conveyance (Solomon Islands),OTHER,0,5,0,0,5
2021-10-17,XXG,International conveyance (Solomon Islands),OTHER,0,5,0,0,5
2021-10-24,XXG,International conveyance (Solomon Islands),OTHER,0,5,0,0,5
2021-10-31,XXG,International conveyance (Solomon Islands),OTHER,0,5,0,0,5
2021-11-07,XXG,International conveyance (Solomon Islands),OTHER,0,5,0,0,5
2021-11-14,XXG,International conveyance (Solomon Islands),OTHER,0,5,0,0,5
2021-11-21,XXG,International conveyance (Solomon Islands),OTHER,0,5,0,0,5
2021-11-28,XXG,International conveyance (Solomon Islands),OTHER,0,5,0,0,5
2021-12-05,XXG,International conveyance (Solomon Islands),OTHER,0,5,0,0,5
2021-12-12,XXG,International conveyance (Solomon Islands),OTHER,0,5,0,0,5
2021-12-19,XXG,International conveyance (Solomon Islands),OTHER,0,5,0,0,5
2021-12-26,XXG,International conveyance (Solomon Islands),OTHER,0,5,0,0,5
2022-01-02,XXG,International conveyance (Solomon Islands),OTHER,0,5,0,0,5
2022-01-09,XXG,International conveyance (Solomon Islands),OTHER,0,5,0,0,5
2022-01-16,XXG,International conveyance (Solomon Islands),OTHER,0,5,0,0,5
2022-01-23,XXG,International conveyance (Solomon Islands),OTHER,0,5,0,0,5
2022-01-30,XXG,International conveyance (Solomon Islands),OTHER,0,5,0,0,5
2022-02-06,XXG,International conveyance (Solomon Islands),OTHER,0,5,0,0,5
2022-02-13,XXG,International conveyance (Solomon Islands),OTHER,0,5,0,0,5
2022-02-20,XXG,International conveyance (Solomon Islands),OTHER,0,5,0,0,5
2022-02-27,XXG,International conveyance (Solomon Islands),OTHER,0,5,0,0,5
2022-03-06,XXG,International conveyance (Solomon Islands),OTHER,0,5,0,0,5
2022-03-13,XXG,International conveyance (Solomon Islands),OTHER,0,5,0,0,5
2022-03-20,XXG,International conveyance (Solomon Islands),OTHER,0,5,0,0,5
2022-03-27,XXG,International conveyance (Solomon Islands),OTHER,0,5,0,0,5
2022-04-03,XXG,International conveyance (Solomon Islands),OTHER,0,5,0,0,5
2022-04-10,XXG,International conveyance (Solomon Islands),OTHER,0,5,0,0,5
2022-04-17,XXG,International conveyance (Solomon Islands),OTHER,0,5,0,0,5
2022-04-24,XXG,International conveyance (Solomon Islands),OTHER,0,5,0,0,5
2022-05-01,XXG,International conveyance (Solomon Islands),OTHER,0,5,0,0,5
2022-05-08,XXG,International conveyance (Solomon Islands),OTHER,0,5,0,0,5
2022-05-15,XXG,International conveyance (Solomon Islands),OTHER,0,5,0,0,5
2022-05-22,XXG,International conveyance (Solomon Islands),OTHER,0,5,0,0,5
2022-05-29,XXG,International conveyance (Solomon Islands),OTHER,0,5,0,0,5
2022-06-05,XXG,International conveyance (Solomon Islands),OTHER,0,5,0,0,5
2022-06-12,XXG,International conveyance (Solomon Islands),OTHER,0,5,0,0,5
2022-06-19,XXG,International conveyance (Solomon Islands),OTHER,0,5,0,0,5
2022-06-26,XXG,International conveyance (Solomon Islands),OTHER,0,5,0,0,5
2022-07-03,XXG,International conveyance (Solomon Islands),OTHER,0,5,0,0,5
2022-07-10,XXG,International conveyance (Solomon Islands),OTHER,0,5,0,0,5
2022-07-17,XXG,International conveyance (Solomon Islands),OTHER,0,5,0,0,5
2022-07-24,XXG,International conveyance (Solomon Islands),OTHER,0,5,0,0,5
2022-07-31,XXG,International conveyance (Solomon Islands),OTHER,0,5,0,0,5
2022-08-07,XXG,International conveyance (Solomon Islands),OTHER,0,5,0,0,5
2022-08-14,XXG,International conveyance (Solomon Islands),OTHER,0,5,0,0,5
2022-08-21,XXG,International conveyance (Solomon Islands),OTHER,0,5,0,0,5
2022-08-28,XXG,International conveyance (Solomon Islands),OTHER,0,5,0,0,5
2022-09-04,XXG,International conveyance (Solomon Islands),OTHER,0,5,0,0,5
2022-09-11,XXG,International conveyance (Solomon Islands),OTHER,0,5,0,0,5
2022-09-18,XXG,International conveyance (Solomon Islands),OTHER,0,5,0,0,5
2022-09-25,XXG,International conveyance (Solomon Islands),OTHER,0,5,0,0,5
2022-10-02,XXG,International conveyance (Solomon Islands),OTHER,0,5,0,0,5
2022-10-09,XXG,International conveyance (Solomon Islands),OTHER,0,5,0,0,5
2022-10-16,XXG,International conveyance (Solomon Islands),OTHER,0,5,0,0,5
2022-10-23,XXG,International conveyance (Solomon Islands),OTHER,0,5,0,0,5
2022-10-30,XXG,International conveyance (Solomon Islands),OTHER,0,5,0,0,5
2022-11-06,XXG,International conveyance (Solomon Islands),OTHER,0,5,0,0,5
2022-11-13,XXG,International conveyance (Solomon Islands),OTHER,0,5,0,0,5
2022-11-20,XXG,International conveyance (Solomon Islands),OTHER,0,5,0,0,5
2022-11-27,XXG,International conveyance (Solomon Islands),OTHER,0,5,0,0,5
2022-12-04,XXG,International conveyance (Solomon Islands),OTHER,0,5,0,0,5
2022-12-11,XXG,International conveyance (Solomon Islands),OTHER,0,5,0,0,5
2022-12-18,XXG,International conveyance (Solomon Islands),OTHER,0,5,0,0,5
2022-12-25,XXG,International conveyance (Solomon Islands),OTHER,0,5,0,0,5
2023-01-01,XXG,International conveyance (Solomon Islands),OTHER,0,5,0,0,5
2023-01-08,XXG,International conveyance (Solomon Islands),OTHER,0,5,0,0,5
2023-01-15,XXG,International conveyance (Solomon Islands),OTHER,0,5,0,0,5
2023-01-22,XXG,International conveyance (Solomon Islands),OTHER,0,5,0,0,5
2023-01-29,XXG,International conveyance (Solomon Islands),OTHER,0,5,0,0,5
2023-02-05,XXG,International conveyance (Solomon Islands),OTHER,0,5,0,0,5
2023-02-12,XXG,International conveyance (Solomon Islands),OTHER,0,5,0,0,5
2023-02-19,XXG,International conveyance (Solomon Islands),OTHER,0,5,0,0,5
2023-02-26,XXG,International conveyance (Solomon Islands),OTHER,0,5,0,0,5
2023-03-05,XXG,International conveyance (Solomon Islands),OTHER,0,5,0,0,5
2023-03-12,XXG,International conveyance (Solomon Islands),OTHER,0,5,0,0,5
2023-03-19,XXG,International conveyance (Solomon Islands),OTHER,0,5,0,0,5
2023-03-26,XXG,International conveyance (Solomon Islands),OTHER,0,5,0,0,5
2023-04-02,XXG,International conveyance (Solomon Islands),OTHER,0,5,0,0,5
2023-04-09,XXG,International conveyance (Solomon Islands),OTHER,0,5,0,0,5
2023-04-16,XXG,International conveyance (Solomon Islands),OTHER,0,5,0,0,5
2023-04-23,XXG,International conveyance (Solomon Islands),OTHER,0,5,0,0,5
2023-04-30,XXG,International conveyance (Solomon Islands),OTHER,0,5,0,0,5
2023-05-07,XXG,International conveyance (Solomon Islands),OTHER,0,5,0,0,5
2023-05-14,XXG,International conveyance (Solomon Islands),OTHER,0,5,0,0,5
2023-05-21,XXG,International conveyance (Solomon Islands),OTHER,0,5,0,0,5
2023-05-28,XXG,International conveyance (Solomon Islands),OTHER,0,5,0,0,5
2023-06-04,XXG,International conveyance (Solomon Islands),OTHER,0,5,0,0,5
2023-06-11,XXG,International conveyance (Solomon Islands),OTHER,0,5,0,0,5
2023-06-18,XXG,International conveyance (Solomon Islands),OTHER,0,5,0,0,5
2023-06-25,XXG,International conveyance (Solomon Islands),OTHER,0,5,0,0,5
2023-07-02,XXG,International conveyance (Solomon Islands),OTHER,0,5,0,0,5
2023-07-09,XXG,International conveyance (Solomon Islands),OTHER,0,5,0,0,5
2023-07-16,XXG,International conveyance (Solomon Islands),OTHER,0,5,0,0,5
2023-07-23,XXG,International conveyance (Solomon Islands),OTHER,0,5,0,0,5
2023-07-30,XXG,International conveyance (Solomon Islands),OTHER,0,5,0,0,5
2023-08-06,XXG,International conveyance (Solomon Islands),OTHER,0,5,0,0,5
2023-08-13,XXG,International conveyance (Solomon Islands),OTHER,0,5,0,0,5
2023-08-20,XXG,International conveyance (Solomon Islands),OTHER,0,5,0,0,5
2023-08-27,XXG,International conveyance (Solomon Islands),OTHER,0,5,0,0,5
2023-09-03,XXG,International conveyance (Solomon Islands),OTHER,0,5,0,0,5
2023-09-10,XXG,International conveyance (Solomon Islands),OTHER,0,5,0,0,5
2023-09-17,XXG,International conveyance (Solomon Islands),OTHER,0,5,0,0,5
2023-09-24,XXG,International conveyance (Solomon Islands),OTHER,0,5,0,0,5
2023-10-01,XXG,International conveyance (Solomon Islands),OTHER,0,5,0,0,5
2023-10-08,XXG,International conveyance (Solomon Islands),OTHER,0,5,0,0,5
2023-10-15,XXG,International conveyance (Solomon Islands),OTHER,0,5,0,0,5
2023-10-22,XXG,International conveyance (Solomon Islands),OTHER,0,5,0,0,5
2023-10-29,XXG,International conveyance (Solomon Islands),OTHER,0,5,0,0,5
2023-11-05,XXG,International conveyance (Solomon Islands),OTHER,0,5,0,0,5
2023-11-12,XXG,International conveyance (Solomon Islands),OTHER,0,5,0,0,5
2023-11-19,XXG,International conveyance (Solomon Islands),OTHER,0,5,0,0,5
2023-11-26,XXG,International conveyance (Solomon Islands),OTHER,0,5,0,0,5
2023-12-03,XXG,International conveyance (Solomon Islands),OTHER,0,5,0,0,5
2023-12-10,XXG,International conveyance (Solomon Islands),OTHER,0,5,0,0,5
2023-12-17,XXG,International conveyance (Solomon Islands),OTHER,0,5,0,0,5
2023-12-24,XXG,International conveyance (Solomon Islands),OTHER,0,5,0,0,5
2023-12-31,XXG,International conveyance (Solomon Islands),OTHER,0,5,0,0,5
2024-01-07,XXG,International conveyance (Solomon Islands),OTHER,0,5,0,0,5
2024-01-14,XXG,International conveyance (Solomon Islands),OTHER,0,5,0,0,5
2024-01-21,XXG,International conveyance (Solomon Islands),OTHER,0,5,0,0,5
2024-01-28,XXG,International conveyance (Solomon Islands),OTHER,0,5,0,0,5
2024-02-04,XXG,International conveyance (Solomon Islands),OTHER,0,5,0,0,5
2024-02-11,XXG,International conveyance (Solomon Islands),OTHER,0,5,0,0,5
2024-02-18,XXG,International conveyance (Solomon Islands),OTHER,0,5,0,0,5
2024-02-25,XXG,International conveyance (Solomon Islands),OTHER,0,5,0,0,5
2024-03-03,XXG,International conveyance (Solomon Islands),OTHER,0,5,0,0,5
2024-03-10,XXG,International conveyance (Solomon Islands),OTHER,0,5,0,0,5
2024-03-17,XXG,International conveyance (Solomon Islands),OTHER,0,5,0,0,5
2024-03-24,XXG,International conveyance (Solomon Islands),OTHER,0,5,0,0,5
2024-03-31,XXG,International conveyance (Solomon Islands),OTHER,0,5,0,0,5
2024-04-07,XXG,International conveyance (Solomon Islands),OTHER,0,5,0,0,5
2024-04-14,XXG,International conveyance (Solomon Islands),OTHER,0,5,0,0,5
2024-04-21,XXG,International conveyance (Solomon Islands),OTHER,0,5,0,0,5
2024-04-28,XXG,International conveyance (Solomon Islands),OTHER,0,5,0,0,5
2024-05-05,XXG,International conveyance (Solomon Islands),OTHER,0,5,0,0,5
2024-05-12,XXG,International conveyance (Solomon Islands),OTHER,0,5,0,0,5
2024-05-19,XXG,International conveyance (Solomon Islands),OTHER,0,5,0,0,5
2024-05-26,XXG,International conveyance (Solomon Islands),OTHER,0,5,0,0,5
2024-06-02,XXG,International conveyance (Solomon Islands),OTHER,0,5,0,0,5
2024-06-09,XXG,International conveyance (Solomon Islands),OTHER,0,5,0,0,5
2024-06-16,XXG,International conveyance (Solomon Islands),OTHER,0,5,0,0,5
2024-06-23,XXG,International conveyance (Solomon Islands),OTHER,0,5,0,0,5
2024-06-30,XXG,International conveyance (Solomon Islands),OTHER,0,5,0,0,5
2024-07-07,XXG,International conveyance (Solomon Islands),OTHER,0,5,0,0,5
2024-07-14,XXG,International conveyance (Solomon Islands),OTHER,0,5,0,0,5
2024-07-21,XXG,International conveyance (Solomon Islands),OTHER,0,5,0,0,5
2024-07-28,XXG,International conveyance (Solomon Islands),OTHER,0,5,0,0,5
2024-08-04,XXG,International conveyance (Solomon Islands),OTHER,0,5,0,0,5
2024-08-11,XXG,International conveyance (Solomon Islands),OTHER,0,5,0,0,5
2024-08-18,XXG,International conveyance (Solomon Islands),OTHER,0,5,0,0,5
2024-08-25,XXG,International conveyance (Solomon Islands),OTHER,0,5,0,0,5
2024-09-01,XXG,International conveyance (Solomon Islands),OTHER,0,5,0,0,5
2024-09-08,XXG,International conveyance (Solomon Islands),OTHER,0,5,0,0,5
2024-09-15,XXG,International conveyance (Solomon Islands),OTHER,0,5,0,0,5
2024-09-22,XXG,International conveyance (Solomon Islands),OTHER,0,5,0,0,5
2024-09-29,XXG,International conveyance (Solomon Islands),OTHER,0,5,0,0,5
2024-10-06,XXG,International conveyance (Solomon Islands),OTHER,0,5,0,0,5
2024-10-13,XXG,International conveyance (Solomon Islands),OTHER,0,5,0,0,5
2024-10-20,XXG,International conveyance (Solomon Islands),OTHER,0,5,0,0,5
2024-10-27,XXG,International conveyance (Solomon Islands),OTHER,0,5,0,0,5
2024-11-03,XXG,International conveyance (Solomon Islands),OTHER,0,5,0,0,5
2024-11-10,XXG,International conveyance (Solomon Islands),OTHER,0,5,0,0,5
2024-11-17,XXG,International conveyance (Solomon Islands),OTHER,0,5,0,0,5
2020-01-05,XXH,International conveyance (Vanuatu),OTHER,0,0,0,0,0
2020-01-12,XXH,International conveyance (Vanuatu),OTHER,0,0,0,0,0
2020-01-19,XXH,International conveyance (Vanuatu),OTHER,0,0,0,0,0
2020-01-26,XXH,International conveyance (Vanuatu),OTHER,0,0,0,0,0
2020-02-02,XXH,International conveyance (Vanuatu),OTHER,0,0,0,0,0
2020-02-09,XXH,International conveyance (Vanuatu),OTHER,0,0,0,0,0
2020-02-16,XXH,International conveyance (Vanuatu),OTHER,0,0,0,0,0
2020-02-23,XXH,International conveyance (Vanuatu),OTHER,0,0,0,0,0
2020-03-01,XXH,International conveyance (Vanuatu),OTHER,0,0,0,0,0
2020-03-08,XXH,International conveyance (Vanuatu),OTHER,0,0,0,0,0
2020-03-15,XXH,International conveyance (Vanuatu),OTHER,0,0,0,0,0
2020-03-22,XXH,International conveyance (Vanuatu),OTHER,0,0,0,0,0
2020-03-29,XXH,International conveyance (Vanuatu),OTHER,0,0,0,0,0
2020-04-05,XXH,International conveyance (Vanuatu),OTHER,0,0,0,0,0
2020-04-12,XXH,International conveyance (Vanuatu),OTHER,0,0,0,0,0
2020-04-19,XXH,International conveyance (Vanuatu),OTHER,0,0,0,0,0
2020-04-26,XXH,International conveyance (Vanuatu),OTHER,0,0,0,0,0
2020-05-03,XXH,International conveyance (Vanuatu),OTHER,0,0,0,0,0
2020-05-10,XXH,International conveyance (Vanuatu),OTHER,0,0,0,0,0
2020-05-17,XXH,International conveyance (Vanuatu),OTHER,0,0,0,0,0
2020-05-24,XXH,International conveyance (Vanuatu),OTHER,0,0,0,0,0
2020-05-31,XXH,International conveyance (Vanuatu),OTHER,0,0,0,0,0
2020-06-07,XXH,International conveyance (Vanuatu),OTHER,0,0,0,0,0
2020-06-14,XXH,International conveyance (Vanuatu),OTHER,0,0,0,0,0
2020-06-21,XXH,International conveyance (Vanuatu),OTHER,0,0,0,0,0
2020-06-28,XXH,International conveyance (Vanuatu),OTHER,0,0,0,0,0
2020-07-05,XXH,International conveyance (Vanuatu),OTHER,0,0,0,0,0
2020-07-12,XXH,International conveyance (Vanuatu),OTHER,0,0,0,0,0
2020-07-19,XXH,International conveyance (Vanuatu),OTHER,0,0,0,0,0
2020-07-26,XXH,International conveyance (Vanuatu),OTHER,0,0,0,0,0
2020-08-02,XXH,International conveyance (Vanuatu),OTHER,0,0,0,0,0
2020-08-09,XXH,International conveyance (Vanuatu),OTHER,0,0,0,0,0
2020-08-16,XXH,International conveyance (Vanuatu),OTHER,0,0,0,0,0
2020-08-23,XXH,International conveyance (Vanuatu),OTHER,0,0,0,0,0
2020-08-30,XXH,International conveyance (Vanuatu),OTHER,0,0,0,0,0
2020-09-06,XXH,International conveyance (Vanuatu),OTHER,0,0,0,0,0
2020-09-13,XXH,International conveyance (Vanuatu),OTHER,0,0,0,0,0
2020-09-20,XXH,International conveyance (Vanuatu),OTHER,0,0,0,0,0
2020-09-27,XXH,International conveyance (Vanuatu),OTHER,0,0,0,0,0
2020-10-04,XXH,International conveyance (Vanuatu),OTHER,0,0,0,0,0
2020-10-11,XXH,International conveyance (Vanuatu),OTHER,0,0,0,0,0
2020-10-18,XXH,International conveyance (Vanuatu),OTHER,0,0,0,0,0
2020-10-25,XXH,International conveyance (Vanuatu),OTHER,0,0,0,0,0
2020-11-01,XXH,International conveyance (Vanuatu),OTHER,0,0,0,0,0
2020-11-08,XXH,International conveyance (Vanuatu),OTHER,0,0,0,0,0
2020-11-15,XXH,International conveyance (Vanuatu),OTHER,0,0,0,0,0
2020-11-22,XXH,International conveyance (Vanuatu),OTHER,0,0,0,0,0
2020-11-29,XXH,International conveyance (Vanuatu),OTHER,0,0,0,0,0
2020-12-06,XXH,International conveyance (Vanuatu),OTHER,0,0,0,0,0
2020-12-13,XXH,International conveyance (Vanuatu),OTHER,0,0,0,0,0
2020-12-20,XXH,International conveyance (Vanuatu),OTHER,0,0,0,0,0
2020-12-27,XXH,International conveyance (Vanuatu),OTHER,0,0,0,0,0
2021-01-03,XXH,International conveyance (Vanuatu),OTHER,0,0,0,0,0
2021-01-10,XXH,International conveyance (Vanuatu),OTHER,0,0,0,0,0
2021-01-17,XXH,International conveyance (Vanuatu),OTHER,0,0,0,0,0
2021-01-24,XXH,International conveyance (Vanuatu),OTHER,0,0,0,0,0
2021-01-31,XXH,International conveyance (Vanuatu),OTHER,0,0,0,0,0
2021-02-07,XXH,International conveyance (Vanuatu),OTHER,0,0,0,0,0
2021-02-14,XXH,International conveyance (Vanuatu),OTHER,0,0,0,0,0
2021-02-21,XXH,International conveyance (Vanuatu),OTHER,0,0,0,0,0
2021-02-28,XXH,International conveyance (Vanuatu),OTHER,0,0,0,0,0
2021-03-07,XXH,International conveyance (Vanuatu),OTHER,0,0,0,0,0
2021-03-14,XXH,International conveyance (Vanuatu),OTHER,0,0,0,0,0
2021-03-21,XXH,International conveyance (Vanuatu),OTHER,0,0,0,0,0
2021-03-28,XXH,International conveyance (Vanuatu),OTHER,0,0,0,0,0
2021-04-04,XXH,International conveyance (Vanuatu),OTHER,0,0,0,0,0
2021-04-11,XXH,International conveyance (Vanuatu),OTHER,0,0,0,0,0
2021-04-18,XXH,International conveyance (Vanuatu),OTHER,0,0,0,0,0
2021-04-25,XXH,International conveyance (Vanuatu),OTHER,0,0,0,0,0
2021-05-02,XXH,International conveyance (Vanuatu),OTHER,12,12,0,0,12
2021-05-09,XXH,International conveyance (Vanuatu),OTHER,0,12,0,0,12
2021-05-16,XXH,International conveyance (Vanuatu),OTHER,0,12,0,0,12
2021-05-23,XXH,International conveyance (Vanuatu),OTHER,0,12,0,0,12
2021-05-30,XXH,International conveyance (Vanuatu),OTHER,0,12,0,0,12
2021-06-06,XXH,International conveyance (Vanuatu),OTHER,0,12,0,0,12
2021-06-13,XXH,International conveyance (Vanuatu),OTHER,0,12,0,0,12
2021-06-20,XXH,International conveyance (Vanuatu),OTHER,0,12,0,0,12
2021-06-27,XXH,International conveyance (Vanuatu),OTHER,0,12,0,0,12
2021-07-04,XXH,International conveyance (Vanuatu),OTHER,0,12,0,0,12
2021-07-11,XXH,International conveyance (Vanuatu),OTHER,0,12,0,0,12
2021-07-18,XXH,International conveyance (Vanuatu),OTHER,0,12,0,0,12
2021-07-25,XXH,International conveyance (Vanuatu),OTHER,0,12,0,0,12
2021-08-01,XXH,International conveyance (Vanuatu),OTHER,0,12,0,0,12
2021-08-08,XXH,International conveyance (Vanuatu),OTHER,0,12,0,0,12
2021-08-15,XXH,International conveyance (Vanuatu),OTHER,0,12,0,0,12
2021-08-22,XXH,International conveyance (Vanuatu),OTHER,0,12,0,0,12
2021-08-29,XXH,International conveyance (Vanuatu),OTHER,0,12,0,0,12
2021-09-05,XXH,International conveyance (Vanuatu),OTHER,0,12,0,0,12
2021-09-12,XXH,International conveyance (Vanuatu),OTHER,0,12,0,0,12
2021-09-19,XXH,International conveyance (Vanuatu),OTHER,0,12,0,0,12
2021-09-26,XXH,International conveyance (Vanuatu),OTHER,0,12,0,0,12
2021-10-03,XXH,International conveyance (Vanuatu),OTHER,0,12,0,0,12
2021-10-10,XXH,International conveyance (Vanuatu),OTHER,0,12,0,0,12
2021-10-17,XXH,International conveyance (Vanuatu),OTHER,0,12,0,0,12
2021-10-24,XXH,International conveyance (Vanuatu),OTHER,0,12,0,0,12
2021-10-31,XXH,International conveyance (Vanuatu),OTHER,0,12,0,0,12
2021-11-07,XXH,International conveyance (Vanuatu),OTHER,0,12,0,0,12
2021-11-14,XXH,International conveyance (Vanuatu),OTHER,0,12,0,0,12
2021-11-21,XXH,International conveyance (Vanuatu),OTHER,0,12,0,0,12
2021-11-28,XXH,International conveyance (Vanuatu),OTHER,0,12,0,0,12
2021-12-05,XXH,International conveyance (Vanuatu),OTHER,0,12,0,0,12
2021-12-12,XXH,International conveyance (Vanuatu),OTHER,0,12,0,0,12
2021-12-19,XXH,International conveyance (Vanuatu),OTHER,0,12,0,0,12
2021-12-26,XXH,International conveyance (Vanuatu),OTHER,0,12,0,0,12
2022-01-02,XXH,International conveyance (Vanuatu),OTHER,0,12,0,0,12
2022-01-09,XXH,International conveyance (Vanuatu),OTHER,0,12,0,0,12
2022-01-16,XXH,International conveyance (Vanuatu),OTHER,0,12,0,0,12
2022-01-23,XXH,International conveyance (Vanuatu),OTHER,0,12,0,0,12
2022-01-30,XXH,International conveyance (Vanuatu),OTHER,0,12,0,0,12
2022-02-06,XXH,International conveyance (Vanuatu),OTHER,0,12,0,0,12
2022-02-13,XXH,International conveyance (Vanuatu),OTHER,0,12,0,0,12
2022-02-20,XXH,International conveyance (Vanuatu),OTHER,0,12,0,0,12
2022-02-27,XXH,International conveyance (Vanuatu),OTHER,0,12,0,0,12
2022-03-06,XXH,International conveyance (Vanuatu),OTHER,0,12,0,0,12
2022-03-13,XXH,International conveyance (Vanuatu),OTHER,0,12,0,0,12
2022-03-20,XXH,International conveyance (Vanuatu),OTHER,0,12,0,0,12
2022-03-27,XXH,International conveyance (Vanuatu),OTHER,0,12,0,0,12
2022-04-03,XXH,International conveyance (Vanuatu),OTHER,0,12,0,0,12
2022-04-10,XXH,International conveyance (Vanuatu),OTHER,0,12,0,0,12
2022-04-17,XXH,International conveyance (Vanuatu),OTHER,0,12,0,0,12
2022-04-24,XXH,International conveyance (Vanuatu),OTHER,0,12,0,0,12
2022-05-01,XXH,International conveyance (Vanuatu),OTHER,0,12,0,0,12
2022-05-08,XXH,International conveyance (Vanuatu),OTHER,0,12,0,0,12
2022-05-15,XXH,International conveyance (Vanuatu),OTHER,0,12,0,0,12
2022-05-22,XXH,International conveyance (Vanuatu),OTHER,0,12,0,0,12
2022-05-29,XXH,International conveyance (Vanuatu),OTHER,0,12,0,0,12
2022-06-05,XXH,International conveyance (Vanuatu),OTHER,0,12,0,0,12
2022-06-12,XXH,International conveyance (Vanuatu),OTHER,0,12,0,0,12
2022-06-19,XXH,International conveyance (Vanuatu),OTHER,0,12,0,0,12
2022-06-26,XXH,International conveyance (Vanuatu),OTHER,0,12,0,0,12
2022-07-03,XXH,International conveyance (Vanuatu),OTHER,0,12,0,0,12
2022-07-10,XXH,International conveyance (Vanuatu),OTHER,0,12,0,0,12
2022-07-17,XXH,International conveyance (Vanuatu),OTHER,0,12,0,0,12
2022-07-24,XXH,International conveyance (Vanuatu),OTHER,0,12,0,0,12
2022-07-31,XXH,International conveyance (Vanuatu),OTHER,0,12,0,0,12
2022-08-07,XXH,International conveyance (Vanuatu),OTHER,0,12,0,0,12
2022-08-14,XXH,International conveyance (Vanuatu),OTHER,0,12,0,0,12
2022-08-21,XXH,International conveyance (Vanuatu),OTHER,0,12,0,0,12
2022-08-28,XXH,International conveyance (Vanuatu),OTHER,0,12,0,0,12
2022-09-04,XXH,International conveyance (Vanuatu),OTHER,0,12,0,0,12
2022-09-11,XXH,International conveyance (Vanuatu),OTHER,0,12,0,0,12
2022-09-18,XXH,International conveyance (Vanuatu),OTHER,0,12,0,0,12
2022-09-25,XXH,International conveyance (Vanuatu),OTHER,0,12,0,0,12
2022-10-02,XXH,International conveyance (Vanuatu),OTHER,0,12,0,0,12
2022-10-09,XXH,International conveyance (Vanuatu),OTHER,0,12,0,0,12
2022-10-16,XXH,International conveyance (Vanuatu),OTHER,0,12,0,0,12
2022-10-23,XXH,International conveyance (Vanuatu),OTHER,0,12,0,0,12
2022-10-30,XXH,International conveyance (Vanuatu),OTHER,0,12,0,0,12
2022-11-06,XXH,International conveyance (Vanuatu),OTHER,0,12,0,0,12
2022-11-13,XXH,International conveyance (Vanuatu),OTHER,0,12,0,0,12
2022-11-20,XXH,International conveyance (Vanuatu),OTHER,0,12,0,0,12
2022-11-27,XXH,International conveyance (Vanuatu),OTHER,0,12,0,0,12
2022-12-04,XXH,International conveyance (Vanuatu),OTHER,0,12,0,0,12
2022-12-11,XXH,International conveyance (Vanuatu),OTHER,0,12,0,0,12
2022-12-18,XXH,International conveyance (Vanuatu),OTHER,0,12,0,0,12
2022-12-25,XXH,International conveyance (Vanuatu),OTHER,0,12,0,0,12
2023-01-01,XXH,International conveyance (Vanuatu),OTHER,0,12,0,0,12
2023-01-08,XXH,International conveyance (Vanuatu),OTHER,0,12,0,0,12
2023-01-15,XXH,International conveyance (Vanuatu),OTHER,0,12,0,0,12
2023-01-22,XXH,International conveyance (Vanuatu),OTHER,0,12,0,0,12
2023-01-29,XXH,International conveyance (Vanuatu),OTHER,0,12,0,0,12
2023-02-05,XXH,International conveyance (Vanuatu),OTHER,0,12,0,0,12
2023-02-12,XXH,International conveyance (Vanuatu),OTHER,0,12,0,0,12
2023-02-19,XXH,International conveyance (Vanuatu),OTHER,0,12,0,0,12
2023-02-26,XXH,International conveyance (Vanuatu),OTHER,0,12,0,0,12
2023-03-05,XXH,International conveyance (Vanuatu),OTHER,0,12,0,0,12
2023-03-12,XXH,International conveyance (Vanuatu),OTHER,0,12,0,0,12
2023-03-19,XXH,International conveyance (Vanuatu),OTHER,0,12,0,0,12
2023-03-26,XXH,International conveyance (Vanuatu),OTHER,0,12,0,0,12
2023-04-02,XXH,International conveyance (Vanuatu),OTHER,0,12,0,0,12
2023-04-09,XXH,International conveyance (Vanuatu),OTHER,0,12,0,0,12
2023-04-16,XXH,International conveyance (Vanuatu),OTHER,0,12,0,0,12
2023-04-23,XXH,International conveyance (Vanuatu),OTHER,0,12,0,0,12
2023-04-30,XXH,International conveyance (Vanuatu),OTHER,0,12,0,0,12
2023-05-07,XXH,International conveyance (Vanuatu),OTHER,0,12,0,0,12
2023-05-14,XXH,International conveyance (Vanuatu),OTHER,0,12,0,0,12
2023-05-21,XXH,International conveyance (Vanuatu),OTHER,0,12,0,0,12
2023-05-28,XXH,International conveyance (Vanuatu),OTHER,0,12,0,0,12
2023-06-04,XXH,International conveyance (Vanuatu),OTHER,0,12,0,0,12
2023-06-11,XXH,International conveyance (Vanuatu),OTHER,0,12,0,0,12
2023-06-18,XXH,International conveyance (Vanuatu),OTHER,0,12,0,0,12
2023-06-25,XXH,International conveyance (Vanuatu),OTHER,0,12,0,0,12
2023-07-02,XXH,International conveyance (Vanuatu),OTHER,0,12,0,0,12
2023-07-09,XXH,International conveyance (Vanuatu),OTHER,0,12,0,0,12
2023-07-16,XXH,International conveyance (Vanuatu),OTHER,0,12,0,0,12
2023-07-23,XXH,International conveyance (Vanuatu),OTHER,0,12,0,0,12
2023-07-30,XXH,International conveyance (Vanuatu),OTHER,0,12,0,0,12
2023-08-06,XXH,International conveyance (Vanuatu),OTHER,0,12,0,0,12
2023-08-13,XXH,International conveyance (Vanuatu),OTHER,0,12,0,0,12
2023-08-20,XXH,International conveyance (Vanuatu),OTHER,0,12,0,0,12
2023-08-27,XXH,International conveyance (Vanuatu),OTHER,0,12,0,0,12
2023-09-03,XXH,International conveyance (Vanuatu),OTHER,0,12,0,0,12
2023-09-10,XXH,International conveyance (Vanuatu),OTHER,0,12,0,0,12
2023-09-17,XXH,International conveyance (Vanuatu),OTHER,0,12,0,0,12
2023-09-24,XXH,International conveyance (Vanuatu),OTHER,0,12,0,0,12
2023-10-01,XXH,International conveyance (Vanuatu),OTHER,0,12,0,0,12
2023-10-08,XXH,International conveyance (Vanuatu),OTHER,0,12,0,0,12
2023-10-15,XXH,International conveyance (Vanuatu),OTHER,0,12,0,0,12
2023-10-22,XXH,International conveyance (Vanuatu),OTHER,0,12,0,0,12
2023-10-29,XXH,International conveyance (Vanuatu),OTHER,0,12,0,0,12
2023-11-05,XXH,International conveyance (Vanuatu),OTHER,0,12,0,0,12
2023-11-12,XXH,International conveyance (Vanuatu),OTHER,0,12,0,0,12
2023-11-19,XXH,International conveyance (Vanuatu),OTHER,0,12,0,0,12
2023-11-26,XXH,International conveyance (Vanuatu),OTHER,0,12,0,0,12
2023-12-03,XXH,International conveyance (Vanuatu),OTHER,0,12,0,0,12
2023-12-10,XXH,International conveyance (Vanuatu),OTHER,0,12,0,0,12
2023-12-17,XXH,International conveyance (Vanuatu),OTHER,0,12,0,0,12
2023-12-24,XXH,International conveyance (Vanuatu),OTHER,0,12,0,0,12
2023-12-31,XXH,International conveyance (Vanuatu),OTHER,0,12,0,0,12
2024-01-07,XXH,International conveyance (Vanuatu),OTHER,0,12,0,0,12
2024-01-14,XXH,International conveyance (Vanuatu),OTHER,0,12,0,0,12
2024-01-21,XXH,International conveyance (Vanuatu),OTHER,0,12,0,0,12
2024-01-28,XXH,International conveyance (Vanuatu),OTHER,0,12,0,0,12
2024-02-04,XXH,International conveyance (Vanuatu),OTHER,0,12,0,0,12
2024-02-11,XXH,International conveyance (Vanuatu),OTHER,0,12,0,0,12
2024-02-18,XXH,International conveyance (Vanuatu),OTHER,0,12,0,0,12
2024-02-25,XXH,International conveyance (Vanuatu),OTHER,0,12,0,0,12
2024-03-03,XXH,International conveyance (Vanuatu),OTHER,0,12,0,0,12
2024-03-10,XXH,International conveyance (Vanuatu),OTHER,0,12,0,0,12
2024-03-17,XXH,International conveyance (Vanuatu),OTHER,0,12,0,0,12
2024-03-24,XXH,International conveyance (Vanuatu),OTHER,0,12,0,0,12
2024-03-31,XXH,International conveyance (Vanuatu),OTHER,0,12,0,0,12
2024-04-07,XXH,International conveyance (Vanuatu),OTHER,0,12,0,0,12
2024-04-14,XXH,International conveyance (Vanuatu),OTHER,0,12,0,0,12
2024-04-21,XXH,International conveyance (Vanuatu),OTHER,0,12,0,0,12
2024-04-28,XXH,International conveyance (Vanuatu),OTHER,0,12,0,0,12
2024-05-05,XXH,International conveyance (Vanuatu),OTHER,0,12,0,0,12
2024-05-12,XXH,International conveyance (Vanuatu),OTHER,0,12,0,0,12
2024-05-19,XXH,International conveyance (Vanuatu),OTHER,0,12,0,0,12
2024-05-26,XXH,International conveyance (Vanuatu),OTHER,0,12,0,0,12
2024-06-02,XXH,International conveyance (Vanuatu),OTHER,0,12,0,0,12
2024-06-09,XXH,International conveyance (Vanuatu),OTHER,0,12,0,0,12
2024-06-16,XXH,International conveyance (Vanuatu),OTHER,0,12,0,0,12
2024-06-23,XXH,International conveyance (Vanuatu),OTHER,0,12,0,0,12
2024-06-30,XXH,International conveyance (Vanuatu),OTHER,0,12,0,0,12
2024-07-07,XXH,International conveyance (Vanuatu),OTHER,0,12,0,0,12
2024-07-14,XXH,International conveyance (Vanuatu),OTHER,0,12,0,0,12
2024-07-21,XXH,International conveyance (Vanuatu),OTHER,0,12,0,0,12
2024-07-28,XXH,International conveyance (Vanuatu),OTHER,0,12,0,0,12
2024-08-04,XXH,International conveyance (Vanuatu),OTHER,0,12,0,0,12
2024-08-11,XXH,International conveyance (Vanuatu),OTHER,0,12,0,0,12
2024-08-18,XXH,International conveyance (Vanuatu),OTHER,0,12,0,0,12
2024-08-25,XXH,International conveyance (Vanuatu),OTHER,0,12,0,0,12
2024-09-01,XXH,International conveyance (Vanuatu),OTHER,0,12,0,0,12
2024-09-08,XXH,International conveyance (Vanuatu),OTHER,0,12,0,0,12
2024-09-15,XXH,International conveyance (Vanuatu),OTHER,0,12,0,0,12
2024-09-22,XXH,International conveyance (Vanuatu),OTHER,0,12,0,0,12
2024-09-29,XXH,International conveyance (Vanuatu),OTHER,0,12,0,0,12
2024-10-06,XXH,International conveyance (Vanuatu),OTHER,0,12,0,0,12
2024-10-13,XXH,International conveyance (Vanuatu),OTHER,0,12,0,0,12
2024-10-20,XXH,International conveyance (Vanuatu),OTHER,0,12,0,0,12
2024-10-27,XXH,International conveyance (Vanuatu),OTHER,0,12,0,0,12
2024-11-03,XXH,International conveyance (Vanuatu),OTHER,0,12,0,0,12
2024-11-10,XXH,International conveyance (Vanuatu),OTHER,0,12,0,0,12
2024-11-17,XXH,International conveyance (Vanuatu),OTHER,0,12,0,0,12
2020-01-05,IR,Iran (Islamic Republic of),EMRO,0,0,0,0,0
2020-01-12,IR,Iran (Islamic Republic of),EMRO,0,0,0,0,0
2020-01-19,IR,Iran (Islamic Republic of),EMRO,0,0,0,0,0
2020-01-26,IR,Iran (Islamic Republic of),EMRO,0,0,0,0,0
2020-02-02,IR,Iran (Islamic Republic of),EMRO,0,0,0,0,0
2020-02-09,IR,Iran (Islamic Republic of),EMRO,0,0,0,0,0
2020-02-16,IR,Iran (Islamic Republic of),EMRO,0,0,0,0,0
2020-02-23,IR,Iran (Islamic Republic of),EMRO,28,28,5,5,23
2020-03-01,IR,Iran (Islamic Republic of),EMRO,565,593,38,43,550
2020-03-08,IR,Iran (Islamic Republic of),EMRO,5230,5823,102,145,5678
2020-03-15,IR,Iran (Islamic Republic of),EMRO,6906,12729,466,611,12118
2020-03-22,IR,Iran (Islamic Republic of),EMRO,7881,20610,945,1556,19054
2020-03-29,IR,Iran (Islamic Republic of),EMRO,14798,35408,961,2517,32891
2020-04-05,IR,Iran (Islamic Republic of),EMRO,20335,55743,935,3452,52291
2020-04-12,IR,Iran (Islamic Republic of),EMRO,14286,70029,905,4357,65672
2020-04-19,IR,Iran (Islamic Republic of),EMRO,10839,80868,674,5031,75837
2020-04-26,IR,Iran (Islamic Republic of),EMRO,8460,89328,619,5650,83678
2020-05-03,IR,Iran (Islamic Republic of),EMRO,7120,96448,506,6156,90292
2020-05-10,IR,Iran (Islamic Republic of),EMRO,9772,106220,433,6589,99631
2020-05-17,IR,Iran (Islamic Republic of),EMRO,12172,118392,348,6937,111455
2020-05-24,IR,Iran (Islamic Republic of),EMRO,15129,133521,422,7359,126162
2020-05-31,IR,Iran (Islamic Republic of),EMRO,15429,148950,375,7734,141216
2020-06-07,IR,Iran (Islamic Republic of),EMRO,20475,169425,475,8209,161216
2020-06-14,IR,Iran (Islamic Republic of),EMRO,15530,184955,521,8730,176225
2020-06-21,IR,Iran (Islamic Republic of),EMRO,17629,202584,777,9507,193077
2020-06-28,IR,Iran (Islamic Republic of),EMRO,17596,220180,857,10364,209816
2020-07-05,IR,Iran (Islamic Republic of),EMRO,17698,237878,1044,11408,226470
2020-07-12,IR,Iran (Islamic Republic of),EMRO,17239,255117,1227,12635,242482
2020-07-19,IR,Iran (Islamic Republic of),EMRO,16489,271606,1344,13979,257627
2020-07-26,IR,Iran (Islamic Republic of),EMRO,17233,288839,1505,15484,273355
2020-08-02,IR,Iran (Islamic Republic of),EMRO,17913,306752,1498,16982,289770
2020-08-09,IR,Iran (Islamic Republic of),EMRO,17940,324692,1282,18264,306428
2020-08-16,IR,Iran (Islamic Republic of),EMRO,16378,341070,1228,19492,321578
2020-08-23,IR,Iran (Islamic Republic of),EMRO,15722,356792,1010,20502,336290
2020-08-30,IR,Iran (Islamic Republic of),EMRO,15024,371816,857,21359,350457
2020-09-06,IR,Iran (Islamic Republic of),EMRO,12850,384666,795,22154,362512
2020-09-13,IR,Iran (Islamic Republic of),EMRO,15274,399940,875,23029,376911
2020-09-20,IR,Iran (Islamic Republic of),EMRO,19103,419043,1089,24118,394925
2020-09-27,IR,Iran (Islamic Republic of),EMRO,24043,443086,1276,25394,417692
2020-10-04,IR,Iran (Islamic Republic of),EMRO,25033,468119,1352,26746,441373
2020-10-11,IR,Iran (Islamic Republic of),EMRO,28134,496253,1547,28293,467960
2020-10-18,IR,Iran (Islamic Republic of),EMRO,30237,526490,1830,30123,496367
2020-10-25,IR,Iran (Islamic Republic of),EMRO,36215,562705,2197,32320,530385
2020-11-01,IR,Iran (Islamic Republic of),EMRO,50067,612772,2544,34864,577908
2020-11-08,IR,Iran (Islamic Republic of),EMRO,60478,673250,2968,37832,635418
2020-11-15,IR,Iran (Islamic Republic of),EMRO,76275,749525,3202,41034,708491
2020-11-22,IR,Iran (Islamic Republic of),EMRO,91783,841308,3293,44327,796981
2020-11-29,IR,Iran (Islamic Republic of),EMRO,94491,935799,3159,47486,888313
2020-12-06,IR,Iran (Islamic Republic of),EMRO,93187,1028986,2530,50016,978970
2020-12-13,IR,Iran (Islamic Republic of),EMRO,71832,1100818,1933,51949,1048869
2020-12-20,IR,Iran (Islamic Republic of),EMRO,51254,1152072,1499,53448,1098624
2020-12-27,IR,Iran (Islamic Republic of),EMRO,42891,1194963,1126,54574,1140389
2021-01-03,IR,Iran (Islamic Republic of),EMRO,42511,1237474,864,55438,1182036
2021-01-10,IR,Iran (Islamic Republic of),EMRO,42964,1280438,662,56100,1224338
2021-01-17,IR,Iran (Islamic Republic of),EMRO,43957,1324395,617,56717,1267678
2021-01-24,IR,Iran (Islamic Republic of),EMRO,42637,1367032,577,57294,1309738
2021-01-31,IR,Iran (Islamic Republic of),EMRO,44699,1411731,595,57889,1353842
2021-02-07,IR,Iran (Islamic Republic of),EMRO,47639,1459370,523,58412,1400958
2021-02-14,IR,Iran (Islamic Republic of),EMRO,51503,1510873,471,58883,1451990
2021-02-21,IR,Iran (Islamic Republic of),EMRO,55208,1566081,526,59409,1506672
2021-02-28,IR,Iran (Islamic Republic of),EMRO,57078,1623159,571,59980,1563179
2021-03-07,IR,Iran (Islamic Republic of),EMRO,58523,1681682,614,60594,1621088
2021-03-14,IR,Iran (Islamic Republic of),EMRO,57678,1739360,548,61142,1678218
2021-03-21,IR,Iran (Islamic Republic of),EMRO,54445,1793805,582,61724,1732081
2021-03-28,IR,Iran (Islamic Republic of),EMRO,53118,1846923,584,62308,1784615
2021-04-04,IR,Iran (Islamic Republic of),EMRO,73471,1920394,691,62999,1857395
2021-04-11,IR,Iran (Islamic Republic of),EMRO,128684,2049078,1233,64232,1984846
2021-04-18,IR,Iran (Islamic Republic of),EMRO,166367,2215445,2095,66327,2149118
2021-04-25,IR,Iran (Islamic Republic of),EMRO,161594,2377039,2793,69120,2307919
2021-05-02,IR,Iran (Islamic Republic of),EMRO,139118,2516157,2970,72090,2444067
2021-05-09,IR,Iran (Islamic Republic of),EMRO,124513,2640670,2434,74524,2566146
2021-05-16,IR,Iran (Islamic Republic of),EMRO,99205,2739875,2109,76633,2663242
2021-05-23,IR,Iran (Islamic Republic of),EMRO,84012,2823887,1748,78381,2745506
2021-05-30,IR,Iran (Islamic Republic of),EMRO,69331,2893218,1360,79741,2813477
2021-06-06,IR,Iran (Islamic Republic of),EMRO,67533,2960751,1200,80941,2879810
2021-06-13,IR,Iran (Islamic Republic of),EMRO,59771,3020522,970,81911,2938611
2021-06-20,IR,Iran (Islamic Republic of),EMRO,66452,3086974,943,82854,3004120
2021-06-27,IR,Iran (Islamic Republic of),EMRO,71009,3157983,857,83711,3074272
2021-07-04,IR,Iran (Islamic Republic of),EMRO,83054,3241037,916,84627,3156410
2021-07-11,IR,Iran (Islamic Republic of),EMRO,114749,3355786,1067,85694,3270092
2021-07-18,IR,Iran (Islamic Republic of),EMRO,145293,3501079,1272,86966,3414113
2021-07-25,IR,Iran (Islamic Republic of),EMRO,163207,3664286,1566,88532,3575754
2021-08-01,IR,Iran (Islamic Republic of),EMRO,206722,3871008,2098,90630,3780378
2021-08-08,IR,Iran (Islamic Republic of),EMRO,248102,4119110,2843,93473,4025637
2021-08-15,IR,Iran (Islamic Republic of),EMRO,269975,4389085,3735,97208,4291877
2021-08-22,IR,Iran (Islamic Republic of),EMRO,251610,4640695,4146,101354,4539341
2021-08-29,IR,Iran (Islamic Republic of),EMRO,254753,4895448,4547,105901,4789547
2021-09-05,IR,Iran (Islamic Republic of),EMRO,208089,5103537,4163,110064,4993473
2021-09-12,IR,Iran (Islamic Republic of),EMRO,172030,5275567,3760,113824,5161743
2021-09-19,IR,Iran (Islamic Republic of),EMRO,133293,5408860,2967,116791,5292069
2021-09-26,IR,Iran (Islamic Republic of),EMRO,110868,5519728,2281,119072,5400656
2021-10-03,IR,Iran (Islamic Republic of),EMRO,91972,5611700,1808,120880,5490820
2021-10-10,IR,Iran (Islamic Republic of),EMRO,79934,5691634,1490,122370,5569264
2021-10-17,IR,Iran (Islamic Republic of),EMRO,81785,5773419,1506,123876,5649543
2021-10-24,IR,Iran (Islamic Republic of),EMRO,78251,5851670,1176,125052,5726618
2021-10-31,IR,Iran (Islamic Republic of),EMRO,64541,5916211,1074,126126,5790085
2021-11-07,IR,Iran (Islamic Republic of),EMRO,64049,5980260,1047,127173,5853087
2021-11-14,IR,Iran (Islamic Republic of),EMRO,51315,6031575,869,128042,5903533
2021-11-21,IR,Iran (Islamic Republic of),EMRO,41523,6073098,810,128852,5944246
2021-11-28,IR,Iran (Islamic Republic of),EMRO,32003,6105101,697,129549,5975552
2021-12-05,IR,Iran (Islamic Republic of),EMRO,26255,6131356,575,130124,6001232
2021-12-12,IR,Iran (Islamic Republic of),EMRO,21168,6152524,537,130661,6021863
2021-12-19,IR,Iran (Islamic Republic of),EMRO,16487,6169011,372,131033,6037978
2021-12-26,IR,Iran (Islamic Republic of),EMRO,13894,6182905,315,131348,6051557
2022-01-02,IR,Iran (Islamic Republic of),EMRO,12498,6195403,291,131639,6063764
2022-01-09,IR,Iran (Islamic Republic of),EMRO,9114,6204517,208,131847,6072670
2022-01-16,IR,Iran (Islamic Republic of),EMRO,14224,6218741,197,132044,6086697
2022-01-23,IR,Iran (Islamic Republic of),EMRO,26605,6245346,158,132202,6113144
2022-01-30,IR,Iran (Islamic Republic of),EMRO,76837,6322183,178,132380,6189803
2022-02-06,IR,Iran (Islamic Republic of),EMRO,221654,6543837,365,132745,6411092
2022-02-13,IR,Iran (Islamic Republic of),EMRO,236616,6780453,825,133570,6646883
2022-02-20,IR,Iran (Islamic Republic of),EMRO,145032,6925485,1228,134798,6790687
2022-02-27,IR,Iran (Islamic Republic of),EMRO,105458,7030943,1592,136390,6894553
2022-03-06,IR,Iran (Islamic Republic of),EMRO,53363,7084306,1357,137747,6946559
2022-03-13,IR,Iran (Islamic Republic of),EMRO,35457,7119763,1084,138831,6980932
2022-03-20,IR,Iran (Islamic Republic of),EMRO,19454,7139217,719,139550,6999667
2022-03-27,IR,Iran (Islamic Republic of),EMRO,9572,7148789,421,139971,7008818
2022-04-03,IR,Iran (Islamic Republic of),EMRO,17582,7166371,306,140277,7026094
2022-04-10,IR,Iran (Islamic Republic of),EMRO,22378,7188749,300,140577,7048172
2022-04-17,IR,Iran (Islamic Republic of),EMRO,16315,7205064,223,140800,7064264
2022-04-24,IR,Iran (Islamic Republic of),EMRO,10448,7215512,162,140962,7074550
2022-05-01,IR,Iran (Islamic Republic of),EMRO,6141,7221653,121,141083,7080570
2022-05-08,IR,Iran (Islamic Republic of),EMRO,3048,7224701,82,141165,7083536
2022-05-15,IR,Iran (Islamic Republic of),EMRO,2982,7227683,51,141216,7086467
2022-05-22,IR,Iran (Islamic Republic of),EMRO,2058,7229741,55,141271,7088470
2022-05-29,IR,Iran (Islamic Republic of),EMRO,1646,7231387,35,141306,7090081
2022-06-05,IR,Iran (Islamic Republic of),EMRO,1291,7232678,22,141328,7091350
2022-06-12,IR,Iran (Islamic Republic of),EMRO,850,7233528,21,141349,7092179
2022-06-19,IR,Iran (Islamic Republic of),EMRO,1069,7234597,14,141363,7093234
2022-06-26,IR,Iran (Islamic Republic of),EMRO,1467,7236064,20,141383,7094681
2022-07-03,IR,Iran (Islamic Republic of),EMRO,2776,7238840,7,141390,7097450
2022-07-10,IR,Iran (Islamic Republic of),EMRO,8761,7247601,39,141429,7106172
2022-07-17,IR,Iran (Islamic Republic of),EMRO,25126,7272727,57,141486,7131241
2022-07-24,IR,Iran (Islamic Republic of),EMRO,46595,7319322,164,141650,7177672
2022-07-31,IR,Iran (Islamic Republic of),EMRO,61977,7381299,287,141937,7239362
2022-08-07,IR,Iran (Islamic Republic of),EMRO,53646,7434945,461,142398,7292547
2022-08-14,IR,Iran (Islamic Republic of),EMRO,33949,7468894,463,142861,7326033
2022-08-21,IR,Iran (Islamic Republic of),EMRO,34475,7503369,471,143332,7360037
2022-08-28,IR,Iran (Islamic Republic of),EMRO,18600,7521969,352,143684,7378285
2022-09-04,IR,Iran (Islamic Republic of),EMRO,9955,7531924,263,143947,7387977
2022-09-11,IR,Iran (Islamic Republic of),EMRO,6201,7538125,207,144154,7393971
2022-09-18,IR,Iran (Islamic Republic of),EMRO,4408,7542533,133,144287,7398246
2022-09-25,IR,Iran (Islamic Republic of),EMRO,4140,7546673,95,144382,7402291
2022-10-02,IR,Iran (Islamic Republic of),EMRO,2513,7549186,47,144429,7404757
2022-10-09,IR,Iran (Islamic Republic of),EMRO,2171,7551357,49,144478,7406879
2022-10-16,IR,Iran (Islamic Republic of),EMRO,2649,7554006,38,144516,7409490
2022-10-23,IR,Iran (Islamic Republic of),EMRO,1897,7555903,27,144543,7411360
2022-10-30,IR,Iran (Islamic Republic of),EMRO,1461,7557364,28,144571,7412793
2022-11-06,IR,Iran (Islamic Republic of),EMRO,714,7558078,21,144592,7413486
2022-11-13,IR,Iran (Islamic Republic of),EMRO,815,7558893,18,144610,7414283
2022-11-20,IR,Iran (Islamic Republic of),EMRO,365,7559258,15,144625,7414633
2022-11-27,IR,Iran (Islamic Republic of),EMRO,268,7559526,8,144633,7414893
2022-12-04,IR,Iran (Islamic Republic of),EMRO,273,7559799,4,144637,7415162
2022-12-11,IR,Iran (Islamic Republic of),EMRO,306,7560105,21,144658,7415447
2022-12-18,IR,Iran (Islamic Republic of),EMRO,284,7560389,3,144661,7415728
2022-12-25,IR,Iran (Islamic Republic of),EMRO,342,7560731,12,144673,7416058
2023-01-01,IR,Iran (Islamic Republic of),EMRO,409,7561140,12,144685,7416455
2023-01-08,IR,Iran (Islamic Republic of),EMRO,668,7561808,21,144706,7417102
2023-01-15,IR,Iran (Islamic Republic of),EMRO,687,7562495,18,144724,7417771
2023-01-22,IR,Iran (Islamic Republic of),EMRO,778,7563273,10,144734,7418539
2023-01-29,IR,Iran (Islamic Republic of),EMRO,773,7564046,10,144744,7419302
2023-02-05,IR,Iran (Islamic Republic of),EMRO,617,7564663,12,144756,7419907
2023-02-12,IR,Iran (Islamic Republic of),EMRO,704,7565367,23,144779,7420588
2023-02-19,IR,Iran (Islamic Republic of),EMRO,1069,7566436,18,144797,7421639
2023-02-26,IR,Iran (Islamic Republic of),EMRO,1037,7567473,31,144828,7422645
2023-03-05,IR,Iran (Islamic Republic of),EMRO,2296,7569769,50,144878,7424891
2023-03-12,IR,Iran (Islamic Republic of),EMRO,3559,7573328,78,144956,7428372
2023-03-19,IR,Iran (Islamic Republic of),EMRO,5743,7579071,98,145054,7434017
2023-03-26,IR,Iran (Islamic Republic of),EMRO,5460,7584531,142,145196,7439335
2023-04-02,IR,Iran (Islamic Republic of),EMRO,7090,7591621,173,145369,7446252
2023-04-09,IR,Iran (Islamic Republic of),EMRO,6361,7597982,202,145571,7452411
2023-04-16,IR,Iran (Islamic Republic of),EMRO,5109,7603091,237,145808,7457283
2023-04-23,IR,Iran (Islamic Republic of),EMRO,3150,7606241,178,145986,7460255
2023-04-30,IR,Iran (Islamic Republic of),EMRO,2227,7608468,111,146097,7462371
2023-05-07,IR,Iran (Islamic Republic of),EMRO,1454,7609922,68,146165,7463757
2023-05-14,IR,Iran (Islamic Republic of),EMRO,754,7610676,39,146204,7464472
2023-05-21,IR,Iran (Islamic Republic of),EMRO,462,7611138,26,146230,7464908
2023-05-28,IR,Iran (Islamic Republic of),EMRO,445,7611583,23,146253,7465330
2023-06-04,IR,Iran (Islamic Republic of),EMRO,348,7611931,14,146267,7465664
2023-06-11,IR,Iran (Islamic Republic of),EMRO,70,7612001,6,146273,7465728
2023-06-18,IR,Iran (Islamic Republic of),EMRO,279,7612280,17,146290,7465990
2023-06-25,IR,Iran (Islamic Republic of),EMRO,134,7612414,2,146292,7466122
2023-07-02,IR,Iran (Islamic Republic of),EMRO,123,7612537,5,146297,7466240
2023-07-09,IR,Iran (Islamic Republic of),EMRO,125,7612662,4,146301,7466361
2023-07-16,IR,Iran (Islamic Republic of),EMRO,66,7612728,2,146303,7466425
2023-07-23,IR,Iran (Islamic Republic of),EMRO,100,7612828,3,146306,7466522
2023-07-30,IR,Iran (Islamic Republic of),EMRO,107,7612935,5,146311,7466624
2023-08-06,IR,Iran (Islamic Republic of),EMRO,135,7613070,5,146316,7466754
2023-08-13,IR,Iran (Islamic Republic of),EMRO,168,7613238,2,146318,7466920
2023-08-20,IR,Iran (Islamic Republic of),EMRO,230,7613468,3,146321,7467147
2023-08-27,IR,Iran (Islamic Republic of),EMRO,248,7613716,6,146327,7467389
2023-09-03,IR,Iran (Islamic Republic of),EMRO,118,7613834,5,146332,7467502
2023-09-10,IR,Iran (Islamic Republic of),EMRO,895,7614729,24,146356,7468373
2023-09-17,IR,Iran (Islamic Republic of),EMRO,1093,7615822,8,146364,7469458
2023-09-24,IR,Iran (Islamic Republic of),EMRO,969,7616791,22,146386,7470405
2023-10-01,IR,Iran (Islamic Republic of),EMRO,961,7617752,24,146410,7471342
2023-10-08,IR,Iran (Islamic Republic of),EMRO,975,7618727,26,146436,7472291
2023-10-15,IR,Iran (Islamic Republic of),EMRO,1254,7619981,44,146480,7473501
2023-10-22,IR,Iran (Islamic Republic of),EMRO,1059,7621040,50,146530,7474510
2023-10-29,IR,Iran (Islamic Republic of),EMRO,1087,7622127,50,146580,7475547
2023-11-05,IR,Iran (Islamic Republic of),EMRO,934,7623061,53,146633,7476428
2023-11-12,IR,Iran (Islamic Republic of),EMRO,653,7623714,29,146662,7477052
2023-11-19,IR,Iran (Islamic Republic of),EMRO,398,7624112,26,146688,7477424
2023-11-26,IR,Iran (Islamic Republic of),EMRO,295,7624407,17,146705,7477702
2023-12-03,IR,Iran (Islamic Republic of),EMRO,292,7624699,19,146724,7477975
2023-12-10,IR,Iran (Islamic Republic of),EMRO,283,7624982,11,146735,7478247
2023-12-17,IR,Iran (Islamic Republic of),EMRO,178,7625160,6,146741,7478419
2023-12-24,IR,Iran (Islamic Republic of),EMRO,132,7625292,10,146751,7478541
2023-12-31,IR,Iran (Islamic Republic of),EMRO,171,7625463,6,146757,7478706
2024-01-07,IR,Iran (Islamic Republic of),EMRO,182,7625645,5,146762,7478883
2024-01-14,IR,Iran (Islamic Republic of),EMRO,167,7625812,5,146767,7479045
2024-01-21,IR,Iran (Islamic Republic of),EMRO,210,7626022,10,146777,7479245
2024-01-28,IR,Iran (Islamic Republic of),EMRO,208,7626230,8,146785,7479445
2024-02-04,IR,Iran (Islamic Republic of),EMRO,297,7626527,14,146799,7479728
2024-02-11,IR,Iran (Islamic Republic of),EMRO,317,7626844,1,146800,7480044
2024-02-18,IR,Iran (Islamic Republic of),EMRO,278,7627122,8,146808,7480314
2024-02-25,IR,Iran (Islamic Republic of),EMRO,387,7627509,21,146829,7480680
2024-03-03,IR,Iran (Islamic Republic of),EMRO,354,7627863,8,146837,7481026
2024-03-10,IR,Iran (Islamic Republic of),EMRO,0,7627863,0,146837,7481026
2024-03-17,IR,Iran (Islamic Republic of),EMRO,0,7627863,0,146837,7481026
2024-03-24,IR,Iran (Islamic Republic of),EMRO,0,7627863,0,146837,7481026
2024-03-31,IR,Iran (Islamic Republic of),EMRO,0,7627863,0,146837,7481026
2024-04-07,IR,Iran (Islamic Republic of),EMRO,0,7627863,0,146837,7481026
2024-04-14,IR,Iran (Islamic Republic of),EMRO,0,7627863,0,146837,7481026
2024-04-21,IR,Iran (Islamic Republic of),EMRO,0,7627863,0,146837,7481026
2024-04-28,IR,Iran (Islamic Republic of),EMRO,0,7627863,0,146837,7481026
2024-05-05,IR,Iran (Islamic Republic of),EMRO,0,7627863,0,146837,7481026
2024-05-12,IR,Iran (Islamic Republic of),EMRO,0,7627863,0,146837,7481026
2024-05-19,IR,Iran (Islamic Republic of),EMRO,0,7627863,0,146837,7481026
2024-05-26,IR,Iran (Islamic Republic of),EMRO,0,7627863,0,146837,7481026
2024-06-02,IR,Iran (Islamic Republic of),EMRO,0,7627863,0,146837,7481026
2024-06-09,IR,Iran (Islamic Republic of),EMRO,0,7627863,0,146837,7481026
2024-06-16,IR,Iran (Islamic Republic of),EMRO,0,7627863,0,146837,7481026
2024-06-23,IR,Iran (Islamic Republic of),EMRO,0,7627863,0,146837,7481026
2024-06-30,IR,Iran (Islamic Republic of),EMRO,0,7627863,0,146837,7481026
2024-07-07,IR,Iran (Islamic Republic of),EMRO,0,7627863,0,146837,7481026
2024-07-14,IR,Iran (Islamic Republic of),EMRO,0,7627863,0,146837,7481026
2024-07-21,IR,Iran (Islamic Republic of),EMRO,0,7627863,0,146837,7481026
2024-07-28,IR,Iran (Islamic Republic of),EMRO,0,7627863,0,146837,7481026
2024-08-04,IR,Iran (Islamic Republic of),EMRO,0,7627863,0,146837,7481026
2024-08-11,IR,Iran (Islamic Republic of),EMRO,0,7627863,0,146837,7481026
2024-08-18,IR,Iran (Islamic Republic of),EMRO,0,7627863,0,146837,7481026
2024-08-25,IR,Iran (Islamic Republic of),EMRO,0,7627863,0,146837,7481026
2024-09-01,IR,Iran (Islamic Republic of),EMRO,0,7627863,0,146837,7481026
2024-09-08,IR,Iran (Islamic Republic of),EMRO,0,7627863,0,146837,7481026
2024-09-15,IR,Iran (Islamic Republic of),EMRO,0,7627863,0,146837,7481026
2024-09-22,IR,Iran (Islamic Republic of),EMRO,0,7627863,0,146837,7481026
2024-09-29,IR,Iran (Islamic Republic of),EMRO,0,7627863,0,146837,7481026
2024-10-06,IR,Iran (Islamic Republic of),EMRO,0,7627863,0,146837,7481026
2024-10-13,IR,Iran (Islamic Republic of),EMRO,0,7627863,0,146837,7481026
2024-10-20,IR,Iran (Islamic Republic of),EMRO,0,7627863,0,146837,7481026
2024-10-27,IR,Iran (Islamic Republic of),EMRO,0,7627863,0,146837,7481026
2024-11-03,IR,Iran (Islamic Republic of),EMRO,0,7627863,0,146837,7481026
2024-11-10,IR,Iran (Islamic Republic of),EMRO,0,7627863,0,146837,7481026
2024-11-17,IR,Iran (Islamic Republic of),EMRO,0,7627863,0,146837,7481026
2020-01-05,IQ,Iraq,EMRO,0,0,0,0,0
2020-01-12,IQ,Iraq,EMRO,0,0,0,0,0
2020-01-19,IQ,Iraq,EMRO,0,0,0,0,0
2020-01-26,IQ,Iraq,EMRO,0,0,0,0,0
2020-02-02,IQ,Iraq,EMRO,0,0,0,0,0
2020-02-09,IQ,Iraq,EMRO,0,0,0,0,0
2020-02-16,IQ,Iraq,EMRO,0,0,0,0,0
2020-02-23,IQ,Iraq,EMRO,0,0,0,0,0
2020-03-01,IQ,Iraq,EMRO,13,13,0,0,13
2020-03-08,IQ,Iraq,EMRO,41,54,2,2,52
2020-03-15,IQ,Iraq,EMRO,58,112,7,9,103
2020-03-22,IQ,Iraq,EMRO,102,214,8,17,197
2020-03-29,IQ,Iraq,EMRO,292,506,25,42,464
2020-04-05,IQ,Iraq,EMRO,372,878,14,56,822
2020-04-12,IQ,Iraq,EMRO,440,1318,16,72,1246
2020-04-19,IQ,Iraq,EMRO,195,1513,10,82,1431
2020-04-26,IQ,Iraq,EMRO,250,1763,4,86,1677
2020-05-03,IQ,Iraq,EMRO,456,2219,9,95,2124
2020-05-10,IQ,Iraq,EMRO,460,2679,12,107,2572
2020-05-17,IQ,Iraq,EMRO,581,3260,14,121,3139
2020-05-24,IQ,Iraq,EMRO,1012,4272,31,152,4120
2020-05-31,IQ,Iraq,EMRO,1907,6179,43,195,5984
2020-06-07,IQ,Iraq,EMRO,4919,11098,123,318,10780
2020-06-14,IQ,Iraq,EMRO,7852,18950,231,549,18401
2020-06-21,IQ,Iraq,EMRO,10272,29222,464,1013,28209
2020-06-28,IQ,Iraq,EMRO,14040,43262,647,1660,41602
2020-07-05,IQ,Iraq,EMRO,15092,58354,708,2368,55986
2020-07-12,IQ,Iraq,EMRO,16840,75194,687,3055,72139
2020-07-19,IQ,Iraq,EMRO,15026,90220,636,3691,86529
2020-07-26,IQ,Iraq,EMRO,17353,107573,593,4284,103289
2020-08-02,IQ,Iraq,EMRO,19131,126704,521,4805,121899
2020-08-09,IQ,Iraq,EMRO,20685,147389,505,5310,142079
2020-08-16,IQ,Iraq,EMRO,25194,172583,475,5785,166798
2020-08-23,IQ,Iraq,EMRO,28467,201050,568,6353,194697
2020-08-30,IQ,Iraq,EMRO,26396,227446,538,6891,220555
2020-09-06,IQ,Iraq,EMRO,29273,256719,531,7422,249297
2020-09-13,IQ,Iraq,EMRO,30059,286778,519,7941,278837
2020-09-20,IQ,Iraq,EMRO,28819,315597,550,8491,307106
2020-09-27,IQ,Iraq,EMRO,30372,345969,444,8935,337034
2020-10-04,IQ,Iraq,EMRO,29962,375931,412,9347,366584
2020-10-11,IQ,Iraq,EMRO,24193,400124,443,9790,390334
2020-10-18,IQ,Iraq,EMRO,23400,423524,408,10198,413326
2020-10-25,IQ,Iraq,EMRO,25629,449153,370,10568,438585
2020-11-01,IQ,Iraq,EMRO,23477,472630,342,10910,461720
2020-11-08,IQ,Iraq,EMRO,23389,496019,373,11283,484736
2020-11-15,IQ,Iraq,EMRO,20896,516915,340,11623,505292
2020-11-22,IQ,Iraq,EMRO,16640,533555,302,11925,521630
2020-11-29,IQ,Iraq,EMRO,15266,548821,275,12200,536621
2020-12-06,IQ,Iraq,EMRO,13699,562520,211,12411,550109
2020-12-13,IQ,Iraq,EMRO,11102,573622,154,12565,561057
2020-12-20,IQ,Iraq,EMRO,9496,583118,115,12680,570438
2020-12-27,IQ,Iraq,EMRO,7661,590779,87,12767,578012
2021-01-03,IQ,Iraq,EMRO,6254,597033,62,12829,584204
2021-01-10,IQ,Iraq,EMRO,5298,602331,52,12881,589450
2021-01-17,IQ,Iraq,EMRO,5256,607587,54,12935,594652
2021-01-24,IQ,Iraq,EMRO,5283,612870,53,12988,599882
2021-01-31,IQ,Iraq,EMRO,6052,618922,53,13041,605881
2021-02-07,IQ,Iraq,EMRO,8494,627416,70,13111,614305
2021-02-14,IQ,Iraq,EMRO,14212,641628,53,13164,628464
2021-02-21,IQ,Iraq,EMRO,23122,664750,81,13245,651505
2021-02-28,IQ,Iraq,EMRO,27491,692241,138,13383,678858
2021-03-07,IQ,Iraq,EMRO,30948,723189,165,13548,709641
2021-03-14,IQ,Iraq,EMRO,31129,754318,171,13719,740599
2021-03-21,IQ,Iraq,EMRO,35072,789390,250,13969,775421
2021-03-28,IQ,Iraq,EMRO,37767,827157,208,14177,812980
2021-04-04,IQ,Iraq,EMRO,41043,868200,253,14430,853770
2021-04-11,IQ,Iraq,EMRO,49955,918155,248,14678,903477
2021-04-18,IQ,Iraq,EMRO,52832,970987,270,14948,956039
2021-04-25,IQ,Iraq,EMRO,54301,1025288,269,15217,1010071
2021-05-02,IQ,Iraq,EMRO,45078,1070366,281,15498,1054868
2021-05-09,IQ,Iraq,EMRO,38192,1108558,243,15741,1092817
2021-05-16,IQ,Iraq,EMRO,28359,1136917,189,15930,1120987
2021-05-23,IQ,Iraq,EMRO,27232,1164149,228,16158,1147991
2021-05-30,IQ,Iraq,EMRO,29459,1193608,176,16334,1177274
2021-06-06,IQ,Iraq,EMRO,28070,1221678,184,16518,1205160
2021-06-13,IQ,Iraq,EMRO,29013,1250691,172,16690,1234001
2021-06-20,IQ,Iraq,EMRO,32614,1283305,170,16860,1266445
2021-06-27,IQ,Iraq,EMRO,37927,1321232,201,17061,1304171
2021-07-04,IQ,Iraq,EMRO,43979,1365211,220,17281,1347930
2021-07-11,IQ,Iraq,EMRO,56535,1421746,234,17515,1404231
2021-07-18,IQ,Iraq,EMRO,61268,1483014,274,17789,1465225
2021-07-25,IQ,Iraq,EMRO,60487,1543501,443,18232,1525269
2021-08-01,IQ,Iraq,EMRO,83098,1626599,425,18657,1607942
2021-08-08,IQ,Iraq,EMRO,77764,1704363,489,19146,1685217
2021-08-15,IQ,Iraq,EMRO,64390,1768753,460,19606,1749147
2021-08-22,IQ,Iraq,EMRO,50702,1819455,504,20110,1799345
2021-08-29,IQ,Iraq,EMRO,48897,1868352,522,20632,1847720
2021-09-05,IQ,Iraq,EMRO,44043,1912395,410,21042,1891353
2021-09-12,IQ,Iraq,EMRO,34816,1947211,403,21445,1925766
2021-09-19,IQ,Iraq,EMRO,25494,1972705,330,21775,1950930
2021-09-26,IQ,Iraq,EMRO,18923,1991628,297,22072,1969556
2021-10-03,IQ,Iraq,EMRO,15599,2007227,272,22344,1984883
2021-10-10,IQ,Iraq,EMRO,14882,2022109,193,22537,1999572
2021-10-17,IQ,Iraq,EMRO,11628,2033737,201,22738,2010999
2021-10-24,IQ,Iraq,EMRO,11290,2045027,199,22937,2022090
2021-10-31,IQ,Iraq,EMRO,9175,2054202,201,23138,2031064
2021-11-07,IQ,Iraq,EMRO,7737,2061939,181,23319,2038620
2021-11-14,IQ,Iraq,EMRO,6449,2068388,164,23483,2044905
2021-11-21,IQ,Iraq,EMRO,5447,2073835,159,23642,2050193
2021-11-28,IQ,Iraq,EMRO,5249,2079084,130,23772,2055312
2021-12-05,IQ,Iraq,EMRO,4805,2083889,101,23873,2060016
2021-12-12,IQ,Iraq,EMRO,3608,2087497,92,23965,2063532
2021-12-19,IQ,Iraq,EMRO,2711,2090208,86,24051,2066157
2021-12-26,IQ,Iraq,EMRO,2104,2092312,71,24122,2068190
2022-01-02,IQ,Iraq,EMRO,1579,2093891,41,24163,2069728
2022-01-09,IQ,Iraq,EMRO,2915,2096806,37,24200,2072606
2022-01-16,IQ,Iraq,EMRO,13877,2110683,42,24242,2086441
2022-01-23,IQ,Iraq,EMRO,38623,2149306,41,24283,2125023
2022-01-30,IQ,Iraq,EMRO,48477,2197783,78,24361,2173422
2022-02-06,IQ,Iraq,EMRO,46827,2244610,138,24499,2220111
2022-02-13,IQ,Iraq,EMRO,28925,2273535,179,24678,2248857
2022-02-20,IQ,Iraq,EMRO,16476,2290011,173,24851,2265160
2022-02-27,IQ,Iraq,EMRO,10634,2300645,109,24960,2275685
2022-03-06,IQ,Iraq,EMRO,6910,2307555,81,25041,2282514
2022-03-13,IQ,Iraq,EMRO,4737,2312292,56,25097,2287195
2022-03-20,IQ,Iraq,EMRO,3499,2315791,30,25127,2290664
2022-03-27,IQ,Iraq,EMRO,1956,2317747,22,25149,2292598
2022-04-03,IQ,Iraq,EMRO,2379,2320126,21,25170,2294956
2022-04-10,IQ,Iraq,EMRO,1655,2321781,13,25183,2296598
2022-04-17,IQ,Iraq,EMRO,1259,2323040,15,25198,2297842
2022-04-24,IQ,Iraq,EMRO,1101,2324141,6,25204,2298937
2022-05-01,IQ,Iraq,EMRO,951,2325092,7,25211,2299881
2022-05-08,IQ,Iraq,EMRO,430,2325522,2,25213,2300309
2022-05-15,IQ,Iraq,EMRO,834,2326356,3,25216,2301140
2022-05-22,IQ,Iraq,EMRO,836,2327192,0,25216,2301976
2022-05-29,IQ,Iraq,EMRO,645,2327837,3,25219,2302618
2022-06-05,IQ,Iraq,EMRO,745,2328582,1,25220,2303362
2022-06-12,IQ,Iraq,EMRO,1080,2329662,2,25222,2304440
2022-06-19,IQ,Iraq,EMRO,2210,2331872,6,25228,2306644
2022-06-26,IQ,Iraq,EMRO,6237,2338109,1,25229,2312880
2022-07-03,IQ,Iraq,EMRO,15791,2353900,14,25243,2328657
2022-07-10,IQ,Iraq,EMRO,29194,2383094,10,25253,2357841
2022-07-17,IQ,Iraq,EMRO,19217,2402311,14,25267,2377044
2022-07-24,IQ,Iraq,EMRO,25573,2427884,19,25286,2402598
2022-07-31,IQ,Iraq,EMRO,15888,2443772,27,25313,2418459
2022-08-07,IQ,Iraq,EMRO,6865,2450637,12,25325,2425312
2022-08-14,IQ,Iraq,EMRO,3576,2454213,13,25338,2428875
2022-08-21,IQ,Iraq,EMRO,2342,2456555,5,25343,2431212
2022-08-28,IQ,Iraq,EMRO,1316,2457871,3,25346,2432525
2022-09-04,IQ,Iraq,EMRO,638,2458509,2,25348,2433161
2022-09-11,IQ,Iraq,EMRO,413,2458922,3,25351,2433571
2022-09-18,IQ,Iraq,EMRO,256,2459178,1,25352,2433826
2022-09-25,IQ,Iraq,EMRO,327,2459505,0,25352,2434153
2022-10-02,IQ,Iraq,EMRO,813,2460318,4,25356,2434962
2022-10-09,IQ,Iraq,EMRO,526,2460844,0,25356,2435488
2022-10-16,IQ,Iraq,EMRO,205,2461049,2,25358,2435691
2022-10-23,IQ,Iraq,EMRO,180,2461229,0,25358,2435871
2022-10-30,IQ,Iraq,EMRO,221,2461450,2,25360,2436090
2022-11-06,IQ,Iraq,EMRO,357,2461807,1,25361,2436446
2022-11-13,IQ,Iraq,EMRO,465,2462272,0,25361,2436911
2022-11-20,IQ,Iraq,EMRO,697,2462969,1,25362,2437607
2022-11-27,IQ,Iraq,EMRO,698,2463667,2,25364,2438303
2022-12-04,IQ,Iraq,EMRO,649,2464316,1,25365,2438951
2022-12-11,IQ,Iraq,EMRO,455,2464771,2,25367,2439404
2022-12-18,IQ,Iraq,EMRO,324,2465095,6,25373,2439722
2022-12-25,IQ,Iraq,EMRO,278,2465373,1,25374,2439999
2023-01-01,IQ,Iraq,EMRO,172,2465545,1,25375,2440170
2023-01-08,IQ,Iraq,EMRO,0,2465545,0,25375,2440170
2023-01-15,IQ,Iraq,EMRO,0,2465545,0,25375,2440170
2023-01-22,IQ,Iraq,EMRO,0,2465545,0,25375,2440170
2023-01-29,IQ,Iraq,EMRO,0,2465545,0,25375,2440170
2023-02-05,IQ,Iraq,EMRO,0,2465545,0,25375,2440170
2023-02-12,IQ,Iraq,EMRO,0,2465545,0,25375,2440170
2023-02-19,IQ,Iraq,EMRO,0,2465545,0,25375,2440170
2023-02-26,IQ,Iraq,EMRO,0,2465545,0,25375,2440170
2023-03-05,IQ,Iraq,EMRO,0,2465545,0,25375,2440170
2023-03-12,IQ,Iraq,EMRO,0,2465545,0,25375,2440170
2023-03-19,IQ,Iraq,EMRO,0,2465545,0,25375,2440170
2023-03-26,IQ,Iraq,EMRO,0,2465545,0,25375,2440170
2023-04-02,IQ,Iraq,EMRO,0,2465545,0,25375,2440170
2023-04-09,IQ,Iraq,EMRO,0,2465545,0,25375,2440170
2023-04-16,IQ,Iraq,EMRO,0,2465545,0,25375,2440170
2023-04-23,IQ,Iraq,EMRO,0,2465545,0,25375,2440170
2023-04-30,IQ,Iraq,EMRO,0,2465545,0,25375,2440170
2023-05-07,IQ,Iraq,EMRO,0,2465545,0,25375,2440170
2023-05-14,IQ,Iraq,EMRO,0,2465545,0,25375,2440170
2023-05-21,IQ,Iraq,EMRO,0,2465545,0,25375,2440170
2023-05-28,IQ,Iraq,EMRO,0,2465545,0,25375,2440170
2023-06-04,IQ,Iraq,EMRO,0,2465545,0,25375,2440170
2023-06-11,IQ,Iraq,EMRO,0,2465545,0,25375,2440170
2023-06-18,IQ,Iraq,EMRO,0,2465545,0,25375,2440170
2023-06-25,IQ,Iraq,EMRO,0,2465545,0,25375,2440170
2023-07-02,IQ,Iraq,EMRO,0,2465545,0,25375,2440170
2023-07-09,IQ,Iraq,EMRO,0,2465545,0,25375,2440170
2023-07-16,IQ,Iraq,EMRO,0,2465545,0,25375,2440170
2023-07-23,IQ,Iraq,EMRO,0,2465545,0,25375,2440170
2023-07-30,IQ,Iraq,EMRO,0,2465545,0,25375,2440170
2023-08-06,IQ,Iraq,EMRO,0,2465545,0,25375,2440170
2023-08-13,IQ,Iraq,EMRO,0,2465545,0,25375,2440170
2023-08-20,IQ,Iraq,EMRO,0,2465545,0,25375,2440170
2023-08-27,IQ,Iraq,EMRO,0,2465545,0,25375,2440170
2023-09-03,IQ,Iraq,EMRO,0,2465545,0,25375,2440170
2023-09-10,IQ,Iraq,EMRO,0,2465545,0,25375,2440170
2023-09-17,IQ,Iraq,EMRO,0,2465545,0,25375,2440170
2023-09-24,IQ,Iraq,EMRO,0,2465545,0,25375,2440170
2023-10-01,IQ,Iraq,EMRO,0,2465545,0,25375,2440170
2023-10-08,IQ,Iraq,EMRO,0,2465545,0,25375,2440170
2023-10-15,IQ,Iraq,EMRO,0,2465545,0,25375,2440170
2023-10-22,IQ,Iraq,EMRO,0,2465545,0,25375,2440170
2023-10-29,IQ,Iraq,EMRO,0,2465545,0,25375,2440170
2023-11-05,IQ,Iraq,EMRO,0,2465545,0,25375,2440170
2023-11-12,IQ,Iraq,EMRO,0,2465545,0,25375,2440170
2023-11-19,IQ,Iraq,EMRO,0,2465545,0,25375,2440170
2023-11-26,IQ,Iraq,EMRO,0,2465545,0,25375,2440170
2023-12-03,IQ,Iraq,EMRO,0,2465545,0,25375,2440170
2023-12-10,IQ,Iraq,EMRO,0,2465545,0,25375,2440170
2023-12-17,IQ,Iraq,EMRO,0,2465545,0,25375,2440170
2023-12-24,IQ,Iraq,EMRO,0,2465545,0,25375,2440170
2023-12-31,IQ,Iraq,EMRO,0,2465545,0,25375,2440170
2024-01-07,IQ,Iraq,EMRO,0,2465545,0,25375,2440170
2024-01-14,IQ,Iraq,EMRO,0,2465545,0,25375,2440170
2024-01-21,IQ,Iraq,EMRO,0,2465545,0,25375,2440170
2024-01-28,IQ,Iraq,EMRO,0,2465545,0,25375,2440170
2024-02-04,IQ,Iraq,EMRO,0,2465545,0,25375,2440170
2024-02-11,IQ,Iraq,EMRO,0,2465545,0,25375,2440170
2024-02-18,IQ,Iraq,EMRO,0,2465545,0,25375,2440170
2024-02-25,IQ,Iraq,EMRO,0,2465545,0,25375,2440170
2024-03-03,IQ,Iraq,EMRO,0,2465545,0,25375,2440170
2024-03-10,IQ,Iraq,EMRO,0,2465545,0,25375,2440170
2024-03-17,IQ,Iraq,EMRO,0,2465545,0,25375,2440170
2024-03-24,IQ,Iraq,EMRO,0,2465545,0,25375,2440170
2024-03-31,IQ,Iraq,EMRO,0,2465545,0,25375,2440170
2024-04-07,IQ,Iraq,EMRO,0,2465545,0,25375,2440170
2024-04-14,IQ,Iraq,EMRO,0,2465545,0,25375,2440170
2024-04-21,IQ,Iraq,EMRO,0,2465545,0,25375,2440170
2024-04-28,IQ,Iraq,EMRO,0,2465545,0,25375,2440170
2024-05-05,IQ,Iraq,EMRO,0,2465545,0,25375,2440170
2024-05-12,IQ,Iraq,EMRO,0,2465545,0,25375,2440170
2024-05-19,IQ,Iraq,EMRO,0,2465545,0,25375,2440170
2024-05-26,IQ,Iraq,EMRO,0,2465545,0,25375,2440170
2024-06-02,IQ,Iraq,EMRO,0,2465545,0,25375,2440170
2024-06-09,IQ,Iraq,EMRO,0,2465545,0,25375,2440170
2024-06-16,IQ,Iraq,EMRO,0,2465545,0,25375,2440170
2024-06-23,IQ,Iraq,EMRO,0,2465545,0,25375,2440170
2024-06-30,IQ,Iraq,EMRO,0,2465545,0,25375,2440170
2024-07-07,IQ,Iraq,EMRO,0,2465545,0,25375,2440170
2024-07-14,IQ,Iraq,EMRO,0,2465545,0,25375,2440170
2024-07-21,IQ,Iraq,EMRO,0,2465545,0,25375,2440170
2024-07-28,IQ,Iraq,EMRO,0,2465545,0,25375,2440170
2024-08-04,IQ,Iraq,EMRO,0,2465545,0,25375,2440170
2024-08-11,IQ,Iraq,EMRO,0,2465545,0,25375,2440170
2024-08-18,IQ,Iraq,EMRO,0,2465545,0,25375,2440170
2024-08-25,IQ,Iraq,EMRO,0,2465545,0,25375,2440170
2024-09-01,IQ,Iraq,EMRO,0,2465545,0,25375,2440170
2024-09-08,IQ,Iraq,EMRO,0,2465545,0,25375,2440170
2024-09-15,IQ,Iraq,EMRO,0,2465545,0,25375,2440170
2024-09-22,IQ,Iraq,EMRO,0,2465545,0,25375,2440170
2024-09-29,IQ,Iraq,EMRO,0,2465545,0,25375,2440170
2024-10-06,IQ,Iraq,EMRO,0,2465545,0,25375,2440170
2024-10-13,IQ,Iraq,EMRO,0,2465545,0,25375,2440170
2024-10-20,IQ,Iraq,EMRO,0,2465545,0,25375,2440170
2024-10-27,IQ,Iraq,EMRO,0,2465545,0,25375,2440170
2024-11-03,IQ,Iraq,EMRO,0,2465545,0,25375,2440170
2024-11-10,IQ,Iraq,EMRO,0,2465545,0,25375,2440170
2024-11-17,IQ,Iraq,EMRO,0,2465545,0,25375,2440170
2020-01-05,IE,Ireland,EURO,0,0,0,0,0
2020-01-12,IE,Ireland,EURO,0,0,0,0,0
2020-01-19,IE,Ireland,EURO,0,0,0,0,0
2020-01-26,IE,Ireland,EURO,0,0,0,0,0
2020-02-02,IE,Ireland,EURO,0,0,0,0,0
2020-02-09,IE,Ireland,EURO,0,0,0,0,0
2020-02-16,IE,Ireland,EURO,0,0,0,0,0
2020-02-23,IE,Ireland,EURO,0,0,0,0,0
2020-03-01,IE,Ireland,EURO,0,0,0,0,0
2020-03-08,IE,Ireland,EURO,18,18,1,1,17
2020-03-15,IE,Ireland,EURO,72,90,1,2,88
2020-03-22,IE,Ireland,EURO,593,683,3,5,678
2020-03-29,IE,Ireland,EURO,1438,2121,49,54,2067
2020-04-05,IE,Ireland,EURO,2152,4273,121,175,4098
2020-04-12,IE,Ireland,EURO,3816,8089,279,454,7635
2020-04-19,IE,Ireland,EURO,5891,13980,342,796,13184
2020-04-26,IE,Ireland,EURO,4204,18184,290,1086,17098
2020-05-03,IE,Ireland,EURO,2649,20833,201,1287,19546
2020-05-10,IE,Ireland,EURO,1708,22541,165,1452,21089
2020-05-17,IE,Ireland,EURO,1415,23956,83,1535,22421
2020-05-24,IE,Ireland,EURO,550,24506,61,1596,22910
2020-05-31,IE,Ireland,EURO,370,24876,39,1635,23241
2020-06-07,IE,Ireland,EURO,287,25163,27,1662,23501
2020-06-14,IE,Ireland,EURO,87,25250,23,1685,23565
2020-06-21,IE,Ireland,EURO,118,25368,14,1699,23669
2020-06-28,IE,Ireland,EURO,46,25414,12,1711,23703
2020-07-05,IE,Ireland,EURO,84,25498,8,1719,23779
2020-07-12,IE,Ireland,EURO,91,25589,4,1723,23866
2020-07-19,IE,Ireland,EURO,141,25730,5,1728,24002
2020-07-26,IE,Ireland,EURO,115,25845,3,1731,24114
2020-08-02,IE,Ireland,EURO,220,26065,2,1733,24332
2020-08-09,IE,Ireland,EURO,405,26470,1,1734,24736
2020-08-16,IE,Ireland,EURO,525,26995,3,1737,25258
2020-08-23,IE,Ireland,EURO,760,27755,2,1739,26016
2020-08-30,IE,Ireland,EURO,824,28579,1,1740,26839
2020-09-06,IE,Ireland,EURO,724,29303,1,1741,27562
2020-09-13,IE,Ireland,EURO,1268,30571,8,1749,28822
2020-09-20,IE,Ireland,EURO,1700,32271,14,1763,30508
2020-09-27,IE,Ireland,EURO,2044,34315,8,1771,32544
2020-10-04,IE,Ireland,EURO,2748,37063,12,1783,35280
2020-10-11,IE,Ireland,EURO,3640,40703,14,1797,38906
2020-10-18,IE,Ireland,EURO,6724,47427,28,1825,45602
2020-10-25,IE,Ireland,EURO,8912,56339,35,1860,54479
2020-11-01,IE,Ireland,EURO,5798,62137,42,1902,60235
2020-11-08,IE,Ireland,EURO,3479,65616,38,1940,63676
2020-11-15,IE,Ireland,EURO,2561,68177,39,1979,66198
2020-11-22,IE,Ireland,EURO,2703,70880,54,2033,68847
2020-11-29,IE,Ireland,EURO,1897,72777,36,2069,70708
2020-12-06,IE,Ireland,EURO,1792,74569,47,2116,72453
2020-12-13,IE,Ireland,EURO,2016,76585,35,2151,74434
2020-12-20,IE,Ireland,EURO,2747,79332,31,2182,77150
2020-12-27,IE,Ireland,EURO,5844,85176,48,2230,82946
2021-01-03,IE,Ireland,EURO,9434,94610,64,2294,92316
2021-01-10,IE,Ireland,EURO,42352,136962,105,2399,134563
2021-01-17,IE,Ireland,EURO,30664,167626,290,2689,164937
2021-01-24,IE,Ireland,EURO,17731,185357,417,3106,182251
2021-01-31,IE,Ireland,EURO,9613,194970,452,3558,191412
2021-02-07,IE,Ireland,EURO,7871,202841,388,3946,198895
2021-02-14,IE,Ireland,EURO,5957,208798,281,4227,204571
2021-02-21,IE,Ireland,EURO,5680,214478,190,4417,210061
2021-02-28,IE,Ireland,EURO,4851,219329,150,4567,214762
2021-03-07,IE,Ireland,EURO,3918,223247,96,4663,218584
2021-03-14,IE,Ireland,EURO,3651,226898,62,4725,222173
2021-03-21,IE,Ireland,EURO,3486,230384,60,4785,225599
2021-03-28,IE,Ireland,EURO,4021,234405,43,4828,229577
2021-04-04,IE,Ireland,EURO,3860,238265,48,4876,233389
2021-04-11,IE,Ireland,EURO,3005,241270,32,4908,236362
2021-04-18,IE,Ireland,EURO,2627,243897,27,4935,238962
2021-04-25,IE,Ireland,EURO,2924,246821,20,4955,241866
2021-05-02,IE,Ireland,EURO,3127,249948,16,4971,244977
2021-05-09,IE,Ireland,EURO,3034,252982,12,4983,247999
2021-05-16,IE,Ireland,EURO,2966,255948,9,4992,250956
2021-05-23,IE,Ireland,EURO,3109,259057,11,5003,254054
2021-05-30,IE,Ireland,EURO,2871,261928,10,5013,256915
2021-06-06,IE,Ireland,EURO,2919,264847,9,5022,259825
2021-06-13,IE,Ireland,EURO,2289,267136,1,5023,262113
2021-06-20,IE,Ireland,EURO,2193,269329,9,5032,264297
2021-06-27,IE,Ireland,EURO,2226,271555,3,5035,266520
2021-07-04,IE,Ireland,EURO,2819,274374,6,5041,269333
2021-07-11,IE,Ireland,EURO,3439,277813,2,5043,272770
2021-07-18,IE,Ireland,EURO,5219,283032,4,5047,277985
2021-07-25,IE,Ireland,EURO,8571,291603,5,5052,286551
2021-08-01,IE,Ireland,EURO,9024,300627,9,5061,295566
2021-08-08,IE,Ireland,EURO,9251,309878,10,5071,304807
2021-08-15,IE,Ireland,EURO,12115,321993,16,5087,316906
2021-08-22,IE,Ireland,EURO,12389,334382,15,5102,329280
2021-08-29,IE,Ireland,EURO,12766,347148,28,5130,342018
2021-09-05,IE,Ireland,EURO,11324,358472,44,5174,353298
2021-09-12,IE,Ireland,EURO,9911,368383,45,5219,363164
2021-09-19,IE,Ireland,EURO,8840,377223,46,5265,371958
2021-09-26,IE,Ireland,EURO,9196,386419,36,5301,381118
2021-10-03,IE,Ireland,EURO,9106,395525,49,5350,390175
2021-10-10,IE,Ireland,EURO,8844,404369,48,5398,398971
2021-10-17,IE,Ireland,EURO,11721,416090,48,5446,410644
2021-10-24,IE,Ireland,EURO,14171,430261,63,5509,424752
2021-10-31,IE,Ireland,EURO,14940,445201,55,5564,439637
2021-11-07,IE,Ireland,EURO,21608,466809,77,5641,461168
2021-11-14,IE,Ireland,EURO,27728,494537,49,5690,488847
2021-11-21,IE,Ireland,EURO,28823,523360,48,5738,517622
2021-11-28,IE,Ireland,EURO,32704,556064,70,5808,550256
2021-12-05,IE,Ireland,EURO,31944,588008,67,5875,582133
2021-12-12,IE,Ireland,EURO,31480,619488,56,5931,613557
2021-12-19,IE,Ireland,EURO,29191,648679,70,6001,642678
2021-12-26,IE,Ireland,EURO,47414,696093,53,6054,690039
2022-01-02,IE,Ireland,EURO,97002,793095,53,6107,786988
2022-01-09,IE,Ireland,EURO,141823,934918,61,6168,928750
2022-01-16,IE,Ireland,EURO,147583,1082501,89,6257,1076244
2022-01-23,IE,Ireland,EURO,56367,1138868,60,6317,1132551
2022-01-30,IE,Ireland,EURO,35097,1173965,78,6395,1167570
2022-02-06,IE,Ireland,EURO,36269,1210234,88,6483,1203751
2022-02-13,IE,Ireland,EURO,36892,1247126,59,6542,1240584
2022-02-20,IE,Ireland,EURO,32010,1279136,45,6587,1272549
2022-02-27,IE,Ireland,EURO,27088,1306224,60,6647,1299577
2022-03-06,IE,Ireland,EURO,22888,1329112,53,6700,1322412
2022-03-13,IE,Ireland,EURO,26726,1355838,65,6765,1349073
2022-03-20,IE,Ireland,EURO,34473,1390311,68,6833,1383478
2022-03-27,IE,Ireland,EURO,46646,1436957,84,6917,1430040
2022-04-03,IE,Ireland,EURO,42205,1479162,99,7016,1472146
2022-04-10,IE,Ireland,EURO,22014,1501176,103,7119,1494057
2022-04-17,IE,Ireland,EURO,13440,1514616,106,7225,1507391
2022-04-24,IE,Ireland,EURO,8932,1523548,81,7306,1516242
2022-05-01,IE,Ireland,EURO,7576,1531124,57,7363,1523761
2022-05-08,IE,Ireland,EURO,5251,1536375,56,7419,1528956
2022-05-15,IE,Ireland,EURO,13088,1549463,28,7447,1542016
2022-05-22,IE,Ireland,EURO,8038,1557501,28,7475,1550026
2022-05-29,IE,Ireland,EURO,4138,1561639,23,7498,1554141
2022-06-05,IE,Ireland,EURO,4467,1566106,19,7517,1558589
2022-06-12,IE,Ireland,EURO,6053,1572159,16,7533,1564626
2022-06-19,IE,Ireland,EURO,8220,1580379,24,7557,1572822
2022-06-26,IE,Ireland,EURO,11608,1591987,29,7586,1584401
2022-07-03,IE,Ireland,EURO,12852,1604839,44,7630,1597209
2022-07-10,IE,Ireland,EURO,14090,1618929,31,7661,1611268
2022-07-17,IE,Ireland,EURO,14291,1633220,50,7711,1625509
2022-07-24,IE,Ireland,EURO,7832,1641052,58,7769,1633283
2022-07-31,IE,Ireland,EURO,4541,1645593,40,7809,1637784
2022-08-07,IE,Ireland,EURO,2954,1648547,39,7848,1640699
2022-08-14,IE,Ireland,EURO,3193,1651740,41,7889,1643851
2022-08-21,IE,Ireland,EURO,2263,1654003,30,7919,1646084
2022-08-28,IE,Ireland,EURO,1641,1655644,19,7938,1647706
2022-09-04,IE,Ireland,EURO,1902,1657546,20,7958,1649588
2022-09-11,IE,Ireland,EURO,1780,1659326,15,7973,1651353
2022-09-18,IE,Ireland,EURO,1555,1660881,13,7986,1652895
2022-09-25,IE,Ireland,EURO,1875,1662756,16,8002,1654754
2022-10-02,IE,Ireland,EURO,1921,1664677,24,8026,1656651
2022-10-09,IE,Ireland,EURO,2261,1666938,32,8058,1658880
2022-10-16,IE,Ireland,EURO,2210,1669148,26,8084,1661064
2022-10-23,IE,Ireland,EURO,2036,1671184,36,8120,1663064
2022-10-30,IE,Ireland,EURO,1682,1672866,32,8152,1664714
2022-11-06,IE,Ireland,EURO,1905,1674771,33,8185,1666586
2022-11-13,IE,Ireland,EURO,1805,1676576,35,8220,1668356
2022-11-20,IE,Ireland,EURO,1565,1678141,34,8254,1669887
2022-11-27,IE,Ireland,EURO,1551,1679692,30,8284,1671408
2022-12-04,IE,Ireland,EURO,1745,1681437,32,8316,1673121
2022-12-11,IE,Ireland,EURO,2103,1683540,36,8352,1675188
2022-12-18,IE,Ireland,EURO,2699,1686239,29,8381,1677858
2022-12-25,IE,Ireland,EURO,3525,1689764,56,8437,1681327
2023-01-01,IE,Ireland,EURO,3004,1692768,65,8502,1684266
2023-01-08,IE,Ireland,EURO,3660,1696428,59,8561,1687867
2023-01-15,IE,Ireland,EURO,2245,1698673,64,8625,1690048
2023-01-22,IE,Ireland,EURO,1123,1699796,46,8671,1691125
2023-01-29,IE,Ireland,EURO,897,1700693,25,8696,1691997
2023-02-05,IE,Ireland,EURO,754,1701447,33,8729,1692718
2023-02-12,IE,Ireland,EURO,668,1702115,21,8750,1693365
2023-02-19,IE,Ireland,EURO,791,1702906,18,8768,1694138
2023-02-26,IE,Ireland,EURO,650,1703556,17,8785,1694771
2023-03-05,IE,Ireland,EURO,585,1704141,17,8802,1695339
2023-03-12,IE,Ireland,EURO,749,1704890,10,8812,1696078
2023-03-19,IE,Ireland,EURO,922,1705812,17,8829,1696983
2023-03-26,IE,Ireland,EURO,982,1706794,20,8849,1697945
2023-04-02,IE,Ireland,EURO,1345,1708139,19,8868,1699271
2023-04-09,IE,Ireland,EURO,707,1708846,20,8888,1699958
2023-04-16,IE,Ireland,EURO,588,1709434,15,8903,1700531
2023-04-23,IE,Ireland,EURO,612,1710046,16,8919,1701127
2023-04-30,IE,Ireland,EURO,504,1710550,26,8945,1701605
2023-05-07,IE,Ireland,EURO,477,1711027,19,8964,1702063
2023-05-14,IE,Ireland,EURO,492,1711519,17,8981,1702538
2023-05-21,IE,Ireland,EURO,423,1711942,29,9010,1702932
2023-05-28,IE,Ireland,EURO,517,1712459,12,9022,1703437
2023-06-04,IE,Ireland,EURO,435,1712894,18,9040,1703854
2023-06-11,IE,Ireland,EURO,311,1713205,21,9061,1704144
2023-06-18,IE,Ireland,EURO,281,1713486,12,9073,1704413
2023-06-25,IE,Ireland,EURO,223,1713709,8,9081,1704628
2023-07-02,IE,Ireland,EURO,130,1713839,7,9088,1704751
2023-07-09,IE,Ireland,EURO,172,1714011,11,9099,1704912
2023-07-16,IE,Ireland,EURO,212,1714223,4,9103,1705120
2023-07-23,IE,Ireland,EURO,261,1714484,4,9107,1705377
2023-07-30,IE,Ireland,EURO,365,1714849,12,9119,1705730
2023-08-06,IE,Ireland,EURO,625,1715474,8,9127,1706347
2023-08-13,IE,Ireland,EURO,691,1716165,15,9142,1707023
2023-08-20,IE,Ireland,EURO,844,1717009,15,9157,1707852
2023-08-27,IE,Ireland,EURO,931,1717940,24,9181,1708759
2023-09-03,IE,Ireland,EURO,756,1718696,20,9201,1709495
2023-09-10,IE,Ireland,EURO,801,1719497,21,9222,1710275
2023-09-17,IE,Ireland,EURO,718,1720215,13,9235,1710980
2023-09-24,IE,Ireland,EURO,583,1720798,13,9248,1711550
2023-10-01,IE,Ireland,EURO,741,1721539,10,9258,1712281
2023-10-08,IE,Ireland,EURO,706,1722245,17,9275,1712970
2023-10-15,IE,Ireland,EURO,567,1722812,17,9292,1713520
2023-10-22,IE,Ireland,EURO,609,1723421,12,9304,1714117
2023-10-29,IE,Ireland,EURO,502,1723923,13,9317,1714606
2023-11-05,IE,Ireland,EURO,412,1724335,14,9331,1715004
2023-11-12,IE,Ireland,EURO,530,1724865,14,9345,1715520
2023-11-19,IE,Ireland,EURO,484,1725349,9,9354,1715995
2023-11-26,IE,Ireland,EURO,420,1725769,6,9360,1716409
2023-12-03,IE,Ireland,EURO,440,1726209,22,9382,1716827
2023-12-10,IE,Ireland,EURO,510,1726719,13,9395,1717324
2023-12-17,IE,Ireland,EURO,711,1727430,20,9415,1718015
2023-12-24,IE,Ireland,EURO,928,1728358,25,9440,1718918
2023-12-31,IE,Ireland,EURO,595,1728953,14,9454,1719499
2024-01-07,IE,Ireland,EURO,1189,1730142,20,9474,1720668
2024-01-14,IE,Ireland,EURO,957,1731099,19,9493,1721606
2024-01-21,IE,Ireland,EURO,742,1731841,18,9511,1722330
2024-01-28,IE,Ireland,EURO,817,1732658,27,9538,1723120
2024-02-04,IE,Ireland,EURO,572,1733230,17,9555,1723675
2024-02-11,IE,Ireland,EURO,412,1733642,13,9568,1724074
2024-02-18,IE,Ireland,EURO,373,1734015,8,9576,1724439
2024-02-25,IE,Ireland,EURO,263,1734278,5,9581,1724697
2024-03-03,IE,Ireland,EURO,222,1734500,6,9587,1724913
2024-03-10,IE,Ireland,EURO,167,1734667,3,9590,1725077
2024-03-17,IE,Ireland,EURO,168,1734835,5,9595,1725240
2024-03-24,IE,Ireland,EURO,169,1735004,12,9607,1725397
2024-03-31,IE,Ireland,EURO,142,1735146,7,9614,1725532
2024-04-07,IE,Ireland,EURO,145,1735291,3,9617,1725674
2024-04-14,IE,Ireland,EURO,187,1735478,3,9620,1725858
2024-04-21,IE,Ireland,EURO,163,1735641,2,9622,1726019
2024-04-28,IE,Ireland,EURO,187,1735828,7,9629,1726199
2024-05-05,IE,Ireland,EURO,238,1736066,4,9633,1726433
2024-05-12,IE,Ireland,EURO,274,1736340,8,9641,1726699
2024-05-19,IE,Ireland,EURO,254,1736594,3,9644,1726950
2024-05-26,IE,Ireland,EURO,306,1736900,7,9651,1727249
2024-06-02,IE,Ireland,EURO,501,1737401,4,9655,1727746
2024-06-09,IE,Ireland,EURO,445,1737846,9,9664,1728182
2024-06-16,IE,Ireland,EURO,642,1738488,9,9673,1728815
2024-06-23,IE,Ireland,EURO,1040,1739528,19,9692,1729836
2024-06-30,IE,Ireland,EURO,1088,1740616,13,9705,1730911
2024-07-07,IE,Ireland,EURO,977,1741593,20,9725,1731868
2024-07-14,IE,Ireland,EURO,846,1742439,16,9741,1732698
2024-07-21,IE,Ireland,EURO,981,1743420,19,9760,1733660
2024-07-28,IE,Ireland,EURO,905,1744325,15,9775,1734550
2024-08-04,IE,Ireland,EURO,761,1745086,30,9805,1735281
2024-08-11,IE,Ireland,EURO,582,1745668,16,9821,1735847
2024-08-18,IE,Ireland,EURO,517,1746185,6,9827,1736358
2024-08-25,IE,Ireland,EURO,511,1746696,10,9837,1736859
2024-09-01,IE,Ireland,EURO,560,1747256,10,9847,1737409
2024-09-08,IE,Ireland,EURO,500,1747756,12,9859,1737897
2024-09-15,IE,Ireland,EURO,456,1748212,13,9872,1738340
2024-09-22,IE,Ireland,EURO,524,1748736,11,9883,1738853
2024-09-29,IE,Ireland,EURO,538,1749274,4,9887,1739387
2024-10-06,IE,Ireland,EURO,396,1749670,5,9892,1739778
2024-10-13,IE,Ireland,EURO,316,1749986,5,9897,1740089
2024-10-20,IE,Ireland,EURO,324,1750310,3,9900,1740410
2024-10-27,IE,Ireland,EURO,238,1750548,0,9900,1740648
2024-11-03,IE,Ireland,EURO,289,1750837,2,9902,1740935
2024-11-10,IE,Ireland,EURO,188,1751025,1,9903,1741122
2024-11-17,IE,Ireland,EURO,194,1751219,0,9903,1741316
2020-01-05,IL,Israel,EURO,0,0,0,0,0
2020-01-12,IL,Israel,EURO,0,0,0,0,0
2020-01-19,IL,Israel,EURO,0,0,0,0,0
2020-01-26,IL,Israel,EURO,0,0,0,0,0
2020-02-02,IL,Israel,EURO,0,0,0,0,0
2020-02-09,IL,Israel,EURO,0,0,0,0,0
2020-02-16,IL,Israel,EURO,9,9,0,0,9
2020-02-23,IL,Israel,EURO,1,10,0,0,10
2020-03-01,IL,Israel,EURO,5,15,0,0,15
2020-03-08,IL,Israel,EURO,26,41,0,0,41
2020-03-15,IL,Israel,EURO,151,192,0,0,192
2020-03-22,IL,Israel,EURO,844,1036,1,1,1035
2020-03-29,IL,Israel,EURO,2868,3904,12,13,3891
2020-04-05,IL,Israel,EURO,4259,8163,36,49,8114
2020-04-12,IL,Israel,EURO,2786,10949,54,103,10846
2020-04-19,IL,Israel,EURO,2567,13516,63,166,13350
2020-04-26,IL,Israel,EURO,1759,15275,37,203,15072
2020-05-03,IL,Israel,EURO,768,16043,30,233,15810
2020-05-10,IL,Israel,EURO,293,16336,19,252,16084
2020-05-17,IL,Israel,EURO,169,16505,21,273,16232
2020-05-24,IL,Israel,EURO,121,16626,10,283,16343
2020-05-31,IL,Israel,EURO,344,16970,6,289,16681
2020-06-07,IL,Israel,EURO,752,17722,11,300,17422
2020-06-14,IL,Israel,EURO,1260,18982,5,305,18677
2020-06-21,IL,Israel,EURO,1676,20658,5,310,20348
2020-06-28,IL,Israel,EURO,2831,23489,16,326,23163
2020-07-05,IL,Israel,EURO,5810,29299,15,341,28958
2020-07-12,IL,Israel,EURO,8756,38055,34,375,37680
2020-07-19,IL,Israel,EURO,11408,49463,53,428,49035
2020-07-26,IL,Israel,EURO,11867,61330,68,496,60834
2020-08-02,IL,Israel,EURO,10932,72262,83,579,71683
2020-08-09,IL,Israel,EURO,10106,82368,82,661,81707
2020-08-16,IL,Israel,EURO,9839,92207,88,749,91458
2020-08-23,IL,Israel,EURO,9687,101894,87,836,101058
2020-08-30,IL,Israel,EURO,11652,113546,88,924,112622
2020-09-06,IL,Israel,EURO,15508,129054,108,1032,128022
2020-09-13,IL,Israel,EURO,23881,152935,113,1145,151790
2020-09-20,IL,Israel,EURO,32590,185525,145,1290,184235
2020-09-27,IL,Israel,EURO,43128,228653,190,1480,227173
2020-10-04,IL,Israel,EURO,35988,264641,241,1721,262920
2020-10-11,IL,Israel,EURO,25121,289762,257,1978,287784
2020-10-18,IL,Israel,EURO,12757,302519,245,2223,300296
2020-10-25,IL,Israel,EURO,6926,309445,190,2413,307032
2020-11-01,IL,Israel,EURO,4652,314097,156,2569,311528
2020-11-08,IL,Israel,EURO,4530,318627,113,2682,315945
2020-11-15,IL,Israel,EURO,4585,323212,60,2742,320470
2020-11-22,IL,Israel,EURO,5091,328303,68,2810,325493
2020-11-29,IL,Israel,EURO,6362,334665,58,2868,331797
2020-12-06,IL,Israel,EURO,9033,343698,60,2928,340770
2020-12-13,IL,Israel,EURO,11998,355696,80,3008,352688
2020-12-20,IL,Israel,EURO,17326,373022,103,3111,369911
2020-12-27,IL,Israel,EURO,26083,399105,131,3242,395863
2021-01-03,IL,Israel,EURO,36643,435748,191,3433,432315
2021-01-10,IL,Israel,EURO,50749,486497,244,3677,482820
2021-01-17,IL,Israel,EURO,58256,544753,341,4018,540735
2021-01-24,IL,Israel,EURO,49873,594626,366,4384,590242
2021-01-31,IL,Israel,EURO,45816,640442,381,4765,635677
2021-02-07,IL,Israel,EURO,46171,686613,348,5113,681500
2021-02-14,IL,Israel,EURO,35955,722568,248,5361,717207
2021-02-21,IL,Israel,EURO,25826,748394,205,5566,742828
2021-02-28,IL,Israel,EURO,25825,774219,177,5743,768476
2021-03-07,IL,Israel,EURO,26152,800371,132,5875,794496
2021-03-14,IL,Israel,EURO,17889,818260,115,5990,812270
2021-03-21,IL,Israel,EURO,9371,827631,101,6091,821540
2021-03-28,IL,Israel,EURO,4543,832174,77,6168,826006
2021-04-04,IL,Israel,EURO,2360,834534,81,6249,828285
2021-04-11,IL,Israel,EURO,1684,836218,59,6308,829910
2021-04-18,IL,Israel,EURO,1052,837270,43,6351,830919
2021-04-25,IL,Israel,EURO,984,838254,24,6375,831879
2021-05-02,IL,Israel,EURO,624,838878,16,6391,832487
2021-05-09,IL,Israel,EURO,404,839282,13,6404,832878
2021-05-16,IL,Israel,EURO,261,839543,8,6412,833131
2021-05-23,IL,Israel,EURO,209,839752,7,6419,833333
2021-05-30,IL,Israel,EURO,150,839902,6,6425,833477
2021-06-06,IL,Israel,EURO,115,840017,4,6429,833588
2021-06-13,IL,Israel,EURO,92,840109,3,6432,833677
2021-06-20,IL,Israel,EURO,184,840293,3,6435,833858
2021-06-27,IL,Israel,EURO,1095,841388,1,6436,834952
2021-07-04,IL,Israel,EURO,2005,843393,0,6436,836957
2021-07-11,IL,Israel,EURO,3244,846637,5,6441,840196
2021-07-18,IL,Israel,EURO,5222,851859,12,6453,845406
2021-07-25,IL,Israel,EURO,8764,860623,14,6467,854156
2021-08-01,IL,Israel,EURO,14859,875482,26,6493,868989
2021-08-08,IL,Israel,EURO,23515,898997,75,6568,892429
2021-08-15,IL,Israel,EURO,38065,937062,124,6692,930370
2021-08-22,IL,Israel,EURO,51170,988232,163,6855,981377
2021-08-29,IL,Israel,EURO,61130,1049362,193,7048,1042314
2021-09-05,IL,Israel,EURO,66012,1115374,208,7256,1108118
2021-09-12,IL,Israel,EURO,55065,1170439,171,7427,1163012
2021-09-19,IL,Israel,EURO,54413,1224852,146,7573,1217279
2021-09-26,IL,Israel,EURO,40329,1265181,143,7716,1257465
2021-10-03,IL,Israel,EURO,24955,1290136,129,7845,1282291
2021-10-10,IL,Israel,EURO,16145,1306281,101,7946,1298335
2021-10-17,IL,Israel,EURO,11082,1317363,82,8028,1309335
2021-10-24,IL,Israel,EURO,7222,1324585,45,8073,1316512
2021-10-31,IL,Israel,EURO,4653,1329238,47,8120,1321118
2021-11-07,IL,Israel,EURO,3775,1333013,22,8142,1324871
2021-11-14,IL,Israel,EURO,3104,1336117,25,8167,1327950
2021-11-21,IL,Israel,EURO,3191,1339308,22,8189,1331119
2021-11-28,IL,Israel,EURO,3564,1342872,12,8201,1334671
2021-12-05,IL,Israel,EURO,3636,1346508,15,8216,1338292
2021-12-12,IL,Israel,EURO,4294,1350802,16,8232,1342570
2021-12-19,IL,Israel,EURO,4887,1355689,13,8245,1347444
2021-12-26,IL,Israel,EURO,9079,1364768,6,8251,1356517
2022-01-02,IL,Israel,EURO,26891,1391659,11,8262,1383397
2022-01-09,IL,Israel,EURO,112884,1504543,24,8286,1496257
2022-01-16,IL,Israel,EURO,308975,1813518,74,8360,1805158
2022-01-23,IL,Israel,EURO,494733,2308251,193,8553,2299698
2022-01-30,IL,Israel,EURO,474410,2782661,336,8889,2773772
2022-02-06,IL,Israel,EURO,382736,3165397,434,9323,3156074
2022-02-13,IL,Israel,EURO,241078,3406475,439,9762,3396713
2022-02-20,IL,Israel,EURO,135580,3542055,262,10024,3532031
2022-02-27,IL,Israel,EURO,77870,3619925,192,10216,3609709
2022-03-06,IL,Israel,EURO,53061,3672986,134,10350,3662636
2022-03-13,IL,Israel,EURO,43758,3716744,71,10421,3706323
2022-03-20,IL,Israel,EURO,47811,3764555,58,10479,3754076
2022-03-27,IL,Israel,EURO,88966,3853521,50,10529,3842992
2022-04-03,IL,Israel,EURO,86177,3939698,63,10592,3929106
2022-04-10,IL,Israel,EURO,57296,3996994,60,10652,3986342
2022-04-17,IL,Israel,EURO,34453,4031447,48,10700,4020747
2022-04-24,IL,Israel,EURO,25894,4057341,46,10746,4046595
2022-05-01,IL,Israel,EURO,21226,4078567,36,10782,4067785
2022-05-08,IL,Israel,EURO,14419,4092986,30,10812,4082174
2022-05-15,IL,Israel,EURO,15310,4108296,20,10832,4097464
2022-05-22,IL,Israel,EURO,14797,4123093,23,10855,4112238
2022-05-29,IL,Israel,EURO,13249,4136342,11,10866,4125476
2022-06-05,IL,Israel,EURO,16478,4152820,14,10880,4141940
2022-06-12,IL,Israel,EURO,29452,4182272,13,10893,4171379
2022-06-19,IL,Israel,EURO,47448,4229720,18,10911,4218809
2022-06-26,IL,Israel,EURO,67821,4297541,49,10960,4286581
2022-07-03,IL,Israel,EURO,74269,4371810,89,11049,4360761
2022-07-10,IL,Israel,EURO,73628,4445438,96,11145,4434293
2022-07-17,IL,Israel,EURO,60205,4505643,103,11248,4494395
2022-07-24,IL,Israel,EURO,43530,4549173,99,11347,4537826
2022-07-31,IL,Israel,EURO,30706,4579879,82,11429,4568450
2022-08-07,IL,Israel,EURO,21063,4600942,70,11499,4589443
2022-08-14,IL,Israel,EURO,13168,4614110,52,11551,4602559
2022-08-21,IL,Israel,EURO,9188,4623298,43,11594,4611704
2022-08-28,IL,Israel,EURO,6922,4630220,41,11635,4618585
2022-09-04,IL,Israel,EURO,6023,4636243,26,11661,4624582
2022-09-11,IL,Israel,EURO,6094,4642337,16,11677,4630660
2022-09-18,IL,Israel,EURO,7637,4649974,15,11692,4638282
2022-09-25,IL,Israel,EURO,7584,4657558,9,11701,4645857
2022-10-02,IL,Israel,EURO,6116,4663674,13,11714,4651960
2022-10-09,IL,Israel,EURO,4937,4668611,17,11731,4656880
2022-10-16,IL,Israel,EURO,4311,4672922,17,11748,4661174
2022-10-23,IL,Israel,EURO,4605,4677527,18,11766,4665761
2022-10-30,IL,Israel,EURO,5518,4683045,16,11782,4671263
2022-11-06,IL,Israel,EURO,6333,4689378,15,11797,4677581
2022-11-13,IL,Israel,EURO,7173,4696551,16,11813,4684738
2022-11-20,IL,Israel,EURO,8825,4705376,23,11836,4693540
2022-11-27,IL,Israel,EURO,10228,4715604,24,11860,4703744
2022-12-04,IL,Israel,EURO,11231,4726835,39,11899,4714936
2022-12-11,IL,Israel,EURO,10967,4737802,44,11943,4725859
2022-12-18,IL,Israel,EURO,10321,4748123,42,11985,4736138
2022-12-25,IL,Israel,EURO,8581,4756704,41,12026,4744678
2023-01-01,IL,Israel,EURO,7374,4764078,41,12067,4752011
2023-01-08,IL,Israel,EURO,6639,4770717,46,12113,4758604
2023-01-15,IL,Israel,EURO,5328,4776045,24,12137,4763908
2023-01-22,IL,Israel,EURO,4576,4780621,36,12173,4768448
2023-01-29,IL,Israel,EURO,4168,4784789,26,12199,4772590
2023-02-05,IL,Israel,EURO,3442,4788231,26,12225,4776006
2023-02-12,IL,Israel,EURO,2878,4791109,19,12244,4778865
2023-02-19,IL,Israel,EURO,3097,4794206,21,12265,4781941
2023-02-26,IL,Israel,EURO,3552,4797758,26,12291,4785467
2023-03-05,IL,Israel,EURO,3657,4801415,25,12316,4789099
2023-03-12,IL,Israel,EURO,3462,4804877,23,12339,4792538
2023-03-19,IL,Israel,EURO,3838,4808715,32,12371,4796344
2023-03-26,IL,Israel,EURO,3192,4811907,22,12393,4799514
2023-04-02,IL,Israel,EURO,2791,4814698,24,12417,4802281
2023-04-09,IL,Israel,EURO,1969,4816667,16,12433,4804234
2023-04-16,IL,Israel,EURO,1852,4818519,22,12455,4806064
2023-04-23,IL,Israel,EURO,1956,4820475,25,12480,4807995
2023-04-30,IL,Israel,EURO,1334,4821809,19,12499,4809310
2023-05-07,IL,Israel,EURO,1540,4823349,12,12511,4810838
2023-05-14,IL,Israel,EURO,1169,4824518,7,12518,4812000
2023-05-21,IL,Israel,EURO,850,4825368,16,12534,4812834
2023-05-28,IL,Israel,EURO,688,4826056,7,12541,4813515
2023-06-04,IL,Israel,EURO,745,4826801,9,12550,4814251
2023-06-11,IL,Israel,EURO,735,4827536,8,12558,4814978
2023-06-18,IL,Israel,EURO,601,4828137,6,12564,4815573
2023-06-25,IL,Israel,EURO,597,4828734,3,12567,4816167
2023-07-02,IL,Israel,EURO,514,4829248,6,12573,4816675
2023-07-09,IL,Israel,EURO,497,4829745,6,12579,4817166
2023-07-16,IL,Israel,EURO,539,4830284,4,12583,4817701
2023-07-23,IL,Israel,EURO,535,4830819,6,12589,4818230
2023-07-30,IL,Israel,EURO,563,4831382,8,12597,4818785
2023-08-06,IL,Israel,EURO,541,4831923,10,12607,4819316
2023-08-13,IL,Israel,EURO,601,4832524,17,12624,4819900
2023-08-20,IL,Israel,EURO,747,4833271,9,12633,4820638
2023-08-27,IL,Israel,EURO,866,4834137,10,12643,4821494
2023-09-03,IL,Israel,EURO,985,4835122,9,12652,4822470
2023-09-10,IL,Israel,EURO,1048,4836170,16,12668,4823502
2023-09-17,IL,Israel,EURO,1269,4837439,10,12678,4824761
2023-09-24,IL,Israel,EURO,1464,4838903,9,12687,4826216
2023-10-01,IL,Israel,EURO,1038,4839941,10,12697,4827244
2023-10-08,IL,Israel,EURO,784,4840725,0,12697,4828028
2023-10-15,IL,Israel,EURO,389,4841114,1,12698,4828416
2023-10-22,IL,Israel,EURO,264,4841378,5,12703,4828675
2023-10-29,IL,Israel,EURO,180,4841558,4,12707,4828851
2023-11-05,IL,Israel,EURO,0,4841558,0,12707,4828851
2023-11-12,IL,Israel,EURO,0,4841558,0,12707,4828851
2023-11-19,IL,Israel,EURO,0,4841558,0,12707,4828851
2023-11-26,IL,Israel,EURO,0,4841558,0,12707,4828851
2023-12-03,IL,Israel,EURO,0,4841558,0,12707,4828851
2023-12-10,IL,Israel,EURO,0,4841558,0,12707,4828851
2023-12-17,IL,Israel,EURO,0,4841558,0,12707,4828851
2023-12-24,IL,Israel,EURO,0,4841558,0,12707,4828851
2023-12-31,IL,Israel,EURO,0,4841558,0,12707,4828851
2024-01-07,IL,Israel,EURO,0,4841558,0,12707,4828851
2024-01-14,IL,Israel,EURO,0,4841558,0,12707,4828851
2024-01-21,IL,Israel,EURO,0,4841558,0,12707,4828851
2024-01-28,IL,Israel,EURO,0,4841558,0,12707,4828851
2024-02-04,IL,Israel,EURO,0,4841558,0,12707,4828851
2024-02-11,IL,Israel,EURO,0,4841558,0,12707,4828851
2024-02-18,IL,Israel,EURO,0,4841558,0,12707,4828851
2024-02-25,IL,Israel,EURO,0,4841558,0,12707,4828851
2024-03-03,IL,Israel,EURO,0,4841558,0,12707,4828851
2024-03-10,IL,Israel,EURO,0,4841558,0,12707,4828851
2024-03-17,IL,Israel,EURO,0,4841558,0,12707,4828851
2024-03-24,IL,Israel,EURO,0,4841558,0,12707,4828851
2024-03-31,IL,Israel,EURO,0,4841558,0,12707,4828851
2024-04-07,IL,Israel,EURO,0,4841558,0,12707,4828851
2024-04-14,IL,Israel,EURO,0,4841558,0,12707,4828851
2024-04-21,IL,Israel,EURO,0,4841558,0,12707,4828851
2024-04-28,IL,Israel,EURO,0,4841558,0,12707,4828851
2024-05-05,IL,Israel,EURO,0,4841558,0,12707,4828851
2024-05-12,IL,Israel,EURO,0,4841558,0,12707,4828851
2024-05-19,IL,Israel,EURO,0,4841558,0,12707,4828851
2024-05-26,IL,Israel,EURO,0,4841558,0,12707,4828851
2024-06-02,IL,Israel,EURO,0,4841558,0,12707,4828851
2024-06-09,IL,Israel,EURO,0,4841558,0,12707,4828851
2024-06-16,IL,Israel,EURO,0,4841558,0,12707,4828851
2024-06-23,IL,Israel,EURO,0,4841558,0,12707,4828851
2024-06-30,IL,Israel,EURO,0,4841558,0,12707,4828851
2024-07-07,IL,Israel,EURO,0,4841558,0,12707,4828851
2024-07-14,IL,Israel,EURO,0,4841558,0,12707,4828851
2024-07-21,IL,Israel,EURO,0,4841558,0,12707,4828851
2024-07-28,IL,Israel,EURO,0,4841558,0,12707,4828851
2024-08-04,IL,Israel,EURO,0,4841558,0,12707,4828851
2024-08-11,IL,Israel,EURO,0,4841558,0,12707,4828851
2024-08-18,IL,Israel,EURO,0,4841558,0,12707,4828851
2024-08-25,IL,Israel,EURO,0,4841558,0,12707,4828851
2024-09-01,IL,Israel,EURO,0,4841558,0,12707,4828851
2024-09-08,IL,Israel,EURO,0,4841558,0,12707,4828851
2024-09-15,IL,Israel,EURO,0,4841558,0,12707,4828851
2024-09-22,IL,Israel,EURO,0,4841558,0,12707,4828851
2024-09-29,IL,Israel,EURO,0,4841558,0,12707,4828851
2024-10-06,IL,Israel,EURO,0,4841558,0,12707,4828851
2024-10-13,IL,Israel,EURO,0,4841558,0,12707,4828851
2024-10-20,IL,Israel,EURO,0,4841558,0,12707,4828851
2024-10-27,IL,Israel,EURO,0,4841558,0,12707,4828851
2024-11-03,IL,Israel,EURO,0,4841558,0,12707,4828851
2024-11-10,IL,Israel,EURO,0,4841558,0,12707,4828851
2024-11-17,IL,Israel,EURO,0,4841558,0,12707,4828851
2020-01-05,IT,Italy,EURO,0,0,0,0,0
2020-01-12,IT,Italy,EURO,0,0,0,0,0
2020-01-19,IT,Italy,EURO,0,0,0,0,0
2020-01-26,IT,Italy,EURO,0,0,0,0,0
2020-02-02,IT,Italy,EURO,3,3,0,0,3
2020-02-09,IT,Italy,EURO,0,3,0,0,3
2020-02-16,IT,Italy,EURO,0,3,0,0,3
2020-02-23,IT,Italy,EURO,76,79,2,2,77
2020-03-01,IT,Italy,EURO,1049,1128,27,29,1099
2020-03-08,IT,Italy,EURO,4755,5883,204,233,5650
2020-03-15,IT,Italy,EURO,15274,21157,1208,1441,19716
2020-03-22,IT,Italy,EURO,32421,53578,3384,4825,48753
2020-03-29,IT,Italy,EURO,38894,92472,5198,10023,82449
2020-04-05,IT,Italy,EURO,32160,124632,5339,15362,109270
2020-04-12,IT,Italy,EURO,27639,152271,4106,19468,132803
2020-04-19,IT,Italy,EURO,23654,175925,3759,23227,152698
2020-04-26,IT,Italy,EURO,19426,195351,3157,26384,168967
2020-05-03,IT,Italy,EURO,13977,209328,2326,28710,180618
2020-05-10,IT,Italy,EURO,8940,218268,1685,30395,187873
2020-05-17,IT,Italy,EURO,6492,224760,1368,31763,192997
2020-05-24,IT,Italy,EURO,4567,229327,972,32735,196592
2020-05-31,IT,Italy,EURO,3337,232664,605,33340,199324
2020-06-07,IT,Italy,EURO,2137,234801,506,33846,200955
2020-06-14,IT,Italy,EURO,1850,236651,455,34301,202350
2020-06-21,IT,Italy,EURO,2023,238674,309,34610,204064
2020-06-28,IT,Italy,EURO,1861,240535,106,34716,205819
2020-07-05,IT,Italy,EURO,1283,241818,138,34854,206964
2020-07-12,IT,Italy,EURO,1408,243226,91,34945,208281
2020-07-19,IT,Italy,EURO,1389,244615,97,35042,209573
2020-07-26,IT,Italy,EURO,1648,246263,60,35102,211161
2020-08-02,IT,Italy,EURO,1968,248231,44,35146,213085
2020-08-09,IT,Italy,EURO,2271,250502,57,35203,215299
2020-08-16,IT,Italy,EURO,3335,253837,189,35392,218445
2020-08-23,IT,Italy,EURO,4698,258535,38,35430,223105
2020-08-30,IT,Italy,EURO,8717,267252,43,35473,231779
2020-09-06,IT,Italy,EURO,9484,276736,60,35533,241203
2020-09-13,IT,Italy,EURO,9960,286696,70,35603,251093
2020-09-20,IT,Italy,EURO,10272,296968,89,35692,261276
2020-09-27,IT,Italy,EURO,11535,308503,126,35818,272685
2020-10-04,IT,Italy,EURO,14647,323150,150,35968,287182
2020-10-11,IT,Italy,EURO,26743,349893,172,36140,313753
2020-10-18,IT,Italy,EURO,53042,402935,334,36474,366461
2020-10-25,IT,Italy,EURO,101973,504908,736,37210,467698
2020-11-01,IT,Italy,EURO,174921,679829,1408,38618,641211
2020-11-08,IT,Italy,EURO,223060,902889,2445,41063,861826
2020-11-15,IT,Italy,EURO,242062,1144951,3620,44683,1100268
2020-11-22,IT,Italy,EURO,235979,1380930,4578,49261,1331669
2020-11-29,IT,Italy,EURO,184001,1564931,5102,54363,1510568
2020-12-06,IT,Italy,EURO,145459,1710390,5151,59514,1650876
2020-12-13,IT,Italy,EURO,115784,1826174,4522,64036,1762138
2020-12-20,IT,Italy,EURO,112308,1938482,4411,68447,1870035
2020-12-27,IT,Italy,EURO,100700,2039182,3180,71627,1967555
2021-01-03,IT,Italy,EURO,102019,2141201,3358,74985,2066216
2021-01-10,IT,Italy,EURO,116665,2257866,3409,78394,2179472
2021-01-17,IT,Italy,EURO,110867,2368733,3406,81800,2286933
2021-01-24,IT,Italy,EURO,86452,2455185,3362,85162,2370023
2021-01-31,IT,Italy,EURO,86598,2541783,3117,88279,2453504
2021-02-07,IT,Italy,EURO,83315,2625098,2724,91003,2534095
2021-02-14,IT,Italy,EURO,85721,2710819,2353,93356,2617463
2021-02-21,IT,Italy,EURO,84977,2795796,2130,95486,2700310
2021-02-28,IT,Italy,EURO,112029,2907825,2021,97507,2810318
2021-03-07,IT,Italy,EURO,138937,3046762,2071,99578,2947184
2021-03-14,IT,Italy,EURO,155076,3201838,2303,101881,3099957
2021-03-21,IT,Italy,EURO,154493,3356331,2761,104642,3251689
2021-03-28,IT,Italy,EURO,156059,3512390,2994,107636,3404754
2021-04-04,IT,Italy,EURO,137857,3650247,3068,110704,3539543
2021-04-11,IT,Italy,EURO,103830,3754077,3219,113923,3640154
2021-04-18,IT,Italy,EURO,103366,3857443,2753,116676,3740767
2021-04-25,IT,Italy,EURO,92074,3949517,2345,119021,3830496
2021-05-02,IT,Italy,EURO,86100,4035617,2012,121033,3914584
2021-05-09,IT,Italy,EURO,67304,4102921,1661,122694,3980227
2021-05-16,IT,Italy,EURO,50453,4153374,1369,124063,4029311
2021-05-23,IT,Italy,EURO,34816,4188190,1090,125153,4063037
2021-05-30,IT,Italy,EURO,24865,4213055,849,126002,4087053
2021-06-06,IT,Italy,EURO,17098,4230153,470,126472,4103681
2021-06-13,IT,Italy,EURO,13329,4243482,504,126976,4116506
2021-06-20,IT,Italy,EURO,8613,4252095,277,127253,4124842
2021-06-27,IT,Italy,EURO,5194,4257289,205,127458,4129831
2021-07-04,IT,Italy,EURO,5222,4262511,179,127637,4134874
2021-07-11,IT,Italy,EURO,7374,4269885,131,127768,4142117
2021-07-18,IT,Italy,EURO,14447,4284332,96,127864,4156468
2021-07-25,IT,Italy,EURO,28341,4312673,78,127942,4184731
2021-08-01,IT,Italy,EURO,37355,4350028,121,128063,4221965
2021-08-08,IT,Italy,EURO,40656,4390684,146,128209,4262475
2021-08-15,IT,Italy,EURO,44324,4435008,204,128413,4306595
2021-08-22,IT,Italy,EURO,43683,4478691,315,128728,4349963
2021-08-29,IT,Italy,EURO,45601,4524292,328,129056,4395236
2021-09-05,IT,Italy,EURO,41834,4566126,410,129466,4436660
2021-09-12,IT,Italy,EURO,35623,4601749,419,129885,4471864
2021-09-19,IT,Italy,EURO,30526,4632275,399,130284,4501991
2021-09-26,IT,Italy,EURO,24940,4657215,369,130653,4526562
2021-10-03,IT,Italy,EURO,21852,4679067,345,130998,4548069
2021-10-10,IT,Italy,EURO,18971,4698038,276,131274,4566764
2021-10-17,IT,Italy,EURO,17426,4715464,243,131517,4583947
2021-10-24,IT,Italy,EURO,21998,4737462,285,131802,4605660
2021-10-31,IT,Italy,EURO,29978,4767440,272,132074,4635366
2021-11-07,IT,Italy,EURO,34785,4802225,291,132365,4669860
2021-11-14,IT,Italy,EURO,50271,4852496,374,132739,4719757
2021-11-21,IT,Italy,EURO,63485,4915981,392,133131,4782850
2021-11-28,IT,Italy,EURO,78910,4994891,496,133627,4861264
2021-12-05,IT,Italy,EURO,99181,5094072,525,134152,4959920
2021-12-12,IT,Italy,EURO,112233,5206305,613,134765,5071540
2021-12-19,IT,Italy,EURO,158547,5364852,779,135544,5229308
2021-12-26,IT,Italy,EURO,257579,5622431,986,136530,5485901
2022-01-02,IT,Italy,EURO,644604,6267035,983,137513,6129522
2022-01-09,IT,Italy,EURO,1014262,7281297,1368,138881,7142416
2022-01-16,IT,Italy,EURO,1268153,8549450,1975,140856,8408594
2022-01-23,IT,Italy,EURO,1231741,9781191,2440,143296,9637895
2022-01-30,IT,Italy,EURO,1040184,10821375,2618,145914,10675461
2022-02-06,IT,Italy,EURO,721418,11542793,2628,148542,11394251
2022-02-13,IT,Italy,EURO,510537,12053330,2282,150824,11902506
2022-02-20,IT,Italy,EURO,374443,12427773,2024,152848,12274925
2022-02-27,IT,Italy,EURO,304907,12732680,1568,154416,12578264
2022-03-06,IT,Italy,EURO,257543,12990223,1366,155782,12834441
2022-03-13,IT,Italy,EURO,332905,13323128,1000,156782,13166346
2022-03-20,IT,Italy,EURO,477051,13800179,910,157692,13642487
2022-03-27,IT,Italy,EURO,503932,14304111,1008,158700,14145411
2022-04-03,IT,Italy,EURO,486695,14790806,966,159666,14631140
2022-04-10,IT,Italy,EURO,447322,15238128,992,160658,15077470
2022-04-17,IT,Italy,EURO,421707,15659835,944,161602,15498233
2022-04-24,IT,Italy,EURO,419374,16079209,1007,162609,15916600
2022-05-01,IT,Italy,EURO,383991,16463200,898,163507,16299693
2022-05-08,IT,Italy,EURO,304573,16767773,910,164417,16603356
2022-05-15,IT,Italy,EURO,262374,17030147,765,165182,16864965
2022-05-22,IT,Italy,EURO,199116,17229263,736,165918,17063345
2022-05-29,IT,Italy,EURO,144478,17373741,624,166542,17207199
2022-06-05,IT,Italy,EURO,116710,17490451,380,166922,17323529
2022-06-12,IT,Italy,EURO,143614,17634065,443,167365,17466700
2022-06-19,IT,Italy,EURO,210840,17844905,338,167703,17677202
2022-06-26,IT,Italy,EURO,340012,18184917,355,168058,18016859
2022-07-03,IT,Italy,EURO,511037,18695954,430,168488,18527466
2022-07-10,IT,Italy,EURO,661984,19357938,574,169062,19188876
2022-07-17,IT,Italy,EURO,718925,20076863,784,169846,19907017
2022-07-24,IT,Italy,EURO,531327,20608190,952,170798,20437392
2022-07-31,IT,Italy,EURO,394583,21002773,1205,172003,20830770
2022-08-07,IT,Italy,EURO,283998,21286771,1059,173062,21113709
2022-08-14,IT,Italy,EURO,193305,21480076,920,173982,21306094
2022-08-21,IT,Italy,EURO,150922,21630998,677,174659,21456339
2022-08-28,IT,Italy,EURO,157864,21788862,647,175306,21613556
2022-09-04,IT,Italy,EURO,136211,21925073,496,175802,21749271
2022-09-11,IT,Italy,EURO,110644,22035717,373,176175,21859542
2022-09-18,IT,Italy,EURO,113218,22148935,371,176546,21972389
2022-09-25,IT,Italy,EURO,135877,22284812,321,176867,22107945
2022-10-02,IT,Italy,EURO,215534,22500346,263,177130,22323216
2022-10-09,IT,Italy,EURO,280947,22781293,348,177478,22603815
2022-10-16,IT,Italy,EURO,288452,23069745,478,177956,22891789
2022-10-23,IT,Italy,EURO,252777,23322522,586,178542,23143980
2022-10-30,IT,Italy,EURO,208501,23531023,559,179101,23351922
2022-11-06,IT,Italy,EURO,165989,23697012,554,179655,23517357
2022-11-13,IT,Italy,EURO,181181,23878193,484,180139,23698054
2022-11-20,IT,Italy,EURO,221013,24099206,540,180679,23918527
2022-11-27,IT,Italy,EURO,228458,24327664,592,181271,24146393
2022-12-04,IT,Italy,EURO,227792,24555456,673,181944,24373512
2022-12-11,IT,Italy,EURO,198433,24753889,675,182619,24571270
2022-12-18,IT,Italy,EURO,174187,24928076,751,183370,24744706
2022-12-25,IT,Italy,EURO,132427,25060503,798,184168,24876335
2023-01-01,IT,Italy,EURO,132328,25192831,750,184918,25007913
2023-01-08,IT,Italy,EURO,108312,25301143,614,185532,25115611
2023-01-15,IT,Italy,EURO,79745,25380888,626,186158,25194730
2023-01-22,IT,Italy,EURO,47190,25428078,443,186601,25241477
2023-01-29,IT,Italy,EURO,36722,25464800,303,186904,25277896
2023-02-05,IT,Italy,EURO,32751,25497551,455,187359,25310192
2023-02-12,IT,Italy,EURO,29286,25526837,259,187618,25339219
2023-02-19,IT,Italy,EURO,29146,25555983,309,187927,25368056
2023-02-26,IT,Italy,EURO,29177,25585160,247,188174,25396986
2023-03-05,IT,Italy,EURO,25133,25610293,222,188396,25421897
2023-03-12,IT,Italy,EURO,24149,25634442,198,188594,25445848
2023-03-19,IT,Italy,EURO,23041,25657483,201,188795,25468688
2023-03-26,IT,Italy,EURO,22665,25680148,179,188974,25491174
2023-04-02,IT,Italy,EURO,20999,25701147,181,189155,25511992
2023-04-09,IT,Italy,EURO,19907,25721054,148,189303,25531751
2023-04-16,IT,Italy,EURO,24746,25745800,137,189440,25556360
2023-04-23,IT,Italy,EURO,26659,25772459,187,189627,25582832
2023-04-30,IT,Italy,EURO,23050,25795509,159,189786,25605723
2023-05-07,IT,Italy,EURO,19894,25815403,182,189968,25625435
2023-05-14,IT,Italy,EURO,17110,25832513,154,190122,25642391
2023-05-21,IT,Italy,EURO,14163,25846676,164,190286,25656390
2023-05-28,IT,Italy,EURO,15136,25861812,154,190440,25671372
2023-06-04,IT,Italy,EURO,10983,25872795,111,190551,25682244
2023-06-11,IT,Italy,EURO,9501,25882296,104,190655,25691641
2023-06-18,IT,Italy,EURO,6930,25889226,81,190736,25698490
2023-06-25,IT,Italy,EURO,5292,25894518,84,190820,25703698
2023-07-02,IT,Italy,EURO,4430,25898948,67,190887,25708061
2023-07-09,IT,Italy,EURO,3536,25902484,29,190916,25711568
2023-07-16,IT,Italy,EURO,3405,25905889,43,190959,25714930
2023-07-23,IT,Italy,EURO,3572,25909461,43,191002,25718459
2023-07-30,IT,Italy,EURO,4381,25913842,17,191019,25722823
2023-08-06,IT,Italy,EURO,6352,25920194,49,191068,25729126
2023-08-13,IT,Italy,EURO,6071,25926265,76,191144,25735121
2023-08-20,IT,Italy,EURO,7691,25933956,38,191182,25742774
2023-08-27,IT,Italy,EURO,12948,25946904,55,191237,25755667
2023-09-03,IT,Italy,EURO,17113,25964017,81,191318,25772699
2023-09-10,IT,Italy,EURO,24730,25988747,89,191407,25797340
2023-09-17,IT,Italy,EURO,34727,26023474,109,191516,25831958
2023-09-24,IT,Italy,EURO,37524,26060998,134,191650,25869348
2023-10-01,IT,Italy,EURO,39802,26100800,130,191780,25909020
2023-10-08,IT,Italy,EURO,45648,26146448,154,191934,25954514
2023-10-15,IT,Italy,EURO,38171,26184619,164,192098,25992521
2023-10-22,IT,Italy,EURO,29933,26214552,214,192312,26022240
2023-10-29,IT,Italy,EURO,28440,26242992,167,192479,26050513
2023-11-05,IT,Italy,EURO,24745,26267737,155,192634,26075103
2023-11-12,IT,Italy,EURO,31140,26298877,230,192864,26106013
2023-11-19,IT,Italy,EURO,42368,26341245,286,193150,26148095
2023-11-26,IT,Italy,EURO,49662,26390907,309,193459,26197448
2023-12-03,IT,Italy,EURO,56583,26447490,376,193835,26253655
2023-12-10,IT,Italy,EURO,54278,26501768,446,194281,26307487
2023-12-17,IT,Italy,EURO,66300,26568068,466,194747,26373321
2023-12-24,IT,Italy,EURO,58143,26626211,432,195179,26431032
2023-12-31,IT,Italy,EURO,35408,26661619,401,195580,26466039
2024-01-07,IT,Italy,EURO,21678,26683297,392,195972,26487325
2024-01-14,IT,Italy,EURO,12620,26695917,288,196260,26499657
2024-01-21,IT,Italy,EURO,6701,26702618,199,196459,26506159
2024-01-28,IT,Italy,EURO,4219,26706837,148,196607,26510230
2024-02-04,IT,Italy,EURO,3179,26710016,97,196704,26513312
2024-02-11,IT,Italy,EURO,2463,26712479,70,196774,26515705
2024-02-18,IT,Italy,EURO,1733,26714212,61,196835,26517377
2024-02-25,IT,Italy,EURO,1253,26715465,53,196888,26518577
2024-03-03,IT,Italy,EURO,946,26716411,30,196918,26519493
2024-03-10,IT,Italy,EURO,764,26717175,28,196946,26520229
2024-03-17,IT,Italy,EURO,698,26717873,18,196964,26520909
2024-03-24,IT,Italy,EURO,623,26718496,19,196983,26521513
2024-03-31,IT,Italy,EURO,523,26719019,14,196997,26522022
2024-04-07,IT,Italy,EURO,563,26719582,8,197005,26522577
2024-04-14,IT,Italy,EURO,511,26720093,13,197018,26523075
2024-04-21,IT,Italy,EURO,533,26720626,13,197031,26523595
2024-04-28,IT,Italy,EURO,574,26721200,6,197037,26524163
2024-05-05,IT,Italy,EURO,663,26721863,10,197047,26524816
2024-05-12,IT,Italy,EURO,773,26722636,15,197062,26525574
2024-05-19,IT,Italy,EURO,830,26723466,8,197070,26526396
2024-05-26,IT,Italy,EURO,950,26724416,8,197078,26527338
2024-06-02,IT,Italy,EURO,1267,26725683,10,197088,26528595
2024-06-09,IT,Italy,EURO,1586,26727269,13,197101,26530168
2024-06-16,IT,Italy,EURO,1955,26729224,9,197110,26532114
2024-06-23,IT,Italy,EURO,2473,26731697,30,197140,26534557
2024-06-30,IT,Italy,EURO,3293,26734990,21,197161,26537829
2024-07-07,IT,Italy,EURO,4683,26739673,31,197192,26542481
2024-07-14,IT,Italy,EURO,7972,26747645,42,197234,26550411
2024-07-21,IT,Italy,EURO,11712,26759357,47,197281,26562076
2024-07-28,IT,Italy,EURO,16175,26775532,66,197347,26578185
2024-08-04,IT,Italy,EURO,17341,26792873,64,197411,26595462
2024-08-11,IT,Italy,EURO,16706,26809579,75,197486,26612093
2024-08-18,IT,Italy,EURO,12578,26822157,49,197535,26624622
2024-08-25,IT,Italy,EURO,4329,26826486,7,197542,26628944
2024-09-01,IT,Italy,EURO,0,26826486,0,197542,26628944
2024-09-08,IT,Italy,EURO,0,26826486,0,197542,26628944
2024-09-15,IT,Italy,EURO,0,26826486,0,197542,26628944
2024-09-22,IT,Italy,EURO,0,26826486,0,197542,26628944
2024-09-29,IT,Italy,EURO,0,26826486,0,197542,26628944
2024-10-06,IT,Italy,EURO,0,26826486,0,197542,26628944
2024-10-13,IT,Italy,EURO,0,26826486,0,197542,26628944
2024-10-20,IT,Italy,EURO,0,26826486,0,197542,26628944
2024-10-27,IT,Italy,EURO,0,26826486,0,197542,26628944
2024-11-03,IT,Italy,EURO,0,26826486,0,197542,26628944
2024-11-10,IT,Italy,EURO,0,26826486,0,197542,26628944
2024-11-17,IT,Italy,EURO,0,26826486,0,197542,26628944
2020-01-05,JM,Jamaica,AMRO,0,0,0,0,0
2020-01-12,JM,Jamaica,AMRO,0,0,0,0,0
2020-01-19,JM,Jamaica,AMRO,0,0,0,0,0
2020-01-26,JM,Jamaica,AMRO,0,0,0,0,0
2020-02-02,JM,Jamaica,AMRO,0,0,0,0,0
2020-02-09,JM,Jamaica,AMRO,0,0,0,0,0
2020-02-16,JM,Jamaica,AMRO,0,0,0,0,0
2020-02-23,JM,Jamaica,AMRO,0,0,0,0,0
2020-03-01,JM,Jamaica,AMRO,0,0,0,0,0
2020-03-08,JM,Jamaica,AMRO,0,0,0,0,0
2020-03-15,JM,Jamaica,AMRO,8,8,0,0,8
2020-03-22,JM,Jamaica,AMRO,8,16,1,1,15
2020-03-29,JM,Jamaica,AMRO,14,30,0,1,29
2020-04-05,JM,Jamaica,AMRO,23,53,2,3,50
2020-04-12,JM,Jamaica,AMRO,12,65,1,4,61
2020-04-19,JM,Jamaica,AMRO,98,163,1,5,158
2020-04-26,JM,Jamaica,AMRO,125,288,2,7,281
2020-05-03,JM,Jamaica,AMRO,144,432,1,8,424
2020-05-10,JM,Jamaica,AMRO,58,490,1,9,481
2020-05-17,JM,Jamaica,AMRO,21,511,0,9,502
2020-05-24,JM,Jamaica,AMRO,33,544,0,9,535
2020-05-31,JM,Jamaica,AMRO,31,575,0,9,566
2020-06-07,JM,Jamaica,AMRO,20,595,1,10,585
2020-06-14,JM,Jamaica,AMRO,19,614,0,10,604
2020-06-21,JM,Jamaica,AMRO,38,652,0,10,642
2020-06-28,JM,Jamaica,AMRO,34,686,0,10,676
2020-07-05,JM,Jamaica,AMRO,35,721,0,10,711
2020-07-12,JM,Jamaica,AMRO,32,753,0,10,743
2020-07-19,JM,Jamaica,AMRO,15,768,0,10,758
2020-07-26,JM,Jamaica,AMRO,63,831,0,10,821
2020-08-02,JM,Jamaica,AMRO,47,878,0,10,868
2020-08-09,JM,Jamaica,AMRO,109,987,2,12,975
2020-08-16,JM,Jamaica,AMRO,95,1082,2,14,1068
2020-08-23,JM,Jamaica,AMRO,264,1346,2,16,1330
2020-08-30,JM,Jamaica,AMRO,665,2011,3,19,1992
2020-09-06,JM,Jamaica,AMRO,953,2964,11,30,2934
2020-09-13,JM,Jamaica,AMRO,659,3623,10,40,3583
2020-09-20,JM,Jamaica,AMRO,1135,4758,20,60,4698
2020-09-27,JM,Jamaica,AMRO,1096,5854,28,88,5766
2020-10-04,JM,Jamaica,AMRO,941,6795,31,119,6676
2020-10-11,JM,Jamaica,AMRO,764,7559,19,138,7421
2020-10-18,JM,Jamaica,AMRO,636,8195,30,168,8027
2020-10-25,JM,Jamaica,AMRO,475,8670,18,186,8484
2020-11-01,JM,Jamaica,AMRO,424,9094,20,206,8888
2020-11-08,JM,Jamaica,AMRO,378,9472,12,218,9254
2020-11-15,JM,Jamaica,AMRO,308,9780,11,229,9551
2020-11-22,JM,Jamaica,AMRO,460,10240,8,237,10003
2020-11-29,JM,Jamaica,AMRO,429,10669,14,251,10418
2020-12-06,JM,Jamaica,AMRO,394,11063,10,261,10802
2020-12-13,JM,Jamaica,AMRO,545,11608,10,271,11337
2020-12-20,JM,Jamaica,AMRO,527,12135,14,285,11850
2020-12-27,JM,Jamaica,AMRO,549,12684,9,294,12390
2021-01-03,JM,Jamaica,AMRO,247,12931,9,303,12628
2021-01-10,JM,Jamaica,AMRO,524,13455,8,311,13144
2021-01-17,JM,Jamaica,AMRO,641,14096,12,323,13773
2021-01-24,JM,Jamaica,AMRO,676,14772,13,336,14436
2021-01-31,JM,Jamaica,AMRO,755,15527,12,348,15179
2021-02-07,JM,Jamaica,AMRO,1314,16841,9,357,16484
2021-02-14,JM,Jamaica,AMRO,1989,18830,15,372,18458
2021-02-21,JM,Jamaica,AMRO,2094,20924,19,391,20533
2021-02-28,JM,Jamaica,AMRO,1893,22817,26,417,22400
2021-03-07,JM,Jamaica,AMRO,2486,25303,29,446,24857
2021-03-14,JM,Jamaica,AMRO,4609,29912,38,484,29428
2021-03-21,JM,Jamaica,AMRO,4753,34665,40,524,34141
2021-03-28,JM,Jamaica,AMRO,3082,37747,42,566,37181
2021-04-04,JM,Jamaica,AMRO,2702,40449,47,613,39836
2021-04-11,JM,Jamaica,AMRO,1670,42119,56,669,41450
2021-04-18,JM,Jamaica,AMRO,1565,43684,52,721,42963
2021-04-25,JM,Jamaica,AMRO,1183,44867,35,756,44111
2021-05-02,JM,Jamaica,AMRO,910,45777,23,779,44998
2021-05-09,JM,Jamaica,AMRO,811,46588,24,803,45785
2021-05-16,JM,Jamaica,AMRO,645,47233,40,843,46390
2021-05-23,JM,Jamaica,AMRO,666,47899,69,912,46987
2021-05-30,JM,Jamaica,AMRO,475,48374,30,942,47432
2021-06-06,JM,Jamaica,AMRO,527,48901,22,964,47937
2021-06-13,JM,Jamaica,AMRO,331,49232,32,996,48236
2021-06-20,JM,Jamaica,AMRO,375,49607,35,1031,48576
2021-06-27,JM,Jamaica,AMRO,357,49964,26,1057,48907
2021-07-04,JM,Jamaica,AMRO,278,50242,27,1084,49158
2021-07-11,JM,Jamaica,AMRO,387,50629,30,1114,49515
2021-07-18,JM,Jamaica,AMRO,417,51046,39,1153,49893
2021-07-25,JM,Jamaica,AMRO,782,51828,20,1173,50655
2021-08-01,JM,Jamaica,AMRO,1067,52895,17,1190,51705
2021-08-08,JM,Jamaica,AMRO,1585,54480,29,1219,53261
2021-08-15,JM,Jamaica,AMRO,2809,57289,66,1285,56004
2021-08-22,JM,Jamaica,AMRO,3993,61282,86,1371,59911
2021-08-29,JM,Jamaica,AMRO,4452,65734,112,1483,64251
2021-09-05,JM,Jamaica,AMRO,4923,70657,110,1593,69064
2021-09-12,JM,Jamaica,AMRO,4640,75297,111,1704,73593
2021-09-19,JM,Jamaica,AMRO,3830,79127,73,1777,77350
2021-09-26,JM,Jamaica,AMRO,3222,82349,47,1824,80525
2021-10-03,JM,Jamaica,AMRO,2068,84417,60,1884,82533
2021-10-10,JM,Jamaica,AMRO,1488,85905,111,1995,83910
2021-10-17,JM,Jamaica,AMRO,1327,87232,108,2103,85129
2021-10-24,JM,Jamaica,AMRO,927,88159,72,2175,85984
2021-10-31,JM,Jamaica,AMRO,748,88907,54,2229,86678
2021-11-07,JM,Jamaica,AMRO,680,89587,45,2274,87313
2021-11-14,JM,Jamaica,AMRO,562,90149,48,2322,87827
2021-11-21,JM,Jamaica,AMRO,481,90630,34,2356,88274
2021-11-28,JM,Jamaica,AMRO,492,91122,29,2385,88737
2021-12-05,JM,Jamaica,AMRO,299,91421,22,2407,89014
2021-12-12,JM,Jamaica,AMRO,304,91725,17,2424,89301
2021-12-19,JM,Jamaica,AMRO,293,92018,20,2444,89574
2021-12-26,JM,Jamaica,AMRO,337,92355,18,2462,89893
2022-01-02,JM,Jamaica,AMRO,2294,94649,14,2476,92173
2022-01-09,JM,Jamaica,AMRO,6407,101056,19,2495,98561
2022-01-16,JM,Jamaica,AMRO,9194,110250,27,2522,107728
2022-01-23,JM,Jamaica,AMRO,8477,118727,50,2572,116155
2022-01-30,JM,Jamaica,AMRO,4915,123642,67,2639,121003
2022-02-06,JM,Jamaica,AMRO,2139,125781,52,2691,123090
2022-02-13,JM,Jamaica,AMRO,1105,126886,47,2738,124148
2022-02-20,JM,Jamaica,AMRO,550,127436,33,2771,124665
2022-02-27,JM,Jamaica,AMRO,480,127916,40,2811,125105
2022-03-06,JM,Jamaica,AMRO,226,128142,14,2825,125317
2022-03-13,JM,Jamaica,AMRO,212,128354,19,2844,125510
2022-03-20,JM,Jamaica,AMRO,146,128500,19,2863,125637
2022-03-27,JM,Jamaica,AMRO,128,128628,12,2875,125753
2022-04-03,JM,Jamaica,AMRO,183,128811,18,2893,125918
2022-04-10,JM,Jamaica,AMRO,181,128992,21,2914,126078
2022-04-17,JM,Jamaica,AMRO,211,129203,12,2926,126277
2022-04-24,JM,Jamaica,AMRO,286,129489,17,2943,126546
2022-05-01,JM,Jamaica,AMRO,573,130062,21,2964,127098
2022-05-08,JM,Jamaica,AMRO,932,130994,11,2975,128019
2022-05-15,JM,Jamaica,AMRO,1322,132316,24,2999,129317
2022-05-22,JM,Jamaica,AMRO,1981,134297,29,3028,131269
2022-05-29,JM,Jamaica,AMRO,2016,136313,21,3049,133264
2022-06-05,JM,Jamaica,AMRO,2061,138374,24,3073,135301
2022-06-12,JM,Jamaica,AMRO,1829,140203,9,3082,137121
2022-06-19,JM,Jamaica,AMRO,1261,141464,12,3094,138370
2022-06-26,JM,Jamaica,AMRO,812,142276,19,3113,139163
2022-07-03,JM,Jamaica,AMRO,821,143097,21,3134,139963
2022-07-10,JM,Jamaica,AMRO,768,143865,21,3155,140710
2022-07-17,JM,Jamaica,AMRO,752,144617,15,3170,141447
2022-07-24,JM,Jamaica,AMRO,880,145497,11,3181,142316
2022-07-31,JM,Jamaica,AMRO,744,146241,12,3193,143048
2022-08-07,JM,Jamaica,AMRO,765,147006,13,3206,143800
2022-08-14,JM,Jamaica,AMRO,902,147908,15,3221,144687
2022-08-21,JM,Jamaica,AMRO,829,148737,16,3237,145500
2022-08-28,JM,Jamaica,AMRO,683,149420,13,3250,146170
2022-09-04,JM,Jamaica,AMRO,681,150101,12,3262,146839
2022-09-11,JM,Jamaica,AMRO,562,150663,21,3283,147380
2022-09-18,JM,Jamaica,AMRO,558,151221,7,3290,147931
2022-09-25,JM,Jamaica,AMRO,373,151594,16,3306,148288
2022-10-02,JM,Jamaica,AMRO,337,151931,14,3320,148611
2022-10-09,JM,Jamaica,AMRO,170,152101,15,3335,148766
2022-10-16,JM,Jamaica,AMRO,135,152236,14,3349,148887
2022-10-23,JM,Jamaica,AMRO,70,152306,1,3350,148956
2022-10-30,JM,Jamaica,AMRO,75,152381,1,3351,149030
2022-11-06,JM,Jamaica,AMRO,0,152381,0,3351,149030
2022-11-13,JM,Jamaica,AMRO,136,152517,48,3399,149118
2022-11-20,JM,Jamaica,AMRO,52,152569,22,3421,149148
2022-11-27,JM,Jamaica,AMRO,55,152624,12,3433,149191
2022-12-04,JM,Jamaica,AMRO,0,152624,0,3433,149191
2022-12-11,JM,Jamaica,AMRO,45,152669,14,3447,149222
2022-12-18,JM,Jamaica,AMRO,0,152669,0,3447,149222
2022-12-25,JM,Jamaica,AMRO,122,152791,16,3463,149328
2023-01-01,JM,Jamaica,AMRO,0,152791,0,3463,149328
2023-01-08,JM,Jamaica,AMRO,36,152827,2,3465,149362
2023-01-15,JM,Jamaica,AMRO,141,152968,0,3465,149503
2023-01-22,JM,Jamaica,AMRO,175,153143,11,3476,149667
2023-01-29,JM,Jamaica,AMRO,264,153407,4,3480,149927
2023-02-05,JM,Jamaica,AMRO,222,153629,4,3484,150145
2023-02-12,JM,Jamaica,AMRO,276,153905,4,3488,150417
2023-02-19,JM,Jamaica,AMRO,160,154065,12,3500,150565
2023-02-26,JM,Jamaica,AMRO,131,154196,2,3502,150694
2023-03-05,JM,Jamaica,AMRO,220,154416,12,3514,150902
2023-03-12,JM,Jamaica,AMRO,0,154416,0,3514,150902
2023-03-19,JM,Jamaica,AMRO,55,154471,7,3521,150950
2023-03-26,JM,Jamaica,AMRO,67,154538,7,3528,151010
2023-04-02,JM,Jamaica,AMRO,64,154602,1,3529,151073
2023-04-09,JM,Jamaica,AMRO,0,154602,0,3529,151073
2023-04-16,JM,Jamaica,AMRO,85,154687,3,3532,151155
2023-04-23,JM,Jamaica,AMRO,53,154740,4,3536,151204
2023-04-30,JM,Jamaica,AMRO,46,154786,0,3536,151250
2023-05-07,JM,Jamaica,AMRO,0,154786,0,3536,151250
2023-05-14,JM,Jamaica,AMRO,88,154874,0,3536,151338
2023-05-21,JM,Jamaica,AMRO,52,154926,2,3538,151388
2023-05-28,JM,Jamaica,AMRO,39,154965,2,3540,151425
2023-06-04,JM,Jamaica,AMRO,71,155036,2,3542,151494
2023-06-11,JM,Jamaica,AMRO,89,155125,3,3545,151580
2023-06-18,JM,Jamaica,AMRO,63,155188,4,3549,151639
2023-06-25,JM,Jamaica,AMRO,76,155264,5,3554,151710
2023-07-02,JM,Jamaica,AMRO,80,155344,1,3555,151789
2023-07-09,JM,Jamaica,AMRO,143,155487,4,3559,151928
2023-07-16,JM,Jamaica,AMRO,173,155660,5,3564,152096
2023-07-23,JM,Jamaica,AMRO,186,155846,3,3567,152279
2023-07-30,JM,Jamaica,AMRO,116,155962,7,3574,152388
2023-08-06,JM,Jamaica,AMRO,91,156053,2,3576,152477
2023-08-13,JM,Jamaica,AMRO,57,156110,5,3581,152529
2023-08-20,JM,Jamaica,AMRO,87,156197,2,3583,152614
2023-08-27,JM,Jamaica,AMRO,45,156242,3,3586,152656
2023-09-03,JM,Jamaica,AMRO,58,156300,2,3588,152712
2023-09-10,JM,Jamaica,AMRO,52,156352,0,3588,152764
2023-09-17,JM,Jamaica,AMRO,48,156400,1,3589,152811
2023-09-24,JM,Jamaica,AMRO,60,156460,2,3591,152869
2023-10-01,JM,Jamaica,AMRO,42,156502,0,3591,152911
2023-10-08,JM,Jamaica,AMRO,31,156533,3,3594,152939
2023-10-15,JM,Jamaica,AMRO,25,156558,0,3594,152964
2023-10-22,JM,Jamaica,AMRO,12,156570,2,3596,152974
2023-10-29,JM,Jamaica,AMRO,6,156576,0,3596,152980
2023-11-05,JM,Jamaica,AMRO,7,156583,0,3596,152987
2023-11-12,JM,Jamaica,AMRO,11,156594,0,3596,152998
2023-11-19,JM,Jamaica,AMRO,9,156603,1,3597,153006
2023-11-26,JM,Jamaica,AMRO,8,156611,0,3597,153014
2023-12-03,JM,Jamaica,AMRO,3,156614,0,3597,153017
2023-12-10,JM,Jamaica,AMRO,8,156622,0,3597,153025
2023-12-17,JM,Jamaica,AMRO,11,156633,2,3599,153034
2023-12-24,JM,Jamaica,AMRO,8,156641,0,3599,153042
2023-12-31,JM,Jamaica,AMRO,5,156646,0,3599,153047
2024-01-07,JM,Jamaica,AMRO,12,156658,0,3599,153059
2024-01-14,JM,Jamaica,AMRO,17,156675,0,3599,153076
2024-01-21,JM,Jamaica,AMRO,21,156696,0,3599,153097
2024-01-28,JM,Jamaica,AMRO,18,156714,0,3599,153115
2024-02-04,JM,Jamaica,AMRO,21,156735,1,3600,153135
2024-02-11,JM,Jamaica,AMRO,22,156757,0,3600,153157
2024-02-18,JM,Jamaica,AMRO,12,156769,0,3600,153169
2024-02-25,JM,Jamaica,AMRO,8,156777,1,3601,153176
2024-03-03,JM,Jamaica,AMRO,14,156791,0,3601,153190
2024-03-10,JM,Jamaica,AMRO,3,156794,0,3601,153193
2024-03-17,JM,Jamaica,AMRO,5,156799,0,3601,153198
2024-03-24,JM,Jamaica,AMRO,3,156802,0,3601,153201
2024-03-31,JM,Jamaica,AMRO,4,156806,0,3601,153205
2024-04-07,JM,Jamaica,AMRO,3,156809,1,3602,153207
2024-04-14,JM,Jamaica,AMRO,3,156812,0,3602,153210
2024-04-21,JM,Jamaica,AMRO,2,156814,0,3602,153212
2024-04-28,JM,Jamaica,AMRO,7,156821,0,3602,153219
2024-05-05,JM,Jamaica,AMRO,3,156824,0,3602,153222
2024-05-12,JM,Jamaica,AMRO,6,156830,0,3602,153228
2024-05-19,JM,Jamaica,AMRO,5,156835,0,3602,153233
2024-05-26,JM,Jamaica,AMRO,11,156846,0,3602,153244
2024-06-02,JM,Jamaica,AMRO,11,156857,1,3603,153254
2024-06-09,JM,Jamaica,AMRO,18,156875,1,3604,153271
2024-06-16,JM,Jamaica,AMRO,44,156919,0,3604,153315
2024-06-23,JM,Jamaica,AMRO,58,156977,0,3604,153373
2024-06-30,JM,Jamaica,AMRO,49,157026,2,3606,153420
2024-07-07,JM,Jamaica,AMRO,44,157070,2,3608,153462
2024-07-14,JM,Jamaica,AMRO,49,157119,5,3613,153506
2024-07-21,JM,Jamaica,AMRO,32,157151,1,3614,153537
2024-07-28,JM,Jamaica,AMRO,24,157175,2,3616,153559
2024-08-04,JM,Jamaica,AMRO,18,157193,0,3616,153577
2024-08-11,JM,Jamaica,AMRO,22,157215,0,3616,153599
2024-08-18,JM,Jamaica,AMRO,25,157240,2,3618,153622
2024-08-25,JM,Jamaica,AMRO,20,157260,0,3618,153642
2024-09-01,JM,Jamaica,AMRO,15,157275,0,3618,153657
2024-09-08,JM,Jamaica,AMRO,10,157285,0,3618,153667
2024-09-15,JM,Jamaica,AMRO,8,157293,1,3619,153674
2024-09-22,JM,Jamaica,AMRO,4,157297,0,3619,153678
2024-09-29,JM,Jamaica,AMRO,5,157302,0,3619,153683
2024-10-06,JM,Jamaica,AMRO,6,157308,0,3619,153689
2024-10-13,JM,Jamaica,AMRO,7,157315,0,3619,153696
2024-10-20,JM,Jamaica,AMRO,10,157325,0,3619,153706
2024-10-27,JM,Jamaica,AMRO,4,157329,0,3619,153710
2024-11-03,JM,Jamaica,AMRO,2,157331,0,3619,153712
2024-11-10,JM,Jamaica,AMRO,3,157334,0,3619,153715
2024-11-17,JM,Jamaica,AMRO,1,157335,0,3619,153716
2020-01-05,JP,Japan,WPRO,0,0,0,0,0
2020-01-12,JP,Japan,WPRO,0,0,0,0,0
2020-01-19,JP,Japan,WPRO,1,1,0,0,1
2020-01-26,JP,Japan,WPRO,2,3,0,0,3
2020-02-02,JP,Japan,WPRO,12,15,0,0,15
2020-02-09,JP,Japan,WPRO,10,25,0,0,25
2020-02-16,JP,Japan,WPRO,27,52,1,1,51
2020-02-23,JP,Japan,WPRO,80,132,0,1,131
2020-03-01,JP,Japan,WPRO,107,239,5,6,233
2020-03-08,JP,Japan,WPRO,216,455,0,6,449
2020-03-15,JP,Japan,WPRO,325,780,16,22,758
2020-03-22,JP,Japan,WPRO,266,1046,18,40,1006
2020-03-29,JP,Japan,WPRO,647,1693,12,52,1641
2020-04-05,JP,Japan,WPRO,1578,3271,18,70,3201
2020-04-12,JP,Japan,WPRO,3477,6748,28,98,6650
2020-04-19,JP,Japan,WPRO,3613,10361,63,161,10200
2020-04-26,JP,Japan,WPRO,2821,13182,187,348,12834
2020-05-03,JP,Japan,WPRO,1657,14839,144,492,14347
2020-05-10,JP,Japan,WPRO,908,15747,121,613,15134
2020-05-17,JP,Japan,WPRO,538,16285,131,744,15541
2020-05-24,JP,Japan,WPRO,265,16550,76,820,15730
2020-05-31,JP,Japan,WPRO,301,16851,71,891,15960
2020-06-07,JP,Japan,WPRO,290,17141,25,916,16225
2020-06-14,JP,Japan,WPRO,288,17429,9,925,16504
2020-06-21,JP,Japan,WPRO,435,17864,28,953,16911
2020-06-28,JP,Japan,WPRO,526,18390,18,971,17419
2020-07-05,JP,Japan,WPRO,1132,19522,6,977,18545
2020-07-12,JP,Japan,WPRO,1980,21502,5,982,20520
2020-07-19,JP,Japan,WPRO,3140,24642,3,985,23657
2020-07-26,JP,Japan,WPRO,4740,29382,11,996,28386
2020-08-02,JP,Japan,WPRO,7307,36689,15,1011,35678
2020-08-09,JP,Japan,WPRO,10094,46783,29,1040,45743
2020-08-16,JP,Japan,WPRO,7931,54714,48,1088,53626
2020-08-23,JP,Japan,WPRO,7033,61747,88,1176,60571
2020-08-30,JP,Japan,WPRO,5517,67264,88,1264,66000
2020-09-06,JP,Japan,WPRO,4155,71419,93,1357,70062
2020-09-13,JP,Japan,WPRO,3799,75218,82,1439,73779
2020-09-20,JP,Japan,WPRO,3439,78657,61,1500,77157
2020-09-27,JP,Japan,WPRO,3033,81690,45,1545,80145
2020-10-04,JP,Japan,WPRO,3649,85339,52,1597,83742
2020-10-11,JP,Japan,WPRO,3573,88912,30,1627,87285
2020-10-18,JP,Japan,WPRO,3744,92656,43,1670,90986
2020-10-25,JP,Japan,WPRO,3878,96534,41,1711,94823
2020-11-01,JP,Japan,WPRO,4612,101146,55,1766,99380
2020-11-08,JP,Japan,WPRO,5940,107086,46,1812,105274
2020-11-15,JP,Japan,WPRO,9591,116677,71,1883,114794
2020-11-22,JP,Japan,WPRO,13502,130179,91,1974,128205
2020-11-29,JP,Japan,WPRO,14474,144653,132,2106,142547
2020-12-06,JP,Japan,WPRO,15445,160098,209,2315,157783
2020-12-13,JP,Japan,WPRO,17189,177287,247,2562,174725
2020-12-20,JP,Japan,WPRO,18593,195880,311,2873,193007
2020-12-27,JP,Japan,WPRO,21432,217312,340,3213,214099
2021-01-03,JP,Japan,WPRO,26535,243847,335,3548,240299
2021-01-10,JP,Japan,WPRO,42905,286752,448,3996,282756
2021-01-17,JP,Japan,WPRO,41542,328294,450,4446,323848
2021-01-24,JP,Japan,WPRO,36519,364813,573,5019,359794
2021-01-31,JP,Japan,WPRO,24705,389518,635,5654,383864
2021-02-07,JP,Japan,WPRO,15472,404990,684,6338,398652
2021-02-14,JP,Japan,WPRO,10792,415782,574,6912,408870
2021-02-21,JP,Japan,WPRO,9815,425597,505,7417,418180
2021-02-28,JP,Japan,WPRO,7176,432773,443,7860,424913
2021-03-07,JP,Japan,WPRO,7219,439992,367,8227,431765
2021-03-14,JP,Japan,WPRO,7914,447906,333,8560,439346
2021-03-21,JP,Japan,WPRO,8875,456781,252,8812,447969
2021-03-28,JP,Japan,WPRO,11833,468614,219,9031,459583
2021-04-04,JP,Japan,WPRO,16711,485325,190,9221,476104
2021-04-11,JP,Japan,WPRO,20961,506286,161,9382,496904
2021-04-18,JP,Japan,WPRO,27766,534052,240,9622,524430
2021-04-25,JP,Japan,WPRO,32811,566863,291,9913,556950
2021-05-02,JP,Japan,WPRO,35999,602862,448,10361,592501
2021-05-09,JP,Japan,WPRO,37182,640044,515,10876,629168
2021-05-16,JP,Japan,WPRO,43131,683175,632,11508,671667
2021-05-23,JP,Japan,WPRO,35689,718864,804,12312,706552
2021-05-30,JP,Japan,WPRO,25623,744487,655,12967,731520
2021-06-06,JP,Japan,WPRO,17914,762401,607,13574,748827
2021-06-13,JP,Japan,WPRO,12830,775231,497,14071,761160
2021-06-20,JP,Japan,WPRO,10056,785287,352,14423,770864
2021-06-27,JP,Japan,WPRO,10469,795756,246,14669,781087
2021-07-04,JP,Japan,WPRO,11078,806834,179,14848,791986
2021-07-11,JP,Japan,WPRO,13881,820715,107,14955,805760
2021-07-18,JP,Japan,WPRO,20822,841537,93,15048,826489
2021-07-25,JP,Japan,WPRO,28908,870445,81,15129,855316
2021-08-01,JP,Japan,WPRO,65441,935886,68,15197,920689
2021-08-08,JP,Japan,WPRO,95410,1031296,83,15280,1016016
2021-08-15,JP,Japan,WPRO,113250,1144546,128,15408,1129138
2021-08-22,JP,Japan,WPRO,155807,1300353,223,15631,1284722
2021-08-29,JP,Japan,WPRO,154011,1454364,315,15946,1438418
2021-09-05,JP,Japan,WPRO,117008,1571372,408,16354,1555018
2021-09-12,JP,Japan,WPRO,68173,1639545,443,16797,1622748
2021-09-19,JP,Japan,WPRO,37166,1676711,407,17204,1659507
2021-09-26,JP,Japan,WPRO,17964,1694675,278,17482,1677193
2021-10-03,JP,Japan,WPRO,10371,1705046,248,17730,1687316
2021-10-10,JP,Japan,WPRO,5927,1710973,211,17941,1693032
2021-10-17,JP,Japan,WPRO,3747,1714720,162,18103,1696617
2021-10-24,JP,Japan,WPRO,2218,1716938,96,18199,1698739
2021-10-31,JP,Japan,WPRO,5926,1722864,69,18268,1704596
2021-11-07,JP,Japan,WPRO,1336,1724200,42,18310,1705890
2021-11-14,JP,Japan,WPRO,1266,1725466,17,18327,1707139
2021-11-21,JP,Japan,WPRO,1008,1726474,20,18347,1708127
2021-11-28,JP,Japan,WPRO,669,1727143,11,18358,1708785
2021-12-05,JP,Japan,WPRO,799,1727942,6,18364,1709578
2021-12-12,JP,Japan,WPRO,878,1728820,9,18373,1710447
2021-12-19,JP,Japan,WPRO,1144,1729964,6,18379,1711585
2021-12-26,JP,Japan,WPRO,1825,1731789,8,18387,1713402
2022-01-02,JP,Japan,WPRO,3019,1734808,8,18395,1716413
2022-01-09,JP,Japan,WPRO,30796,1765604,8,18403,1747201
2022-01-16,JP,Japan,WPRO,114235,1879839,30,18433,1861406
2022-01-23,JP,Japan,WPRO,289814,2169653,73,18506,2151147
2022-01-30,JP,Japan,WPRO,499985,2669638,258,18764,2650874
2022-02-06,JP,Japan,WPRO,630951,3300589,560,19324,3281265
2022-02-13,JP,Japan,WPRO,611609,3912198,1035,20359,3891839
2022-02-20,JP,Japan,WPRO,572555,4484753,1462,21821,4462932
2022-02-27,JP,Japan,WPRO,469867,4954620,1449,23270,4931350
2022-03-06,JP,Japan,WPRO,438913,5393533,1665,24935,5368598
2022-03-13,JP,Japan,WPRO,378863,5772396,1219,26154,5746242
2022-03-20,JP,Japan,WPRO,331694,6104090,891,27045,6077045
2022-03-27,JP,Japan,WPRO,273629,6377719,722,27767,6349952
2022-04-03,JP,Japan,WPRO,324367,6702086,519,28286,6673800
2022-04-10,JP,Japan,WPRO,337477,7039563,398,28684,7010879
2022-04-17,JP,Japan,WPRO,334688,7374251,339,29023,7345228
2022-04-24,JP,Japan,WPRO,285761,7660012,285,29308,7630704
2022-05-01,JP,Japan,WPRO,241921,7901933,293,29601,7872332
2022-05-08,JP,Japan,WPRO,197600,8099533,212,29813,8069720
2022-05-15,JP,Japan,WPRO,273523,8373056,248,30061,8342995
2022-05-22,JP,Japan,WPRO,245627,8618683,246,30307,8588376
2022-05-29,JP,Japan,WPRO,192931,8811614,251,30558,8781056
2022-06-05,JP,Japan,WPRO,134170,8945784,215,30773,8915011
2022-06-12,JP,Japan,WPRO,105948,9051732,137,30910,9020822
2022-06-19,JP,Japan,WPRO,98001,9149733,135,31045,9118688
2022-06-26,JP,Japan,WPRO,103653,9253386,94,31139,9222247
2022-07-03,JP,Japan,WPRO,122586,9375972,193,31332,9344640
2022-07-10,JP,Japan,WPRO,269760,9645732,113,31445,9614287
2022-07-17,JP,Japan,WPRO,559111,10204843,165,31610,10173233
2022-07-24,JP,Japan,WPRO,969068,11173911,330,31940,11141971
2022-07-31,JP,Japan,WPRO,1379099,12553010,754,32694,12520316
2022-08-07,JP,Japan,WPRO,1496968,14049978,1131,33825,14016153
2022-08-14,JP,Japan,WPRO,1395301,15445279,1546,35371,15409908
2022-08-21,JP,Japan,WPRO,1476374,16921653,1906,37277,16884376
2022-08-28,JP,Japan,WPRO,1258772,18180425,1976,39253,18141172
2022-09-04,JP,Japan,WPRO,1164787,19345212,2040,41293,19303919
2022-09-11,JP,Japan,WPRO,537181,19882393,1501,42794,19839599
2022-09-18,JP,Japan,WPRO,605919,20488312,1033,43827,20444485
2022-09-25,JP,Japan,WPRO,535502,21023814,636,44463,20979351
2022-10-02,JP,Japan,WPRO,306958,21330772,555,45018,21285754
2022-10-09,JP,Japan,WPRO,208547,21539319,493,45511,21493808
2022-10-16,JP,Japan,WPRO,218276,21757595,379,45890,21711705
2022-10-23,JP,Japan,WPRO,233682,21991277,457,46347,21944930
2022-10-30,JP,Japan,WPRO,281974,22273251,364,46711,22226540
2022-11-06,JP,Japan,WPRO,401693,22674944,428,47139,22627805
2022-11-13,JP,Japan,WPRO,503766,23178710,576,47715,23130995
2022-11-20,JP,Japan,WPRO,593075,23771785,767,48482,23723303
2022-11-27,JP,Japan,WPRO,698772,24470557,952,49434,24421123
2022-12-04,JP,Japan,WPRO,749895,25220452,1174,50608,25169844
2022-12-11,JP,Japan,WPRO,849371,26069823,1435,52043,26017780
2022-12-18,JP,Japan,WPRO,1046650,27116473,1687,53730,27062743
2022-12-25,JP,Japan,WPRO,1149932,28266405,2083,55813,28210592
2023-01-01,JP,Japan,WPRO,946130,29212535,1908,57721,29154814
2023-01-08,JP,Japan,WPRO,1070496,30283031,775,58496,30224535
2023-01-15,JP,Japan,WPRO,1025321,31308352,0,58496,31249856
2023-01-22,JP,Japan,WPRO,672526,31980878,0,58496,31922382
2023-01-29,JP,Japan,WPRO,438754,32419632,0,58496,32361136
2023-02-05,JP,Japan,WPRO,292614,32712246,10981,69477,32642769
2023-02-12,JP,Japan,WPRO,223365,32935611,1218,70695,32864916
2023-02-19,JP,Japan,WPRO,141082,33076693,991,71686,33005007
2023-02-26,JP,Japan,WPRO,95874,33172567,582,72268,33100299
2023-03-05,JP,Japan,WPRO,78930,33251497,503,72771,33178726
2023-03-12,JP,Japan,WPRO,65012,33316509,428,73199,33243310
2023-03-19,JP,Japan,WPRO,51856,33368365,312,73511,33294854
2023-03-26,JP,Japan,WPRO,47096,33415461,236,73747,33341714
2023-04-02,JP,Japan,WPRO,47398,33462859,206,73953,33388906
2023-04-09,JP,Japan,WPRO,53989,33516848,143,74096,33442752
2023-04-16,JP,Japan,WPRO,56847,33573695,139,74235,33499460
2023-04-23,JP,Japan,WPRO,65510,33639205,141,74376,33564829
2023-04-30,JP,Japan,WPRO,74812,33714017,166,74542,33639475
2023-05-07,JP,Japan,WPRO,64976,33778993,112,74654,33704339
2023-05-14,JP,Japan,WPRO,24579,33803572,40,74694,33728878
2023-05-21,JP,Japan,WPRO,0,33803572,0,74694,33728878
2023-05-28,JP,Japan,WPRO,0,33803572,0,74694,33728878
2023-06-04,JP,Japan,WPRO,0,33803572,0,74694,33728878
2023-06-11,JP,Japan,WPRO,0,33803572,0,74694,33728878
2023-06-18,JP,Japan,WPRO,0,33803572,0,74694,33728878
2023-06-25,JP,Japan,WPRO,0,33803572,0,74694,33728878
2023-07-02,JP,Japan,WPRO,0,33803572,0,74694,33728878
2023-07-09,JP,Japan,WPRO,0,33803572,0,74694,33728878
2023-07-16,JP,Japan,WPRO,0,33803572,0,74694,33728878
2023-07-23,JP,Japan,WPRO,0,33803572,0,74694,33728878
2023-07-30,JP,Japan,WPRO,0,33803572,0,74694,33728878
2023-08-06,JP,Japan,WPRO,0,33803572,0,74694,33728878
2023-08-13,JP,Japan,WPRO,0,33803572,0,74694,33728878
2023-08-20,JP,Japan,WPRO,0,33803572,0,74694,33728878
2023-08-27,JP,Japan,WPRO,0,33803572,0,74694,33728878
2023-09-03,JP,Japan,WPRO,0,33803572,0,74694,33728878
2023-09-10,JP,Japan,WPRO,0,33803572,0,74694,33728878
2023-09-17,JP,Japan,WPRO,0,33803572,0,74694,33728878
2023-09-24,JP,Japan,WPRO,0,33803572,0,74694,33728878
2023-10-01,JP,Japan,WPRO,0,33803572,0,74694,33728878
2023-10-08,JP,Japan,WPRO,0,33803572,0,74694,33728878
2023-10-15,JP,Japan,WPRO,0,33803572,0,74694,33728878
2023-10-22,JP,Japan,WPRO,0,33803572,0,74694,33728878
2023-10-29,JP,Japan,WPRO,0,33803572,0,74694,33728878
2023-11-05,JP,Japan,WPRO,0,33803572,0,74694,33728878
2023-11-12,JP,Japan,WPRO,0,33803572,0,74694,33728878
2023-11-19,JP,Japan,WPRO,0,33803572,0,74694,33728878
2023-11-26,JP,Japan,WPRO,0,33803572,0,74694,33728878
2023-12-03,JP,Japan,WPRO,0,33803572,0,74694,33728878
2023-12-10,JP,Japan,WPRO,0,33803572,0,74694,33728878
2023-12-17,JP,Japan,WPRO,0,33803572,0,74694,33728878
2023-12-24,JP,Japan,WPRO,0,33803572,0,74694,33728878
2023-12-31,JP,Japan,WPRO,0,33803572,0,74694,33728878
2024-01-07,JP,Japan,WPRO,0,33803572,0,74694,33728878
2024-01-14,JP,Japan,WPRO,0,33803572,0,74694,33728878
2024-01-21,JP,Japan,WPRO,0,33803572,0,74694,33728878
2024-01-28,JP,Japan,WPRO,0,33803572,0,74694,33728878
2024-02-04,JP,Japan,WPRO,0,33803572,0,74694,33728878
2024-02-11,JP,Japan,WPRO,0,33803572,0,74694,33728878
2024-02-18,JP,Japan,WPRO,0,33803572,0,74694,33728878
2024-02-25,JP,Japan,WPRO,0,33803572,0,74694,33728878
2024-03-03,JP,Japan,WPRO,0,33803572,0,74694,33728878
2024-03-10,JP,Japan,WPRO,0,33803572,0,74694,33728878
2024-03-17,JP,Japan,WPRO,0,33803572,0,74694,33728878
2024-03-24,JP,Japan,WPRO,0,33803572,0,74694,33728878
2024-03-31,JP,Japan,WPRO,0,33803572,0,74694,33728878
2024-04-07,JP,Japan,WPRO,0,33803572,0,74694,33728878
2024-04-14,JP,Japan,WPRO,0,33803572,0,74694,33728878
2024-04-21,JP,Japan,WPRO,0,33803572,0,74694,33728878
2024-04-28,JP,Japan,WPRO,0,33803572,0,74694,33728878
2024-05-05,JP,Japan,WPRO,0,33803572,0,74694,33728878
2024-05-12,JP,Japan,WPRO,0,33803572,0,74694,33728878
2024-05-19,JP,Japan,WPRO,0,33803572,0,74694,33728878
2024-05-26,JP,Japan,WPRO,0,33803572,0,74694,33728878
2024-06-02,JP,Japan,WPRO,0,33803572,0,74694,33728878
2024-06-09,JP,Japan,WPRO,0,33803572,0,74694,33728878
2024-06-16,JP,Japan,WPRO,0,33803572,0,74694,33728878
2024-06-23,JP,Japan,WPRO,0,33803572,0,74694,33728878
2024-06-30,JP,Japan,WPRO,0,33803572,0,74694,33728878
2024-07-07,JP,Japan,WPRO,0,33803572,0,74694,33728878
2024-07-14,JP,Japan,WPRO,0,33803572,0,74694,33728878
2024-07-21,JP,Japan,WPRO,0,33803572,0,74694,33728878
2024-07-28,JP,Japan,WPRO,0,33803572,0,74694,33728878
2024-08-04,JP,Japan,WPRO,0,33803572,0,74694,33728878
2024-08-11,JP,Japan,WPRO,0,33803572,0,74694,33728878
2024-08-18,JP,Japan,WPRO,0,33803572,0,74694,33728878
2024-08-25,JP,Japan,WPRO,0,33803572,0,74694,33728878
2024-09-01,JP,Japan,WPRO,0,33803572,0,74694,33728878
2024-09-08,JP,Japan,WPRO,0,33803572,0,74694,33728878
2024-09-15,JP,Japan,WPRO,0,33803572,0,74694,33728878
2024-09-22,JP,Japan,WPRO,0,33803572,0,74694,33728878
2024-09-29,JP,Japan,WPRO,0,33803572,0,74694,33728878
2024-10-06,JP,Japan,WPRO,0,33803572,0,74694,33728878
2024-10-13,JP,Japan,WPRO,0,33803572,0,74694,33728878
2024-10-20,JP,Japan,WPRO,0,33803572,0,74694,33728878
2024-10-27,JP,Japan,WPRO,0,33803572,0,74694,33728878
2024-11-03,JP,Japan,WPRO,0,33803572,0,74694,33728878
2024-11-10,JP,Japan,WPRO,0,33803572,0,74694,33728878
2024-11-17,JP,Japan,WPRO,0,33803572,0,74694,33728878
2020-01-05,JO,Jordan,EMRO,0,0,0,0,0
2020-01-12,JO,Jordan,EMRO,0,0,0,0,0
2020-01-19,JO,Jordan,EMRO,0,0,0,0,0
2020-01-26,JO,Jordan,EMRO,0,0,0,0,0
2020-02-02,JO,Jordan,EMRO,0,0,0,0,0
2020-02-09,JO,Jordan,EMRO,0,0,0,0,0
2020-02-16,JO,Jordan,EMRO,0,0,0,0,0
2020-02-23,JO,Jordan,EMRO,0,0,0,0,0
2020-03-01,JO,Jordan,EMRO,0,0,0,0,0
2020-03-08,JO,Jordan,EMRO,1,1,0,0,1
2020-03-15,JO,Jordan,EMRO,0,1,0,0,1
2020-03-22,JO,Jordan,EMRO,98,99,0,0,99
2020-03-29,JO,Jordan,EMRO,147,246,1,1,245
2020-04-05,JO,Jordan,EMRO,77,323,4,5,318
2020-04-12,JO,Jordan,EMRO,58,381,2,7,374
2020-04-19,JO,Jordan,EMRO,32,413,0,7,406
2020-04-26,JO,Jordan,EMRO,20,433,0,7,426
2020-05-03,JO,Jordan,EMRO,7,440,2,9,431
2020-05-10,JO,Jordan,EMRO,48,488,0,9,479
2020-05-17,JO,Jordan,EMRO,61,549,0,9,540
2020-05-24,JO,Jordan,EMRO,85,634,0,9,625
2020-05-31,JO,Jordan,EMRO,28,662,0,9,653
2020-06-07,JO,Jordan,EMRO,31,693,0,9,684
2020-06-14,JO,Jordan,EMRO,134,827,0,9,818
2020-06-21,JO,Jordan,EMRO,55,882,0,9,873
2020-06-28,JO,Jordan,EMRO,86,968,0,9,959
2020-07-05,JO,Jordan,EMRO,35,1003,1,10,993
2020-07-12,JO,Jordan,EMRO,18,1021,0,10,1011
2020-07-19,JO,Jordan,EMRO,37,1058,1,11,1047
2020-07-26,JO,Jordan,EMRO,96,1154,0,11,1143
2020-08-02,JO,Jordan,EMRO,54,1208,0,11,1197
2020-08-09,JO,Jordan,EMRO,38,1246,0,11,1235
2020-08-16,JO,Jordan,EMRO,93,1339,0,11,1328
2020-08-23,JO,Jordan,EMRO,237,1576,0,11,1565
2020-08-30,JO,Jordan,EMRO,317,1893,4,15,1878
2020-09-06,JO,Jordan,EMRO,460,2353,1,16,2337
2020-09-13,JO,Jordan,EMRO,709,3062,6,22,3040
2020-09-20,JO,Jordan,EMRO,1478,4540,8,30,4510
2020-09-27,JO,Jordan,EMRO,3521,8061,13,43,8018
2020-10-04,JO,Jordan,EMRO,6688,14749,45,88,14661
2020-10-11,JO,Jordan,EMRO,9249,23998,93,181,23817
2020-10-18,JO,Jordan,EMRO,12055,36053,149,330,35723
2020-10-25,JO,Jordan,EMRO,14697,50750,210,540,50210
2020-11-01,JO,Jordan,EMRO,21857,72607,289,829,71778
2020-11-08,JO,Jordan,EMRO,32195,104802,352,1181,103621
2020-11-15,JO,Jordan,EMRO,36503,141305,523,1704,139601
2020-11-22,JO,Jordan,EMRO,36856,178161,468,2172,175989
2020-11-29,JO,Jordan,EMRO,32548,210709,454,2626,208083
2020-12-06,JO,Jordan,EMRO,26804,237513,384,3010,234503
2020-12-13,JO,Jordan,EMRO,19762,257275,325,3335,253940
2020-12-20,JO,Jordan,EMRO,15522,272797,210,3545,269252
2020-12-27,JO,Jordan,EMRO,13559,286356,184,3729,282627
2021-01-03,JO,Jordan,EMRO,10312,296668,148,3877,292791
2021-01-10,JO,Jordan,EMRO,9291,305959,132,4009,301950
2021-01-17,JO,Jordan,EMRO,7598,313557,128,4137,309420
2021-01-24,JO,Jordan,EMRO,5962,319519,80,4217,315302
2021-01-31,JO,Jordan,EMRO,6155,325674,87,4304,321370
2021-02-07,JO,Jordan,EMRO,8181,333855,65,4369,329486
2021-02-14,JO,Jordan,EMRO,10948,344803,75,4444,340359
2021-02-21,JO,Jordan,EMRO,15008,359811,99,4543,355268
2021-02-28,JO,Jordan,EMRO,26685,386496,132,4675,381821
2021-03-07,JO,Jordan,EMRO,34919,421415,225,4900,416515
2021-03-14,JO,Jordan,EMRO,47585,469000,385,5285,463715
2021-03-21,JO,Jordan,EMRO,57666,526666,503,5788,520878
2021-03-28,JO,Jordan,EMRO,55467,582133,684,6472,575661
2021-04-04,JO,Jordan,EMRO,44742,626875,658,7130,619745
2021-04-11,JO,Jordan,EMRO,35520,662395,578,7708,654687
2021-04-18,JO,Jordan,EMRO,21071,683466,470,8178,675288
2021-04-25,JO,Jordan,EMRO,16957,700423,385,8563,691860
2021-05-02,JO,Jordan,EMRO,11654,712077,308,8871,703206
2021-05-09,JO,Jordan,EMRO,7156,719233,205,9076,710157
2021-05-16,JO,Jordan,EMRO,4112,723345,167,9243,714102
2021-05-23,JO,Jordan,EMRO,6361,729706,114,9357,720349
2021-05-30,JO,Jordan,EMRO,5433,735139,86,9443,725696
2021-06-06,JO,Jordan,EMRO,4180,739319,73,9516,729803
2021-06-13,JO,Jordan,EMRO,3512,742831,66,9582,733249
2021-06-20,JO,Jordan,EMRO,3147,745978,74,9656,736322
2021-06-27,JO,Jordan,EMRO,3341,749319,62,9718,739601
2021-07-04,JO,Jordan,EMRO,3298,752617,51,9769,742848
2021-07-11,JO,Jordan,EMRO,3737,756354,57,9826,746528
2021-07-18,JO,Jordan,EMRO,4196,760550,61,9887,750663
2021-07-25,JO,Jordan,EMRO,3372,763922,61,9948,753974
2021-08-01,JO,Jordan,EMRO,6790,770712,84,10032,760680
2021-08-08,JO,Jordan,EMRO,5466,776178,84,10116,766062
2021-08-15,JO,Jordan,EMRO,6032,782210,87,10203,772007
2021-08-22,JO,Jordan,EMRO,6306,788516,82,10285,778231
2021-08-29,JO,Jordan,EMRO,5834,794350,83,10368,783982
2021-09-05,JO,Jordan,EMRO,5890,800240,95,10463,789777
2021-09-12,JO,Jordan,EMRO,6261,806501,79,10542,795959
2021-09-19,JO,Jordan,EMRO,6180,812681,64,10606,802075
2021-09-26,JO,Jordan,EMRO,6115,818796,63,10669,808127
2021-10-03,JO,Jordan,EMRO,6449,825245,67,10736,814509
2021-10-10,JO,Jordan,EMRO,7154,832399,66,10802,821597
2021-10-17,JO,Jordan,EMRO,7718,840117,63,10865,829252
2021-10-24,JO,Jordan,EMRO,9641,849758,76,10941,838817
2021-10-31,JO,Jordan,EMRO,11060,860818,87,11028,849790
2021-11-07,JO,Jordan,EMRO,12889,873707,86,11114,862593
2021-11-14,JO,Jordan,EMRO,15964,889671,101,11215,878456
2021-11-21,JO,Jordan,EMRO,21599,911270,132,11347,899923
2021-11-28,JO,Jordan,EMRO,28023,939293,168,11515,927778
2021-12-05,JO,Jordan,EMRO,32108,971401,200,11715,959686
2021-12-12,JO,Jordan,EMRO,34735,1006136,226,11941,994195
2021-12-19,JO,Jordan,EMRO,27333,1033469,250,12191,1021278
2021-12-26,JO,Jordan,EMRO,17952,1051421,253,12444,1038977
2022-01-02,JO,Jordan,EMRO,12856,1064277,240,12684,1051593
2022-01-09,JO,Jordan,EMRO,13155,1077432,172,12856,1064576
2022-01-16,JO,Jordan,EMRO,20042,1097474,118,12974,1084500
2022-01-23,JO,Jordan,EMRO,36623,1134097,88,13062,1121035
2022-01-30,JO,Jordan,EMRO,63153,1197250,112,13174,1184076
2022-02-06,JO,Jordan,EMRO,116993,1314243,126,13300,1300943
2022-02-13,JO,Jordan,EMRO,136567,1450810,177,13477,1437333
2022-02-20,JO,Jordan,EMRO,110012,1560822,180,13657,1547165
2022-02-27,JO,Jordan,EMRO,56356,1617178,141,13798,1603380
2022-03-06,JO,Jordan,EMRO,37499,1654677,84,13882,1640795
2022-03-13,JO,Jordan,EMRO,25502,1680179,77,13959,1666220
2022-03-20,JO,Jordan,EMRO,9135,1689314,44,14003,1675311
2022-03-27,JO,Jordan,EMRO,3171,1692485,28,14031,1678454
2022-04-03,JO,Jordan,EMRO,1731,1694216,17,14048,1680168
2022-04-10,JO,Jordan,EMRO,741,1694957,7,14055,1680902
2022-04-17,JO,Jordan,EMRO,475,1695432,4,14059,1681373
2022-04-24,JO,Jordan,EMRO,313,1695745,5,14064,1681681
2022-05-01,JO,Jordan,EMRO,225,1695970,2,14066,1681904
2022-05-08,JO,Jordan,EMRO,84,1696054,0,14066,1681988
2022-05-15,JO,Jordan,EMRO,305,1696359,0,14066,1682293
2022-05-22,JO,Jordan,EMRO,309,1696668,0,14066,1682602
2022-05-29,JO,Jordan,EMRO,269,1696937,0,14066,1682871
2022-06-05,JO,Jordan,EMRO,334,1697271,2,14068,1683203
2022-06-12,JO,Jordan,EMRO,402,1697673,0,14068,1683605
2022-06-19,JO,Jordan,EMRO,643,1698316,0,14068,1684248
2022-06-26,JO,Jordan,EMRO,881,1699197,0,14068,1685129
2022-07-03,JO,Jordan,EMRO,1329,1700526,0,14068,1686458
2022-07-10,JO,Jordan,EMRO,2135,1702661,1,14069,1688592
2022-07-17,JO,Jordan,EMRO,2455,1705116,1,14070,1691046
2022-07-24,JO,Jordan,EMRO,4763,1709879,4,14074,1695805
2022-07-31,JO,Jordan,EMRO,5417,1715296,9,14083,1701213
2022-08-07,JO,Jordan,EMRO,5482,1720778,7,14090,1706688
2022-08-14,JO,Jordan,EMRO,5939,1726717,5,14095,1712622
2022-08-21,JO,Jordan,EMRO,4832,1731549,10,14105,1717444
2022-08-28,JO,Jordan,EMRO,3946,1735495,5,14110,1721385
2022-09-04,JO,Jordan,EMRO,3372,1738867,4,14114,1724753
2022-09-11,JO,Jordan,EMRO,3389,1742256,0,14114,1728142
2022-09-18,JO,Jordan,EMRO,2776,1745032,2,14116,1730916
2022-09-25,JO,Jordan,EMRO,1965,1746997,6,14122,1732875
2022-10-02,JO,Jordan,EMRO,0,1746997,0,14122,1732875
2022-10-09,JO,Jordan,EMRO,0,1746997,0,14122,1732875
2022-10-16,JO,Jordan,EMRO,0,1746997,0,14122,1732875
2022-10-23,JO,Jordan,EMRO,0,1746997,0,14122,1732875
2022-10-30,JO,Jordan,EMRO,0,1746997,0,14122,1732875
2022-11-06,JO,Jordan,EMRO,0,1746997,0,14122,1732875
2022-11-13,JO,Jordan,EMRO,0,1746997,0,14122,1732875
2022-11-20,JO,Jordan,EMRO,0,1746997,0,14122,1732875
2022-11-27,JO,Jordan,EMRO,0,1746997,0,14122,1732875
2022-12-04,JO,Jordan,EMRO,0,1746997,0,14122,1732875
2022-12-11,JO,Jordan,EMRO,0,1746997,0,14122,1732875
2022-12-18,JO,Jordan,EMRO,0,1746997,0,14122,1732875
2022-12-25,JO,Jordan,EMRO,0,1746997,0,14122,1732875
2023-01-01,JO,Jordan,EMRO,0,1746997,0,14122,1732875
2023-01-08,JO,Jordan,EMRO,0,1746997,0,14122,1732875
2023-01-15,JO,Jordan,EMRO,0,1746997,0,14122,1732875
2023-01-22,JO,Jordan,EMRO,0,1746997,0,14122,1732875
2023-01-29,JO,Jordan,EMRO,0,1746997,0,14122,1732875
2023-02-05,JO,Jordan,EMRO,0,1746997,0,14122,1732875
2023-02-12,JO,Jordan,EMRO,0,1746997,0,14122,1732875
2023-02-19,JO,Jordan,EMRO,0,1746997,0,14122,1732875
2023-02-26,JO,Jordan,EMRO,0,1746997,0,14122,1732875
2023-03-05,JO,Jordan,EMRO,0,1746997,0,14122,1732875
2023-03-12,JO,Jordan,EMRO,0,1746997,0,14122,1732875
2023-03-19,JO,Jordan,EMRO,0,1746997,0,14122,1732875
2023-03-26,JO,Jordan,EMRO,0,1746997,0,14122,1732875
2023-04-02,JO,Jordan,EMRO,0,1746997,0,14122,1732875
2023-04-09,JO,Jordan,EMRO,0,1746997,0,14122,1732875
2023-04-16,JO,Jordan,EMRO,0,1746997,0,14122,1732875
2023-04-23,JO,Jordan,EMRO,0,1746997,0,14122,1732875
2023-04-30,JO,Jordan,EMRO,0,1746997,0,14122,1732875
2023-05-07,JO,Jordan,EMRO,0,1746997,0,14122,1732875
2023-05-14,JO,Jordan,EMRO,0,1746997,0,14122,1732875
2023-05-21,JO,Jordan,EMRO,0,1746997,0,14122,1732875
2023-05-28,JO,Jordan,EMRO,0,1746997,0,14122,1732875
2023-06-04,JO,Jordan,EMRO,0,1746997,0,14122,1732875
2023-06-11,JO,Jordan,EMRO,0,1746997,0,14122,1732875
2023-06-18,JO,Jordan,EMRO,0,1746997,0,14122,1732875
2023-06-25,JO,Jordan,EMRO,0,1746997,0,14122,1732875
2023-07-02,JO,Jordan,EMRO,0,1746997,0,14122,1732875
2023-07-09,JO,Jordan,EMRO,0,1746997,0,14122,1732875
2023-07-16,JO,Jordan,EMRO,0,1746997,0,14122,1732875
2023-07-23,JO,Jordan,EMRO,0,1746997,0,14122,1732875
2023-07-30,JO,Jordan,EMRO,0,1746997,0,14122,1732875
2023-08-06,JO,Jordan,EMRO,0,1746997,0,14122,1732875
2023-08-13,JO,Jordan,EMRO,0,1746997,0,14122,1732875
2023-08-20,JO,Jordan,EMRO,0,1746997,0,14122,1732875
2023-08-27,JO,Jordan,EMRO,0,1746997,0,14122,1732875
2023-09-03,JO,Jordan,EMRO,0,1746997,0,14122,1732875
2023-09-10,JO,Jordan,EMRO,0,1746997,0,14122,1732875
2023-09-17,JO,Jordan,EMRO,0,1746997,0,14122,1732875
2023-09-24,JO,Jordan,EMRO,0,1746997,0,14122,1732875
2023-10-01,JO,Jordan,EMRO,0,1746997,0,14122,1732875
2023-10-08,JO,Jordan,EMRO,0,1746997,0,14122,1732875
2023-10-15,JO,Jordan,EMRO,0,1746997,0,14122,1732875
2023-10-22,JO,Jordan,EMRO,0,1746997,0,14122,1732875
2023-10-29,JO,Jordan,EMRO,0,1746997,0,14122,1732875
2023-11-05,JO,Jordan,EMRO,0,1746997,0,14122,1732875
2023-11-12,JO,Jordan,EMRO,0,1746997,0,14122,1732875
2023-11-19,JO,Jordan,EMRO,0,1746997,0,14122,1732875
2023-11-26,JO,Jordan,EMRO,0,1746997,0,14122,1732875
2023-12-03,JO,Jordan,EMRO,0,1746997,0,14122,1732875
2023-12-10,JO,Jordan,EMRO,0,1746997,0,14122,1732875
2023-12-17,JO,Jordan,EMRO,0,1746997,0,14122,1732875
2023-12-24,JO,Jordan,EMRO,0,1746997,0,14122,1732875
2023-12-31,JO,Jordan,EMRO,0,1746997,0,14122,1732875
2024-01-07,JO,Jordan,EMRO,0,1746997,0,14122,1732875
2024-01-14,JO,Jordan,EMRO,0,1746997,0,14122,1732875
2024-01-21,JO,Jordan,EMRO,0,1746997,0,14122,1732875
2024-01-28,JO,Jordan,EMRO,0,1746997,0,14122,1732875
2024-02-04,JO,Jordan,EMRO,0,1746997,0,14122,1732875
2024-02-11,JO,Jordan,EMRO,0,1746997,0,14122,1732875
2024-02-18,JO,Jordan,EMRO,0,1746997,0,14122,1732875
2024-02-25,JO,Jordan,EMRO,0,1746997,0,14122,1732875
2024-03-03,JO,Jordan,EMRO,0,1746997,0,14122,1732875
2024-03-10,JO,Jordan,EMRO,0,1746997,0,14122,1732875
2024-03-17,JO,Jordan,EMRO,0,1746997,0,14122,1732875
2024-03-24,JO,Jordan,EMRO,0,1746997,0,14122,1732875
2024-03-31,JO,Jordan,EMRO,0,1746997,0,14122,1732875
2024-04-07,JO,Jordan,EMRO,0,1746997,0,14122,1732875
2024-04-14,JO,Jordan,EMRO,0,1746997,0,14122,1732875
2024-04-21,JO,Jordan,EMRO,0,1746997,0,14122,1732875
2024-04-28,JO,Jordan,EMRO,0,1746997,0,14122,1732875
2024-05-05,JO,Jordan,EMRO,0,1746997,0,14122,1732875
2024-05-12,JO,Jordan,EMRO,0,1746997,0,14122,1732875
2024-05-19,JO,Jordan,EMRO,0,1746997,0,14122,1732875
2024-05-26,JO,Jordan,EMRO,0,1746997,0,14122,1732875
2024-06-02,JO,Jordan,EMRO,0,1746997,0,14122,1732875
2024-06-09,JO,Jordan,EMRO,0,1746997,0,14122,1732875
2024-06-16,JO,Jordan,EMRO,0,1746997,0,14122,1732875
2024-06-23,JO,Jordan,EMRO,0,1746997,0,14122,1732875
2024-06-30,JO,Jordan,EMRO,0,1746997,0,14122,1732875
2024-07-07,JO,Jordan,EMRO,0,1746997,0,14122,1732875
2024-07-14,JO,Jordan,EMRO,0,1746997,0,14122,1732875
2024-07-21,JO,Jordan,EMRO,0,1746997,0,14122,1732875
2024-07-28,JO,Jordan,EMRO,0,1746997,0,14122,1732875
2024-08-04,JO,Jordan,EMRO,0,1746997,0,14122,1732875
2024-08-11,JO,Jordan,EMRO,0,1746997,0,14122,1732875
2024-08-18,JO,Jordan,EMRO,0,1746997,0,14122,1732875
2024-08-25,JO,Jordan,EMRO,0,1746997,0,14122,1732875
2024-09-01,JO,Jordan,EMRO,0,1746997,0,14122,1732875
2024-09-08,JO,Jordan,EMRO,0,1746997,0,14122,1732875
2024-09-15,JO,Jordan,EMRO,0,1746997,0,14122,1732875
2024-09-22,JO,Jordan,EMRO,0,1746997,0,14122,1732875
2024-09-29,JO,Jordan,EMRO,0,1746997,0,14122,1732875
2024-10-06,JO,Jordan,EMRO,0,1746997,0,14122,1732875
2024-10-13,JO,Jordan,EMRO,0,1746997,0,14122,1732875
2024-10-20,JO,Jordan,EMRO,0,1746997,0,14122,1732875
2024-10-27,JO,Jordan,EMRO,0,1746997,0,14122,1732875
2024-11-03,JO,Jordan,EMRO,0,1746997,0,14122,1732875
2024-11-10,JO,Jordan,EMRO,0,1746997,0,14122,1732875
2024-11-17,JO,Jordan,EMRO,0,1746997,0,14122,1732875
2020-01-05,KZ,Kazakhstan,EURO,0,0,0,0,0
2020-01-12,KZ,Kazakhstan,EURO,0,0,0,0,0
2020-01-19,KZ,Kazakhstan,EURO,0,0,0,0,0
2020-01-26,KZ,Kazakhstan,EURO,0,0,0,0,0
2020-02-02,KZ,Kazakhstan,EURO,0,0,0,0,0
2020-02-09,KZ,Kazakhstan,EURO,0,0,0,0,0
2020-02-16,KZ,Kazakhstan,EURO,0,0,0,0,0
2020-02-23,KZ,Kazakhstan,EURO,0,0,0,0,0
2020-03-01,KZ,Kazakhstan,EURO,0,0,0,0,0
2020-03-08,KZ,Kazakhstan,EURO,0,0,0,0,0
2020-03-15,KZ,Kazakhstan,EURO,6,6,0,0,6
2020-03-22,KZ,Kazakhstan,EURO,51,57,0,0,57
2020-03-29,KZ,Kazakhstan,EURO,227,284,1,1,283
2020-04-05,KZ,Kazakhstan,EURO,247,531,4,5,526
2020-04-12,KZ,Kazakhstan,EURO,366,897,5,10,887
2020-04-19,KZ,Kazakhstan,EURO,730,1627,9,19,1608
2020-04-26,KZ,Kazakhstan,EURO,974,2601,6,25,2576
2020-05-03,KZ,Kazakhstan,EURO,1276,3877,1,26,3851
2020-05-10,KZ,Kazakhstan,EURO,1179,5056,5,31,5025
2020-05-17,KZ,Kazakhstan,EURO,1101,6157,3,34,6123
2020-05-24,KZ,Kazakhstan,EURO,2165,8322,1,35,8287
2020-05-31,KZ,Kazakhstan,EURO,2536,10858,3,38,10820
2020-06-07,KZ,Kazakhstan,EURO,1836,12694,16,54,12640
2020-06-14,KZ,Kazakhstan,EURO,1802,14496,19,73,14423
2020-06-21,KZ,Kazakhstan,EURO,3345,17841,45,118,17723
2020-06-28,KZ,Kazakhstan,EURO,10222,28063,55,173,27890
2020-07-05,KZ,Kazakhstan,EURO,19108,47171,69,242,46929
2020-07-12,KZ,Kazakhstan,EURO,11082,58253,110,352,57901
2020-07-19,KZ,Kazakhstan,EURO,12086,70339,23,375,69964
2020-07-26,KZ,Kazakhstan,EURO,11381,81720,210,585,81135
2020-08-02,KZ,Kazakhstan,EURO,15054,96774,238,823,95951
2020-08-09,KZ,Kazakhstan,EURO,15048,111822,286,1109,110713
2020-08-16,KZ,Kazakhstan,EURO,9339,121161,324,1433,119728
2020-08-23,KZ,Kazakhstan,EURO,6042,127203,200,1633,125570
2020-08-30,KZ,Kazakhstan,EURO,4139,131342,148,1781,129561
2020-09-06,KZ,Kazakhstan,EURO,2582,133924,97,1878,132046
2020-09-13,KZ,Kazakhstan,EURO,2460,136384,70,1948,134436
2020-09-20,KZ,Kazakhstan,EURO,1964,138348,51,1999,136349
2020-09-27,KZ,Kazakhstan,EURO,1827,140175,44,2043,138132
2020-10-04,KZ,Kazakhstan,EURO,1573,141748,32,2075,139673
2020-10-11,KZ,Kazakhstan,EURO,1884,143632,31,2106,141526
2020-10-18,KZ,Kazakhstan,EURO,1688,145320,30,2136,143184
2020-10-25,KZ,Kazakhstan,EURO,1977,147297,42,2178,145119
2020-11-01,KZ,Kazakhstan,EURO,3083,150380,41,2219,148161
2020-11-08,KZ,Kazakhstan,EURO,4840,155220,40,2259,152961
2020-11-15,KZ,Kazakhstan,EURO,5392,160612,47,2306,158306
2020-11-22,KZ,Kazakhstan,EURO,6013,166625,59,2365,164260
2020-11-29,KZ,Kazakhstan,EURO,6344,172969,52,2417,170552
2020-12-06,KZ,Kazakhstan,EURO,6375,179344,60,2477,176867
2020-12-13,KZ,Kazakhstan,EURO,6169,185513,65,2542,182971
2020-12-20,KZ,Kazakhstan,EURO,5456,190969,67,2609,188360
2020-12-27,KZ,Kazakhstan,EURO,6173,197142,60,2669,194473
2021-01-03,KZ,Kazakhstan,EURO,5738,202880,80,2749,200131
2021-01-10,KZ,Kazakhstan,EURO,5716,208596,96,2845,205751
2021-01-17,KZ,Kazakhstan,EURO,6331,214927,40,2885,212042
2021-01-24,KZ,Kazakhstan,EURO,9468,224395,71,2956,221439
2021-01-31,KZ,Kazakhstan,EURO,10174,234569,79,3035,231534
2021-02-07,KZ,Kazakhstan,EURO,8838,243407,91,3126,240281
2021-02-14,KZ,Kazakhstan,EURO,7069,250476,59,3185,247291
2021-02-21,KZ,Kazakhstan,EURO,5912,256388,61,3246,253142
2021-02-28,KZ,Kazakhstan,EURO,5705,262093,65,3311,258782
2021-03-07,KZ,Kazakhstan,EURO,5564,267657,78,3389,264268
2021-03-14,KZ,Kazakhstan,EURO,5864,273521,67,3456,270065
2021-03-21,KZ,Kazakhstan,EURO,8277,281798,55,3511,278287
2021-03-28,KZ,Kazakhstan,EURO,8994,290792,2291,5802,284990
2021-04-04,KZ,Kazakhstan,EURO,13130,303922,110,5912,298010
2021-04-11,KZ,Kazakhstan,EURO,16959,320881,116,6028,314853
2021-04-18,KZ,Kazakhstan,EURO,17964,338845,151,6179,332666
2021-04-25,KZ,Kazakhstan,EURO,19989,358834,194,6373,352461
2021-05-02,KZ,Kazakhstan,EURO,19736,378570,188,6561,372009
2021-05-09,KZ,Kazakhstan,EURO,17560,396130,197,6758,389372
2021-05-16,KZ,Kazakhstan,EURO,16106,412236,218,6976,405260
2021-05-23,KZ,Kazakhstan,EURO,15637,427873,173,7149,420724
2021-05-30,KZ,Kazakhstan,EURO,12496,440369,0,7149,433220
2021-06-06,KZ,Kazakhstan,EURO,9489,449858,172,7321,442537
2021-06-13,KZ,Kazakhstan,EURO,7616,457474,144,7465,450009
2021-06-20,KZ,Kazakhstan,EURO,7711,465185,121,7586,457599
2021-06-27,KZ,Kazakhstan,EURO,9854,475039,80,7666,467373
2021-07-04,KZ,Kazakhstan,EURO,16238,491277,93,7759,483518
2021-07-11,KZ,Kazakhstan,EURO,21408,512685,175,7934,504751
2021-07-18,KZ,Kazakhstan,EURO,34825,547510,239,8173,539337
2021-07-25,KZ,Kazakhstan,EURO,41346,588856,365,8538,580318
2021-08-01,KZ,Kazakhstan,EURO,52691,641547,539,9077,632470
2021-08-08,KZ,Kazakhstan,EURO,56033,697580,832,9909,687671
2021-08-15,KZ,Kazakhstan,EURO,55346,752926,882,10791,742135
2021-08-22,KZ,Kazakhstan,EURO,51785,804711,934,11725,792986
2021-08-29,KZ,Kazakhstan,EURO,44846,849557,930,12655,836902
2021-09-05,KZ,Kazakhstan,EURO,34667,884224,1077,13732,870492
2021-09-12,KZ,Kazakhstan,EURO,28017,912241,691,14423,897818
2021-09-19,KZ,Kazakhstan,EURO,22208,934449,608,15031,919418
2021-09-26,KZ,Kazakhstan,EURO,17936,952385,799,15830,936555
2021-10-03,KZ,Kazakhstan,EURO,14827,967212,312,16142,951070
2021-10-10,KZ,Kazakhstan,EURO,13917,981129,298,16440,964689
2021-10-17,KZ,Kazakhstan,EURO,13335,994464,242,16682,977782
2021-10-24,KZ,Kazakhstan,EURO,12491,1006955,251,16933,990022
2021-10-31,KZ,Kazakhstan,EURO,11886,1018841,198,17131,1001710
2021-11-07,KZ,Kazakhstan,EURO,10087,1028928,187,17318,1011610
2021-11-14,KZ,Kazakhstan,EURO,8710,1037638,194,17512,1020126
2021-11-21,KZ,Kazakhstan,EURO,8145,1045783,158,17670,1028113
2021-11-28,KZ,Kazakhstan,EURO,6839,1052622,135,17805,1034817
2021-12-05,KZ,Kazakhstan,EURO,5483,1058105,127,17932,1040173
2021-12-12,KZ,Kazakhstan,EURO,4793,1062898,104,18036,1044862
2021-12-19,KZ,Kazakhstan,EURO,3649,1066547,80,18116,1048431
2021-12-26,KZ,Kazakhstan,EURO,3317,1069864,69,18185,1051679
2022-01-02,KZ,Kazakhstan,EURO,3135,1072999,51,18236,1054763
2022-01-09,KZ,Kazakhstan,EURO,6672,1079671,42,18278,1061393
2022-01-16,KZ,Kazakhstan,EURO,54927,1134598,34,18312,1116286
2022-01-23,KZ,Kazakhstan,EURO,97258,1231856,70,18382,1213474
2022-01-30,KZ,Kazakhstan,EURO,80452,1312308,108,18490,1293818
2022-02-06,KZ,Kazakhstan,EURO,45666,1357974,151,18641,1339333
2022-02-13,KZ,Kazakhstan,EURO,19486,1377460,130,18771,1358689
2022-02-20,KZ,Kazakhstan,EURO,8870,1386330,95,18866,1367464
2022-02-27,KZ,Kazakhstan,EURO,3843,1390173,63,18929,1371244
2022-03-06,KZ,Kazakhstan,EURO,1838,1392011,44,18973,1373038
2022-03-13,KZ,Kazakhstan,EURO,849,1392860,20,18993,1373867
2022-03-20,KZ,Kazakhstan,EURO,567,1393427,11,19004,1374423
2022-03-27,KZ,Kazakhstan,EURO,216,1393643,6,19010,1374633
2022-04-03,KZ,Kazakhstan,EURO,249,1393892,2,19012,1374880
2022-04-10,KZ,Kazakhstan,EURO,178,1394070,1,19013,1375057
2022-04-17,KZ,Kazakhstan,EURO,154,1394224,0,19013,1375211
2022-04-24,KZ,Kazakhstan,EURO,125,1394349,0,19013,1375336
2022-05-01,KZ,Kazakhstan,EURO,174,1394523,0,19013,1375510
2022-05-08,KZ,Kazakhstan,EURO,109,1394632,1,19014,1375618
2022-05-15,KZ,Kazakhstan,EURO,78,1394710,1,19015,1375695
2022-05-22,KZ,Kazakhstan,EURO,87,1394797,0,19015,1375782
2022-05-29,KZ,Kazakhstan,EURO,90,1394887,0,19015,1375872
2022-06-05,KZ,Kazakhstan,EURO,70,1394957,1,19016,1375941
2022-06-12,KZ,Kazakhstan,EURO,98,1395055,1,19017,1376038
2022-06-19,KZ,Kazakhstan,EURO,112,1395167,0,19017,1376150
2022-06-26,KZ,Kazakhstan,EURO,299,1395466,1,19018,1376448
2022-07-03,KZ,Kazakhstan,EURO,959,1396425,0,19018,1377407
2022-07-10,KZ,Kazakhstan,EURO,2293,1398718,0,19018,1379700
2022-07-17,KZ,Kazakhstan,EURO,7190,1405908,2,19020,1386888
2022-07-24,KZ,Kazakhstan,EURO,15001,1420909,1,19021,1401888
2022-07-31,KZ,Kazakhstan,EURO,18815,1439724,0,19021,1420703
2022-08-07,KZ,Kazakhstan,EURO,16803,1456527,5,19026,1437501
2022-08-14,KZ,Kazakhstan,EURO,10234,1466761,4,19030,1447731
2022-08-21,KZ,Kazakhstan,EURO,6630,1473391,4,19034,1454357
2022-08-28,KZ,Kazakhstan,EURO,4094,1477485,7,19041,1458444
2022-09-04,KZ,Kazakhstan,EURO,2363,1479848,0,19041,1460807
2022-09-11,KZ,Kazakhstan,EURO,1677,1481525,4,19045,1462480
2022-09-18,KZ,Kazakhstan,EURO,990,1482515,3,19048,1463467
2022-09-25,KZ,Kazakhstan,EURO,688,1483203,0,19048,1464155
2022-10-02,KZ,Kazakhstan,EURO,533,1483736,2,19050,1464686
2022-10-09,KZ,Kazakhstan,EURO,334,1484070,2,19052,1465018
2022-10-16,KZ,Kazakhstan,EURO,324,1484394,0,19052,1465342
2022-10-23,KZ,Kazakhstan,EURO,243,1484637,0,19052,1465585
2022-10-30,KZ,Kazakhstan,EURO,279,1484916,0,19052,1465864
2022-11-06,KZ,Kazakhstan,EURO,285,1485201,0,19052,1466149
2022-11-13,KZ,Kazakhstan,EURO,363,1485564,1,19053,1466511
2022-11-20,KZ,Kazakhstan,EURO,494,1486058,0,19053,1467005
2022-11-27,KZ,Kazakhstan,EURO,712,1486770,0,19053,1467717
2022-12-04,KZ,Kazakhstan,EURO,1039,1487809,0,19053,1468756
2022-12-11,KZ,Kazakhstan,EURO,1304,1489113,3,19056,1470057
2022-12-18,KZ,Kazakhstan,EURO,1434,1490547,1,19057,1471490
2022-12-25,KZ,Kazakhstan,EURO,1674,1492221,0,19057,1473164
2023-01-01,KZ,Kazakhstan,EURO,1513,1493734,1,19058,1474676
2023-01-08,KZ,Kazakhstan,EURO,987,1494721,2,19060,1475661
2023-01-15,KZ,Kazakhstan,EURO,859,1495580,3,19063,1476517
2023-01-22,KZ,Kazakhstan,EURO,517,1496097,2,19065,1477032
2023-01-29,KZ,Kazakhstan,EURO,381,1496478,0,19065,1477413
2023-02-05,KZ,Kazakhstan,EURO,419,1496897,0,19065,1477832
2023-02-12,KZ,Kazakhstan,EURO,552,1497449,1,19066,1478383
2023-02-19,KZ,Kazakhstan,EURO,618,1498067,2,19068,1478999
2023-02-26,KZ,Kazakhstan,EURO,568,1498635,0,19068,1479567
2023-03-05,KZ,Kazakhstan,EURO,491,1499126,2,19070,1480056
2023-03-12,KZ,Kazakhstan,EURO,411,1499537,1,19071,1480466
2023-03-19,KZ,Kazakhstan,EURO,564,1500101,0,19071,1481030
2023-03-26,KZ,Kazakhstan,EURO,305,1500406,0,19071,1481335
2023-04-02,KZ,Kazakhstan,EURO,530,1500936,1,19072,1481864
2023-04-09,KZ,Kazakhstan,EURO,424,1501360,0,19072,1482288
2023-04-16,KZ,Kazakhstan,EURO,458,1501818,0,19072,1482746
2023-04-23,KZ,Kazakhstan,EURO,404,1502222,0,19072,1483150
2023-04-30,KZ,Kazakhstan,EURO,388,1502610,0,19072,1483538
2023-05-07,KZ,Kazakhstan,EURO,247,1502857,0,19072,1483785
2023-05-14,KZ,Kazakhstan,EURO,0,1502857,0,19072,1483785
2023-05-21,KZ,Kazakhstan,EURO,0,1502857,0,19072,1483785
2023-05-28,KZ,Kazakhstan,EURO,0,1502857,0,19072,1483785
2023-06-04,KZ,Kazakhstan,EURO,0,1502857,0,19072,1483785
2023-06-11,KZ,Kazakhstan,EURO,0,1502857,0,19072,1483785
2023-06-18,KZ,Kazakhstan,EURO,0,1502857,0,19072,1483785
2023-06-25,KZ,Kazakhstan,EURO,0,1502857,0,19072,1483785
2023-07-02,KZ,Kazakhstan,EURO,0,1502857,0,19072,1483785
2023-07-09,KZ,Kazakhstan,EURO,0,1502857,0,19072,1483785
2023-07-16,KZ,Kazakhstan,EURO,0,1502857,0,19072,1483785
2023-07-23,KZ,Kazakhstan,EURO,0,1502857,0,19072,1483785
2023-07-30,KZ,Kazakhstan,EURO,0,1502857,0,19072,1483785
2023-08-06,KZ,Kazakhstan,EURO,0,1502857,0,19072,1483785
2023-08-13,KZ,Kazakhstan,EURO,0,1502857,0,19072,1483785
2023-08-20,KZ,Kazakhstan,EURO,0,1502857,0,19072,1483785
2023-08-27,KZ,Kazakhstan,EURO,0,1502857,0,19072,1483785
2023-09-03,KZ,Kazakhstan,EURO,0,1502857,0,19072,1483785
2023-09-10,KZ,Kazakhstan,EURO,0,1502857,0,19072,1483785
2023-09-17,KZ,Kazakhstan,EURO,0,1502857,0,19072,1483785
2023-09-24,KZ,Kazakhstan,EURO,0,1502857,0,19072,1483785
2023-10-01,KZ,Kazakhstan,EURO,0,1502857,0,19072,1483785
2023-10-08,KZ,Kazakhstan,EURO,0,1502857,0,19072,1483785
2023-10-15,KZ,Kazakhstan,EURO,0,1502857,0,19072,1483785
2023-10-22,KZ,Kazakhstan,EURO,0,1502857,0,19072,1483785
2023-10-29,KZ,Kazakhstan,EURO,0,1502857,0,19072,1483785
2023-11-05,KZ,Kazakhstan,EURO,44,1502901,0,19072,1483829
2023-11-12,KZ,Kazakhstan,EURO,57,1502958,0,19072,1483886
2023-11-19,KZ,Kazakhstan,EURO,42,1503000,0,19072,1483928
2023-11-26,KZ,Kazakhstan,EURO,39,1503039,0,19072,1483967
2023-12-03,KZ,Kazakhstan,EURO,36,1503075,0,19072,1484003
2023-12-10,KZ,Kazakhstan,EURO,37,1503112,0,19072,1484040
2023-12-17,KZ,Kazakhstan,EURO,33,1503145,0,19072,1484073
2023-12-24,KZ,Kazakhstan,EURO,38,1503183,0,19072,1484111
2023-12-31,KZ,Kazakhstan,EURO,22,1503205,0,19072,1484133
2024-01-07,KZ,Kazakhstan,EURO,23,1503228,0,19072,1484156
2024-01-14,KZ,Kazakhstan,EURO,81,1503309,0,19072,1484237
2024-01-21,KZ,Kazakhstan,EURO,132,1503441,0,19072,1484369
2024-01-28,KZ,Kazakhstan,EURO,124,1503565,0,19072,1484493
2024-02-04,KZ,Kazakhstan,EURO,122,1503687,0,19072,1484615
2024-02-11,KZ,Kazakhstan,EURO,131,1503818,0,19072,1484746
2024-02-18,KZ,Kazakhstan,EURO,148,1503966,0,19072,1484894
2024-02-25,KZ,Kazakhstan,EURO,130,1504096,0,19072,1485024
2024-03-03,KZ,Kazakhstan,EURO,70,1504166,0,19072,1485094
2024-03-10,KZ,Kazakhstan,EURO,72,1504238,0,19072,1485166
2024-03-17,KZ,Kazakhstan,EURO,39,1504277,0,19072,1485205
2024-03-24,KZ,Kazakhstan,EURO,17,1504294,0,19072,1485222
2024-03-31,KZ,Kazakhstan,EURO,9,1504303,0,19072,1485231
2024-04-07,KZ,Kazakhstan,EURO,18,1504321,0,19072,1485249
2024-04-14,KZ,Kazakhstan,EURO,11,1504332,0,19072,1485260
2024-04-21,KZ,Kazakhstan,EURO,15,1504347,0,19072,1485275
2024-04-28,KZ,Kazakhstan,EURO,8,1504355,0,19072,1485283
2024-05-05,KZ,Kazakhstan,EURO,7,1504362,0,19072,1485290
2024-05-12,KZ,Kazakhstan,EURO,2,1504364,0,19072,1485292
2024-05-19,KZ,Kazakhstan,EURO,6,1504370,0,19072,1485298
2024-05-26,KZ,Kazakhstan,EURO,0,1504370,0,19072,1485298
2024-06-02,KZ,Kazakhstan,EURO,0,1504370,0,19072,1485298
2024-06-09,KZ,Kazakhstan,EURO,0,1504370,0,19072,1485298
2024-06-16,KZ,Kazakhstan,EURO,0,1504370,0,19072,1485298
2024-06-23,KZ,Kazakhstan,EURO,0,1504370,0,19072,1485298
2024-06-30,KZ,Kazakhstan,EURO,0,1504370,0,19072,1485298
2024-07-07,KZ,Kazakhstan,EURO,0,1504370,0,19072,1485298
2024-07-14,KZ,Kazakhstan,EURO,0,1504370,0,19072,1485298
2024-07-21,KZ,Kazakhstan,EURO,0,1504370,0,19072,1485298
2024-07-28,KZ,Kazakhstan,EURO,0,1504370,0,19072,1485298
2024-08-04,KZ,Kazakhstan,EURO,0,1504370,0,19072,1485298
2024-08-11,KZ,Kazakhstan,EURO,0,1504370,0,19072,1485298
2024-08-18,KZ,Kazakhstan,EURO,0,1504370,0,19072,1485298
2024-08-25,KZ,Kazakhstan,EURO,0,1504370,0,19072,1485298
2024-09-01,KZ,Kazakhstan,EURO,0,1504370,0,19072,1485298
2024-09-08,KZ,Kazakhstan,EURO,0,1504370,0,19072,1485298
2024-09-15,KZ,Kazakhstan,EURO,0,1504370,0,19072,1485298
2024-09-22,KZ,Kazakhstan,EURO,0,1504370,0,19072,1485298
2024-09-29,KZ,Kazakhstan,EURO,0,1504370,0,19072,1485298
2024-10-06,KZ,Kazakhstan,EURO,0,1504370,0,19072,1485298
2024-10-13,KZ,Kazakhstan,EURO,0,1504370,0,19072,1485298
2024-10-20,KZ,Kazakhstan,EURO,0,1504370,0,19072,1485298
2024-10-27,KZ,Kazakhstan,EURO,0,1504370,0,19072,1485298
2024-11-03,KZ,Kazakhstan,EURO,0,1504370,0,19072,1485298
2024-11-10,KZ,Kazakhstan,EURO,0,1504370,0,19072,1485298
2024-11-17,KZ,Kazakhstan,EURO,0,1504370,0,19072,1485298
2020-01-05,KE,Kenya,AFRO,0,0,0,0,0
2020-01-12,KE,Kenya,AFRO,0,0,0,0,0
2020-01-19,KE,Kenya,AFRO,0,0,0,0,0
2020-01-26,KE,Kenya,AFRO,0,0,0,0,0
2020-02-02,KE,Kenya,AFRO,0,0,0,0,0
2020-02-09,KE,Kenya,AFRO,0,0,0,0,0
2020-02-16,KE,Kenya,AFRO,0,0,0,0,0
2020-02-23,KE,Kenya,AFRO,0,0,0,0,0
2020-03-01,KE,Kenya,AFRO,0,0,0,0,0
2020-03-08,KE,Kenya,AFRO,0,0,0,0,0
2020-03-15,KE,Kenya,AFRO,1,1,0,0,1
2020-03-22,KE,Kenya,AFRO,6,7,0,0,7
2020-03-29,KE,Kenya,AFRO,31,38,4,4,34
2020-04-05,KE,Kenya,AFRO,88,126,3,7,119
2020-04-12,KE,Kenya,AFRO,65,191,0,7,184
2020-04-19,KE,Kenya,AFRO,71,262,4,11,251
2020-04-26,KE,Kenya,AFRO,81,343,2,13,330
2020-05-03,KE,Kenya,AFRO,92,435,8,21,414
2020-05-10,KE,Kenya,AFRO,214,649,9,30,619
2020-05-17,KE,Kenya,AFRO,181,830,20,50,780
2020-05-24,KE,Kenya,AFRO,362,1192,0,50,1142
2020-05-31,KE,Kenya,AFRO,696,1888,13,63,1825
2020-06-07,KE,Kenya,AFRO,712,2600,20,83,2517
2020-06-14,KE,Kenya,AFRO,857,3457,17,100,3357
2020-06-21,KE,Kenya,AFRO,1021,4478,21,121,4357
2020-06-28,KE,Kenya,AFRO,1333,5811,20,141,5670
2020-07-05,KE,Kenya,AFRO,1766,7577,18,159,7418
2020-07-12,KE,Kenya,AFRO,2149,9726,25,184,9542
2020-07-19,KE,Kenya,AFRO,3024,12750,41,225,12525
2020-07-26,KE,Kenya,AFRO,3893,16643,53,278,16365
2020-08-02,KE,Kenya,AFRO,4720,21363,86,364,20999
2020-08-09,KE,Kenya,AFRO,4474,25837,54,418,25419
2020-08-16,KE,Kenya,AFRO,4012,29849,54,472,29377
2020-08-23,KE,Kenya,AFRO,2269,32118,70,542,31576
2020-08-30,KE,Kenya,AFRO,1676,33794,30,572,33222
2020-09-06,KE,Kenya,AFRO,1226,35020,22,594,34426
2020-09-13,KE,Kenya,AFRO,943,35963,25,619,35344
2020-09-20,KE,Kenya,AFRO,866,36829,27,646,36183
2020-09-27,KE,Kenya,AFRO,1042,37871,43,689,37182
2020-10-04,KE,Kenya,AFRO,1313,39184,39,728,38456
2020-10-11,KE,Kenya,AFRO,1974,41158,32,760,40398
2020-10-18,KE,Kenya,AFRO,3038,44196,65,825,43371
2020-10-25,KE,Kenya,AFRO,4594,48790,71,896,47894
2020-11-01,KE,Kenya,AFRO,6402,55192,100,996,54196
2020-11-08,KE,Kenya,AFRO,6577,61769,107,1103,60666
2020-11-15,KE,Kenya,AFRO,7504,69273,146,1249,68024
2020-11-22,KE,Kenya,AFRO,7131,76404,117,1366,75038
2020-11-29,KE,Kenya,AFRO,6201,82605,79,1445,81160
2020-12-06,KE,Kenya,AFRO,5379,87984,73,1518,86466
2020-12-13,KE,Kenya,AFRO,3542,91526,68,1586,89940
2020-12-20,KE,Kenya,AFRO,2625,94151,47,1633,92518
2020-12-27,KE,Kenya,AFRO,1692,95843,22,1655,94188
2021-01-03,KE,Kenya,AFRO,835,96678,30,1685,94993
2021-01-10,KE,Kenya,AFRO,1506,98184,19,1704,96480
2021-01-17,KE,Kenya,AFRO,898,99082,24,1728,97354
2021-01-24,KE,Kenya,AFRO,816,99898,12,1740,98158
2021-01-31,KE,Kenya,AFRO,777,100675,15,1755,98920
2021-02-07,KE,Kenya,AFRO,1015,101690,21,1776,99914
2021-02-14,KE,Kenya,AFRO,1102,102792,19,1795,100997
2021-02-21,KE,Kenya,AFRO,1201,103993,22,1817,102176
2021-02-28,KE,Kenya,AFRO,1655,105648,37,1854,103794
2021-03-07,KE,Kenya,AFRO,2714,108362,20,1874,106488
2021-03-14,KE,Kenya,AFRO,4443,112805,34,1908,110897
2021-03-21,KE,Kenya,AFRO,7358,120163,86,1994,118169
2021-03-28,KE,Kenya,AFRO,9167,129330,110,2104,127226
2021-04-04,KE,Kenya,AFRO,8747,138077,102,2206,135871
2021-04-11,KE,Kenya,AFRO,7107,145184,124,2330,142854
2021-04-18,KE,Kenya,AFRO,6103,151287,133,2463,148824
2021-04-25,KE,Kenya,AFRO,5031,156318,140,2603,153715
2021-05-02,KE,Kenya,AFRO,3735,160053,141,2744,157309
2021-05-09,KE,Kenya,AFRO,3185,163238,139,2883,160355
2021-05-16,KE,Kenya,AFRO,2141,165379,118,3001,162378
2021-05-23,KE,Kenya,AFRO,2729,168108,48,3049,165059
2021-05-30,KE,Kenya,AFRO,2377,170485,92,3141,167344
2021-06-06,KE,Kenya,AFRO,1840,172325,123,3264,169061
2021-06-13,KE,Kenya,AFRO,2851,175176,132,3396,171780
2021-06-20,KE,Kenya,AFRO,3616,178792,51,3447,175345
2021-06-27,KE,Kenya,AFRO,3601,182393,127,3574,178819
2021-07-04,KE,Kenya,AFRO,3198,185591,97,3671,181920
2021-07-11,KE,Kenya,AFRO,2922,188513,50,3721,184792
2021-07-18,KE,Kenya,AFRO,3922,192435,39,3760,188675
2021-07-25,KE,Kenya,AFRO,4310,196745,89,3849,192896
2021-08-01,KE,Kenya,AFRO,6468,203213,82,3931,199282
2021-08-08,KE,Kenya,AFRO,7815,211028,186,4117,206911
2021-08-15,KE,Kenya,AFRO,8910,219938,202,4319,215619
2021-08-22,KE,Kenya,AFRO,8425,228363,148,4467,223896
2021-08-29,KE,Kenya,AFRO,6226,234589,227,4694,229895
2021-09-05,KE,Kenya,AFRO,5103,239692,84,4778,234914
2021-09-12,KE,Kenya,AFRO,3764,243456,124,4902,238554
2021-09-19,KE,Kenya,AFRO,2840,246296,78,4980,241316
2021-09-26,KE,Kenya,AFRO,2096,248392,116,5096,243296
2021-10-03,KE,Kenya,AFRO,1631,250023,35,5131,244892
2021-10-10,KE,Kenya,AFRO,1034,251057,50,5181,245876
2021-10-17,KE,Kenya,AFRO,902,251959,34,5215,246744
2021-10-24,KE,Kenya,AFRO,669,252628,40,5255,247373
2021-10-31,KE,Kenya,AFRO,665,253293,21,5276,248017
2021-11-07,KE,Kenya,AFRO,520,253813,29,5305,248508
2021-11-14,KE,Kenya,AFRO,463,254276,11,5316,248960
2021-11-21,KE,Kenya,AFRO,412,254688,9,5325,249363
2021-11-28,KE,Kenya,AFRO,252,254940,8,5333,249607
2021-12-05,KE,Kenya,AFRO,468,255408,2,5335,250073
2021-12-12,KE,Kenya,AFRO,726,256134,11,5346,250788
2021-12-19,KE,Kenya,AFRO,6201,262335,7,5353,256982
2021-12-26,KE,Kenya,AFRO,19023,281358,6,5359,275999
2022-01-02,KE,Kenya,AFRO,15797,297155,22,5381,291774
2022-01-09,KE,Kenya,AFRO,13642,310797,56,5437,305360
2022-01-16,KE,Kenya,AFRO,6527,317324,51,5488,311836
2022-01-23,KE,Kenya,AFRO,2814,320138,43,5531,314607
2022-01-30,KE,Kenya,AFRO,1096,321234,47,5578,315656
2022-02-06,KE,Kenya,AFRO,809,322043,29,5607,316436
2022-02-13,KE,Kenya,AFRO,393,322436,22,5629,316807
2022-02-20,KE,Kenya,AFRO,233,322669,6,5635,317034
2022-02-27,KE,Kenya,AFRO,237,322906,4,5639,317267
2022-03-06,KE,Kenya,AFRO,165,323071,1,5640,317431
2022-03-13,KE,Kenya,AFRO,100,323171,4,5644,317527
2022-03-20,KE,Kenya,AFRO,101,323272,3,5647,317625
2022-03-27,KE,Kenya,AFRO,93,323365,0,5647,317718
2022-04-03,KE,Kenya,AFRO,85,323450,1,5648,317802
2022-04-10,KE,Kenya,AFRO,81,323531,0,5648,317883
2022-04-17,KE,Kenya,AFRO,78,323609,1,5649,317960
2022-04-24,KE,Kenya,AFRO,87,323696,0,5649,318047
2022-05-01,KE,Kenya,AFRO,77,323773,0,5649,318124
2022-05-08,KE,Kenya,AFRO,95,323868,0,5649,318219
2022-05-15,KE,Kenya,AFRO,143,324011,0,5649,318362
2022-05-22,KE,Kenya,AFRO,211,324222,0,5649,318573
2022-05-29,KE,Kenya,AFRO,464,324686,2,5651,319035
2022-06-05,KE,Kenya,AFRO,756,325442,0,5651,319791
2022-06-12,KE,Kenya,AFRO,1295,326737,0,5651,321086
2022-06-19,KE,Kenya,AFRO,2370,329107,0,5651,323456
2022-06-26,KE,Kenya,AFRO,2859,331966,0,5651,326315
2022-07-03,KE,Kenya,AFRO,2283,334249,4,5655,328594
2022-07-10,KE,Kenya,AFRO,1524,335773,8,5663,330110
2022-07-17,KE,Kenya,AFRO,917,336690,5,5668,331022
2022-07-24,KE,Kenya,AFRO,552,337242,2,5670,331572
2022-07-31,KE,Kenya,AFRO,357,337599,2,5672,331927
2022-08-07,KE,Kenya,AFRO,234,337833,0,5672,332161
2022-08-14,KE,Kenya,AFRO,105,337938,1,5673,332265
2022-08-21,KE,Kenya,AFRO,104,338042,0,5673,332369
2022-08-28,KE,Kenya,AFRO,111,338153,0,5673,332480
2022-09-04,KE,Kenya,AFRO,81,338234,1,5674,332560
2022-09-11,KE,Kenya,AFRO,56,338290,0,5674,332616
2022-09-18,KE,Kenya,AFRO,42,338332,1,5675,332657
2022-09-25,KE,Kenya,AFRO,57,338389,0,5675,332714
2022-10-02,KE,Kenya,AFRO,50,338439,3,5678,332761
2022-10-09,KE,Kenya,AFRO,54,338493,0,5678,332815
2022-10-16,KE,Kenya,AFRO,78,338571,0,5678,332893
2022-10-23,KE,Kenya,AFRO,178,338749,0,5678,333071
2022-10-30,KE,Kenya,AFRO,329,339078,0,5678,333400
2022-11-06,KE,Kenya,AFRO,593,339671,0,5678,333993
2022-11-13,KE,Kenya,AFRO,700,340371,0,5678,334693
2022-11-20,KE,Kenya,AFRO,604,340975,6,5684,335291
2022-11-27,KE,Kenya,AFRO,485,341460,0,5684,335776
2022-12-04,KE,Kenya,AFRO,176,341636,0,5684,335952
2022-12-11,KE,Kenya,AFRO,288,341924,0,5684,336240
2022-12-18,KE,Kenya,AFRO,183,342107,0,5684,336423
2022-12-25,KE,Kenya,AFRO,363,342470,4,5688,336782
2023-01-01,KE,Kenya,AFRO,37,342507,0,5688,336819
2023-01-08,KE,Kenya,AFRO,0,342507,0,5688,336819
2023-01-15,KE,Kenya,AFRO,92,342599,0,5688,336911
2023-01-22,KE,Kenya,AFRO,104,342703,0,5688,337015
2023-01-29,KE,Kenya,AFRO,82,342785,0,5688,337097
2023-02-05,KE,Kenya,AFRO,32,342817,0,5688,337129
2023-02-12,KE,Kenya,AFRO,32,342849,0,5688,337161
2023-02-19,KE,Kenya,AFRO,25,342874,0,5688,337186
2023-02-26,KE,Kenya,AFRO,41,342915,0,5688,337227
2023-03-05,KE,Kenya,AFRO,20,342935,0,5688,337247
2023-03-12,KE,Kenya,AFRO,7,342942,0,5688,337254
2023-03-19,KE,Kenya,AFRO,14,342956,0,5688,337268
2023-03-26,KE,Kenya,AFRO,11,342967,0,5688,337279
2023-04-02,KE,Kenya,AFRO,16,342983,0,5688,337295
2023-04-09,KE,Kenya,AFRO,9,342992,0,5688,337304
2023-04-16,KE,Kenya,AFRO,13,343005,0,5688,337317
2023-04-23,KE,Kenya,AFRO,27,343032,0,5688,337344
2023-04-30,KE,Kenya,AFRO,28,343060,0,5688,337372
2023-05-07,KE,Kenya,AFRO,14,343074,0,5688,337386
2023-05-14,KE,Kenya,AFRO,0,343074,0,5688,337386
2023-05-21,KE,Kenya,AFRO,0,343074,0,5688,337386
2023-05-28,KE,Kenya,AFRO,0,343074,0,5688,337386
2023-06-04,KE,Kenya,AFRO,238,343312,0,5688,337624
2023-06-11,KE,Kenya,AFRO,0,343312,0,5688,337624
2023-06-18,KE,Kenya,AFRO,154,343466,1,5689,337777
2023-06-25,KE,Kenya,AFRO,277,343743,0,5689,338054
2023-07-02,KE,Kenya,AFRO,43,343786,0,5689,338097
2023-07-09,KE,Kenya,AFRO,0,343786,0,5689,338097
2023-07-16,KE,Kenya,AFRO,64,343850,0,5689,338161
2023-07-23,KE,Kenya,AFRO,65,343915,0,5689,338226
2023-07-30,KE,Kenya,AFRO,3,343918,0,5689,338229
2023-08-06,KE,Kenya,AFRO,0,343918,0,5689,338229
2023-08-13,KE,Kenya,AFRO,37,343955,0,5689,338266
2023-08-20,KE,Kenya,AFRO,23,343978,0,5689,338289
2023-08-27,KE,Kenya,AFRO,7,343985,0,5689,338296
2023-09-03,KE,Kenya,AFRO,1,343986,0,5689,338297
2023-09-10,KE,Kenya,AFRO,9,343995,0,5689,338306
2023-09-17,KE,Kenya,AFRO,3,343998,0,5689,338309
2023-09-24,KE,Kenya,AFRO,13,344011,0,5689,338322
2023-10-01,KE,Kenya,AFRO,14,344025,0,5689,338336
2023-10-08,KE,Kenya,AFRO,17,344042,0,5689,338353
2023-10-15,KE,Kenya,AFRO,15,344057,0,5689,338368
2023-10-22,KE,Kenya,AFRO,15,344072,0,5689,338383
2023-10-29,KE,Kenya,AFRO,19,344091,0,5689,338402
2023-11-05,KE,Kenya,AFRO,3,344094,0,5689,338405
2023-11-12,KE,Kenya,AFRO,0,344094,0,5689,338405
2023-11-19,KE,Kenya,AFRO,0,344094,0,5689,338405
2023-11-26,KE,Kenya,AFRO,0,344094,0,5689,338405
2023-12-03,KE,Kenya,AFRO,0,344094,0,5689,338405
2023-12-10,KE,Kenya,AFRO,0,344094,0,5689,338405
2023-12-17,KE,Kenya,AFRO,0,344094,0,5689,338405
2023-12-24,KE,Kenya,AFRO,0,344094,0,5689,338405
2023-12-31,KE,Kenya,AFRO,0,344094,0,5689,338405
2024-01-07,KE,Kenya,AFRO,0,344094,0,5689,338405
2024-01-14,KE,Kenya,AFRO,0,344094,0,5689,338405
2024-01-21,KE,Kenya,AFRO,0,344094,0,5689,338405
2024-01-28,KE,Kenya,AFRO,0,344094,0,5689,338405
2024-02-04,KE,Kenya,AFRO,0,344094,0,5689,338405
2024-02-11,KE,Kenya,AFRO,0,344094,0,5689,338405
2024-02-18,KE,Kenya,AFRO,0,344094,0,5689,338405
2024-02-25,KE,Kenya,AFRO,0,344094,0,5689,338405
2024-03-03,KE,Kenya,AFRO,0,344094,0,5689,338405
2024-03-10,KE,Kenya,AFRO,0,344094,0,5689,338405
2024-03-17,KE,Kenya,AFRO,7,344101,0,5689,338412
2024-03-24,KE,Kenya,AFRO,0,344101,0,5689,338412
2024-03-31,KE,Kenya,AFRO,0,344101,0,5689,338412
2024-04-07,KE,Kenya,AFRO,0,344101,0,5689,338412
2024-04-14,KE,Kenya,AFRO,0,344101,0,5689,338412
2024-04-21,KE,Kenya,AFRO,0,344101,0,5689,338412
2024-04-28,KE,Kenya,AFRO,0,344101,0,5689,338412
2024-05-05,KE,Kenya,AFRO,0,344101,0,5689,338412
2024-05-12,KE,Kenya,AFRO,0,344101,0,5689,338412
2024-05-19,KE,Kenya,AFRO,0,344101,0,5689,338412
2024-05-26,KE,Kenya,AFRO,0,344101,0,5689,338412
2024-06-02,KE,Kenya,AFRO,0,344101,0,5689,338412
2024-06-09,KE,Kenya,AFRO,2,344103,0,5689,338414
2024-06-16,KE,Kenya,AFRO,1,344104,0,5689,338415
2024-06-23,KE,Kenya,AFRO,0,344104,0,5689,338415
2024-06-30,KE,Kenya,AFRO,1,344105,0,5689,338416
2024-07-07,KE,Kenya,AFRO,0,344105,0,5689,338416
2024-07-14,KE,Kenya,AFRO,0,344105,0,5689,338416
2024-07-21,KE,Kenya,AFRO,0,344105,0,5689,338416
2024-07-28,KE,Kenya,AFRO,1,344106,0,5689,338417
2024-08-04,KE,Kenya,AFRO,0,344106,0,5689,338417
2024-08-11,KE,Kenya,AFRO,3,344109,0,5689,338420
2024-08-18,KE,Kenya,AFRO,0,344109,0,5689,338420
2024-08-25,KE,Kenya,AFRO,0,344109,0,5689,338420
2024-09-01,KE,Kenya,AFRO,0,344109,0,5689,338420
2024-09-08,KE,Kenya,AFRO,0,344109,0,5689,338420
2024-09-15,KE,Kenya,AFRO,0,344109,0,5689,338420
2024-09-22,KE,Kenya,AFRO,0,344109,0,5689,338420
2024-09-29,KE,Kenya,AFRO,0,344109,0,5689,338420
2024-10-06,KE,Kenya,AFRO,0,344109,0,5689,338420
2024-10-13,KE,Kenya,AFRO,0,344109,0,5689,338420
2024-10-20,KE,Kenya,AFRO,0,344109,0,5689,338420
2024-10-27,KE,Kenya,AFRO,0,344109,0,5689,338420
2024-11-03,KE,Kenya,AFRO,0,344109,0,5689,338420
2024-11-10,KE,Kenya,AFRO,0,344109,0,5689,338420
2024-11-17,KE,Kenya,AFRO,0,344109,0,5689,338420
2020-01-05,KI,Kiribati,WPRO,0,0,0,0,0
2020-01-12,KI,Kiribati,WPRO,0,0,0,0,0
2020-01-19,KI,Kiribati,WPRO,0,0,0,0,0
2020-01-26,KI,Kiribati,WPRO,0,0,0,0,0
2020-02-02,KI,Kiribati,WPRO,0,0,0,0,0
2020-02-09,KI,Kiribati,WPRO,0,0,0,0,0
2020-02-16,KI,Kiribati,WPRO,0,0,0,0,0
2020-02-23,KI,Kiribati,WPRO,0,0,0,0,0
2020-03-01,KI,Kiribati,WPRO,0,0,0,0,0
2020-03-08,KI,Kiribati,WPRO,0,0,0,0,0
2020-03-15,KI,Kiribati,WPRO,0,0,0,0,0
2020-03-22,KI,Kiribati,WPRO,0,0,0,0,0
2020-03-29,KI,Kiribati,WPRO,0,0,0,0,0
2020-04-05,KI,Kiribati,WPRO,0,0,0,0,0
2020-04-12,KI,Kiribati,WPRO,0,0,0,0,0
2020-04-19,KI,Kiribati,WPRO,0,0,0,0,0
2020-04-26,KI,Kiribati,WPRO,0,0,0,0,0
2020-05-03,KI,Kiribati,WPRO,0,0,0,0,0
2020-05-10,KI,Kiribati,WPRO,0,0,0,0,0
2020-05-17,KI,Kiribati,WPRO,0,0,0,0,0
2020-05-24,KI,Kiribati,WPRO,0,0,0,0,0
2020-05-31,KI,Kiribati,WPRO,0,0,0,0,0
2020-06-07,KI,Kiribati,WPRO,0,0,0,0,0
2020-06-14,KI,Kiribati,WPRO,0,0,0,0,0
2020-06-21,KI,Kiribati,WPRO,0,0,0,0,0
2020-06-28,KI,Kiribati,WPRO,0,0,0,0,0
2020-07-05,KI,Kiribati,WPRO,0,0,0,0,0
2020-07-12,KI,Kiribati,WPRO,0,0,0,0,0
2020-07-19,KI,Kiribati,WPRO,0,0,0,0,0
2020-07-26,KI,Kiribati,WPRO,0,0,0,0,0
2020-08-02,KI,Kiribati,WPRO,0,0,0,0,0
2020-08-09,KI,Kiribati,WPRO,0,0,0,0,0
2020-08-16,KI,Kiribati,WPRO,0,0,0,0,0
2020-08-23,KI,Kiribati,WPRO,0,0,0,0,0
2020-08-30,KI,Kiribati,WPRO,0,0,0,0,0
2020-09-06,KI,Kiribati,WPRO,0,0,0,0,0
2020-09-13,KI,Kiribati,WPRO,0,0,0,0,0
2020-09-20,KI,Kiribati,WPRO,0,0,0,0,0
2020-09-27,KI,Kiribati,WPRO,0,0,0,0,0
2020-10-04,KI,Kiribati,WPRO,0,0,0,0,0
2020-10-11,KI,Kiribati,WPRO,0,0,0,0,0
2020-10-18,KI,Kiribati,WPRO,0,0,0,0,0
2020-10-25,KI,Kiribati,WPRO,0,0,0,0,0
2020-11-01,KI,Kiribati,WPRO,0,0,0,0,0
2020-11-08,KI,Kiribati,WPRO,0,0,0,0,0
2020-11-15,KI,Kiribati,WPRO,0,0,0,0,0
2020-11-22,KI,Kiribati,WPRO,0,0,0,0,0
2020-11-29,KI,Kiribati,WPRO,0,0,0,0,0
2020-12-06,KI,Kiribati,WPRO,0,0,0,0,0
2020-12-13,KI,Kiribati,WPRO,0,0,0,0,0
2020-12-20,KI,Kiribati,WPRO,0,0,0,0,0
2020-12-27,KI,Kiribati,WPRO,0,0,0,0,0
2021-01-03,KI,Kiribati,WPRO,0,0,0,0,0
2021-01-10,KI,Kiribati,WPRO,0,0,0,0,0
2021-01-17,KI,Kiribati,WPRO,0,0,0,0,0
2021-01-24,KI,Kiribati,WPRO,0,0,0,0,0
2021-01-31,KI,Kiribati,WPRO,0,0,0,0,0
2021-02-07,KI,Kiribati,WPRO,0,0,0,0,0
2021-02-14,KI,Kiribati,WPRO,0,0,0,0,0
2021-02-21,KI,Kiribati,WPRO,0,0,0,0,0
2021-02-28,KI,Kiribati,WPRO,0,0,0,0,0
2021-03-07,KI,Kiribati,WPRO,0,0,0,0,0
2021-03-14,KI,Kiribati,WPRO,0,0,0,0,0
2021-03-21,KI,Kiribati,WPRO,0,0,0,0,0
2021-03-28,KI,Kiribati,WPRO,0,0,0,0,0
2021-04-04,KI,Kiribati,WPRO,0,0,0,0,0
2021-04-11,KI,Kiribati,WPRO,0,0,0,0,0
2021-04-18,KI,Kiribati,WPRO,0,0,0,0,0
2021-04-25,KI,Kiribati,WPRO,0,0,0,0,0
2021-05-02,KI,Kiribati,WPRO,0,0,0,0,0
2021-05-09,KI,Kiribati,WPRO,0,0,0,0,0
2021-05-16,KI,Kiribati,WPRO,0,0,0,0,0
2021-05-23,KI,Kiribati,WPRO,0,0,0,0,0
2021-05-30,KI,Kiribati,WPRO,0,0,0,0,0
2021-06-06,KI,Kiribati,WPRO,0,0,0,0,0
2021-06-13,KI,Kiribati,WPRO,0,0,0,0,0
2021-06-20,KI,Kiribati,WPRO,0,0,0,0,0
2021-06-27,KI,Kiribati,WPRO,0,0,0,0,0
2021-07-04,KI,Kiribati,WPRO,0,0,0,0,0
2021-07-11,KI,Kiribati,WPRO,0,0,0,0,0
2021-07-18,KI,Kiribati,WPRO,0,0,0,0,0
2021-07-25,KI,Kiribati,WPRO,0,0,0,0,0
2021-08-01,KI,Kiribati,WPRO,0,0,0,0,0
2021-08-08,KI,Kiribati,WPRO,0,0,0,0,0
2021-08-15,KI,Kiribati,WPRO,0,0,0,0,0
2021-08-22,KI,Kiribati,WPRO,0,0,0,0,0
2021-08-29,KI,Kiribati,WPRO,0,0,0,0,0
2021-09-05,KI,Kiribati,WPRO,0,0,0,0,0
2021-09-12,KI,Kiribati,WPRO,0,0,0,0,0
2021-09-19,KI,Kiribati,WPRO,0,0,0,0,0
2021-09-26,KI,Kiribati,WPRO,0,0,0,0,0
2021-10-03,KI,Kiribati,WPRO,0,0,0,0,0
2021-10-10,KI,Kiribati,WPRO,0,0,0,0,0
2021-10-17,KI,Kiribati,WPRO,0,0,0,0,0
2021-10-24,KI,Kiribati,WPRO,0,0,0,0,0
2021-10-31,KI,Kiribati,WPRO,0,0,0,0,0
2021-11-07,KI,Kiribati,WPRO,0,0,0,0,0
2021-11-14,KI,Kiribati,WPRO,0,0,0,0,0
2021-11-21,KI,Kiribati,WPRO,0,0,0,0,0
2021-11-28,KI,Kiribati,WPRO,0,0,0,0,0
2021-12-05,KI,Kiribati,WPRO,0,0,0,0,0
2021-12-12,KI,Kiribati,WPRO,0,0,0,0,0
2021-12-19,KI,Kiribati,WPRO,0,0,0,0,0
2021-12-26,KI,Kiribati,WPRO,0,0,0,0,0
2022-01-02,KI,Kiribati,WPRO,0,0,0,0,0
2022-01-09,KI,Kiribati,WPRO,0,0,0,0,0
2022-01-16,KI,Kiribati,WPRO,0,0,0,0,0
2022-01-23,KI,Kiribati,WPRO,59,59,0,0,59
2022-01-30,KI,Kiribati,WPRO,305,364,0,0,364
2022-02-06,KI,Kiribati,WPRO,1179,1543,0,0,1543
2022-02-13,KI,Kiribati,WPRO,1005,2548,3,3,2545
2022-02-20,KI,Kiribati,WPRO,285,2833,8,11,2822
2022-02-27,KI,Kiribati,WPRO,81,2914,0,11,2903
2022-03-06,KI,Kiribati,WPRO,71,2985,0,11,2974
2022-03-13,KI,Kiribati,WPRO,42,3027,2,13,3014
2022-03-20,KI,Kiribati,WPRO,22,3049,0,13,3036
2022-03-27,KI,Kiribati,WPRO,16,3065,0,13,3052
2022-04-03,KI,Kiribati,WPRO,2,3067,0,13,3054
2022-04-10,KI,Kiribati,WPRO,2,3069,0,13,3056
2022-04-17,KI,Kiribati,WPRO,0,3069,0,13,3056
2022-04-24,KI,Kiribati,WPRO,7,3076,0,13,3063
2022-05-01,KI,Kiribati,WPRO,8,3084,0,13,3071
2022-05-08,KI,Kiribati,WPRO,5,3089,0,13,3076
2022-05-15,KI,Kiribati,WPRO,4,3093,0,13,3080
2022-05-22,KI,Kiribati,WPRO,5,3098,0,13,3085
2022-05-29,KI,Kiribati,WPRO,0,3098,0,13,3085
2022-06-05,KI,Kiribati,WPRO,0,3098,0,13,3085
2022-06-12,KI,Kiribati,WPRO,111,3209,0,13,3196
2022-06-19,KI,Kiribati,WPRO,6,3215,0,13,3202
2022-06-26,KI,Kiribati,WPRO,21,3236,0,13,3223
2022-07-03,KI,Kiribati,WPRO,0,3236,0,13,3223
2022-07-10,KI,Kiribati,WPRO,0,3236,0,13,3223
2022-07-17,KI,Kiribati,WPRO,0,3236,0,13,3223
2022-07-24,KI,Kiribati,WPRO,194,3430,0,13,3417
2022-07-31,KI,Kiribati,WPRO,0,3430,0,13,3417
2022-08-07,KI,Kiribati,WPRO,0,3430,0,13,3417
2022-08-14,KI,Kiribati,WPRO,0,3430,0,13,3417
2022-08-21,KI,Kiribati,WPRO,0,3430,0,13,3417
2022-08-28,KI,Kiribati,WPRO,0,3430,0,13,3417
2022-09-04,KI,Kiribati,WPRO,0,3430,0,13,3417
2022-09-11,KI,Kiribati,WPRO,0,3430,0,13,3417
2022-09-18,KI,Kiribati,WPRO,0,3430,0,13,3417
2022-09-25,KI,Kiribati,WPRO,0,3430,0,13,3417
2022-10-02,KI,Kiribati,WPRO,0,3430,0,13,3417
2022-10-09,KI,Kiribati,WPRO,0,3430,0,13,3417
2022-10-16,KI,Kiribati,WPRO,0,3430,0,13,3417
2022-10-23,KI,Kiribati,WPRO,0,3430,0,13,3417
2022-10-30,KI,Kiribati,WPRO,0,3430,0,13,3417
2022-11-06,KI,Kiribati,WPRO,0,3430,0,13,3417
2022-11-13,KI,Kiribati,WPRO,0,3430,0,13,3417
2022-11-20,KI,Kiribati,WPRO,0,3430,0,13,3417
2022-11-27,KI,Kiribati,WPRO,0,3430,0,13,3417
2022-12-04,KI,Kiribati,WPRO,0,3430,0,13,3417
2022-12-11,KI,Kiribati,WPRO,0,3430,0,13,3417
2022-12-18,KI,Kiribati,WPRO,0,3430,0,13,3417
2022-12-25,KI,Kiribati,WPRO,0,3430,0,13,3417
2023-01-01,KI,Kiribati,WPRO,0,3430,0,13,3417
2023-01-08,KI,Kiribati,WPRO,0,3430,0,13,3417
2023-01-15,KI,Kiribati,WPRO,1491,4921,0,13,4908
2023-01-22,KI,Kiribati,WPRO,70,4991,0,13,4978
2023-01-29,KI,Kiribati,WPRO,17,5008,0,13,4995
2023-02-05,KI,Kiribati,WPRO,0,5008,5,18,4990
2023-02-12,KI,Kiribati,WPRO,4,5012,0,18,4994
2023-02-19,KI,Kiribati,WPRO,0,5012,0,18,4994
2023-02-26,KI,Kiribati,WPRO,1,5013,0,18,4995
2023-03-05,KI,Kiribati,WPRO,1,5014,0,18,4996
2023-03-12,KI,Kiribati,WPRO,0,5014,0,18,4996
2023-03-19,KI,Kiribati,WPRO,0,5014,0,18,4996
2023-03-26,KI,Kiribati,WPRO,0,5014,0,18,4996
2023-04-02,KI,Kiribati,WPRO,0,5014,0,18,4996
2023-04-09,KI,Kiribati,WPRO,0,5014,0,18,4996
2023-04-16,KI,Kiribati,WPRO,0,5014,0,18,4996
2023-04-23,KI,Kiribati,WPRO,11,5025,6,24,5001
2023-04-30,KI,Kiribati,WPRO,0,5025,0,24,5001
2023-05-07,KI,Kiribati,WPRO,0,5025,0,24,5001
2023-05-14,KI,Kiribati,WPRO,0,5025,0,24,5001
2023-05-21,KI,Kiribati,WPRO,2,5027,0,24,5003
2023-05-28,KI,Kiribati,WPRO,2,5029,0,24,5005
2023-06-04,KI,Kiribati,WPRO,8,5037,0,24,5013
2023-06-11,KI,Kiribati,WPRO,0,5037,0,24,5013
2023-06-18,KI,Kiribati,WPRO,0,5037,0,24,5013
2023-06-25,KI,Kiribati,WPRO,44,5081,0,24,5057
2023-07-02,KI,Kiribati,WPRO,0,5081,0,24,5057
2023-07-09,KI,Kiribati,WPRO,1,5082,0,24,5058
2023-07-16,KI,Kiribati,WPRO,0,5082,0,24,5058
2023-07-23,KI,Kiribati,WPRO,0,5082,0,24,5058
2023-07-30,KI,Kiribati,WPRO,0,5082,0,24,5058
2023-08-06,KI,Kiribati,WPRO,0,5082,0,24,5058
2023-08-13,KI,Kiribati,WPRO,3,5085,0,24,5061
2023-08-20,KI,Kiribati,WPRO,0,5085,0,24,5061
2023-08-27,KI,Kiribati,WPRO,0,5085,0,24,5061
2023-09-03,KI,Kiribati,WPRO,0,5085,0,24,5061
2023-09-10,KI,Kiribati,WPRO,0,5085,0,24,5061
2023-09-17,KI,Kiribati,WPRO,0,5085,0,24,5061
2023-09-24,KI,Kiribati,WPRO,0,5085,0,24,5061
2023-10-01,KI,Kiribati,WPRO,0,5085,0,24,5061
2023-10-08,KI,Kiribati,WPRO,0,5085,0,24,5061
2023-10-15,KI,Kiribati,WPRO,0,5085,0,24,5061
2023-10-22,KI,Kiribati,WPRO,0,5085,0,24,5061
2023-10-29,KI,Kiribati,WPRO,0,5085,0,24,5061
2023-11-05,KI,Kiribati,WPRO,0,5085,0,24,5061
2023-11-12,KI,Kiribati,WPRO,0,5085,0,24,5061
2023-11-19,KI,Kiribati,WPRO,0,5085,0,24,5061
2023-11-26,KI,Kiribati,WPRO,0,5085,0,24,5061
2023-12-03,KI,Kiribati,WPRO,0,5085,0,24,5061
2023-12-10,KI,Kiribati,WPRO,0,5085,0,24,5061
2023-12-17,KI,Kiribati,WPRO,0,5085,0,24,5061
2023-12-24,KI,Kiribati,WPRO,0,5085,0,24,5061
2023-12-31,KI,Kiribati,WPRO,0,5085,0,24,5061
2024-01-07,KI,Kiribati,WPRO,0,5085,0,24,5061
2024-01-14,KI,Kiribati,WPRO,0,5085,0,24,5061
2024-01-21,KI,Kiribati,WPRO,0,5085,0,24,5061
2024-01-28,KI,Kiribati,WPRO,0,5085,0,24,5061
2024-02-04,KI,Kiribati,WPRO,0,5085,0,24,5061
2024-02-11,KI,Kiribati,WPRO,0,5085,0,24,5061
2024-02-18,KI,Kiribati,WPRO,0,5085,0,24,5061
2024-02-25,KI,Kiribati,WPRO,0,5085,0,24,5061
2024-03-03,KI,Kiribati,WPRO,0,5085,0,24,5061
2024-03-10,KI,Kiribati,WPRO,0,5085,0,24,5061
2024-03-17,KI,Kiribati,WPRO,0,5085,0,24,5061
2024-03-24,KI,Kiribati,WPRO,0,5085,0,24,5061
2024-03-31,KI,Kiribati,WPRO,0,5085,0,24,5061
2024-04-07,KI,Kiribati,WPRO,0,5085,0,24,5061
2024-04-14,KI,Kiribati,WPRO,0,5085,0,24,5061
2024-04-21,KI,Kiribati,WPRO,0,5085,0,24,5061
2024-04-28,KI,Kiribati,WPRO,0,5085,0,24,5061
2024-05-05,KI,Kiribati,WPRO,0,5085,0,24,5061
2024-05-12,KI,Kiribati,WPRO,0,5085,0,24,5061
2024-05-19,KI,Kiribati,WPRO,0,5085,0,24,5061
2024-05-26,KI,Kiribati,WPRO,0,5085,0,24,5061
2024-06-02,KI,Kiribati,WPRO,0,5085,0,24,5061
2024-06-09,KI,Kiribati,WPRO,0,5085,0,24,5061
2024-06-16,KI,Kiribati,WPRO,0,5085,0,24,5061
2024-06-23,KI,Kiribati,WPRO,0,5085,0,24,5061
2024-06-30,KI,Kiribati,WPRO,0,5085,0,24,5061
2024-07-07,KI,Kiribati,WPRO,0,5085,0,24,5061
2024-07-14,KI,Kiribati,WPRO,0,5085,0,24,5061
2024-07-21,KI,Kiribati,WPRO,0,5085,0,24,5061
2024-07-28,KI,Kiribati,WPRO,0,5085,0,24,5061
2024-08-04,KI,Kiribati,WPRO,0,5085,0,24,5061
2024-08-11,KI,Kiribati,WPRO,0,5085,0,24,5061
2024-08-18,KI,Kiribati,WPRO,0,5085,0,24,5061
2024-08-25,KI,Kiribati,WPRO,0,5085,0,24,5061
2024-09-01,KI,Kiribati,WPRO,0,5085,0,24,5061
2024-09-08,KI,Kiribati,WPRO,0,5085,0,24,5061
2024-09-15,KI,Kiribati,WPRO,0,5085,0,24,5061
2024-09-22,KI,Kiribati,WPRO,0,5085,0,24,5061
2024-09-29,KI,Kiribati,WPRO,0,5085,0,24,5061
2024-10-06,KI,Kiribati,WPRO,0,5085,0,24,5061
2024-10-13,KI,Kiribati,WPRO,0,5085,0,24,5061
2024-10-20,KI,Kiribati,WPRO,0,5085,0,24,5061
2024-10-27,KI,Kiribati,WPRO,0,5085,0,24,5061
2024-11-03,KI,Kiribati,WPRO,0,5085,0,24,5061
2024-11-10,KI,Kiribati,WPRO,0,5085,0,24,5061
2024-11-17,KI,Kiribati,WPRO,0,5085,0,24,5061
2020-01-05,XK,Kosovo (in accordance with UN Security Council resolution 1244 (1999)),EURO,0,0,0,0,0
2020-01-12,XK,Kosovo (in accordance with UN Security Council resolution 1244 (1999)),EURO,0,0,0,0,0
2020-01-19,XK,Kosovo (in accordance with UN Security Council resolution 1244 (1999)),EURO,0,0,0,0,0
2020-01-26,XK,Kosovo (in accordance with UN Security Council resolution 1244 (1999)),EURO,0,0,0,0,0
2020-02-02,XK,Kosovo (in accordance with UN Security Council resolution 1244 (1999)),EURO,0,0,0,0,0
2020-02-09,XK,Kosovo (in accordance with UN Security Council resolution 1244 (1999)),EURO,0,0,0,0,0
2020-02-16,XK,Kosovo (in accordance with UN Security Council resolution 1244 (1999)),EURO,0,0,0,0,0
2020-02-23,XK,Kosovo (in accordance with UN Security Council resolution 1244 (1999)),EURO,0,0,0,0,0
2020-03-01,XK,Kosovo (in accordance with UN Security Council resolution 1244 (1999)),EURO,0,0,0,0,0
2020-03-08,XK,Kosovo (in accordance with UN Security Council resolution 1244 (1999)),EURO,0,0,0,0,0
2020-03-15,XK,Kosovo (in accordance with UN Security Council resolution 1244 (1999)),EURO,2,2,0,0,2
2020-03-22,XK,Kosovo (in accordance with UN Security Council resolution 1244 (1999)),EURO,29,31,1,1,30
2020-03-29,XK,Kosovo (in accordance with UN Security Council resolution 1244 (1999)),EURO,60,91,0,1,90
2020-04-05,XK,Kosovo (in accordance with UN Security Council resolution 1244 (1999)),EURO,49,140,0,1,139
2020-04-12,XK,Kosovo (in accordance with UN Security Council resolution 1244 (1999)),EURO,143,283,6,7,276
2020-04-19,XK,Kosovo (in accordance with UN Security Council resolution 1244 (1999)),EURO,227,510,6,13,497
2020-04-26,XK,Kosovo (in accordance with UN Security Council resolution 1244 (1999)),EURO,221,731,3,16,715
2020-05-03,XK,Kosovo (in accordance with UN Security Council resolution 1244 (1999)),EURO,92,823,1,17,806
2020-05-10,XK,Kosovo (in accordance with UN Security Council resolution 1244 (1999)),EURO,47,870,2,19,851
2020-05-17,XK,Kosovo (in accordance with UN Security Council resolution 1244 (1999)),EURO,74,944,1,20,924
2020-05-24,XK,Kosovo (in accordance with UN Security Council resolution 1244 (1999)),EURO,81,1025,0,20,1005
2020-05-31,XK,Kosovo (in accordance with UN Security Council resolution 1244 (1999)),EURO,39,1064,1,21,1043
2020-06-07,XK,Kosovo (in accordance with UN Security Council resolution 1244 (1999)),EURO,87,1151,0,21,1130
2020-06-14,XK,Kosovo (in accordance with UN Security Council resolution 1244 (1999)),EURO,286,1437,2,23,1414
2020-06-21,XK,Kosovo (in accordance with UN Security Council resolution 1244 (1999)),EURO,593,2030,2,25,2005
2020-06-28,XK,Kosovo (in accordance with UN Security Council resolution 1244 (1999)),EURO,517,2547,12,37,2510
2020-07-05,XK,Kosovo (in accordance with UN Security Council resolution 1244 (1999)),EURO,766,3313,17,54,3259
2020-07-12,XK,Kosovo (in accordance with UN Security Council resolution 1244 (1999)),EURO,1359,4672,37,91,4581
2020-07-19,XK,Kosovo (in accordance with UN Security Council resolution 1244 (1999)),EURO,902,5574,29,120,5454
2020-07-26,XK,Kosovo (in accordance with UN Security Council resolution 1244 (1999)),EURO,1300,6874,39,159,6715
2020-08-02,XK,Kosovo (in accordance with UN Security Council resolution 1244 (1999)),EURO,1637,8511,68,227,8284
2020-08-09,XK,Kosovo (in accordance with UN Security Council resolution 1244 (1999)),EURO,1505,10016,78,305,9711
2020-08-16,XK,Kosovo (in accordance with UN Security Council resolution 1244 (1999)),EURO,1216,11232,75,380,10852
2020-08-23,XK,Kosovo (in accordance with UN Security Council resolution 1244 (1999)),EURO,1062,12294,67,447,11847
2020-08-30,XK,Kosovo (in accordance with UN Security Council resolution 1244 (1999)),EURO,878,13172,51,498,12674
2020-09-06,XK,Kosovo (in accordance with UN Security Council resolution 1244 (1999)),EURO,812,13984,48,546,13438
2020-09-13,XK,Kosovo (in accordance with UN Security Council resolution 1244 (1999)),EURO,539,14523,33,579,13944
2020-09-20,XK,Kosovo (in accordance with UN Security Council resolution 1244 (1999)),EURO,436,14959,22,601,14358
2020-09-27,XK,Kosovo (in accordance with UN Security Council resolution 1244 (1999)),EURO,423,15382,8,609,14773
2020-10-04,XK,Kosovo (in accordance with UN Security Council resolution 1244 (1999)),EURO,333,15715,11,620,15095
2020-10-11,XK,Kosovo (in accordance with UN Security Council resolution 1244 (1999)),EURO,372,16087,15,635,15452
2020-10-18,XK,Kosovo (in accordance with UN Security Council resolution 1244 (1999)),EURO,624,16711,7,642,16069
2020-10-25,XK,Kosovo (in accordance with UN Security Council resolution 1244 (1999)),EURO,1003,17714,9,651,17063
2020-11-01,XK,Kosovo (in accordance with UN Security Council resolution 1244 (1999)),EURO,2085,19799,20,671,19128
2020-11-08,XK,Kosovo (in accordance with UN Security Council resolution 1244 (1999)),EURO,3583,23382,63,734,22648
2020-11-15,XK,Kosovo (in accordance with UN Security Council resolution 1244 (1999)),EURO,5191,28573,65,799,27774
2020-11-22,XK,Kosovo (in accordance with UN Security Council resolution 1244 (1999)),EURO,4972,33545,95,894,32651
2020-11-29,XK,Kosovo (in accordance with UN Security Council resolution 1244 (1999)),EURO,4843,38388,85,979,37409
2020-12-06,XK,Kosovo (in accordance with UN Security Council resolution 1244 (1999)),EURO,3906,42294,98,1077,41217
2020-12-13,XK,Kosovo (in accordance with UN Security Council resolution 1244 (1999)),EURO,3781,46075,99,1176,44899
2020-12-20,XK,Kosovo (in accordance with UN Security Council resolution 1244 (1999)),EURO,2564,48639,62,1238,47401
2020-12-27,XK,Kosovo (in accordance with UN Security Council resolution 1244 (1999)),EURO,1723,50362,57,1295,49067
2021-01-03,XK,Kosovo (in accordance with UN Security Council resolution 1244 (1999)),EURO,1326,51688,35,1330,50358
2021-01-10,XK,Kosovo (in accordance with UN Security Council resolution 1244 (1999)),EURO,1792,53480,35,1365,52115
2021-01-17,XK,Kosovo (in accordance with UN Security Council resolution 1244 (1999)),EURO,1975,55455,30,1395,54060
2021-01-24,XK,Kosovo (in accordance with UN Security Council resolution 1244 (1999)),EURO,2201,57656,45,1440,56216
2021-01-31,XK,Kosovo (in accordance with UN Security Council resolution 1244 (1999)),EURO,2235,59891,42,1482,58409
2021-02-07,XK,Kosovo (in accordance with UN Security Council resolution 1244 (1999)),EURO,2075,61966,28,1510,60456
2021-02-14,XK,Kosovo (in accordance with UN Security Council resolution 1244 (1999)),EURO,2086,64052,24,1534,62518
2021-02-21,XK,Kosovo (in accordance with UN Security Council resolution 1244 (1999)),EURO,1887,65939,27,1561,64378
2021-02-28,XK,Kosovo (in accordance with UN Security Council resolution 1244 (1999)),EURO,2821,68760,24,1585,67175
2021-03-07,XK,Kosovo (in accordance with UN Security Council resolution 1244 (1999)),EURO,3697,72457,45,1630,70827
2021-03-14,XK,Kosovo (in accordance with UN Security Council resolution 1244 (1999)),EURO,4188,76645,56,1686,74959
2021-03-21,XK,Kosovo (in accordance with UN Security Council resolution 1244 (1999)),EURO,4704,81349,56,1742,79607
2021-03-28,XK,Kosovo (in accordance with UN Security Council resolution 1244 (1999)),EURO,5675,87024,78,1820,85204
2021-04-04,XK,Kosovo (in accordance with UN Security Council resolution 1244 (1999)),EURO,5908,92932,76,1896,91036
2021-04-11,XK,Kosovo (in accordance with UN Security Council resolution 1244 (1999)),EURO,4492,97424,70,1966,95458
2021-04-18,XK,Kosovo (in accordance with UN Security Council resolution 1244 (1999)),EURO,3686,101110,85,2051,99059
2021-04-25,XK,Kosovo (in accordance with UN Security Council resolution 1244 (1999)),EURO,2662,103772,57,2108,101664
2021-05-02,XK,Kosovo (in accordance with UN Security Council resolution 1244 (1999)),EURO,1560,105332,60,2168,103164
2021-05-09,XK,Kosovo (in accordance with UN Security Council resolution 1244 (1999)),EURO,970,106302,25,2193,104109
2021-05-16,XK,Kosovo (in accordance with UN Security Council resolution 1244 (1999)),EURO,498,106800,20,2213,104587
2021-05-23,XK,Kosovo (in accordance with UN Security Council resolution 1244 (1999)),EURO,370,107170,16,2229,104941
2021-05-30,XK,Kosovo (in accordance with UN Security Council resolution 1244 (1999)),EURO,169,107339,4,2233,105106
2021-06-06,XK,Kosovo (in accordance with UN Security Council resolution 1244 (1999)),EURO,104,107443,1,2234,105209
2021-06-13,XK,Kosovo (in accordance with UN Security Council resolution 1244 (1999)),EURO,85,107528,5,2239,105289
2021-06-20,XK,Kosovo (in accordance with UN Security Council resolution 1244 (1999)),EURO,74,107602,2,2241,105361
2021-06-27,XK,Kosovo (in accordance with UN Security Council resolution 1244 (1999)),EURO,80,107682,6,2247,105435
2021-07-04,XK,Kosovo (in accordance with UN Security Council resolution 1244 (1999)),EURO,63,107745,3,2250,105495
2021-07-11,XK,Kosovo (in accordance with UN Security Council resolution 1244 (1999)),EURO,54,107799,4,2254,105545
2021-07-18,XK,Kosovo (in accordance with UN Security Council resolution 1244 (1999)),EURO,54,107853,0,2254,105599
2021-07-25,XK,Kosovo (in accordance with UN Security Council resolution 1244 (1999)),EURO,96,107949,1,2255,105694
2021-08-01,XK,Kosovo (in accordance with UN Security Council resolution 1244 (1999)),EURO,373,108322,1,2256,106066
2021-08-08,XK,Kosovo (in accordance with UN Security Council resolution 1244 (1999)),EURO,1297,109619,5,2261,107358
2021-08-15,XK,Kosovo (in accordance with UN Security Council resolution 1244 (1999)),EURO,5489,115108,9,2270,112838
2021-08-22,XK,Kosovo (in accordance with UN Security Council resolution 1244 (1999)),EURO,12476,127584,35,2305,125279
2021-08-29,XK,Kosovo (in accordance with UN Security Council resolution 1244 (1999)),EURO,13475,141059,107,2412,138647
2021-09-05,XK,Kosovo (in accordance with UN Security Council resolution 1244 (1999)),EURO,10177,151236,183,2595,148641
2021-09-12,XK,Kosovo (in accordance with UN Security Council resolution 1244 (1999)),EURO,5299,156535,167,2762,153773
2021-09-19,XK,Kosovo (in accordance with UN Security Council resolution 1244 (1999)),EURO,2356,158891,117,2879,156012
2021-09-26,XK,Kosovo (in accordance with UN Security Council resolution 1244 (1999)),EURO,859,159750,42,2921,156829
2021-10-03,XK,Kosovo (in accordance with UN Security Council resolution 1244 (1999)),EURO,377,160127,28,2949,157178
2021-10-10,XK,Kosovo (in accordance with UN Security Council resolution 1244 (1999)),EURO,184,160311,7,2956,157355
2021-10-17,XK,Kosovo (in accordance with UN Security Council resolution 1244 (1999)),EURO,176,160487,7,2963,157524
2021-10-24,XK,Kosovo (in accordance with UN Security Council resolution 1244 (1999)),EURO,92,160579,1,2964,157615
2021-10-31,XK,Kosovo (in accordance with UN Security Council resolution 1244 (1999)),EURO,127,160706,2,2966,157740
2021-11-07,XK,Kosovo (in accordance with UN Security Council resolution 1244 (1999)),EURO,104,160810,2,2968,157842
2021-11-14,XK,Kosovo (in accordance with UN Security Council resolution 1244 (1999)),EURO,81,160891,2,2970,157921
2021-11-21,XK,Kosovo (in accordance with UN Security Council resolution 1244 (1999)),EURO,65,160956,2,2972,157984
2021-11-28,XK,Kosovo (in accordance with UN Security Council resolution 1244 (1999)),EURO,76,161032,1,2973,158059
2021-12-05,XK,Kosovo (in accordance with UN Security Council resolution 1244 (1999)),EURO,57,161089,1,2974,158115
2021-12-12,XK,Kosovo (in accordance with UN Security Council resolution 1244 (1999)),EURO,61,161150,3,2977,158173
2021-12-19,XK,Kosovo (in accordance with UN Security Council resolution 1244 (1999)),EURO,65,161215,2,2979,158236
2021-12-26,XK,Kosovo (in accordance with UN Security Council resolution 1244 (1999)),EURO,69,161284,0,2979,158305
2022-01-02,XK,Kosovo (in accordance with UN Security Council resolution 1244 (1999)),EURO,204,161488,2,2981,158507
2022-01-09,XK,Kosovo (in accordance with UN Security Council resolution 1244 (1999)),EURO,842,162330,0,2981,159349
2022-01-16,XK,Kosovo (in accordance with UN Security Council resolution 1244 (1999)),EURO,2990,165320,3,2984,162336
2022-01-23,XK,Kosovo (in accordance with UN Security Council resolution 1244 (1999)),EURO,13126,178446,3,2987,175459
2022-01-30,XK,Kosovo (in accordance with UN Security Council resolution 1244 (1999)),EURO,23466,201912,15,3002,198910
2022-02-06,XK,Kosovo (in accordance with UN Security Council resolution 1244 (1999)),EURO,14290,216202,25,3027,213175
2022-02-13,XK,Kosovo (in accordance with UN Security Council resolution 1244 (1999)),EURO,6094,222296,31,3058,219238
2022-02-20,XK,Kosovo (in accordance with UN Security Council resolution 1244 (1999)),EURO,2626,224922,30,3088,221834
2022-02-27,XK,Kosovo (in accordance with UN Security Council resolution 1244 (1999)),EURO,1147,226069,14,3102,222967
2022-03-06,XK,Kosovo (in accordance with UN Security Council resolution 1244 (1999)),EURO,467,226536,5,3107,223429
2022-03-13,XK,Kosovo (in accordance with UN Security Council resolution 1244 (1999)),EURO,266,226802,7,3114,223688
2022-03-20,XK,Kosovo (in accordance with UN Security Council resolution 1244 (1999)),EURO,248,227050,3,3117,223933
2022-03-27,XK,Kosovo (in accordance with UN Security Council resolution 1244 (1999)),EURO,231,227281,3,3120,224161
2022-04-03,XK,Kosovo (in accordance with UN Security Council resolution 1244 (1999)),EURO,209,227490,6,3126,224364
2022-04-10,XK,Kosovo (in accordance with UN Security Council resolution 1244 (1999)),EURO,176,227666,2,3128,224538
2022-04-17,XK,Kosovo (in accordance with UN Security Council resolution 1244 (1999)),EURO,129,227795,0,3128,224667
2022-04-24,XK,Kosovo (in accordance with UN Security Council resolution 1244 (1999)),EURO,115,227910,0,3128,224782
2022-05-01,XK,Kosovo (in accordance with UN Security Council resolution 1244 (1999)),EURO,120,228030,0,3128,224902
2022-05-08,XK,Kosovo (in accordance with UN Security Council resolution 1244 (1999)),EURO,65,228095,0,3128,224967
2022-05-15,XK,Kosovo (in accordance with UN Security Council resolution 1244 (1999)),EURO,80,228175,1,3129,225046
2022-05-22,XK,Kosovo (in accordance with UN Security Council resolution 1244 (1999)),EURO,81,228256,0,3129,225127
2022-05-29,XK,Kosovo (in accordance with UN Security Council resolution 1244 (1999)),EURO,49,228305,0,3129,225176
2022-06-05,XK,Kosovo (in accordance with UN Security Council resolution 1244 (1999)),EURO,45,228350,0,3129,225221
2022-06-12,XK,Kosovo (in accordance with UN Security Council resolution 1244 (1999)),EURO,37,228387,0,3129,225258
2022-06-19,XK,Kosovo (in accordance with UN Security Council resolution 1244 (1999)),EURO,93,228480,0,3129,225351
2022-06-26,XK,Kosovo (in accordance with UN Security Council resolution 1244 (1999)),EURO,199,228679,1,3130,225549
2022-07-03,XK,Kosovo (in accordance with UN Security Council resolution 1244 (1999)),EURO,849,229528,0,3130,226398
2022-07-10,XK,Kosovo (in accordance with UN Security Council resolution 1244 (1999)),EURO,1886,231414,3,3133,228281
2022-07-17,XK,Kosovo (in accordance with UN Security Council resolution 1244 (1999)),EURO,4507,235921,4,3137,232784
2022-07-24,XK,Kosovo (in accordance with UN Security Council resolution 1244 (1999)),EURO,8333,244254,13,3150,241104
2022-07-31,XK,Kosovo (in accordance with UN Security Council resolution 1244 (1999)),EURO,9015,253269,10,3160,250109
2022-08-07,XK,Kosovo (in accordance with UN Security Council resolution 1244 (1999)),EURO,7374,260643,5,3165,257478
2022-08-14,XK,Kosovo (in accordance with UN Security Council resolution 1244 (1999)),EURO,5607,266250,9,3174,263076
2022-08-21,XK,Kosovo (in accordance with UN Security Council resolution 1244 (1999)),EURO,3168,269418,5,3179,266239
2022-08-28,XK,Kosovo (in accordance with UN Security Council resolution 1244 (1999)),EURO,1602,271020,3,3182,267838
2022-09-04,XK,Kosovo (in accordance with UN Security Council resolution 1244 (1999)),EURO,617,271637,6,3188,268449
2022-09-11,XK,Kosovo (in accordance with UN Security Council resolution 1244 (1999)),EURO,242,271879,1,3189,268690
2022-09-18,XK,Kosovo (in accordance with UN Security Council resolution 1244 (1999)),EURO,69,271948,0,3189,268759
2022-09-25,XK,Kosovo (in accordance with UN Security Council resolution 1244 (1999)),EURO,52,272000,0,3189,268811
2022-10-02,XK,Kosovo (in accordance with UN Security Council resolution 1244 (1999)),EURO,32,272032,0,3189,268843
2022-10-09,XK,Kosovo (in accordance with UN Security Council resolution 1244 (1999)),EURO,14,272046,1,3190,268856
2022-10-16,XK,Kosovo (in accordance with UN Security Council resolution 1244 (1999)),EURO,30,272076,0,3190,268886
2022-10-23,XK,Kosovo (in accordance with UN Security Council resolution 1244 (1999)),EURO,19,272095,1,3191,268904
2022-10-30,XK,Kosovo (in accordance with UN Security Council resolution 1244 (1999)),EURO,22,272117,1,3192,268925
2022-11-06,XK,Kosovo (in accordance with UN Security Council resolution 1244 (1999)),EURO,19,272136,0,3192,268944
2022-11-13,XK,Kosovo (in accordance with UN Security Council resolution 1244 (1999)),EURO,17,272153,0,3192,268961
2022-11-20,XK,Kosovo (in accordance with UN Security Council resolution 1244 (1999)),EURO,1,272154,0,3192,268962
2022-11-27,XK,Kosovo (in accordance with UN Security Council resolution 1244 (1999)),EURO,11,272165,0,3192,268973
2022-12-04,XK,Kosovo (in accordance with UN Security Council resolution 1244 (1999)),EURO,5,272170,0,3192,268978
2022-12-11,XK,Kosovo (in accordance with UN Security Council resolution 1244 (1999)),EURO,4,272174,0,3192,268982
2022-12-18,XK,Kosovo (in accordance with UN Security Council resolution 1244 (1999)),EURO,13,272187,0,3192,268995
2022-12-25,XK,Kosovo (in accordance with UN Security Council resolution 1244 (1999)),EURO,18,272205,0,3192,269013
2023-01-01,XK,Kosovo (in accordance with UN Security Council resolution 1244 (1999)),EURO,35,272240,0,3192,269048
2023-01-08,XK,Kosovo (in accordance with UN Security Council resolution 1244 (1999)),EURO,52,272292,0,3192,269100
2023-01-15,XK,Kosovo (in accordance with UN Security Council resolution 1244 (1999)),EURO,65,272357,0,3192,269165
2023-01-22,XK,Kosovo (in accordance with UN Security Council resolution 1244 (1999)),EURO,75,272432,0,3192,269240
2023-01-29,XK,Kosovo (in accordance with UN Security Council resolution 1244 (1999)),EURO,59,272491,0,3192,269299
2023-02-05,XK,Kosovo (in accordance with UN Security Council resolution 1244 (1999)),EURO,74,272565,2,3194,269371
2023-02-12,XK,Kosovo (in accordance with UN Security Council resolution 1244 (1999)),EURO,94,272659,0,3194,269465
2023-02-19,XK,Kosovo (in accordance with UN Security Council resolution 1244 (1999)),EURO,127,272786,2,3196,269590
2023-02-26,XK,Kosovo (in accordance with UN Security Council resolution 1244 (1999)),EURO,173,272959,1,3197,269762
2023-03-05,XK,Kosovo (in accordance with UN Security Council resolution 1244 (1999)),EURO,200,273159,4,3201,269958
2023-03-12,XK,Kosovo (in accordance with UN Security Council resolution 1244 (1999)),EURO,174,273333,0,3201,270132
2023-03-19,XK,Kosovo (in accordance with UN Security Council resolution 1244 (1999)),EURO,173,273506,1,3202,270304
2023-03-26,XK,Kosovo (in accordance with UN Security Council resolution 1244 (1999)),EURO,98,273604,0,3202,270402
2023-04-02,XK,Kosovo (in accordance with UN Security Council resolution 1244 (1999)),EURO,85,273689,2,3204,270485
2023-04-09,XK,Kosovo (in accordance with UN Security Council resolution 1244 (1999)),EURO,69,273758,1,3205,270553
2023-04-16,XK,Kosovo (in accordance with UN Security Council resolution 1244 (1999)),EURO,34,273792,0,3205,270587
2023-04-23,XK,Kosovo (in accordance with UN Security Council resolution 1244 (1999)),EURO,28,273820,1,3206,270614
2023-04-30,XK,Kosovo (in accordance with UN Security Council resolution 1244 (1999)),EURO,26,273846,0,3206,270640
2023-05-07,XK,Kosovo (in accordance with UN Security Council resolution 1244 (1999)),EURO,21,273867,0,3206,270661
2023-05-14,XK,Kosovo (in accordance with UN Security Council resolution 1244 (1999)),EURO,11,273878,0,3206,270672
2023-05-21,XK,Kosovo (in accordance with UN Security Council resolution 1244 (1999)),EURO,10,273888,0,3206,270682
2023-05-28,XK,Kosovo (in accordance with UN Security Council resolution 1244 (1999)),EURO,11,273899,2,3208,270691
2023-06-04,XK,Kosovo (in accordance with UN Security Council resolution 1244 (1999)),EURO,3,273902,0,3208,270694
2023-06-11,XK,Kosovo (in accordance with UN Security Council resolution 1244 (1999)),EURO,4,273906,0,3208,270698
2023-06-18,XK,Kosovo (in accordance with UN Security Council resolution 1244 (1999)),EURO,2,273908,1,3209,270699
2023-06-25,XK,Kosovo (in accordance with UN Security Council resolution 1244 (1999)),EURO,0,273908,0,3209,270699
2023-07-02,XK,Kosovo (in accordance with UN Security Council resolution 1244 (1999)),EURO,1,273909,0,3209,270700
2023-07-09,XK,Kosovo (in accordance with UN Security Council resolution 1244 (1999)),EURO,3,273912,0,3209,270703
2023-07-16,XK,Kosovo (in accordance with UN Security Council resolution 1244 (1999)),EURO,2,273914,0,3209,270705
2023-07-23,XK,Kosovo (in accordance with UN Security Council resolution 1244 (1999)),EURO,0,273914,0,3209,270705
2023-07-30,XK,Kosovo (in accordance with UN Security Council resolution 1244 (1999)),EURO,4,273918,0,3209,270709
2023-08-06,XK,Kosovo (in accordance with UN Security Council resolution 1244 (1999)),EURO,0,273918,0,3209,270709
2023-08-13,XK,Kosovo (in accordance with UN Security Council resolution 1244 (1999)),EURO,5,273923,0,3209,270714
2023-08-20,XK,Kosovo (in accordance with UN Security Council resolution 1244 (1999)),EURO,10,273933,0,3209,270724
2023-08-27,XK,Kosovo (in accordance with UN Security Council resolution 1244 (1999)),EURO,36,273969,0,3209,270760
2023-09-03,XK,Kosovo (in accordance with UN Security Council resolution 1244 (1999)),EURO,24,273993,1,3210,270783
2023-09-10,XK,Kosovo (in accordance with UN Security Council resolution 1244 (1999)),EURO,27,274020,0,3210,270810
2023-09-17,XK,Kosovo (in accordance with UN Security Council resolution 1244 (1999)),EURO,38,274058,0,3210,270848
2023-09-24,XK,Kosovo (in accordance with UN Security Council resolution 1244 (1999)),EURO,53,274111,1,3211,270900
2023-10-01,XK,Kosovo (in accordance with UN Security Council resolution 1244 (1999)),EURO,71,274182,0,3211,270971
2023-10-08,XK,Kosovo (in accordance with UN Security Council resolution 1244 (1999)),EURO,36,274218,0,3211,271007
2023-10-15,XK,Kosovo (in accordance with UN Security Council resolution 1244 (1999)),EURO,29,274247,0,3211,271036
2023-10-22,XK,Kosovo (in accordance with UN Security Council resolution 1244 (1999)),EURO,32,274279,1,3212,271067
2023-10-29,XK,Kosovo (in accordance with UN Security Council resolution 1244 (1999)),EURO,0,274279,0,3212,271067
2023-11-05,XK,Kosovo (in accordance with UN Security Council resolution 1244 (1999)),EURO,0,274279,0,3212,271067
2023-11-12,XK,Kosovo (in accordance with UN Security Council resolution 1244 (1999)),EURO,0,274279,0,3212,271067
2023-11-19,XK,Kosovo (in accordance with UN Security Council resolution 1244 (1999)),EURO,0,274279,0,3212,271067
2023-11-26,XK,Kosovo (in accordance with UN Security Council resolution 1244 (1999)),EURO,0,274279,0,3212,271067
2023-12-03,XK,Kosovo (in accordance with UN Security Council resolution 1244 (1999)),EURO,0,274279,0,3212,271067
2023-12-10,XK,Kosovo (in accordance with UN Security Council resolution 1244 (1999)),EURO,0,274279,0,3212,271067
2023-12-17,XK,Kosovo (in accordance with UN Security Council resolution 1244 (1999)),EURO,0,274279,0,3212,271067
2023-12-24,XK,Kosovo (in accordance with UN Security Council resolution 1244 (1999)),EURO,0,274279,0,3212,271067
2023-12-31,XK,Kosovo (in accordance with UN Security Council resolution 1244 (1999)),EURO,0,274279,0,3212,271067
2024-01-07,XK,Kosovo (in accordance with UN Security Council resolution 1244 (1999)),EURO,0,274279,0,3212,271067
2024-01-14,XK,Kosovo (in accordance with UN Security Council resolution 1244 (1999)),EURO,0,274279,0,3212,271067
2024-01-21,XK,Kosovo (in accordance with UN Security Council resolution 1244 (1999)),EURO,0,274279,0,3212,271067
2024-01-28,XK,Kosovo (in accordance with UN Security Council resolution 1244 (1999)),EURO,0,274279,0,3212,271067
2024-02-04,XK,Kosovo (in accordance with UN Security Council resolution 1244 (1999)),EURO,0,274279,0,3212,271067
2024-02-11,XK,Kosovo (in accordance with UN Security Council resolution 1244 (1999)),EURO,0,274279,0,3212,271067
2024-02-18,XK,Kosovo (in accordance with UN Security Council resolution 1244 (1999)),EURO,0,274279,0,3212,271067
2024-02-25,XK,Kosovo (in accordance with UN Security Council resolution 1244 (1999)),EURO,0,274279,0,3212,271067
2024-03-03,XK,Kosovo (in accordance with UN Security Council resolution 1244 (1999)),EURO,0,274279,0,3212,271067
2024-03-10,XK,Kosovo (in accordance with UN Security Council resolution 1244 (1999)),EURO,0,274279,0,3212,271067
2024-03-17,XK,Kosovo (in accordance with UN Security Council resolution 1244 (1999)),EURO,0,274279,0,3212,271067
2024-03-24,XK,Kosovo (in accordance with UN Security Council resolution 1244 (1999)),EURO,0,274279,0,3212,271067
2024-03-31,XK,Kosovo (in accordance with UN Security Council resolution 1244 (1999)),EURO,0,274279,0,3212,271067
2024-04-07,XK,Kosovo (in accordance with UN Security Council resolution 1244 (1999)),EURO,0,274279,0,3212,271067
2024-04-14,XK,Kosovo (in accordance with UN Security Council resolution 1244 (1999)),EURO,0,274279,0,3212,271067
2024-04-21,XK,Kosovo (in accordance with UN Security Council resolution 1244 (1999)),EURO,0,274279,0,3212,271067
2024-04-28,XK,Kosovo (in accordance with UN Security Council resolution 1244 (1999)),EURO,0,274279,0,3212,271067
2024-05-05,XK,Kosovo (in accordance with UN Security Council resolution 1244 (1999)),EURO,0,274279,0,3212,271067
2024-05-12,XK,Kosovo (in accordance with UN Security Council resolution 1244 (1999)),EURO,0,274279,0,3212,271067
2024-05-19,XK,Kosovo (in accordance with UN Security Council resolution 1244 (1999)),EURO,0,274279,0,3212,271067
2024-05-26,XK,Kosovo (in accordance with UN Security Council resolution 1244 (1999)),EURO,0,274279,0,3212,271067
2024-06-02,XK,Kosovo (in accordance with UN Security Council resolution 1244 (1999)),EURO,0,274279,0,3212,271067
2024-06-09,XK,Kosovo (in accordance with UN Security Council resolution 1244 (1999)),EURO,0,274279,0,3212,271067
2024-06-16,XK,Kosovo (in accordance with UN Security Council resolution 1244 (1999)),EURO,0,274279,0,3212,271067
2024-06-23,XK,Kosovo (in accordance with UN Security Council resolution 1244 (1999)),EURO,0,274279,0,3212,271067
2024-06-30,XK,Kosovo (in accordance with UN Security Council resolution 1244 (1999)),EURO,0,274279,0,3212,271067
2024-07-07,XK,Kosovo (in accordance with UN Security Council resolution 1244 (1999)),EURO,0,274279,0,3212,271067
2024-07-14,XK,Kosovo (in accordance with UN Security Council resolution 1244 (1999)),EURO,0,274279,0,3212,271067
2024-07-21,XK,Kosovo (in accordance with UN Security Council resolution 1244 (1999)),EURO,0,274279,0,3212,271067
2024-07-28,XK,Kosovo (in accordance with UN Security Council resolution 1244 (1999)),EURO,0,274279,0,3212,271067
2024-08-04,XK,Kosovo (in accordance with UN Security Council resolution 1244 (1999)),EURO,0,274279,0,3212,271067
2024-08-11,XK,Kosovo (in accordance with UN Security Council resolution 1244 (1999)),EURO,0,274279,0,3212,271067
2024-08-18,XK,Kosovo (in accordance with UN Security Council resolution 1244 (1999)),EURO,0,274279,0,3212,271067
2024-08-25,XK,Kosovo (in accordance with UN Security Council resolution 1244 (1999)),EURO,0,274279,0,3212,271067
2024-09-01,XK,Kosovo (in accordance with UN Security Council resolution 1244 (1999)),EURO,0,274279,0,3212,271067
2024-09-08,XK,Kosovo (in accordance with UN Security Council resolution 1244 (1999)),EURO,0,274279,0,3212,271067
2024-09-15,XK,Kosovo (in accordance with UN Security Council resolution 1244 (1999)),EURO,0,274279,0,3212,271067
2024-09-22,XK,Kosovo (in accordance with UN Security Council resolution 1244 (1999)),EURO,0,274279,0,3212,271067
2024-09-29,XK,Kosovo (in accordance with UN Security Council resolution 1244 (1999)),EURO,0,274279,0,3212,271067
2024-10-06,XK,Kosovo (in accordance with UN Security Council resolution 1244 (1999)),EURO,0,274279,0,3212,271067
2024-10-13,XK,Kosovo (in accordance with UN Security Council resolution 1244 (1999)),EURO,0,274279,0,3212,271067
2024-10-20,XK,Kosovo (in accordance with UN Security Council resolution 1244 (1999)),EURO,0,274279,0,3212,271067
2024-10-27,XK,Kosovo (in accordance with UN Security Council resolution 1244 (1999)),EURO,0,274279,0,3212,271067
2024-11-03,XK,Kosovo (in accordance with UN Security Council resolution 1244 (1999)),EURO,0,274279,0,3212,271067
2024-11-10,XK,Kosovo (in accordance with UN Security Council resolution 1244 (1999)),EURO,0,274279,0,3212,271067
2024-11-17,XK,Kosovo (in accordance with UN Security Council resolution 1244 (1999)),EURO,0,274279,0,3212,271067
2020-01-05,KW,Kuwait,EMRO,0,0,0,0,0
2020-01-12,KW,Kuwait,EMRO,0,0,0,0,0
2020-01-19,KW,Kuwait,EMRO,0,0,0,0,0
2020-01-26,KW,Kuwait,EMRO,0,0,0,0,0
2020-02-02,KW,Kuwait,EMRO,0,0,0,0,0
2020-02-09,KW,Kuwait,EMRO,0,0,0,0,0
2020-02-16,KW,Kuwait,EMRO,0,0,0,0,0
2020-02-23,KW,Kuwait,EMRO,0,0,0,0,0
2020-03-01,KW,Kuwait,EMRO,45,45,0,0,45
2020-03-08,KW,Kuwait,EMRO,16,61,0,0,61
2020-03-15,KW,Kuwait,EMRO,43,104,0,0,104
2020-03-22,KW,Kuwait,EMRO,72,176,0,0,176
2020-03-29,KW,Kuwait,EMRO,59,235,0,0,235
2020-04-05,KW,Kuwait,EMRO,244,479,1,1,478
2020-04-12,KW,Kuwait,EMRO,675,1154,0,1,1153
2020-04-19,KW,Kuwait,EMRO,597,1751,5,6,1745
2020-04-26,KW,Kuwait,EMRO,1141,2892,13,19,2873
2020-05-03,KW,Kuwait,EMRO,1727,4619,14,33,4586
2020-05-10,KW,Kuwait,EMRO,3004,7623,16,49,7574
2020-05-17,KW,Kuwait,EMRO,6179,13802,58,107,13695
2020-05-24,KW,Kuwait,EMRO,6662,20464,41,148,20316
2020-05-31,KW,Kuwait,EMRO,5728,26192,57,205,25987
2020-06-07,KW,Kuwait,EMRO,4939,31131,49,254,30877
2020-06-14,KW,Kuwait,EMRO,4335,35466,35,289,35177
2020-06-21,KW,Kuwait,EMRO,3679,39145,30,319,38826
2020-06-28,KW,Kuwait,EMRO,5246,44391,25,344,44047
2020-07-05,KW,Kuwait,EMRO,4912,49303,21,365,48938
2020-07-12,KW,Kuwait,EMRO,4755,54058,21,386,53672
2020-07-19,KW,Kuwait,EMRO,4846,58904,21,407,58497
2020-07-26,KW,Kuwait,EMRO,4405,63309,22,429,62880
2020-08-02,KW,Kuwait,EMRO,4139,67448,24,453,66995
2020-08-09,KW,Kuwait,EMRO,3751,71199,21,474,70725
2020-08-16,KW,Kuwait,EMRO,4498,75697,24,498,75199
2020-08-23,KW,Kuwait,EMRO,4260,79957,15,513,79444
2020-08-30,KW,Kuwait,EMRO,4267,84224,15,528,83696
2020-09-06,KW,Kuwait,EMRO,4739,88963,12,540,88423
2020-09-13,KW,Kuwait,EMRO,5248,94211,18,558,93653
2020-09-20,KW,Kuwait,EMRO,4838,99049,23,581,98468
2020-09-27,KW,Kuwait,EMRO,4150,103199,16,597,102602
2020-10-04,KW,Kuwait,EMRO,3259,106458,23,620,105838
2020-10-11,KW,Kuwait,EMRO,4110,110568,35,655,109913
2020-10-18,KW,Kuwait,EMRO,4915,115483,39,694,114789
2020-10-25,KW,Kuwait,EMRO,5444,120927,50,744,120183
2020-11-01,KW,Kuwait,EMRO,4999,125926,35,779,125147
2020-11-08,KW,Kuwait,EMRO,5279,131205,29,808,130397
2020-11-15,KW,Kuwait,EMRO,5136,136341,27,835,135506
2020-11-22,KW,Kuwait,EMRO,3393,139734,28,863,138871
2020-11-29,KW,Kuwait,EMRO,2461,142195,12,875,141320
2020-12-06,KW,Kuwait,EMRO,1969,144164,14,889,143275
2020-12-13,KW,Kuwait,EMRO,1880,146044,22,911,145133
2020-12-20,KW,Kuwait,EMRO,1731,147775,7,918,146857
2020-12-27,KW,Kuwait,EMRO,1674,149449,11,929,148520
2021-01-03,KW,Kuwait,EMRO,1625,151074,8,937,150137
2021-01-10,KW,Kuwait,EMRO,2826,153900,5,942,152958
2021-01-17,KW,Kuwait,EMRO,3499,157399,5,947,156452
2021-01-24,KW,Kuwait,EMRO,3502,160901,5,952,159949
2021-01-31,KW,Kuwait,EMRO,3721,164622,7,959,163663
2021-02-07,KW,Kuwait,EMRO,5414,170036,5,964,169072
2021-02-14,KW,Kuwait,EMRO,6867,176903,34,998,175905
2021-02-21,KW,Kuwait,EMRO,6419,183322,41,1039,182283
2021-02-28,KW,Kuwait,EMRO,6568,189890,39,1078,188812
2021-03-07,KW,Kuwait,EMRO,9538,199428,42,1120,198308
2021-03-14,KW,Kuwait,EMRO,9032,208460,45,1165,207295
2021-03-21,KW,Kuwait,EMRO,9473,217933,50,1215,216718
2021-03-28,KW,Kuwait,EMRO,9245,227178,64,1279,225899
2021-04-04,KW,Kuwait,EMRO,8811,235989,60,1339,234650
2021-04-11,KW,Kuwait,EMRO,9715,245704,64,1403,244301
2021-04-18,KW,Kuwait,EMRO,10156,255860,37,1440,254420
2021-04-25,KW,Kuwait,EMRO,9544,265404,71,1511,263893
2021-05-02,KW,Kuwait,EMRO,9866,275270,58,1569,273701
2021-05-09,KW,Kuwait,EMRO,8806,284076,66,1635,282441
2021-05-16,KW,Kuwait,EMRO,6725,290801,52,1687,289114
2021-05-23,KW,Kuwait,EMRO,7422,298223,37,1724,296499
2021-05-30,KW,Kuwait,EMRO,8494,306717,40,1764,304953
2021-06-06,KW,Kuwait,EMRO,9183,315900,30,1794,314106
2021-06-13,KW,Kuwait,EMRO,10551,326451,23,1817,324634
2021-06-20,KW,Kuwait,EMRO,10920,337371,45,1862,335509
2021-06-27,KW,Kuwait,EMRO,12552,349923,57,1919,348004
2021-07-04,KW,Kuwait,EMRO,12095,362018,86,2005,360013
2021-07-11,KW,Kuwait,EMRO,12086,374104,95,2100,372004
2021-07-18,KW,Kuwait,EMRO,10469,384573,111,2211,382362
2021-07-25,KW,Kuwait,EMRO,7208,391781,68,2279,389502
2021-08-01,KW,Kuwait,EMRO,6050,397831,41,2320,395511
2021-08-08,KW,Kuwait,EMRO,4963,402794,46,2366,400428
2021-08-15,KW,Kuwait,EMRO,3440,406234,20,2386,403848
2021-08-22,KW,Kuwait,EMRO,1844,408078,17,2403,405675
2021-08-29,KW,Kuwait,EMRO,1285,409363,13,2416,406947
2021-09-05,KW,Kuwait,EMRO,907,410270,7,2423,407847
2021-09-12,KW,Kuwait,EMRO,464,410734,7,2430,408304
2021-09-19,KW,Kuwait,EMRO,390,411124,8,2438,408686
2021-09-26,KW,Kuwait,EMRO,323,411447,7,2445,409002
2021-10-03,KW,Kuwait,EMRO,284,411731,6,2451,409280
2021-10-10,KW,Kuwait,EMRO,317,412048,3,2454,409594
2021-10-17,KW,Kuwait,EMRO,249,412297,2,2456,409841
2021-10-24,KW,Kuwait,EMRO,209,412506,4,2460,410046
2021-10-31,KW,Kuwait,EMRO,147,412653,1,2461,410192
2021-11-07,KW,Kuwait,EMRO,168,412821,1,2462,410359
2021-11-14,KW,Kuwait,EMRO,161,412982,0,2462,410520
2021-11-21,KW,Kuwait,EMRO,138,413120,2,2464,410656
2021-11-28,KW,Kuwait,EMRO,146,413266,1,2465,410801
2021-12-05,KW,Kuwait,EMRO,198,413464,0,2465,410999
2021-12-12,KW,Kuwait,EMRO,208,413672,1,2466,411206
2021-12-19,KW,Kuwait,EMRO,351,414023,0,2466,411557
2021-12-26,KW,Kuwait,EMRO,888,414911,2,2468,412443
2022-01-02,KW,Kuwait,EMRO,2812,417723,0,2468,415255
2022-01-09,KW,Kuwait,EMRO,13197,430920,3,2471,428449
2022-01-16,KW,Kuwait,EMRO,29908,460828,4,2475,458353
2022-01-23,KW,Kuwait,EMRO,32279,493107,10,2485,490622
2022-01-30,KW,Kuwait,EMRO,40955,534062,9,2494,531568
2022-02-06,KW,Kuwait,EMRO,40525,574587,14,2508,572079
2022-02-13,KW,Kuwait,EMRO,24452,599039,11,2519,596520
2022-02-20,KW,Kuwait,EMRO,12781,611820,9,2528,609292
2022-02-27,KW,Kuwait,EMRO,6883,618703,8,2536,616167
2022-03-06,KW,Kuwait,EMRO,3786,622489,8,2544,619945
2022-03-13,KW,Kuwait,EMRO,2972,625461,6,2550,622911
2022-03-20,KW,Kuwait,EMRO,1682,627143,3,2553,624590
2022-03-27,KW,Kuwait,EMRO,1317,628460,0,2553,625907
2022-04-03,KW,Kuwait,EMRO,1065,629525,1,2554,626971
2022-04-10,KW,Kuwait,EMRO,797,630322,1,2555,627767
2022-04-17,KW,Kuwait,EMRO,624,630946,0,2555,628391
2022-04-24,KW,Kuwait,EMRO,463,631409,0,2555,628854
2022-05-01,KW,Kuwait,EMRO,319,631728,0,2555,629173
2022-05-08,KW,Kuwait,EMRO,201,631929,0,2555,629374
2022-05-15,KW,Kuwait,EMRO,440,632369,0,2555,629814
2022-05-22,KW,Kuwait,EMRO,412,632781,0,2555,630226
2022-05-29,KW,Kuwait,EMRO,535,633316,0,2555,630761
2022-06-05,KW,Kuwait,EMRO,851,634167,0,2555,631612
2022-06-12,KW,Kuwait,EMRO,1701,635868,0,2555,633313
2022-06-19,KW,Kuwait,EMRO,2840,638708,0,2555,636153
2022-06-26,KW,Kuwait,EMRO,3277,641985,0,2555,639430
2022-07-03,KW,Kuwait,EMRO,3130,645115,0,2555,642560
2022-07-10,KW,Kuwait,EMRO,2820,647935,1,2556,645379
2022-07-17,KW,Kuwait,EMRO,2150,650085,2,2558,647527
2022-07-24,KW,Kuwait,EMRO,2935,653020,1,2559,650461
2022-07-31,KW,Kuwait,EMRO,1651,654671,3,2562,652109
2022-08-07,KW,Kuwait,EMRO,1061,655732,0,2562,653170
2022-08-14,KW,Kuwait,EMRO,724,656456,1,2563,653893
2022-08-21,KW,Kuwait,EMRO,586,657042,0,2563,654479
2022-08-28,KW,Kuwait,EMRO,353,657395,0,2563,654832
2022-09-04,KW,Kuwait,EMRO,350,657745,0,2563,655182
2022-09-11,KW,Kuwait,EMRO,396,658141,0,2563,655578
2022-09-18,KW,Kuwait,EMRO,576,658717,0,2563,656154
2022-09-25,KW,Kuwait,EMRO,627,659344,0,2563,656781
2022-10-02,KW,Kuwait,EMRO,579,659923,1,2564,657359
2022-10-09,KW,Kuwait,EMRO,744,660667,0,2564,658103
2022-10-16,KW,Kuwait,EMRO,666,661333,1,2565,658768
2022-10-23,KW,Kuwait,EMRO,454,661787,1,2566,659221
2022-10-30,KW,Kuwait,EMRO,336,662123,3,2569,659554
2022-11-06,KW,Kuwait,EMRO,236,662359,0,2569,659790
2022-11-13,KW,Kuwait,EMRO,165,662524,1,2570,659954
2022-11-20,KW,Kuwait,EMRO,107,662631,0,2570,660061
2022-11-27,KW,Kuwait,EMRO,96,662727,0,2570,660157
2022-12-04,KW,Kuwait,EMRO,61,662788,0,2570,660218
2022-12-11,KW,Kuwait,EMRO,70,662858,0,2570,660288
2022-12-18,KW,Kuwait,EMRO,0,662858,0,2570,660288
2022-12-25,KW,Kuwait,EMRO,60,662918,0,2570,660348
2023-01-01,KW,Kuwait,EMRO,52,662970,0,2570,660400
2023-01-08,KW,Kuwait,EMRO,48,663018,0,2570,660448
2023-01-15,KW,Kuwait,EMRO,63,663081,0,2570,660511
2023-01-22,KW,Kuwait,EMRO,65,663146,0,2570,660576
2023-01-29,KW,Kuwait,EMRO,0,663146,0,2570,660576
2023-02-05,KW,Kuwait,EMRO,0,663146,0,2570,660576
2023-02-12,KW,Kuwait,EMRO,128,663274,0,2570,660704
2023-02-19,KW,Kuwait,EMRO,182,663456,0,2570,660886
2023-02-26,KW,Kuwait,EMRO,0,663456,0,2570,660886
2023-03-05,KW,Kuwait,EMRO,403,663859,0,2570,661289
2023-03-12,KW,Kuwait,EMRO,543,664402,0,2570,661832
2023-03-19,KW,Kuwait,EMRO,370,664772,0,2570,662202
2023-03-26,KW,Kuwait,EMRO,350,665122,0,2570,662552
2023-04-02,KW,Kuwait,EMRO,264,665386,0,2570,662816
2023-04-09,KW,Kuwait,EMRO,141,665527,0,2570,662957
2023-04-16,KW,Kuwait,EMRO,118,665645,0,2570,663075
2023-04-23,KW,Kuwait,EMRO,96,665741,0,2570,663171
2023-04-30,KW,Kuwait,EMRO,61,665802,0,2570,663232
2023-05-07,KW,Kuwait,EMRO,49,665851,0,2570,663281
2023-05-14,KW,Kuwait,EMRO,34,665885,0,2570,663315
2023-05-21,KW,Kuwait,EMRO,24,665909,0,2570,663339
2023-05-28,KW,Kuwait,EMRO,22,665931,0,2570,663361
2023-06-04,KW,Kuwait,EMRO,11,665942,0,2570,663372
2023-06-11,KW,Kuwait,EMRO,13,665955,0,2570,663385
2023-06-18,KW,Kuwait,EMRO,12,665967,0,2570,663397
2023-06-25,KW,Kuwait,EMRO,7,665974,0,2570,663404
2023-07-02,KW,Kuwait,EMRO,8,665982,0,2570,663412
2023-07-09,KW,Kuwait,EMRO,23,666005,0,2570,663435
2023-07-16,KW,Kuwait,EMRO,6,666011,0,2570,663441
2023-07-23,KW,Kuwait,EMRO,0,666011,0,2570,663441
2023-07-30,KW,Kuwait,EMRO,0,666011,0,2570,663441
2023-08-06,KW,Kuwait,EMRO,10,666021,0,2570,663451
2023-08-13,KW,Kuwait,EMRO,22,666043,0,2570,663473
2023-08-20,KW,Kuwait,EMRO,38,666081,0,2570,663511
2023-08-27,KW,Kuwait,EMRO,42,666123,0,2570,663553
2023-09-03,KW,Kuwait,EMRO,30,666153,0,2570,663583
2023-09-10,KW,Kuwait,EMRO,53,666206,0,2570,663636
2023-09-17,KW,Kuwait,EMRO,78,666284,0,2570,663714
2023-09-24,KW,Kuwait,EMRO,0,666284,0,2570,663714
2023-10-01,KW,Kuwait,EMRO,49,666333,0,2570,663763
2023-10-08,KW,Kuwait,EMRO,58,666391,0,2570,663821
2023-10-15,KW,Kuwait,EMRO,41,666432,0,2570,663862
2023-10-22,KW,Kuwait,EMRO,28,666460,0,2570,663890
2023-10-29,KW,Kuwait,EMRO,26,666486,0,2570,663916
2023-11-05,KW,Kuwait,EMRO,15,666501,0,2570,663931
2023-11-12,KW,Kuwait,EMRO,11,666512,0,2570,663942
2023-11-19,KW,Kuwait,EMRO,8,666520,0,2570,663950
2023-11-26,KW,Kuwait,EMRO,9,666529,0,2570,663959
2023-12-03,KW,Kuwait,EMRO,9,666538,0,2570,663968
2023-12-10,KW,Kuwait,EMRO,13,666551,0,2570,663981
2023-12-17,KW,Kuwait,EMRO,0,666551,0,2570,663981
2023-12-24,KW,Kuwait,EMRO,35,666586,0,2570,664016
2023-12-31,KW,Kuwait,EMRO,0,666586,0,2570,664016
2024-01-07,KW,Kuwait,EMRO,67,666653,0,2570,664083
2024-01-14,KW,Kuwait,EMRO,103,666756,0,2570,664186
2024-01-21,KW,Kuwait,EMRO,120,666876,0,2570,664306
2024-01-28,KW,Kuwait,EMRO,84,666960,0,2570,664390
2024-02-04,KW,Kuwait,EMRO,66,667026,0,2570,664456
2024-02-11,KW,Kuwait,EMRO,68,667094,0,2570,664524
2024-02-18,KW,Kuwait,EMRO,45,667139,0,2570,664569
2024-02-25,KW,Kuwait,EMRO,19,667158,0,2570,664588
2024-03-03,KW,Kuwait,EMRO,19,667177,0,2570,664607
2024-03-10,KW,Kuwait,EMRO,19,667196,0,2570,664626
2024-03-17,KW,Kuwait,EMRO,7,667203,0,2570,664633
2024-03-24,KW,Kuwait,EMRO,20,667223,0,2570,664653
2024-03-31,KW,Kuwait,EMRO,0,667223,0,2570,664653
2024-04-07,KW,Kuwait,EMRO,8,667231,0,2570,664661
2024-04-14,KW,Kuwait,EMRO,0,667231,0,2570,664661
2024-04-21,KW,Kuwait,EMRO,27,667258,0,2570,664688
2024-04-28,KW,Kuwait,EMRO,32,667290,0,2570,664720
2024-05-05,KW,Kuwait,EMRO,0,667290,0,2570,664720
2024-05-12,KW,Kuwait,EMRO,0,667290,0,2570,664720
2024-05-19,KW,Kuwait,EMRO,0,667290,0,2570,664720
2024-05-26,KW,Kuwait,EMRO,0,667290,0,2570,664720
2024-06-02,KW,Kuwait,EMRO,0,667290,0,2570,664720
2024-06-09,KW,Kuwait,EMRO,0,667290,0,2570,664720
2024-06-16,KW,Kuwait,EMRO,0,667290,0,2570,664720
2024-06-23,KW,Kuwait,EMRO,0,667290,0,2570,664720
2024-06-30,KW,Kuwait,EMRO,0,667290,0,2570,664720
2024-07-07,KW,Kuwait,EMRO,0,667290,0,2570,664720
2024-07-14,KW,Kuwait,EMRO,0,667290,0,2570,664720
2024-07-21,KW,Kuwait,EMRO,0,667290,0,2570,664720
2024-07-28,KW,Kuwait,EMRO,0,667290,0,2570,664720
2024-08-04,KW,Kuwait,EMRO,0,667290,0,2570,664720
2024-08-11,KW,Kuwait,EMRO,0,667290,0,2570,664720
2024-08-18,KW,Kuwait,EMRO,0,667290,0,2570,664720
2024-08-25,KW,Kuwait,EMRO,0,667290,0,2570,664720
2024-09-01,KW,Kuwait,EMRO,0,667290,0,2570,664720
2024-09-08,KW,Kuwait,EMRO,0,667290,0,2570,664720
2024-09-15,KW,Kuwait,EMRO,0,667290,0,2570,664720
2024-09-22,KW,Kuwait,EMRO,0,667290,0,2570,664720
2024-09-29,KW,Kuwait,EMRO,0,667290,0,2570,664720
2024-10-06,KW,Kuwait,EMRO,0,667290,0,2570,664720
2024-10-13,KW,Kuwait,EMRO,0,667290,0,2570,664720
2024-10-20,KW,Kuwait,EMRO,0,667290,0,2570,664720
2024-10-27,KW,Kuwait,EMRO,0,667290,0,2570,664720
2024-11-03,KW,Kuwait,EMRO,0,667290,0,2570,664720
2024-11-10,KW,Kuwait,EMRO,0,667290,0,2570,664720
2024-11-17,KW,Kuwait,EMRO,0,667290,0,2570,664720
2020-01-05,KG,Kyrgyzstan,EURO,0,0,0,0,0
2020-01-12,KG,Kyrgyzstan,EURO,0,0,0,0,0
2020-01-19,KG,Kyrgyzstan,EURO,0,0,0,0,0
2020-01-26,KG,Kyrgyzstan,EURO,0,0,0,0,0
2020-02-02,KG,Kyrgyzstan,EURO,0,0,0,0,0
2020-02-09,KG,Kyrgyzstan,EURO,0,0,0,0,0
2020-02-16,KG,Kyrgyzstan,EURO,0,0,0,0,0
2020-02-23,KG,Kyrgyzstan,EURO,0,0,0,0,0
2020-03-01,KG,Kyrgyzstan,EURO,0,0,0,0,0
2020-03-08,KG,Kyrgyzstan,EURO,0,0,0,0,0
2020-03-15,KG,Kyrgyzstan,EURO,0,0,0,0,0
2020-03-22,KG,Kyrgyzstan,EURO,0,0,0,0,0
2020-03-29,KG,Kyrgyzstan,EURO,0,0,0,0,0
2020-04-05,KG,Kyrgyzstan,EURO,0,0,0,0,0
2020-04-12,KG,Kyrgyzstan,EURO,0,0,0,0,0
2020-04-19,KG,Kyrgyzstan,EURO,0,0,0,0,0
2020-04-26,KG,Kyrgyzstan,EURO,0,0,0,0,0
2020-05-03,KG,Kyrgyzstan,EURO,0,0,0,0,0
2020-05-10,KG,Kyrgyzstan,EURO,0,0,0,0,0
2020-05-17,KG,Kyrgyzstan,EURO,0,0,0,0,0
2020-05-24,KG,Kyrgyzstan,EURO,0,0,0,0,0
2020-05-31,KG,Kyrgyzstan,EURO,0,0,0,0,0
2020-06-07,KG,Kyrgyzstan,EURO,0,0,0,0,0
2020-06-14,KG,Kyrgyzstan,EURO,0,0,0,0,0
2020-06-21,KG,Kyrgyzstan,EURO,0,0,0,0,0
2020-06-28,KG,Kyrgyzstan,EURO,0,0,0,0,0
2020-07-05,KG,Kyrgyzstan,EURO,0,0,0,0,0
2020-07-12,KG,Kyrgyzstan,EURO,0,0,0,0,0
2020-07-19,KG,Kyrgyzstan,EURO,0,0,0,0,0
2020-07-26,KG,Kyrgyzstan,EURO,0,0,0,0,0
2020-08-02,KG,Kyrgyzstan,EURO,0,0,0,0,0
2020-08-09,KG,Kyrgyzstan,EURO,0,0,0,0,0
2020-08-16,KG,Kyrgyzstan,EURO,0,0,0,0,0
2020-08-23,KG,Kyrgyzstan,EURO,0,0,0,0,0
2020-08-30,KG,Kyrgyzstan,EURO,0,0,0,0,0
2020-09-06,KG,Kyrgyzstan,EURO,0,0,0,0,0
2020-09-13,KG,Kyrgyzstan,EURO,0,0,0,0,0
2020-09-20,KG,Kyrgyzstan,EURO,0,0,0,0,0
2020-09-27,KG,Kyrgyzstan,EURO,0,0,0,0,0
2020-10-04,KG,Kyrgyzstan,EURO,0,0,0,0,0
2020-10-11,KG,Kyrgyzstan,EURO,0,0,0,0,0
2020-10-18,KG,Kyrgyzstan,EURO,0,0,0,0,0
2020-10-25,KG,Kyrgyzstan,EURO,0,0,0,0,0
2020-11-01,KG,Kyrgyzstan,EURO,0,0,0,0,0
2020-11-08,KG,Kyrgyzstan,EURO,0,0,0,0,0
2020-11-15,KG,Kyrgyzstan,EURO,0,0,0,0,0
2020-11-22,KG,Kyrgyzstan,EURO,0,0,0,0,0
2020-11-29,KG,Kyrgyzstan,EURO,0,0,0,0,0
2020-12-06,KG,Kyrgyzstan,EURO,0,0,0,0,0
2020-12-13,KG,Kyrgyzstan,EURO,0,0,0,0,0
2020-12-20,KG,Kyrgyzstan,EURO,0,0,0,0,0
2020-12-27,KG,Kyrgyzstan,EURO,0,0,0,0,0
2021-01-03,KG,Kyrgyzstan,EURO,0,0,0,0,0
2021-01-10,KG,Kyrgyzstan,EURO,0,0,0,0,0
2021-01-17,KG,Kyrgyzstan,EURO,0,0,0,0,0
2021-01-24,KG,Kyrgyzstan,EURO,0,0,0,0,0
2021-01-31,KG,Kyrgyzstan,EURO,0,0,0,0,0
2021-02-07,KG,Kyrgyzstan,EURO,0,0,0,0,0
2021-02-14,KG,Kyrgyzstan,EURO,0,0,0,0,0
2021-02-21,KG,Kyrgyzstan,EURO,0,0,0,0,0
2021-02-28,KG,Kyrgyzstan,EURO,0,0,0,0,0
2021-03-07,KG,Kyrgyzstan,EURO,0,0,0,0,0
2021-03-14,KG,Kyrgyzstan,EURO,0,0,0,0,0
2021-03-21,KG,Kyrgyzstan,EURO,0,0,0,0,0
2021-03-28,KG,Kyrgyzstan,EURO,0,0,0,0,0
2021-04-04,KG,Kyrgyzstan,EURO,0,0,0,0,0
2021-04-11,KG,Kyrgyzstan,EURO,0,0,0,0,0
2021-04-18,KG,Kyrgyzstan,EURO,0,0,0,0,0
2021-04-25,KG,Kyrgyzstan,EURO,0,0,0,0,0
2021-05-02,KG,Kyrgyzstan,EURO,0,0,0,0,0
2021-05-09,KG,Kyrgyzstan,EURO,0,0,0,0,0
2021-05-16,KG,Kyrgyzstan,EURO,0,0,0,0,0
2021-05-23,KG,Kyrgyzstan,EURO,0,0,0,0,0
2021-05-30,KG,Kyrgyzstan,EURO,0,0,0,0,0
2021-06-06,KG,Kyrgyzstan,EURO,0,0,0,0,0
2021-06-13,KG,Kyrgyzstan,EURO,0,0,0,0,0
2021-06-20,KG,Kyrgyzstan,EURO,0,0,0,0,0
2021-06-27,KG,Kyrgyzstan,EURO,6331,6331,45,45,6286
2021-07-04,KG,Kyrgyzstan,EURO,10124,16455,64,109,16346
2021-07-11,KG,Kyrgyzstan,EURO,8908,25363,67,176,25187
2021-07-18,KG,Kyrgyzstan,EURO,9338,34701,73,249,34452
2021-07-25,KG,Kyrgyzstan,EURO,7804,42505,75,324,42181
2021-08-01,KG,Kyrgyzstan,EURO,6623,49128,83,407,48721
2021-08-08,KG,Kyrgyzstan,EURO,4757,53885,63,470,53415
2021-08-15,KG,Kyrgyzstan,EURO,2827,56712,44,514,56198
2021-08-22,KG,Kyrgyzstan,EURO,1821,58533,38,552,57981
2021-08-29,KG,Kyrgyzstan,EURO,1441,59974,35,587,59387
2021-09-05,KG,Kyrgyzstan,EURO,993,60967,30,617,60350
2021-09-12,KG,Kyrgyzstan,EURO,644,61611,20,637,60974
2021-09-19,KG,Kyrgyzstan,EURO,554,62165,16,653,61512
2021-09-26,KG,Kyrgyzstan,EURO,537,62702,12,665,62037
2021-10-03,KG,Kyrgyzstan,EURO,466,63168,6,671,62497
2021-10-10,KG,Kyrgyzstan,EURO,553,63721,12,683,63038
2021-10-17,KG,Kyrgyzstan,EURO,577,64298,16,699,63599
2021-10-24,KG,Kyrgyzstan,EURO,716,65014,19,718,64296
2021-10-31,KG,Kyrgyzstan,EURO,698,65712,17,735,64977
2021-11-07,KG,Kyrgyzstan,EURO,555,66267,17,752,65515
2021-11-14,KG,Kyrgyzstan,EURO,543,66810,18,770,66040
2021-11-21,KG,Kyrgyzstan,EURO,459,67269,20,790,66479
2021-11-28,KG,Kyrgyzstan,EURO,401,67670,16,806,66864
2021-12-05,KG,Kyrgyzstan,EURO,364,68034,17,823,67211
2021-12-12,KG,Kyrgyzstan,EURO,342,68376,10,833,67543
2021-12-19,KG,Kyrgyzstan,EURO,227,68603,14,847,67756
2021-12-26,KG,Kyrgyzstan,EURO,288,68891,13,860,68031
2022-01-02,KG,Kyrgyzstan,EURO,321,69212,8,868,68344
2022-01-09,KG,Kyrgyzstan,EURO,1238,70450,14,882,69568
2022-01-16,KG,Kyrgyzstan,EURO,4403,74853,14,896,73957
2022-01-23,KG,Kyrgyzstan,EURO,5352,80205,18,914,79291
2022-01-30,KG,Kyrgyzstan,EURO,1,80206,0,914,79292
2022-02-06,KG,Kyrgyzstan,EURO,1203,81409,25,939,80470
2022-02-13,KG,Kyrgyzstan,EURO,547,81956,25,964,80992
2022-02-20,KG,Kyrgyzstan,EURO,271,82227,16,980,81247
2022-02-27,KG,Kyrgyzstan,EURO,163,82390,11,991,81399
2022-03-06,KG,Kyrgyzstan,EURO,141,82531,9,1000,81531
2022-03-13,KG,Kyrgyzstan,EURO,101,82632,7,1007,81625
2022-03-20,KG,Kyrgyzstan,EURO,76,82708,7,1014,81694
2022-03-27,KG,Kyrgyzstan,EURO,74,82782,4,1018,81764
2022-04-03,KG,Kyrgyzstan,EURO,76,82858,6,1024,81834
2022-04-10,KG,Kyrgyzstan,EURO,2,82860,0,1024,81836
2022-04-17,KG,Kyrgyzstan,EURO,10,82870,0,1024,81846
2022-04-24,KG,Kyrgyzstan,EURO,10,82880,0,1024,81856
2022-05-01,KG,Kyrgyzstan,EURO,3,82883,0,1024,81859
2022-05-08,KG,Kyrgyzstan,EURO,0,82883,0,1024,81859
2022-05-15,KG,Kyrgyzstan,EURO,3,82886,0,1024,81862
2022-05-22,KG,Kyrgyzstan,EURO,0,82886,0,1024,81862
2022-05-29,KG,Kyrgyzstan,EURO,5,82891,0,1024,81867
2022-06-05,KG,Kyrgyzstan,EURO,2,82893,0,1024,81869
2022-06-12,KG,Kyrgyzstan,EURO,12,82905,0,1024,81881
2022-06-19,KG,Kyrgyzstan,EURO,7,82912,0,1024,81888
2022-06-26,KG,Kyrgyzstan,EURO,29,82941,0,1024,81917
2022-07-03,KG,Kyrgyzstan,EURO,48,82989,0,1024,81965
2022-07-10,KG,Kyrgyzstan,EURO,114,83103,0,1024,82079
2022-07-17,KG,Kyrgyzstan,EURO,489,83592,0,1024,82568
2022-07-24,KG,Kyrgyzstan,EURO,981,84573,0,1024,83549
2022-07-31,KG,Kyrgyzstan,EURO,1091,85664,0,1024,84640
2022-08-07,KG,Kyrgyzstan,EURO,895,86559,0,1024,85535
2022-08-14,KG,Kyrgyzstan,EURO,527,87086,0,1024,86062
2022-08-21,KG,Kyrgyzstan,EURO,339,87425,0,1024,86401
2022-08-28,KG,Kyrgyzstan,EURO,179,87604,0,1024,86580
2022-09-04,KG,Kyrgyzstan,EURO,119,87723,0,1024,86699
2022-09-11,KG,Kyrgyzstan,EURO,85,87808,0,1024,86784
2022-09-18,KG,Kyrgyzstan,EURO,78,87886,0,1024,86862
2022-09-25,KG,Kyrgyzstan,EURO,85,87971,0,1024,86947
2022-10-02,KG,Kyrgyzstan,EURO,77,88048,0,1024,87024
2022-10-09,KG,Kyrgyzstan,EURO,90,88138,0,1024,87114
2022-10-16,KG,Kyrgyzstan,EURO,84,88222,0,1024,87198
2022-10-23,KG,Kyrgyzstan,EURO,65,88287,0,1024,87263
2022-10-30,KG,Kyrgyzstan,EURO,53,88340,0,1024,87316
2022-11-06,KG,Kyrgyzstan,EURO,13,88353,0,1024,87329
2022-11-13,KG,Kyrgyzstan,EURO,19,88372,0,1024,87348
2022-11-20,KG,Kyrgyzstan,EURO,28,88400,0,1024,87376
2022-11-27,KG,Kyrgyzstan,EURO,19,88419,0,1024,87395
2022-12-04,KG,Kyrgyzstan,EURO,12,88431,0,1024,87407
2022-12-11,KG,Kyrgyzstan,EURO,10,88441,0,1024,87417
2022-12-18,KG,Kyrgyzstan,EURO,4,88445,0,1024,87421
2022-12-25,KG,Kyrgyzstan,EURO,10,88455,0,1024,87431
2023-01-01,KG,Kyrgyzstan,EURO,12,88467,0,1024,87443
2023-01-08,KG,Kyrgyzstan,EURO,6,88473,0,1024,87449
2023-01-15,KG,Kyrgyzstan,EURO,2,88475,0,1024,87451
2023-01-22,KG,Kyrgyzstan,EURO,3,88478,0,1024,87454
2023-01-29,KG,Kyrgyzstan,EURO,1,88479,0,1024,87455
2023-02-05,KG,Kyrgyzstan,EURO,7,88486,0,1024,87462
2023-02-12,KG,Kyrgyzstan,EURO,12,88498,0,1024,87474
2023-02-19,KG,Kyrgyzstan,EURO,22,88520,0,1024,87496
2023-02-26,KG,Kyrgyzstan,EURO,40,88560,0,1024,87536
2023-03-05,KG,Kyrgyzstan,EURO,35,88595,0,1024,87571
2023-03-12,KG,Kyrgyzstan,EURO,32,88627,0,1024,87603
2023-03-19,KG,Kyrgyzstan,EURO,29,88656,0,1024,87632
2023-03-26,KG,Kyrgyzstan,EURO,36,88692,0,1024,87668
2023-04-02,KG,Kyrgyzstan,EURO,27,88719,0,1024,87695
2023-04-09,KG,Kyrgyzstan,EURO,17,88736,0,1024,87712
2023-04-16,KG,Kyrgyzstan,EURO,17,88753,0,1024,87729
2023-04-23,KG,Kyrgyzstan,EURO,10,88763,0,1024,87739
2023-04-30,KG,Kyrgyzstan,EURO,12,88775,0,1024,87751
2023-05-07,KG,Kyrgyzstan,EURO,1,88776,0,1024,87752
2023-05-14,KG,Kyrgyzstan,EURO,1,88777,0,1024,87753
2023-05-21,KG,Kyrgyzstan,EURO,2,88779,0,1024,87755
2023-05-28,KG,Kyrgyzstan,EURO,5,88784,0,1024,87760
2023-06-04,KG,Kyrgyzstan,EURO,2,88786,0,1024,87762
2023-06-11,KG,Kyrgyzstan,EURO,3,88789,0,1024,87765
2023-06-18,KG,Kyrgyzstan,EURO,4,88793,0,1024,87769
2023-06-25,KG,Kyrgyzstan,EURO,8,88801,0,1024,87777
2023-07-02,KG,Kyrgyzstan,EURO,2,88803,0,1024,87779
2023-07-09,KG,Kyrgyzstan,EURO,5,88808,0,1024,87784
2023-07-16,KG,Kyrgyzstan,EURO,5,88813,0,1024,87789
2023-07-23,KG,Kyrgyzstan,EURO,2,88815,0,1024,87791
2023-07-30,KG,Kyrgyzstan,EURO,8,88823,0,1024,87799
2023-08-06,KG,Kyrgyzstan,EURO,4,88827,0,1024,87803
2023-08-13,KG,Kyrgyzstan,EURO,4,88831,0,1024,87807
2023-08-20,KG,Kyrgyzstan,EURO,11,88842,0,1024,87818
2023-08-27,KG,Kyrgyzstan,EURO,9,88851,0,1024,87827
2023-09-03,KG,Kyrgyzstan,EURO,7,88858,0,1024,87834
2023-09-10,KG,Kyrgyzstan,EURO,9,88867,0,1024,87843
2023-09-17,KG,Kyrgyzstan,EURO,9,88876,0,1024,87852
2023-09-24,KG,Kyrgyzstan,EURO,13,88889,0,1024,87865
2023-10-01,KG,Kyrgyzstan,EURO,11,88900,0,1024,87876
2023-10-08,KG,Kyrgyzstan,EURO,5,88905,0,1024,87881
2023-10-15,KG,Kyrgyzstan,EURO,3,88908,0,1024,87884
2023-10-22,KG,Kyrgyzstan,EURO,9,88917,0,1024,87893
2023-10-29,KG,Kyrgyzstan,EURO,7,88924,0,1024,87900
2023-11-05,KG,Kyrgyzstan,EURO,0,88924,0,1024,87900
2023-11-12,KG,Kyrgyzstan,EURO,2,88926,0,1024,87902
2023-11-19,KG,Kyrgyzstan,EURO,1,88927,0,1024,87903
2023-11-26,KG,Kyrgyzstan,EURO,4,88931,0,1024,87907
2023-12-03,KG,Kyrgyzstan,EURO,1,88932,0,1024,87908
2023-12-10,KG,Kyrgyzstan,EURO,0,88932,0,1024,87908
2023-12-17,KG,Kyrgyzstan,EURO,2,88934,0,1024,87910
2023-12-24,KG,Kyrgyzstan,EURO,3,88937,0,1024,87913
2023-12-31,KG,Kyrgyzstan,EURO,6,88943,0,1024,87919
2024-01-07,KG,Kyrgyzstan,EURO,1,88944,0,1024,87920
2024-01-14,KG,Kyrgyzstan,EURO,4,88948,0,1024,87924
2024-01-21,KG,Kyrgyzstan,EURO,5,88953,0,1024,87929
2024-01-28,KG,Kyrgyzstan,EURO,0,88953,0,1024,87929
2024-02-04,KG,Kyrgyzstan,EURO,0,88953,0,1024,87929
2024-02-11,KG,Kyrgyzstan,EURO,0,88953,0,1024,87929
2024-02-18,KG,Kyrgyzstan,EURO,0,88953,0,1024,87929
2024-02-25,KG,Kyrgyzstan,EURO,0,88953,0,1024,87929
2024-03-03,KG,Kyrgyzstan,EURO,0,88953,0,1024,87929
2024-03-10,KG,Kyrgyzstan,EURO,0,88953,0,1024,87929
2024-03-17,KG,Kyrgyzstan,EURO,0,88953,0,1024,87929
2024-03-24,KG,Kyrgyzstan,EURO,0,88953,0,1024,87929
2024-03-31,KG,Kyrgyzstan,EURO,0,88953,0,1024,87929
2024-04-07,KG,Kyrgyzstan,EURO,0,88953,0,1024,87929
2024-04-14,KG,Kyrgyzstan,EURO,0,88953,0,1024,87929
2024-04-21,KG,Kyrgyzstan,EURO,0,88953,0,1024,87929
2024-04-28,KG,Kyrgyzstan,EURO,0,88953,0,1024,87929
2024-05-05,KG,Kyrgyzstan,EURO,0,88953,0,1024,87929
2024-05-12,KG,Kyrgyzstan,EURO,0,88953,0,1024,87929
2024-05-19,KG,Kyrgyzstan,EURO,0,88953,0,1024,87929
2024-05-26,KG,Kyrgyzstan,EURO,0,88953,0,1024,87929
2024-06-02,KG,Kyrgyzstan,EURO,0,88953,0,1024,87929
2024-06-09,KG,Kyrgyzstan,EURO,0,88953,0,1024,87929
2024-06-16,KG,Kyrgyzstan,EURO,0,88953,0,1024,87929
2024-06-23,KG,Kyrgyzstan,EURO,0,88953,0,1024,87929
2024-06-30,KG,Kyrgyzstan,EURO,0,88953,0,1024,87929
2024-07-07,KG,Kyrgyzstan,EURO,0,88953,0,1024,87929
2024-07-14,KG,Kyrgyzstan,EURO,0,88953,0,1024,87929
2024-07-21,KG,Kyrgyzstan,EURO,0,88953,0,1024,87929
2024-07-28,KG,Kyrgyzstan,EURO,0,88953,0,1024,87929
2024-08-04,KG,Kyrgyzstan,EURO,0,88953,0,1024,87929
2024-08-11,KG,Kyrgyzstan,EURO,0,88953,0,1024,87929
2024-08-18,KG,Kyrgyzstan,EURO,0,88953,0,1024,87929
2024-08-25,KG,Kyrgyzstan,EURO,0,88953,0,1024,87929
2024-09-01,KG,Kyrgyzstan,EURO,0,88953,0,1024,87929
2024-09-08,KG,Kyrgyzstan,EURO,0,88953,0,1024,87929
2024-09-15,KG,Kyrgyzstan,EURO,0,88953,0,1024,87929
2024-09-22,KG,Kyrgyzstan,EURO,0,88953,0,1024,87929
2024-09-29,KG,Kyrgyzstan,EURO,0,88953,0,1024,87929
2024-10-06,KG,Kyrgyzstan,EURO,0,88953,0,1024,87929
2024-10-13,KG,Kyrgyzstan,EURO,0,88953,0,1024,87929
2024-10-20,KG,Kyrgyzstan,EURO,0,88953,0,1024,87929
2024-10-27,KG,Kyrgyzstan,EURO,0,88953,0,1024,87929
2024-11-03,KG,Kyrgyzstan,EURO,0,88953,0,1024,87929
2024-11-10,KG,Kyrgyzstan,EURO,0,88953,0,1024,87929
2024-11-17,KG,Kyrgyzstan,EURO,0,88953,0,1024,87929
2020-01-05,LA,Lao People's Democratic Republic,WPRO,0,0,0,0,0
2020-01-12,LA,Lao People's Democratic Republic,WPRO,0,0,0,0,0
2020-01-19,LA,Lao People's Democratic Republic,WPRO,0,0,0,0,0
2020-01-26,LA,Lao People's Democratic Republic,WPRO,0,0,0,0,0
2020-02-02,LA,Lao People's Democratic Republic,WPRO,0,0,0,0,0
2020-02-09,LA,Lao People's Democratic Republic,WPRO,0,0,0,0,0
2020-02-16,LA,Lao People's Democratic Republic,WPRO,0,0,0,0,0
2020-02-23,LA,Lao People's Democratic Republic,WPRO,0,0,0,0,0
2020-03-01,LA,Lao People's Democratic Republic,WPRO,0,0,0,0,0
2020-03-08,LA,Lao People's Democratic Republic,WPRO,0,0,0,0,0
2020-03-15,LA,Lao People's Democratic Republic,WPRO,0,0,0,0,0
2020-03-22,LA,Lao People's Democratic Republic,WPRO,0,0,0,0,0
2020-03-29,LA,Lao People's Democratic Republic,WPRO,6,6,0,0,6
2020-04-05,LA,Lao People's Democratic Republic,WPRO,4,10,0,0,10
2020-04-12,LA,Lao People's Democratic Republic,WPRO,6,16,0,0,16
2020-04-19,LA,Lao People's Democratic Republic,WPRO,3,19,0,0,19
2020-04-26,LA,Lao People's Democratic Republic,WPRO,0,19,0,0,19
2020-05-03,LA,Lao People's Democratic Republic,WPRO,0,19,0,0,19
2020-05-10,LA,Lao People's Democratic Republic,WPRO,0,19,0,0,19
2020-05-17,LA,Lao People's Democratic Republic,WPRO,0,19,0,0,19
2020-05-24,LA,Lao People's Democratic Republic,WPRO,0,19,0,0,19
2020-05-31,LA,Lao People's Democratic Republic,WPRO,0,19,0,0,19
2020-06-07,LA,Lao People's Democratic Republic,WPRO,0,19,0,0,19
2020-06-14,LA,Lao People's Democratic Republic,WPRO,0,19,0,0,19
2020-06-21,LA,Lao People's Democratic Republic,WPRO,0,19,0,0,19
2020-06-28,LA,Lao People's Democratic Republic,WPRO,0,19,0,0,19
2020-07-05,LA,Lao People's Democratic Republic,WPRO,0,19,0,0,19
2020-07-12,LA,Lao People's Democratic Republic,WPRO,0,19,0,0,19
2020-07-19,LA,Lao People's Democratic Republic,WPRO,0,19,0,0,19
2020-07-26,LA,Lao People's Democratic Republic,WPRO,1,20,0,0,20
2020-08-02,LA,Lao People's Democratic Republic,WPRO,0,20,0,0,20
2020-08-09,LA,Lao People's Democratic Republic,WPRO,0,20,0,0,20
2020-08-16,LA,Lao People's Democratic Republic,WPRO,2,22,0,0,22
2020-08-23,LA,Lao People's Democratic Republic,WPRO,0,22,0,0,22
2020-08-30,LA,Lao People's Democratic Republic,WPRO,0,22,0,0,22
2020-09-06,LA,Lao People's Democratic Republic,WPRO,0,22,0,0,22
2020-09-13,LA,Lao People's Democratic Republic,WPRO,1,23,0,0,23
2020-09-20,LA,Lao People's Democratic Republic,WPRO,0,23,0,0,23
2020-09-27,LA,Lao People's Democratic Republic,WPRO,0,23,0,0,23
2020-10-04,LA,Lao People's Democratic Republic,WPRO,0,23,0,0,23
2020-10-11,LA,Lao People's Democratic Republic,WPRO,0,23,0,0,23
2020-10-18,LA,Lao People's Democratic Republic,WPRO,0,23,0,0,23
2020-10-25,LA,Lao People's Democratic Republic,WPRO,1,24,0,0,24
2020-11-01,LA,Lao People's Democratic Republic,WPRO,0,24,0,0,24
2020-11-08,LA,Lao People's Democratic Republic,WPRO,0,24,0,0,24
2020-11-15,LA,Lao People's Democratic Republic,WPRO,0,24,0,0,24
2020-11-22,LA,Lao People's Democratic Republic,WPRO,1,25,0,0,25
2020-11-29,LA,Lao People's Democratic Republic,WPRO,14,39,0,0,39
2020-12-06,LA,Lao People's Democratic Republic,WPRO,0,39,0,0,39
2020-12-13,LA,Lao People's Democratic Republic,WPRO,2,41,0,0,41
2020-12-20,LA,Lao People's Democratic Republic,WPRO,0,41,0,0,41
2020-12-27,LA,Lao People's Democratic Republic,WPRO,0,41,0,0,41
2021-01-03,LA,Lao People's Democratic Republic,WPRO,0,41,0,0,41
2021-01-10,LA,Lao People's Democratic Republic,WPRO,0,41,0,0,41
2021-01-17,LA,Lao People's Democratic Republic,WPRO,0,41,0,0,41
2021-01-24,LA,Lao People's Democratic Republic,WPRO,2,43,0,0,43
2021-01-31,LA,Lao People's Democratic Republic,WPRO,1,44,0,0,44
2021-02-07,LA,Lao People's Democratic Republic,WPRO,1,45,0,0,45
2021-02-14,LA,Lao People's Democratic Republic,WPRO,0,45,0,0,45
2021-02-21,LA,Lao People's Democratic Republic,WPRO,0,45,0,0,45
2021-02-28,LA,Lao People's Democratic Republic,WPRO,0,45,0,0,45
2021-03-07,LA,Lao People's Democratic Republic,WPRO,2,47,0,0,47
2021-03-14,LA,Lao People's Democratic Republic,WPRO,2,49,0,0,49
2021-03-21,LA,Lao People's Democratic Republic,WPRO,0,49,0,0,49
2021-03-28,LA,Lao People's Democratic Republic,WPRO,0,49,0,0,49
2021-04-04,LA,Lao People's Democratic Republic,WPRO,0,49,0,0,49
2021-04-11,LA,Lao People's Democratic Republic,WPRO,2,51,0,0,51
2021-04-18,LA,Lao People's Democratic Republic,WPRO,7,58,0,0,58
2021-04-25,LA,Lao People's Democratic Republic,WPRO,254,312,0,0,312
2021-05-02,LA,Lao People's Democratic Republic,WPRO,568,880,0,0,880
2021-05-09,LA,Lao People's Democratic Republic,WPRO,362,1242,1,1,1241
2021-05-16,LA,Lao People's Democratic Republic,WPRO,289,1531,1,2,1529
2021-05-23,LA,Lao People's Democratic Republic,WPRO,210,1741,0,2,1739
2021-05-30,LA,Lao People's Democratic Republic,WPRO,110,1851,1,3,1848
2021-06-06,LA,Lao People's Democratic Republic,WPRO,52,1903,0,3,1900
2021-06-13,LA,Lao People's Democratic Republic,WPRO,33,1936,0,3,1933
2021-06-20,LA,Lao People's Democratic Republic,WPRO,57,1993,0,3,1990
2021-06-27,LA,Lao People's Democratic Republic,WPRO,57,2050,0,3,2047
2021-07-04,LA,Lao People's Democratic Republic,WPRO,194,2244,0,3,2241
2021-07-11,LA,Lao People's Democratic Republic,WPRO,475,2719,0,3,2716
2021-07-18,LA,Lao People's Democratic Republic,WPRO,707,3426,2,5,3421
2021-07-25,LA,Lao People's Democratic Republic,WPRO,1336,4762,0,5,4757
2021-08-01,LA,Lao People's Democratic Republic,WPRO,1804,6566,2,7,6559
2021-08-08,LA,Lao People's Democratic Republic,WPRO,1825,8391,1,8,8383
2021-08-15,LA,Lao People's Democratic Republic,WPRO,1701,10092,1,9,10083
2021-08-22,LA,Lao People's Democratic Republic,WPRO,2377,12469,2,11,12458
2021-08-29,LA,Lao People's Democratic Republic,WPRO,2172,14641,1,12,14629
2021-09-05,LA,Lao People's Democratic Republic,WPRO,1292,15933,4,16,15917
2021-09-12,LA,Lao People's Democratic Republic,WPRO,1424,17357,0,16,17341
2021-09-19,LA,Lao People's Democratic Republic,WPRO,1828,19185,0,16,19169
2021-09-26,LA,Lao People's Democratic Republic,WPRO,2634,21819,0,16,21803
2021-10-03,LA,Lao People's Democratic Republic,WPRO,3398,25217,6,22,25195
2021-10-10,LA,Lao People's Democratic Republic,WPRO,3323,28540,4,26,28514
2021-10-17,LA,Lao People's Democratic Republic,WPRO,3489,32029,14,40,31989
2021-10-24,LA,Lao People's Democratic Republic,WPRO,3604,35633,12,52,35581
2021-10-31,LA,Lao People's Democratic Republic,WPRO,4638,40271,13,65,40206
2021-11-07,LA,Lao People's Democratic Republic,WPRO,6785,47056,17,82,46974
2021-11-14,LA,Lao People's Democratic Republic,WPRO,7136,54192,17,99,54093
2021-11-21,LA,Lao People's Democratic Republic,WPRO,7968,62160,33,132,62028
2021-11-28,LA,Lao People's Democratic Republic,WPRO,9358,71518,27,159,71359
2021-12-05,LA,Lao People's Democratic Republic,WPRO,8315,79833,48,207,79626
2021-12-12,LA,Lao People's Democratic Republic,WPRO,9487,89320,40,247,89073
2021-12-19,LA,Lao People's Democratic Republic,WPRO,9252,98572,26,273,98299
2021-12-26,LA,Lao People's Democratic Republic,WPRO,7659,106231,52,325,105906
2022-01-02,LA,Lao People's Democratic Republic,WPRO,6536,112767,55,380,112387
2022-01-09,LA,Lao People's Democratic Republic,WPRO,6113,118880,57,437,118443
2022-01-16,LA,Lao People's Democratic Republic,WPRO,5851,124731,58,495,124236
2022-01-23,LA,Lao People's Democratic Republic,WPRO,5222,129953,31,526,129427
2022-01-30,LA,Lao People's Democratic Republic,WPRO,3571,133524,18,544,132980
2022-02-06,LA,Lao People's Democratic Republic,WPRO,2914,136438,30,574,135864
2022-02-13,LA,Lao People's Democratic Republic,WPRO,2590,139028,20,594,138434
2022-02-20,LA,Lao People's Democratic Republic,WPRO,2055,141083,16,610,140473
2022-02-27,LA,Lao People's Democratic Republic,WPRO,1526,142609,11,621,141988
2022-03-06,LA,Lao People's Democratic Republic,WPRO,1546,144155,8,629,143526
2022-03-13,LA,Lao People's Democratic Republic,WPRO,2173,146328,11,640,145688
2022-03-20,LA,Lao People's Democratic Republic,WPRO,6629,152957,5,645,152312
2022-03-27,LA,Lao People's Democratic Republic,WPRO,15036,167993,16,661,167332
2022-04-03,LA,Lao People's Democratic Republic,WPRO,15567,183560,10,671,182889
2022-04-10,LA,Lao People's Democratic Republic,WPRO,11905,195465,0,671,194794
2022-04-17,LA,Lao People's Democratic Republic,WPRO,4725,200190,0,671,199519
2022-04-24,LA,Lao People's Democratic Republic,WPRO,5080,205270,0,671,204599
2022-05-01,LA,Lao People's Democratic Republic,WPRO,2338,207608,0,671,206937
2022-05-08,LA,Lao People's Democratic Republic,WPRO,1221,208829,0,671,208158
2022-05-15,LA,Lao People's Democratic Republic,WPRO,605,209434,0,671,208763
2022-05-22,LA,Lao People's Democratic Republic,WPRO,294,209728,0,671,209057
2022-05-29,LA,Lao People's Democratic Republic,WPRO,237,209965,0,671,209294
2022-06-05,LA,Lao People's Democratic Republic,WPRO,116,210081,0,671,209410
2022-06-12,LA,Lao People's Democratic Republic,WPRO,66,210147,0,671,209476
2022-06-19,LA,Lao People's Democratic Republic,WPRO,56,210203,0,671,209532
2022-06-26,LA,Lao People's Democratic Republic,WPRO,44,210247,0,671,209576
2022-07-03,LA,Lao People's Democratic Republic,WPRO,59,210306,0,671,209635
2022-07-10,LA,Lao People's Democratic Republic,WPRO,55,210361,0,671,209690
2022-07-17,LA,Lao People's Democratic Republic,WPRO,149,210510,0,671,209839
2022-07-24,LA,Lao People's Democratic Republic,WPRO,256,210766,0,671,210095
2022-07-31,LA,Lao People's Democratic Republic,WPRO,426,211192,0,671,210521
2022-08-07,LA,Lao People's Democratic Republic,WPRO,579,211771,0,671,211100
2022-08-14,LA,Lao People's Democratic Republic,WPRO,552,212323,0,671,211652
2022-08-21,LA,Lao People's Democratic Republic,WPRO,834,213157,0,671,212486
2022-08-28,LA,Lao People's Democratic Republic,WPRO,581,213738,0,671,213067
2022-09-04,LA,Lao People's Democratic Republic,WPRO,619,214357,0,671,213686
2022-09-11,LA,Lao People's Democratic Republic,WPRO,540,214897,0,671,214226
2022-09-18,LA,Lao People's Democratic Republic,WPRO,494,215391,0,671,214720
2022-09-25,LA,Lao People's Democratic Republic,WPRO,300,215691,0,671,215020
2022-10-02,LA,Lao People's Democratic Republic,WPRO,169,215860,0,671,215189
2022-10-09,LA,Lao People's Democratic Republic,WPRO,133,215993,0,671,215322
2022-10-16,LA,Lao People's Democratic Republic,WPRO,95,216088,0,671,215417
2022-10-23,LA,Lao People's Democratic Republic,WPRO,85,216173,0,671,215502
2022-10-30,LA,Lao People's Democratic Republic,WPRO,56,216229,0,671,215558
2022-11-06,LA,Lao People's Democratic Republic,WPRO,48,216277,0,671,215606
2022-11-13,LA,Lao People's Democratic Republic,WPRO,78,216355,0,671,215684
2022-11-20,LA,Lao People's Democratic Republic,WPRO,105,216460,0,671,215789
2022-11-27,LA,Lao People's Democratic Republic,WPRO,132,216592,0,671,215921
2022-12-04,LA,Lao People's Democratic Republic,WPRO,218,216810,0,671,216139
2022-12-11,LA,Lao People's Democratic Republic,WPRO,335,217145,0,671,216474
2022-12-18,LA,Lao People's Democratic Republic,WPRO,267,217412,0,671,216741
2022-12-25,LA,Lao People's Democratic Republic,WPRO,230,217642,0,671,216971
2023-01-01,LA,Lao People's Democratic Republic,WPRO,152,217794,0,671,217123
2023-01-08,LA,Lao People's Democratic Republic,WPRO,63,217857,0,671,217186
2023-01-15,LA,Lao People's Democratic Republic,WPRO,70,217927,0,671,217256
2023-01-22,LA,Lao People's Democratic Republic,WPRO,15,217942,0,671,217271
2023-01-29,LA,Lao People's Democratic Republic,WPRO,20,217962,0,671,217291
2023-02-05,LA,Lao People's Democratic Republic,WPRO,25,217987,0,671,217316
2023-02-12,LA,Lao People's Democratic Republic,WPRO,10,217997,0,671,217326
2023-02-19,LA,Lao People's Democratic Republic,WPRO,9,218006,0,671,217335
2023-02-26,LA,Lao People's Democratic Republic,WPRO,8,218014,0,671,217343
2023-03-05,LA,Lao People's Democratic Republic,WPRO,5,218019,0,671,217348
2023-03-12,LA,Lao People's Democratic Republic,WPRO,4,218023,0,671,217352
2023-03-19,LA,Lao People's Democratic Republic,WPRO,3,218026,0,671,217355
2023-03-26,LA,Lao People's Democratic Republic,WPRO,7,218033,0,671,217362
2023-04-02,LA,Lao People's Democratic Republic,WPRO,4,218037,0,671,217366
2023-04-09,LA,Lao People's Democratic Republic,WPRO,0,218037,0,671,217366
2023-04-16,LA,Lao People's Democratic Republic,WPRO,11,218048,0,671,217377
2023-04-23,LA,Lao People's Democratic Republic,WPRO,21,218069,0,671,217398
2023-04-30,LA,Lao People's Democratic Republic,WPRO,8,218077,0,671,217406
2023-05-07,LA,Lao People's Democratic Republic,WPRO,8,218085,0,671,217414
2023-05-14,LA,Lao People's Democratic Republic,WPRO,13,218098,0,671,217427
2023-05-21,LA,Lao People's Democratic Republic,WPRO,95,218193,0,671,217522
2023-05-28,LA,Lao People's Democratic Republic,WPRO,32,218225,0,671,217554
2023-06-04,LA,Lao People's Democratic Republic,WPRO,37,218262,0,671,217591
2023-06-11,LA,Lao People's Democratic Republic,WPRO,57,218319,0,671,217648
2023-06-18,LA,Lao People's Democratic Republic,WPRO,48,218367,0,671,217696
2023-06-25,LA,Lao People's Democratic Republic,WPRO,52,218419,0,671,217748
2023-07-02,LA,Lao People's Democratic Republic,WPRO,66,218485,0,671,217814
2023-07-09,LA,Lao People's Democratic Republic,WPRO,84,218569,0,671,217898
2023-07-16,LA,Lao People's Democratic Republic,WPRO,78,218647,0,671,217976
2023-07-23,LA,Lao People's Democratic Republic,WPRO,55,218702,0,671,218031
2023-07-30,LA,Lao People's Democratic Republic,WPRO,37,218739,0,671,218068
2023-08-06,LA,Lao People's Democratic Republic,WPRO,23,218762,0,671,218091
2023-08-13,LA,Lao People's Democratic Republic,WPRO,15,218777,0,671,218106
2023-08-20,LA,Lao People's Democratic Republic,WPRO,16,218793,0,671,218122
2023-08-27,LA,Lao People's Democratic Republic,WPRO,12,218805,0,671,218134
2023-09-03,LA,Lao People's Democratic Republic,WPRO,11,218816,0,671,218145
2023-09-10,LA,Lao People's Democratic Republic,WPRO,21,218837,0,671,218166
2023-09-17,LA,Lao People's Democratic Republic,WPRO,16,218853,0,671,218182
2023-09-24,LA,Lao People's Democratic Republic,WPRO,11,218864,0,671,218193
2023-10-01,LA,Lao People's Democratic Republic,WPRO,6,218870,0,671,218199
2023-10-08,LA,Lao People's Democratic Republic,WPRO,6,218876,0,671,218205
2023-10-15,LA,Lao People's Democratic Republic,WPRO,0,218876,0,671,218205
2023-10-22,LA,Lao People's Democratic Republic,WPRO,9,218885,0,671,218214
2023-10-29,LA,Lao People's Democratic Republic,WPRO,6,218891,0,671,218220
2023-11-05,LA,Lao People's Democratic Republic,WPRO,0,218891,0,671,218220
2023-11-12,LA,Lao People's Democratic Republic,WPRO,3,218894,0,671,218223
2023-11-19,LA,Lao People's Democratic Republic,WPRO,2,218896,0,671,218225
2023-11-26,LA,Lao People's Democratic Republic,WPRO,2,218898,0,671,218227
2023-12-03,LA,Lao People's Democratic Republic,WPRO,3,218901,0,671,218230
2023-12-10,LA,Lao People's Democratic Republic,WPRO,0,218901,0,671,218230
2023-12-17,LA,Lao People's Democratic Republic,WPRO,2,218903,0,671,218232
2023-12-24,LA,Lao People's Democratic Republic,WPRO,3,218906,0,671,218235
2023-12-31,LA,Lao People's Democratic Republic,WPRO,0,218906,0,671,218235
2024-01-07,LA,Lao People's Democratic Republic,WPRO,0,218906,0,671,218235
2024-01-14,LA,Lao People's Democratic Republic,WPRO,2,218908,0,671,218237
2024-01-21,LA,Lao People's Democratic Republic,WPRO,5,218913,0,671,218242
2024-01-28,LA,Lao People's Democratic Republic,WPRO,1,218914,0,671,218243
2024-02-04,LA,Lao People's Democratic Republic,WPRO,3,218917,0,671,218246
2024-02-11,LA,Lao People's Democratic Republic,WPRO,7,218924,0,671,218253
2024-02-18,LA,Lao People's Democratic Republic,WPRO,7,218931,0,671,218260
2024-02-25,LA,Lao People's Democratic Republic,WPRO,9,218940,0,671,218269
2024-03-03,LA,Lao People's Democratic Republic,WPRO,8,218948,0,671,218277
2024-03-10,LA,Lao People's Democratic Republic,WPRO,3,218951,0,671,218280
2024-03-17,LA,Lao People's Democratic Republic,WPRO,4,218955,0,671,218284
2024-03-24,LA,Lao People's Democratic Republic,WPRO,3,218958,0,671,218287
2024-03-31,LA,Lao People's Democratic Republic,WPRO,4,218962,0,671,218291
2024-04-07,LA,Lao People's Democratic Republic,WPRO,5,218967,0,671,218296
2024-04-14,LA,Lao People's Democratic Republic,WPRO,56,219023,0,671,218352
2024-04-21,LA,Lao People's Democratic Republic,WPRO,2,219025,0,671,218354
2024-04-28,LA,Lao People's Democratic Republic,WPRO,5,219030,0,671,218359
2024-05-05,LA,Lao People's Democratic Republic,WPRO,8,219038,0,671,218367
2024-05-12,LA,Lao People's Democratic Republic,WPRO,4,219042,0,671,218371
2024-05-19,LA,Lao People's Democratic Republic,WPRO,1,219043,0,671,218372
2024-05-26,LA,Lao People's Democratic Republic,WPRO,2,219045,0,671,218374
2024-06-02,LA,Lao People's Democratic Republic,WPRO,1,219046,0,671,218375
2024-06-09,LA,Lao People's Democratic Republic,WPRO,2,219048,0,671,218377
2024-06-16,LA,Lao People's Democratic Republic,WPRO,0,219048,0,671,218377
2024-06-23,LA,Lao People's Democratic Republic,WPRO,0,219048,0,671,218377
2024-06-30,LA,Lao People's Democratic Republic,WPRO,8,219056,0,671,218385
2024-07-07,LA,Lao People's Democratic Republic,WPRO,4,219060,0,671,218389
2024-07-14,LA,Lao People's Democratic Republic,WPRO,0,219060,0,671,218389
2024-07-21,LA,Lao People's Democratic Republic,WPRO,0,219060,0,671,218389
2024-07-28,LA,Lao People's Democratic Republic,WPRO,0,219060,0,671,218389
2024-08-04,LA,Lao People's Democratic Republic,WPRO,0,219060,0,671,218389
2024-08-11,LA,Lao People's Democratic Republic,WPRO,0,219060,0,671,218389
2024-08-18,LA,Lao People's Democratic Republic,WPRO,0,219060,0,671,218389
2024-08-25,LA,Lao People's Democratic Republic,WPRO,0,219060,0,671,218389
2024-09-01,LA,Lao People's Democratic Republic,WPRO,0,219060,0,671,218389
2024-09-08,LA,Lao People's Democratic Republic,WPRO,0,219060,0,671,218389
2024-09-15,LA,Lao People's Democratic Republic,WPRO,0,219060,0,671,218389
2024-09-22,LA,Lao People's Democratic Republic,WPRO,0,219060,0,671,218389
2024-09-29,LA,Lao People's Democratic Republic,WPRO,0,219060,0,671,218389
2024-10-06,LA,Lao People's Democratic Republic,WPRO,0,219060,0,671,218389
2024-10-13,LA,Lao People's Democratic Republic,WPRO,0,219060,0,671,218389
2024-10-20,LA,Lao People's Democratic Republic,WPRO,0,219060,0,671,218389
2024-10-27,LA,Lao People's Democratic Republic,WPRO,0,219060,0,671,218389
2024-11-03,LA,Lao People's Democratic Republic,WPRO,0,219060,0,671,218389
2024-11-10,LA,Lao People's Democratic Republic,WPRO,0,219060,0,671,218389
2024-11-17,LA,Lao People's Democratic Republic,WPRO,0,219060,0,671,218389
2020-01-05,LV,Latvia,EURO,0,0,0,0,0
2020-01-12,LV,Latvia,EURO,0,0,0,0,0
2020-01-19,LV,Latvia,EURO,0,0,0,0,0
2020-01-26,LV,Latvia,EURO,0,0,0,0,0
2020-02-02,LV,Latvia,EURO,0,0,0,0,0
2020-02-09,LV,Latvia,EURO,0,0,0,0,0
2020-02-16,LV,Latvia,EURO,0,0,0,0,0
2020-02-23,LV,Latvia,EURO,0,0,0,0,0
2020-03-01,LV,Latvia,EURO,0,0,0,0,0
2020-03-08,LV,Latvia,EURO,3,3,0,0,3
2020-03-15,LV,Latvia,EURO,27,30,0,0,30
2020-03-22,LV,Latvia,EURO,106,136,0,0,136
2020-03-29,LV,Latvia,EURO,211,347,0,0,347
2020-04-05,LV,Latvia,EURO,187,534,2,2,532
2020-04-12,LV,Latvia,EURO,118,652,5,7,645
2020-04-19,LV,Latvia,EURO,76,728,1,8,720
2020-04-26,LV,Latvia,EURO,85,813,5,13,800
2020-05-03,LV,Latvia,EURO,67,880,3,16,864
2020-05-10,LV,Latvia,EURO,60,940,2,18,922
2020-05-17,LV,Latvia,EURO,68,1008,2,20,988
2020-05-24,LV,Latvia,EURO,39,1047,3,23,1024
2020-05-31,LV,Latvia,EURO,19,1066,2,25,1041
2020-06-07,LV,Latvia,EURO,22,1088,0,25,1063
2020-06-14,LV,Latvia,EURO,9,1097,3,28,1069
2020-06-21,LV,Latvia,EURO,14,1111,2,30,1081
2020-06-28,LV,Latvia,EURO,5,1116,0,30,1086
2020-07-05,LV,Latvia,EURO,8,1124,0,30,1094
2020-07-12,LV,Latvia,EURO,49,1173,1,31,1142
2020-07-19,LV,Latvia,EURO,19,1192,0,31,1161
2020-07-26,LV,Latvia,EURO,27,1219,0,31,1188
2020-08-02,LV,Latvia,EURO,24,1243,1,32,1211
2020-08-09,LV,Latvia,EURO,47,1290,0,32,1258
2020-08-16,LV,Latvia,EURO,32,1322,0,32,1290
2020-08-23,LV,Latvia,EURO,15,1337,1,33,1304
2020-08-30,LV,Latvia,EURO,56,1393,1,34,1359
2020-09-06,LV,Latvia,EURO,35,1428,1,35,1393
2020-09-13,LV,Latvia,EURO,46,1474,0,35,1439
2020-09-20,LV,Latvia,EURO,51,1525,1,36,1489
2020-09-27,LV,Latvia,EURO,151,1676,0,36,1640
2020-10-04,LV,Latvia,EURO,410,2086,3,39,2047
2020-10-11,LV,Latvia,EURO,584,2670,1,40,2630
2020-10-18,LV,Latvia,EURO,780,3450,4,44,3406
2020-10-25,LV,Latvia,EURO,1228,4678,16,60,4618
2020-11-01,LV,Latvia,EURO,1458,6136,20,80,6056
2020-11-08,LV,Latvia,EURO,1959,8095,25,105,7990
2020-11-15,LV,Latvia,EURO,2452,10547,30,135,10412
2020-11-22,LV,Latvia,EURO,2573,13120,40,175,12945
2020-11-29,LV,Latvia,EURO,3855,16975,58,233,16742
2020-12-06,LV,Latvia,EURO,4338,21313,63,296,21017
2020-12-13,LV,Latvia,EURO,4362,25675,103,399,25276
2020-12-20,LV,Latvia,EURO,5265,30940,106,505,30435
2020-12-27,LV,Latvia,EURO,5390,36330,127,632,35698
2021-01-03,LV,Latvia,EURO,6167,42497,96,728,41769
2021-01-10,LV,Latvia,EURO,7071,49568,189,917,48651
2021-01-17,LV,Latvia,EURO,6096,55664,140,1057,54607
2021-01-24,LV,Latvia,EURO,5342,61006,151,1208,59798
2021-01-31,LV,Latvia,EURO,5233,66239,155,1363,64876
2021-02-07,LV,Latvia,EURO,5559,71798,111,1474,70324
2021-02-14,LV,Latvia,EURO,4906,76704,99,1573,75131
2021-02-21,LV,Latvia,EURO,4813,81517,107,1680,79837
2021-02-28,LV,Latvia,EURO,4667,86184,88,1768,84416
2021-03-07,LV,Latvia,EURO,4145,90329,78,1846,88483
2021-03-14,LV,Latvia,EURO,3450,93779,63,1909,91870
2021-03-21,LV,Latvia,EURO,3628,97407,62,1971,95436
2021-03-28,LV,Latvia,EURO,3631,101038,46,2017,99021
2021-04-04,LV,Latvia,EURO,3065,104103,71,2088,102015
2021-04-11,LV,Latvia,EURO,3503,107606,56,2144,105462
2021-04-18,LV,Latvia,EURO,3726,111332,68,2212,109120
2021-04-25,LV,Latvia,EURO,3982,115314,52,2264,113050
2021-05-02,LV,Latvia,EURO,4434,119748,67,2331,117417
2021-05-09,LV,Latvia,EURO,4213,123961,50,2381,121580
2021-05-16,LV,Latvia,EURO,4015,127976,66,2447,125529
2021-05-23,LV,Latvia,EURO,2967,130943,65,2512,128431
2021-05-30,LV,Latvia,EURO,2153,133096,47,2559,130537
2021-06-06,LV,Latvia,EURO,1714,134810,37,2596,132214
2021-06-13,LV,Latvia,EURO,1218,136028,39,2635,133393
2021-06-20,LV,Latvia,EURO,780,136808,24,2659,134149
2021-06-27,LV,Latvia,EURO,400,137208,24,2683,134525
2021-07-04,LV,Latvia,EURO,421,137629,16,2699,134930
2021-07-11,LV,Latvia,EURO,268,137897,2,2701,135196
2021-07-18,LV,Latvia,EURO,260,138157,9,2710,135447
2021-07-25,LV,Latvia,EURO,322,138479,3,2713,135766
2021-08-01,LV,Latvia,EURO,418,138897,3,2716,136181
2021-08-08,LV,Latvia,EURO,522,139419,4,2720,136699
2021-08-15,LV,Latvia,EURO,701,140120,4,2724,137396
2021-08-22,LV,Latvia,EURO,923,141043,8,2732,138311
2021-08-29,LV,Latvia,EURO,1274,142317,9,2741,139576
2021-09-05,LV,Latvia,EURO,2199,144516,16,2757,141759
2021-09-12,LV,Latvia,EURO,2675,147191,32,2789,144402
2021-09-19,LV,Latvia,EURO,3367,150558,36,2825,147733
2021-09-26,LV,Latvia,EURO,4226,154784,54,2879,151905
2021-10-03,LV,Latvia,EURO,6855,161639,61,2940,158699
2021-10-10,LV,Latvia,EURO,9635,171274,79,3019,168255
2021-10-17,LV,Latvia,EURO,14340,185614,133,3152,182462
2021-10-24,LV,Latvia,EURO,16957,202571,208,3360,199211
2021-10-31,LV,Latvia,EURO,16566,219137,259,3619,215518
2021-11-07,LV,Latvia,EURO,12685,231822,265,3884,227938
2021-11-14,LV,Latvia,EURO,8516,240338,245,4129,236209
2021-11-21,LV,Latvia,EURO,5776,246114,206,4335,241779
2021-11-28,LV,Latvia,EURO,6297,252411,133,4468,247943
2021-12-05,LV,Latvia,EURO,4916,257327,114,4582,252745
2021-12-12,LV,Latvia,EURO,4615,261942,86,4668,257274
2021-12-19,LV,Latvia,EURO,5195,267137,79,4747,262390
2021-12-26,LV,Latvia,EURO,4292,271429,68,4815,266614
2022-01-02,LV,Latvia,EURO,5590,277019,72,4887,272132
2022-01-09,LV,Latvia,EURO,10830,287849,89,4976,282873
2022-01-16,LV,Latvia,EURO,15943,303792,78,5054,298738
2022-01-23,LV,Latvia,EURO,31747,335539,87,5141,330398
2022-01-30,LV,Latvia,EURO,53448,388987,84,5225,383762
2022-02-06,LV,Latvia,EURO,61116,450103,97,5322,444781
2022-02-13,LV,Latvia,EURO,68517,518620,114,5436,513184
2022-02-20,LV,Latvia,EURO,67322,585942,122,5558,580384
2022-02-27,LV,Latvia,EURO,63560,649502,126,5684,643818
2022-03-06,LV,Latvia,EURO,52036,701538,117,5801,695737
2022-03-13,LV,Latvia,EURO,40796,742334,110,5911,736423
2022-03-20,LV,Latvia,EURO,28702,771036,117,6028,765008
2022-03-27,LV,Latvia,EURO,19582,790618,95,6123,784495
2022-04-03,LV,Latvia,EURO,11914,802532,87,6210,796322
2022-04-10,LV,Latvia,EURO,6264,808796,58,6268,802528
2022-04-17,LV,Latvia,EURO,4377,813173,49,6317,806856
2022-04-24,LV,Latvia,EURO,4140,817313,42,6359,810954
2022-05-01,LV,Latvia,EURO,2907,820220,27,6386,813834
2022-05-08,LV,Latvia,EURO,1906,822126,15,6401,815725
2022-05-15,LV,Latvia,EURO,1433,823559,15,6416,817143
2022-05-22,LV,Latvia,EURO,1157,824716,12,6428,818288
2022-05-29,LV,Latvia,EURO,1218,825934,12,6440,819494
2022-06-05,LV,Latvia,EURO,1026,826960,11,6451,820509
2022-06-12,LV,Latvia,EURO,1227,828187,10,6461,821726
2022-06-19,LV,Latvia,EURO,1498,829685,12,6473,823212
2022-06-26,LV,Latvia,EURO,1523,831208,13,6486,824722
2022-07-03,LV,Latvia,EURO,3409,834617,7,6493,828124
2022-07-10,LV,Latvia,EURO,3867,838484,9,6502,831982
2022-07-17,LV,Latvia,EURO,5493,843977,12,6514,837463
2022-07-24,LV,Latvia,EURO,8574,852551,9,6523,846028
2022-07-31,LV,Latvia,EURO,9066,861617,25,6548,855069
2022-08-07,LV,Latvia,EURO,9733,871350,10,6558,864792
2022-08-14,LV,Latvia,EURO,9574,880924,16,6574,874350
2022-08-21,LV,Latvia,EURO,8177,889101,22,6596,882505
2022-08-28,LV,Latvia,EURO,5479,894580,17,6613,887967
2022-09-04,LV,Latvia,EURO,4909,899489,16,6629,892860
2022-09-11,LV,Latvia,EURO,5623,905112,13,6642,898470
2022-09-18,LV,Latvia,EURO,8368,913480,23,6665,906815
2022-09-25,LV,Latvia,EURO,8470,921950,24,6689,915261
2022-10-02,LV,Latvia,EURO,7816,929766,36,6725,923041
2022-10-09,LV,Latvia,EURO,6719,936485,32,6757,929728
2022-10-16,LV,Latvia,EURO,5189,941674,44,6801,934873
2022-10-23,LV,Latvia,EURO,4373,946047,18,6819,939228
2022-10-30,LV,Latvia,EURO,3521,949568,21,6840,942728
2022-11-06,LV,Latvia,EURO,2874,952442,15,6855,945587
2022-11-13,LV,Latvia,EURO,2541,954983,18,6873,948110
2022-11-20,LV,Latvia,EURO,2312,957295,8,6881,950414
2022-11-27,LV,Latvia,EURO,3124,960419,16,6897,953522
2022-12-04,LV,Latvia,EURO,2757,963176,20,6917,956259
2022-12-11,LV,Latvia,EURO,2842,966018,28,6945,959073
2022-12-18,LV,Latvia,EURO,2310,968328,26,6971,961357
2022-12-25,LV,Latvia,EURO,2191,970519,40,7011,963508
2023-01-01,LV,Latvia,EURO,1327,971846,47,7058,964788
2023-01-08,LV,Latvia,EURO,393,972239,31,7089,965150
2023-01-15,LV,Latvia,EURO,264,972503,26,7115,965388
2023-01-22,LV,Latvia,EURO,177,972680,21,7136,965544
2023-01-29,LV,Latvia,EURO,154,972834,10,7146,965688
2023-02-05,LV,Latvia,EURO,177,973011,12,7158,965853
2023-02-12,LV,Latvia,EURO,194,973205,7,7165,966040
2023-02-19,LV,Latvia,EURO,171,973376,20,7185,966191
2023-02-26,LV,Latvia,EURO,158,973534,9,7194,966340
2023-03-05,LV,Latvia,EURO,180,973714,17,7211,966503
2023-03-12,LV,Latvia,EURO,153,973867,13,7224,966643
2023-03-19,LV,Latvia,EURO,190,974057,14,7238,966819
2023-03-26,LV,Latvia,EURO,219,974276,11,7249,967027
2023-04-02,LV,Latvia,EURO,199,974475,17,7266,967209
2023-04-09,LV,Latvia,EURO,229,974704,16,7282,967422
2023-04-16,LV,Latvia,EURO,188,974892,17,7299,967593
2023-04-23,LV,Latvia,EURO,182,975074,8,7307,967767
2023-04-30,LV,Latvia,EURO,137,975211,12,7319,967892
2023-05-07,LV,Latvia,EURO,114,975325,12,7331,967994
2023-05-14,LV,Latvia,EURO,67,975392,4,7335,968057
2023-05-21,LV,Latvia,EURO,64,975456,9,7344,968112
2023-05-28,LV,Latvia,EURO,58,975514,5,7349,968165
2023-06-04,LV,Latvia,EURO,59,975573,4,7353,968220
2023-06-11,LV,Latvia,EURO,59,975632,10,7363,968269
2023-06-18,LV,Latvia,EURO,59,975691,3,7366,968325
2023-06-25,LV,Latvia,EURO,17,975708,2,7368,968340
2023-07-02,LV,Latvia,EURO,15,975723,2,7370,968353
2023-07-09,LV,Latvia,EURO,13,975736,1,7371,968365
2023-07-16,LV,Latvia,EURO,42,975778,1,7372,968406
2023-07-23,LV,Latvia,EURO,12,975790,0,7372,968418
2023-07-30,LV,Latvia,EURO,22,975812,1,7373,968439
2023-08-06,LV,Latvia,EURO,14,975826,1,7374,968452
2023-08-13,LV,Latvia,EURO,24,975850,3,7377,968473
2023-08-20,LV,Latvia,EURO,28,975878,1,7378,968500
2023-08-27,LV,Latvia,EURO,32,975910,0,7378,968532
2023-09-03,LV,Latvia,EURO,55,975965,0,7378,968587
2023-09-10,LV,Latvia,EURO,90,976055,1,7379,968676
2023-09-17,LV,Latvia,EURO,122,976177,2,7381,968796
2023-09-24,LV,Latvia,EURO,139,976316,3,7384,968932
2023-10-01,LV,Latvia,EURO,112,976428,4,7388,969040
2023-10-08,LV,Latvia,EURO,70,976498,5,7393,969105
2023-10-15,LV,Latvia,EURO,72,976570,2,7395,969175
2023-10-22,LV,Latvia,EURO,90,976660,6,7401,969259
2023-10-29,LV,Latvia,EURO,138,976798,11,7412,969386
2023-11-05,LV,Latvia,EURO,183,976981,7,7419,969562
2023-11-12,LV,Latvia,EURO,209,977190,11,7430,969760
2023-11-19,LV,Latvia,EURO,241,977431,17,7447,969984
2023-11-26,LV,Latvia,EURO,270,977701,18,7465,970236
2023-12-03,LV,Latvia,EURO,0,977701,0,7465,970236
2023-12-10,LV,Latvia,EURO,0,977701,0,7465,970236
2023-12-17,LV,Latvia,EURO,0,977701,0,7465,970236
2023-12-24,LV,Latvia,EURO,0,977701,0,7465,970236
2023-12-31,LV,Latvia,EURO,0,977701,0,7465,970236
2024-01-07,LV,Latvia,EURO,0,977701,0,7465,970236
2024-01-14,LV,Latvia,EURO,0,977701,0,7465,970236
2024-01-21,LV,Latvia,EURO,0,977701,0,7465,970236
2024-01-28,LV,Latvia,EURO,0,977701,0,7465,970236
2024-02-04,LV,Latvia,EURO,0,977701,0,7465,970236
2024-02-11,LV,Latvia,EURO,0,977701,0,7465,970236
2024-02-18,LV,Latvia,EURO,0,977701,0,7465,970236
2024-02-25,LV,Latvia,EURO,0,977701,0,7465,970236
2024-03-03,LV,Latvia,EURO,0,977701,0,7465,970236
2024-03-10,LV,Latvia,EURO,0,977701,0,7465,970236
2024-03-17,LV,Latvia,EURO,0,977701,0,7465,970236
2024-03-24,LV,Latvia,EURO,17,977718,3,7468,970250
2024-03-31,LV,Latvia,EURO,19,977737,1,7469,970268
2024-04-07,LV,Latvia,EURO,20,977757,3,7472,970285
2024-04-14,LV,Latvia,EURO,8,977765,3,7475,970290
2024-04-21,LV,Latvia,EURO,0,977765,0,7475,970290
2024-04-28,LV,Latvia,EURO,0,977765,0,7475,970290
2024-05-05,LV,Latvia,EURO,0,977765,0,7475,970290
2024-05-12,LV,Latvia,EURO,0,977765,0,7475,970290
2024-05-19,LV,Latvia,EURO,0,977765,0,7475,970290
2024-05-26,LV,Latvia,EURO,0,977765,0,7475,970290
2024-06-02,LV,Latvia,EURO,0,977765,0,7475,970290
2024-06-09,LV,Latvia,EURO,0,977765,0,7475,970290
2024-06-16,LV,Latvia,EURO,0,977765,0,7475,970290
2024-06-23,LV,Latvia,EURO,0,977765,0,7475,970290
2024-06-30,LV,Latvia,EURO,0,977765,0,7475,970290
2024-07-07,LV,Latvia,EURO,0,977765,0,7475,970290
2024-07-14,LV,Latvia,EURO,0,977765,0,7475,970290
2024-07-21,LV,Latvia,EURO,0,977765,0,7475,970290
2024-07-28,LV,Latvia,EURO,0,977765,0,7475,970290
2024-08-04,LV,Latvia,EURO,0,977765,0,7475,970290
2024-08-11,LV,Latvia,EURO,0,977765,0,7475,970290
2024-08-18,LV,Latvia,EURO,0,977765,0,7475,970290
2024-08-25,LV,Latvia,EURO,0,977765,0,7475,970290
2024-09-01,LV,Latvia,EURO,0,977765,0,7475,970290
2024-09-08,LV,Latvia,EURO,0,977765,0,7475,970290
2024-09-15,LV,Latvia,EURO,0,977765,0,7475,970290
2024-09-22,LV,Latvia,EURO,0,977765,0,7475,970290
2024-09-29,LV,Latvia,EURO,0,977765,0,7475,970290
2024-10-06,LV,Latvia,EURO,0,977765,0,7475,970290
2024-10-13,LV,Latvia,EURO,0,977765,0,7475,970290
2024-10-20,LV,Latvia,EURO,0,977765,0,7475,970290
2024-10-27,LV,Latvia,EURO,0,977765,0,7475,970290
2024-11-03,LV,Latvia,EURO,0,977765,0,7475,970290
2024-11-10,LV,Latvia,EURO,0,977765,0,7475,970290
2024-11-17,LV,Latvia,EURO,0,977765,0,7475,970290
2020-01-05,LB,Lebanon,EMRO,0,0,0,0,0
2020-01-12,LB,Lebanon,EMRO,0,0,0,0,0
2020-01-19,LB,Lebanon,EMRO,0,0,0,0,0
2020-01-26,LB,Lebanon,EMRO,0,0,0,0,0
2020-02-02,LB,Lebanon,EMRO,0,0,0,0,0
2020-02-09,LB,Lebanon,EMRO,0,0,0,0,0
2020-02-16,LB,Lebanon,EMRO,0,0,0,0,0
2020-02-23,LB,Lebanon,EMRO,1,1,0,0,1
2020-03-01,LB,Lebanon,EMRO,6,7,0,0,7
2020-03-08,LB,Lebanon,EMRO,21,28,0,0,28
2020-03-15,LB,Lebanon,EMRO,65,93,3,3,90
2020-03-22,LB,Lebanon,EMRO,137,230,1,4,226
2020-03-29,LB,Lebanon,EMRO,182,412,4,8,404
2020-04-05,LB,Lebanon,EMRO,108,520,9,17,503
2020-04-12,LB,Lebanon,EMRO,99,619,3,20,599
2020-04-19,LB,Lebanon,EMRO,53,672,1,21,651
2020-04-26,LB,Lebanon,EMRO,32,704,3,24,680
2020-05-03,LB,Lebanon,EMRO,29,733,1,25,708
2020-05-10,LB,Lebanon,EMRO,76,809,1,26,783
2020-05-17,LB,Lebanon,EMRO,93,902,0,26,876
2020-05-24,LB,Lebanon,EMRO,195,1097,0,26,1071
2020-05-31,LB,Lebanon,EMRO,94,1191,0,26,1165
2020-06-07,LB,Lebanon,EMRO,129,1320,3,29,1291
2020-06-14,LB,Lebanon,EMRO,122,1442,3,32,1410
2020-06-21,LB,Lebanon,EMRO,94,1536,0,32,1504
2020-06-28,LB,Lebanon,EMRO,183,1719,1,33,1686
2020-07-05,LB,Lebanon,EMRO,136,1855,2,35,1820
2020-07-12,LB,Lebanon,EMRO,313,2168,1,36,2132
2020-07-19,LB,Lebanon,EMRO,607,2775,4,40,2735
2020-07-26,LB,Lebanon,EMRO,807,3582,7,47,3535
2020-08-02,LB,Lebanon,EMRO,1148,4730,14,61,4669
2020-08-09,LB,Lebanon,EMRO,1493,6223,13,74,6149
2020-08-16,LB,Lebanon,EMRO,2219,8442,23,97,8345
2020-08-23,LB,Lebanon,EMRO,3749,12191,24,121,12070
2020-08-30,LB,Lebanon,EMRO,4084,16275,34,155,16120
2020-09-06,LB,Lebanon,EMRO,3736,20011,32,187,19824
2020-09-13,LB,Lebanon,EMRO,3658,23669,52,239,23430
2020-09-20,LB,Lebanon,EMRO,4628,28297,47,286,28011
2020-09-27,LB,Lebanon,EMRO,6931,35228,54,340,34888
2020-10-04,LB,Lebanon,EMRO,8252,43480,58,398,43082
2020-10-11,LB,Lebanon,EMRO,9078,52558,57,455,52103
2020-10-18,LB,Lebanon,EMRO,8389,60947,62,517,60430
2020-10-25,LB,Lebanon,EMRO,9043,69990,45,562,69428
2020-11-01,LB,Lebanon,EMRO,11238,81228,75,637,80591
2020-11-08,LB,Lebanon,EMRO,11869,93097,76,713,92384
2020-11-15,LB,Lebanon,EMRO,11170,104267,93,806,103461
2020-11-22,LB,Lebanon,EMRO,10975,115242,88,894,114348
2020-11-29,LB,Lebanon,EMRO,10395,125637,97,991,124646
2020-12-06,LB,Lebanon,EMRO,10239,135876,99,1090,134786
2020-12-13,LB,Lebanon,EMRO,9369,145245,100,1190,144055
2020-12-20,LB,Lebanon,EMRO,11325,156570,80,1270,155300
2020-12-27,LB,Lebanon,EMRO,12902,169472,109,1379,168093
2021-01-03,LB,Lebanon,EMRO,16936,186408,387,1766,184642
2021-01-10,LB,Lebanon,EMRO,29145,215553,114,1880,213673
2021-01-17,LB,Lebanon,EMRO,33605,249158,276,2156,247002
2021-01-24,LB,Lebanon,EMRO,27429,276587,414,2570,274017
2021-01-31,LB,Lebanon,EMRO,22326,298913,461,3031,295882
2021-02-07,LB,Lebanon,EMRO,18923,317836,531,3562,314274
2021-02-14,LB,Lebanon,EMRO,19156,336992,399,3961,333031
2021-02-21,LB,Lebanon,EMRO,16379,353371,336,4297,349074
2021-02-28,LB,Lebanon,EMRO,19404,372775,355,4652,368123
2021-03-07,LB,Lebanon,EMRO,20436,393211,361,5013,388198
2021-03-14,LB,Lebanon,EMRO,22151,415362,321,5334,410028
2021-03-21,LB,Lebanon,EMRO,21213,436575,381,5715,430860
2021-03-28,LB,Lebanon,EMRO,21763,458338,343,6058,452280
2021-04-04,LB,Lebanon,EMRO,18775,477113,321,6379,470734
2021-04-11,LB,Lebanon,EMRO,17520,494633,251,6630,488003
2021-04-18,LB,Lebanon,EMRO,13870,508503,256,6886,501617
2021-04-25,LB,Lebanon,EMRO,11112,519615,232,7118,512497
2021-05-02,LB,Lebanon,EMRO,7893,527508,184,7302,520206
2021-05-09,LB,Lebanon,EMRO,4761,532269,158,7460,524809
2021-05-16,LB,Lebanon,EMRO,3177,535446,142,7602,527844
2021-05-23,LB,Lebanon,EMRO,2772,538218,68,7670,530548
2021-05-30,LB,Lebanon,EMRO,1914,540132,48,7718,532414
2021-06-06,LB,Lebanon,EMRO,1291,541423,40,7758,533665
2021-06-13,LB,Lebanon,EMRO,1100,542523,36,7794,534729
2021-06-20,LB,Lebanon,EMRO,848,543371,25,7819,535552
2021-06-27,LB,Lebanon,EMRO,920,544291,22,7841,536450
2021-07-04,LB,Lebanon,EMRO,1072,545363,18,7859,537504
2021-07-11,LB,Lebanon,EMRO,2134,547497,14,7873,539624
2021-07-18,LB,Lebanon,EMRO,2995,550492,11,7884,542608
2021-07-25,LB,Lebanon,EMRO,3966,554458,7,7891,546567
2021-08-01,LB,Lebanon,EMRO,6922,561380,15,7906,553474
2021-08-08,LB,Lebanon,EMRO,8718,570098,32,7938,562160
2021-08-15,LB,Lebanon,EMRO,11399,581497,34,7972,573525
2021-08-22,LB,Lebanon,EMRO,9486,590983,36,8008,582975
2021-08-29,LB,Lebanon,EMRO,8315,599298,32,8040,591258
2021-09-05,LB,Lebanon,EMRO,7238,606536,49,8089,598447
2021-09-12,LB,Lebanon,EMRO,6177,612713,92,8181,604532
2021-09-19,LB,Lebanon,EMRO,4949,617662,51,8232,609430
2021-09-26,LB,Lebanon,EMRO,4073,621735,45,8277,613458
2021-10-03,LB,Lebanon,EMRO,3710,625445,64,8341,617104
2021-10-10,LB,Lebanon,EMRO,4116,629561,41,8382,621179
2021-10-17,LB,Lebanon,EMRO,3794,633355,37,8419,624936
2021-10-24,LB,Lebanon,EMRO,3957,637312,30,8449,628863
2021-10-31,LB,Lebanon,EMRO,4027,641339,46,8495,632844
2021-11-07,LB,Lebanon,EMRO,4466,645805,45,8540,637265
2021-11-14,LB,Lebanon,EMRO,5983,651788,37,8577,643211
2021-11-21,LB,Lebanon,EMRO,6679,658467,58,8635,649832
2021-11-28,LB,Lebanon,EMRO,8301,666768,66,8701,658067
2021-12-05,LB,Lebanon,EMRO,10406,677174,64,8765,668409
2021-12-12,LB,Lebanon,EMRO,11341,688515,71,8836,679679
2021-12-19,LB,Lebanon,EMRO,10949,699464,88,8924,690540
2021-12-26,LB,Lebanon,EMRO,11795,711259,103,9027,702232
2022-01-02,LB,Lebanon,EMRO,20029,731288,109,9136,722152
2022-01-09,LB,Lebanon,EMRO,38112,769400,131,9267,760133
2022-01-16,LB,Lebanon,EMRO,45231,814631,100,9367,805264
2022-01-23,LB,Lebanon,EMRO,44217,858848,107,9474,849374
2022-01-30,LB,Lebanon,EMRO,48976,907824,102,9576,898248
2022-02-06,LB,Lebanon,EMRO,57803,965627,118,9694,955933
2022-02-13,LB,Lebanon,EMRO,46417,1012044,130,9824,1002220
2022-02-20,LB,Lebanon,EMRO,30984,1043028,126,9950,1033078
2022-02-27,LB,Lebanon,EMRO,22279,1065307,119,10069,1055238
2022-03-06,LB,Lebanon,EMRO,11935,1077242,73,10142,1067100
2022-03-13,LB,Lebanon,EMRO,6872,1084114,58,10200,1073914
2022-03-20,LB,Lebanon,EMRO,3721,1087835,43,10243,1077592
2022-03-27,LB,Lebanon,EMRO,2663,1090498,35,10278,1080220
2022-04-03,LB,Lebanon,EMRO,2309,1092807,33,10311,1082496
2022-04-10,LB,Lebanon,EMRO,1696,1094503,26,10337,1084166
2022-04-17,LB,Lebanon,EMRO,1015,1095518,22,10359,1085159
2022-04-24,LB,Lebanon,EMRO,802,1096320,16,10375,1085945
2022-05-01,LB,Lebanon,EMRO,635,1096955,12,10387,1086568
2022-05-08,LB,Lebanon,EMRO,537,1097492,11,10398,1087094
2022-05-15,LB,Lebanon,EMRO,464,1097956,9,10407,1087549
2022-05-22,LB,Lebanon,EMRO,548,1098504,10,10417,1088087
2022-05-29,LB,Lebanon,EMRO,561,1099065,9,10426,1088639
2022-06-05,LB,Lebanon,EMRO,680,1099745,9,10435,1089310
2022-06-12,LB,Lebanon,EMRO,1126,1100871,9,10444,1090427
2022-06-19,LB,Lebanon,EMRO,2393,1103264,8,10452,1092812
2022-06-26,LB,Lebanon,EMRO,4338,1107602,8,10460,1097142
2022-07-03,LB,Lebanon,EMRO,7212,1114814,8,10468,1104346
2022-07-10,LB,Lebanon,EMRO,9814,1124628,8,10476,1114152
2022-07-17,LB,Lebanon,EMRO,13830,1138458,11,10487,1127971
2022-07-24,LB,Lebanon,EMRO,17202,1155660,19,10506,1145154
2022-07-31,LB,Lebanon,EMRO,16609,1172269,23,10529,1161740
2022-08-07,LB,Lebanon,EMRO,13136,1185405,17,10546,1174859
2022-08-14,LB,Lebanon,EMRO,10379,1195784,26,10572,1185212
2022-08-21,LB,Lebanon,EMRO,7620,1203404,27,10599,1192805
2022-08-28,LB,Lebanon,EMRO,4469,1207873,20,10619,1197254
2022-09-04,LB,Lebanon,EMRO,2693,1210566,17,10636,1199930
2022-09-11,LB,Lebanon,EMRO,1931,1212497,9,10645,1201852
2022-09-18,LB,Lebanon,EMRO,1272,1213769,12,10657,1203112
2022-09-25,LB,Lebanon,EMRO,1123,1214892,13,10670,1204222
2022-10-02,LB,Lebanon,EMRO,1033,1215925,7,10677,1205248
2022-10-09,LB,Lebanon,EMRO,713,1216638,7,10684,1205954
2022-10-16,LB,Lebanon,EMRO,361,1216999,4,10688,1206311
2022-10-23,LB,Lebanon,EMRO,1083,1218082,11,10699,1207383
2022-10-30,LB,Lebanon,EMRO,548,1218630,6,10705,1207925
2022-11-06,LB,Lebanon,EMRO,511,1219141,8,10713,1208428
2022-11-13,LB,Lebanon,EMRO,432,1219573,7,10720,1208853
2022-11-20,LB,Lebanon,EMRO,470,1220043,7,10727,1209316
2022-11-27,LB,Lebanon,EMRO,342,1220385,7,10734,1209651
2022-12-04,LB,Lebanon,EMRO,329,1220714,5,10739,1209975
2022-12-11,LB,Lebanon,EMRO,430,1221144,2,10741,1210403
2022-12-18,LB,Lebanon,EMRO,496,1221640,1,10742,1210898
2022-12-25,LB,Lebanon,EMRO,486,1222126,2,10744,1211382
2023-01-01,LB,Lebanon,EMRO,682,1222808,3,10747,1212061
2023-01-08,LB,Lebanon,EMRO,907,1223715,6,10753,1212962
2023-01-15,LB,Lebanon,EMRO,1536,1225251,7,10760,1214491
2023-01-22,LB,Lebanon,EMRO,1490,1226741,13,10773,1215968
2023-01-29,LB,Lebanon,EMRO,1521,1228262,13,10786,1217476
2023-02-05,LB,Lebanon,EMRO,1128,1229390,9,10795,1218595
2023-02-12,LB,Lebanon,EMRO,751,1230141,8,10803,1219338
2023-02-19,LB,Lebanon,EMRO,694,1230835,12,10815,1220020
2023-02-26,LB,Lebanon,EMRO,878,1231713,10,10825,1220888
2023-03-05,LB,Lebanon,EMRO,689,1232402,12,10837,1221565
2023-03-12,LB,Lebanon,EMRO,619,1233021,6,10843,1222178
2023-03-19,LB,Lebanon,EMRO,626,1233647,10,10853,1222794
2023-03-26,LB,Lebanon,EMRO,648,1234295,9,10862,1223433
2023-04-02,LB,Lebanon,EMRO,601,1234896,8,10870,1224026
2023-04-09,LB,Lebanon,EMRO,464,1235360,9,10879,1224481
2023-04-16,LB,Lebanon,EMRO,444,1235804,6,10885,1224919
2023-04-23,LB,Lebanon,EMRO,532,1236336,10,10895,1225441
2023-04-30,LB,Lebanon,EMRO,420,1236756,6,10901,1225855
2023-05-07,LB,Lebanon,EMRO,371,1237127,5,10906,1226221
2023-05-14,LB,Lebanon,EMRO,429,1237556,8,10914,1226642
2023-05-21,LB,Lebanon,EMRO,0,1237556,0,10914,1226642
2023-05-28,LB,Lebanon,EMRO,0,1237556,0,10914,1226642
2023-06-04,LB,Lebanon,EMRO,0,1237556,0,10914,1226642
2023-06-11,LB,Lebanon,EMRO,808,1238364,16,10930,1227434
2023-06-18,LB,Lebanon,EMRO,47,1238411,2,10932,1227479
2023-06-25,LB,Lebanon,EMRO,141,1238552,4,10936,1227616
2023-07-02,LB,Lebanon,EMRO,0,1238552,0,10936,1227616
2023-07-09,LB,Lebanon,EMRO,0,1238552,0,10936,1227616
2023-07-16,LB,Lebanon,EMRO,0,1238552,0,10936,1227616
2023-07-23,LB,Lebanon,EMRO,0,1238552,0,10936,1227616
2023-07-30,LB,Lebanon,EMRO,0,1238552,0,10936,1227616
2023-08-06,LB,Lebanon,EMRO,0,1238552,0,10936,1227616
2023-08-13,LB,Lebanon,EMRO,0,1238552,0,10936,1227616
2023-08-20,LB,Lebanon,EMRO,1352,1239904,11,10947,1228957
2023-08-27,LB,Lebanon,EMRO,0,1239904,0,10947,1228957
2023-09-03,LB,Lebanon,EMRO,0,1239904,0,10947,1228957
2023-09-10,LB,Lebanon,EMRO,0,1239904,0,10947,1228957
2023-09-17,LB,Lebanon,EMRO,0,1239904,0,10947,1228957
2023-09-24,LB,Lebanon,EMRO,0,1239904,0,10947,1228957
2023-10-01,LB,Lebanon,EMRO,0,1239904,0,10947,1228957
2023-10-08,LB,Lebanon,EMRO,0,1239904,0,10947,1228957
2023-10-15,LB,Lebanon,EMRO,0,1239904,0,10947,1228957
2023-10-22,LB,Lebanon,EMRO,0,1239904,0,10947,1228957
2023-10-29,LB,Lebanon,EMRO,0,1239904,0,10947,1228957
2023-11-05,LB,Lebanon,EMRO,0,1239904,0,10947,1228957
2023-11-12,LB,Lebanon,EMRO,0,1239904,0,10947,1228957
2023-11-19,LB,Lebanon,EMRO,0,1239904,0,10947,1228957
2023-11-26,LB,Lebanon,EMRO,0,1239904,0,10947,1228957
2023-12-03,LB,Lebanon,EMRO,0,1239904,0,10947,1228957
2023-12-10,LB,Lebanon,EMRO,0,1239904,0,10947,1228957
2023-12-17,LB,Lebanon,EMRO,0,1239904,0,10947,1228957
2023-12-24,LB,Lebanon,EMRO,0,1239904,0,10947,1228957
2023-12-31,LB,Lebanon,EMRO,0,1239904,0,10947,1228957
2024-01-07,LB,Lebanon,EMRO,0,1239904,0,10947,1228957
2024-01-14,LB,Lebanon,EMRO,0,1239904,0,10947,1228957
2024-01-21,LB,Lebanon,EMRO,0,1239904,0,10947,1228957
2024-01-28,LB,Lebanon,EMRO,0,1239904,0,10947,1228957
2024-02-04,LB,Lebanon,EMRO,0,1239904,0,10947,1228957
2024-02-11,LB,Lebanon,EMRO,0,1239904,0,10947,1228957
2024-02-18,LB,Lebanon,EMRO,0,1239904,0,10947,1228957
2024-02-25,LB,Lebanon,EMRO,0,1239904,0,10947,1228957
2024-03-03,LB,Lebanon,EMRO,0,1239904,0,10947,1228957
2024-03-10,LB,Lebanon,EMRO,0,1239904,0,10947,1228957
2024-03-17,LB,Lebanon,EMRO,0,1239904,0,10947,1228957
2024-03-24,LB,Lebanon,EMRO,0,1239904,0,10947,1228957
2024-03-31,LB,Lebanon,EMRO,0,1239904,0,10947,1228957
2024-04-07,LB,Lebanon,EMRO,0,1239904,0,10947,1228957
2024-04-14,LB,Lebanon,EMRO,0,1239904,0,10947,1228957
2024-04-21,LB,Lebanon,EMRO,0,1239904,0,10947,1228957
2024-04-28,LB,Lebanon,EMRO,0,1239904,0,10947,1228957
2024-05-05,LB,Lebanon,EMRO,0,1239904,0,10947,1228957
2024-05-12,LB,Lebanon,EMRO,0,1239904,0,10947,1228957
2024-05-19,LB,Lebanon,EMRO,0,1239904,0,10947,1228957
2024-05-26,LB,Lebanon,EMRO,0,1239904,0,10947,1228957
2024-06-02,LB,Lebanon,EMRO,0,1239904,0,10947,1228957
2024-06-09,LB,Lebanon,EMRO,0,1239904,0,10947,1228957
2024-06-16,LB,Lebanon,EMRO,0,1239904,0,10947,1228957
2024-06-23,LB,Lebanon,EMRO,0,1239904,0,10947,1228957
2024-06-30,LB,Lebanon,EMRO,0,1239904,0,10947,1228957
2024-07-07,LB,Lebanon,EMRO,0,1239904,0,10947,1228957
2024-07-14,LB,Lebanon,EMRO,0,1239904,0,10947,1228957
2024-07-21,LB,Lebanon,EMRO,0,1239904,0,10947,1228957
2024-07-28,LB,Lebanon,EMRO,0,1239904,0,10947,1228957
2024-08-04,LB,Lebanon,EMRO,0,1239904,0,10947,1228957
2024-08-11,LB,Lebanon,EMRO,0,1239904,0,10947,1228957
2024-08-18,LB,Lebanon,EMRO,0,1239904,0,10947,1228957
2024-08-25,LB,Lebanon,EMRO,0,1239904,0,10947,1228957
2024-09-01,LB,Lebanon,EMRO,0,1239904,0,10947,1228957
2024-09-08,LB,Lebanon,EMRO,0,1239904,0,10947,1228957
2024-09-15,LB,Lebanon,EMRO,0,1239904,0,10947,1228957
2024-09-22,LB,Lebanon,EMRO,0,1239904,0,10947,1228957
2024-09-29,LB,Lebanon,EMRO,0,1239904,0,10947,1228957
2024-10-06,LB,Lebanon,EMRO,0,1239904,0,10947,1228957
2024-10-13,LB,Lebanon,EMRO,0,1239904,0,10947,1228957
2024-10-20,LB,Lebanon,EMRO,0,1239904,0,10947,1228957
2024-10-27,LB,Lebanon,EMRO,0,1239904,0,10947,1228957
2024-11-03,LB,Lebanon,EMRO,0,1239904,0,10947,1228957
2024-11-10,LB,Lebanon,EMRO,0,1239904,0,10947,1228957
2024-11-17,LB,Lebanon,EMRO,0,1239904,0,10947,1228957
2020-01-05,LS,Lesotho,AFRO,0,0,0,0,0
2020-01-12,LS,Lesotho,AFRO,0,0,0,0,0
2020-01-19,LS,Lesotho,AFRO,0,0,0,0,0
2020-01-26,LS,Lesotho,AFRO,0,0,0,0,0
2020-02-02,LS,Lesotho,AFRO,0,0,0,0,0
2020-02-09,LS,Lesotho,AFRO,0,0,0,0,0
2020-02-16,LS,Lesotho,AFRO,0,0,0,0,0
2020-02-23,LS,Lesotho,AFRO,0,0,0,0,0
2020-03-01,LS,Lesotho,AFRO,0,0,0,0,0
2020-03-08,LS,Lesotho,AFRO,0,0,0,0,0
2020-03-15,LS,Lesotho,AFRO,0,0,0,0,0
2020-03-22,LS,Lesotho,AFRO,0,0,0,0,0
2020-03-29,LS,Lesotho,AFRO,0,0,0,0,0
2020-04-05,LS,Lesotho,AFRO,0,0,0,0,0
2020-04-12,LS,Lesotho,AFRO,0,0,0,0,0
2020-04-19,LS,Lesotho,AFRO,0,0,0,0,0
2020-04-26,LS,Lesotho,AFRO,0,0,0,0,0
2020-05-03,LS,Lesotho,AFRO,0,0,0,0,0
2020-05-10,LS,Lesotho,AFRO,0,0,0,0,0
2020-05-17,LS,Lesotho,AFRO,1,1,0,0,1
2020-05-24,LS,Lesotho,AFRO,1,2,0,0,2
2020-05-31,LS,Lesotho,AFRO,0,2,0,0,2
2020-06-07,LS,Lesotho,AFRO,2,4,0,0,4
2020-06-14,LS,Lesotho,AFRO,0,4,0,0,4
2020-06-21,LS,Lesotho,AFRO,0,4,0,0,4
2020-06-28,LS,Lesotho,AFRO,23,27,0,0,27
2020-07-05,LS,Lesotho,AFRO,52,79,0,0,79
2020-07-12,LS,Lesotho,AFRO,105,184,20,20,164
2020-07-19,LS,Lesotho,AFRO,175,359,4,24,335
2020-07-26,LS,Lesotho,AFRO,87,446,5,29,417
2020-08-02,LS,Lesotho,AFRO,256,702,3,32,670
2020-08-09,LS,Lesotho,AFRO,40,742,9,41,701
2020-08-16,LS,Lesotho,AFRO,161,903,2,43,860
2020-08-23,LS,Lesotho,AFRO,112,1015,5,48,967
2020-08-30,LS,Lesotho,AFRO,51,1066,1,49,1017
2020-09-06,LS,Lesotho,AFRO,82,1148,0,49,1099
2020-09-13,LS,Lesotho,AFRO,97,1245,2,51,1194
2020-09-20,LS,Lesotho,AFRO,145,1390,0,51,1339
2020-09-27,LS,Lesotho,AFRO,168,1558,2,53,1505
2020-10-04,LS,Lesotho,AFRO,122,1680,4,57,1623
2020-10-11,LS,Lesotho,AFRO,120,1800,3,60,1740
2020-10-18,LS,Lesotho,AFRO,33,1833,0,60,1773
2020-10-25,LS,Lesotho,AFRO,107,1940,1,61,1879
2020-11-01,LS,Lesotho,AFRO,13,1953,1,62,1891
2020-11-08,LS,Lesotho,AFRO,10,1963,0,62,1901
2020-11-15,LS,Lesotho,AFRO,87,2050,0,62,1988
2020-11-22,LS,Lesotho,AFRO,35,2085,0,62,2023
2020-11-29,LS,Lesotho,AFRO,24,2109,0,62,2047
2020-12-06,LS,Lesotho,AFRO,36,2145,0,62,2083
2020-12-13,LS,Lesotho,AFRO,5,2150,0,62,2088
2020-12-20,LS,Lesotho,AFRO,135,2285,0,62,2223
2020-12-27,LS,Lesotho,AFRO,292,2577,2,64,2513
2021-01-03,LS,Lesotho,AFRO,0,2577,0,64,2513
2021-01-10,LS,Lesotho,AFRO,2626,5203,20,84,5119
2021-01-17,LS,Lesotho,AFRO,1168,6371,9,93,6278
2021-01-24,LS,Lesotho,AFRO,1285,7656,30,123,7533
2021-01-31,LS,Lesotho,AFRO,993,8649,41,164,8485
2021-02-07,LS,Lesotho,AFRO,731,9380,19,183,9197
2021-02-14,LS,Lesotho,AFRO,585,9965,47,230,9735
2021-02-21,LS,Lesotho,AFRO,496,10461,55,285,10176
2021-02-28,LS,Lesotho,AFRO,30,10491,7,292,10199
2021-03-07,LS,Lesotho,AFRO,32,10523,15,307,10216
2021-03-14,LS,Lesotho,AFRO,7,10530,2,309,10221
2021-03-21,LS,Lesotho,AFRO,5,10535,0,309,10226
2021-03-28,LS,Lesotho,AFRO,151,10686,6,315,10371
2021-04-04,LS,Lesotho,AFRO,21,10707,0,315,10392
2021-04-11,LS,Lesotho,AFRO,0,10707,0,315,10392
2021-04-18,LS,Lesotho,AFRO,2,10709,0,315,10394
2021-04-25,LS,Lesotho,AFRO,19,10728,1,316,10412
2021-05-02,LS,Lesotho,AFRO,5,10733,2,318,10415
2021-05-09,LS,Lesotho,AFRO,40,10773,1,319,10454
2021-05-16,LS,Lesotho,AFRO,17,10790,1,320,10470
2021-05-23,LS,Lesotho,AFRO,32,10822,6,326,10496
2021-05-30,LS,Lesotho,AFRO,9,10831,0,326,10505
2021-06-06,LS,Lesotho,AFRO,8,10839,0,326,10513
2021-06-13,LS,Lesotho,AFRO,20,10859,0,326,10533
2021-06-20,LS,Lesotho,AFRO,222,11081,3,329,10752
2021-06-27,LS,Lesotho,AFRO,158,11239,0,329,10910
2021-07-04,LS,Lesotho,AFRO,329,11568,0,329,11239
2021-07-11,LS,Lesotho,AFRO,339,11907,6,335,11572
2021-07-18,LS,Lesotho,AFRO,491,12398,4,339,12059
2021-07-25,LS,Lesotho,AFRO,482,12880,24,363,12517
2021-08-01,LS,Lesotho,AFRO,723,13603,14,377,13226
2021-08-08,LS,Lesotho,AFRO,240,13843,13,390,13453
2021-08-15,LS,Lesotho,AFRO,400,14243,7,397,13846
2021-08-22,LS,Lesotho,AFRO,128,14371,3,400,13971
2021-08-29,LS,Lesotho,AFRO,450,14821,17,417,14404
2021-09-05,LS,Lesotho,AFRO,1491,16312,49,466,15846
2021-09-12,LS,Lesotho,AFRO,1491,17803,49,515,17288
2021-09-19,LS,Lesotho,AFRO,1491,19294,49,564,18730
2021-09-26,LS,Lesotho,AFRO,1491,20785,52,616,20169
2021-10-03,LS,Lesotho,AFRO,575,21360,34,650,20710
2021-10-10,LS,Lesotho,AFRO,97,21457,2,652,20805
2021-10-17,LS,Lesotho,AFRO,73,21530,3,655,20875
2021-10-24,LS,Lesotho,AFRO,57,21587,1,656,20931
2021-10-31,LS,Lesotho,AFRO,48,21635,2,658,20977
2021-11-07,LS,Lesotho,AFRO,50,21685,1,659,21026
2021-11-14,LS,Lesotho,AFRO,6,21691,2,661,21030
2021-11-21,LS,Lesotho,AFRO,38,21729,0,661,21068
2021-11-28,LS,Lesotho,AFRO,48,21777,1,662,21115
2021-12-05,LS,Lesotho,AFRO,187,21964,2,664,21300
2021-12-12,LS,Lesotho,AFRO,1138,23102,0,664,22438
2021-12-19,LS,Lesotho,AFRO,2426,25528,1,665,24863
2021-12-26,LS,Lesotho,AFRO,2654,28182,0,665,27517
2022-01-02,LS,Lesotho,AFRO,1806,29988,8,673,29315
2022-01-09,LS,Lesotho,AFRO,1186,31174,10,683,30491
2022-01-16,LS,Lesotho,AFRO,670,31844,4,687,31157
2022-01-23,LS,Lesotho,AFRO,205,32049,3,690,31359
2022-01-30,LS,Lesotho,AFRO,198,32247,3,693,31554
2022-02-06,LS,Lesotho,AFRO,114,32361,2,695,31666
2022-02-13,LS,Lesotho,AFRO,70,32431,1,696,31735
2022-02-20,LS,Lesotho,AFRO,168,32599,0,696,31903
2022-02-27,LS,Lesotho,AFRO,96,32695,1,697,31998
2022-03-06,LS,Lesotho,AFRO,21,32716,0,697,32019
2022-03-13,LS,Lesotho,AFRO,59,32775,0,697,32078
2022-03-20,LS,Lesotho,AFRO,104,32879,0,697,32182
2022-03-27,LS,Lesotho,AFRO,16,32895,0,697,32198
2022-04-03,LS,Lesotho,AFRO,15,32910,0,697,32213
2022-04-10,LS,Lesotho,AFRO,58,32968,0,697,32271
2022-04-17,LS,Lesotho,AFRO,42,33010,0,697,32313
2022-04-24,LS,Lesotho,AFRO,103,33113,0,697,32416
2022-05-01,LS,Lesotho,AFRO,24,33137,0,697,32440
2022-05-08,LS,Lesotho,AFRO,56,33193,1,698,32495
2022-05-15,LS,Lesotho,AFRO,89,33282,0,698,32584
2022-05-22,LS,Lesotho,AFRO,88,33370,0,698,32672
2022-05-29,LS,Lesotho,AFRO,116,33486,0,698,32788
2022-06-05,LS,Lesotho,AFRO,173,33659,1,699,32960
2022-06-12,LS,Lesotho,AFRO,212,33871,0,699,33172
2022-06-19,LS,Lesotho,AFRO,67,33938,0,699,33239
2022-06-26,LS,Lesotho,AFRO,0,33938,0,699,33239
2022-07-03,LS,Lesotho,AFRO,156,34094,2,701,33393
2022-07-10,LS,Lesotho,AFRO,39,34133,1,702,33431
2022-07-17,LS,Lesotho,AFRO,41,34174,0,702,33472
2022-07-24,LS,Lesotho,AFRO,47,34221,2,704,33517
2022-07-31,LS,Lesotho,AFRO,13,34234,0,704,33530
2022-08-07,LS,Lesotho,AFRO,11,34245,0,704,33541
2022-08-14,LS,Lesotho,AFRO,6,34251,0,704,33547
2022-08-21,LS,Lesotho,AFRO,47,34298,0,704,33594
2022-08-28,LS,Lesotho,AFRO,111,34409,0,704,33705
2022-09-04,LS,Lesotho,AFRO,48,34457,1,705,33752
2022-09-11,LS,Lesotho,AFRO,33,34490,1,706,33784
2022-09-18,LS,Lesotho,AFRO,0,34490,0,706,33784
2022-09-25,LS,Lesotho,AFRO,0,34490,0,706,33784
2022-10-02,LS,Lesotho,AFRO,0,34490,0,706,33784
2022-10-09,LS,Lesotho,AFRO,0,34490,0,706,33784
2022-10-16,LS,Lesotho,AFRO,0,34490,0,706,33784
2022-10-23,LS,Lesotho,AFRO,0,34490,0,706,33784
2022-10-30,LS,Lesotho,AFRO,0,34490,0,706,33784
2022-11-06,LS,Lesotho,AFRO,0,34490,0,706,33784
2022-11-13,LS,Lesotho,AFRO,0,34490,0,706,33784
2022-11-20,LS,Lesotho,AFRO,0,34490,0,706,33784
2022-11-27,LS,Lesotho,AFRO,0,34490,0,706,33784
2022-12-04,LS,Lesotho,AFRO,0,34490,0,706,33784
2022-12-11,LS,Lesotho,AFRO,0,34490,0,706,33784
2022-12-18,LS,Lesotho,AFRO,0,34490,0,706,33784
2022-12-25,LS,Lesotho,AFRO,0,34490,0,706,33784
2023-01-01,LS,Lesotho,AFRO,0,34490,0,706,33784
2023-01-08,LS,Lesotho,AFRO,0,34490,0,706,33784
2023-01-15,LS,Lesotho,AFRO,0,34490,0,706,33784
2023-01-22,LS,Lesotho,AFRO,0,34490,0,706,33784
2023-01-29,LS,Lesotho,AFRO,0,34490,0,706,33784
2023-02-05,LS,Lesotho,AFRO,0,34490,0,706,33784
2023-02-12,LS,Lesotho,AFRO,0,34490,0,706,33784
2023-02-19,LS,Lesotho,AFRO,0,34490,0,706,33784
2023-02-26,LS,Lesotho,AFRO,0,34490,0,706,33784
2023-03-05,LS,Lesotho,AFRO,0,34490,0,706,33784
2023-03-12,LS,Lesotho,AFRO,0,34490,0,706,33784
2023-03-19,LS,Lesotho,AFRO,0,34490,0,706,33784
2023-03-26,LS,Lesotho,AFRO,0,34490,0,706,33784
2023-04-02,LS,Lesotho,AFRO,0,34490,0,706,33784
2023-04-09,LS,Lesotho,AFRO,0,34490,0,706,33784
2023-04-16,LS,Lesotho,AFRO,0,34490,0,706,33784
2023-04-23,LS,Lesotho,AFRO,0,34490,0,706,33784
2023-04-30,LS,Lesotho,AFRO,0,34490,0,706,33784
2023-05-07,LS,Lesotho,AFRO,0,34490,0,706,33784
2023-05-14,LS,Lesotho,AFRO,0,34490,0,706,33784
2023-05-21,LS,Lesotho,AFRO,0,34490,0,706,33784
2023-05-28,LS,Lesotho,AFRO,0,34490,0,706,33784
2023-06-04,LS,Lesotho,AFRO,0,34490,0,706,33784
2023-06-11,LS,Lesotho,AFRO,0,34490,0,706,33784
2023-06-18,LS,Lesotho,AFRO,0,34490,0,706,33784
2023-06-25,LS,Lesotho,AFRO,0,34490,0,706,33784
2023-07-02,LS,Lesotho,AFRO,0,34490,0,706,33784
2023-07-09,LS,Lesotho,AFRO,0,34490,0,706,33784
2023-07-16,LS,Lesotho,AFRO,0,34490,0,706,33784
2023-07-23,LS,Lesotho,AFRO,0,34490,0,706,33784
2023-07-30,LS,Lesotho,AFRO,0,34490,0,706,33784
2023-08-06,LS,Lesotho,AFRO,0,34490,0,706,33784
2023-08-13,LS,Lesotho,AFRO,0,34490,0,706,33784
2023-08-20,LS,Lesotho,AFRO,0,34490,0,706,33784
2023-08-27,LS,Lesotho,AFRO,0,34490,0,706,33784
2023-09-03,LS,Lesotho,AFRO,0,34490,0,706,33784
2023-09-10,LS,Lesotho,AFRO,0,34490,0,706,33784
2023-09-17,LS,Lesotho,AFRO,0,34490,0,706,33784
2023-09-24,LS,Lesotho,AFRO,1346,35836,3,709,35127
2023-10-01,LS,Lesotho,AFRO,0,35836,0,709,35127
2023-10-08,LS,Lesotho,AFRO,24,35860,0,709,35151
2023-10-15,LS,Lesotho,AFRO,74,35934,0,709,35225
2023-10-22,LS,Lesotho,AFRO,67,36001,0,709,35292
2023-10-29,LS,Lesotho,AFRO,10,36011,0,709,35302
2023-11-05,LS,Lesotho,AFRO,28,36039,0,709,35330
2023-11-12,LS,Lesotho,AFRO,13,36052,0,709,35343
2023-11-19,LS,Lesotho,AFRO,34,36086,0,709,35377
2023-11-26,LS,Lesotho,AFRO,27,36113,0,709,35404
2023-12-03,LS,Lesotho,AFRO,11,36124,0,709,35415
2023-12-10,LS,Lesotho,AFRO,8,36132,0,709,35423
2023-12-17,LS,Lesotho,AFRO,3,36135,0,709,35426
2023-12-24,LS,Lesotho,AFRO,0,36135,0,709,35426
2023-12-31,LS,Lesotho,AFRO,3,36138,0,709,35429
2024-01-07,LS,Lesotho,AFRO,0,36138,0,709,35429
2024-01-14,LS,Lesotho,AFRO,0,36138,0,709,35429
2024-01-21,LS,Lesotho,AFRO,0,36138,0,709,35429
2024-01-28,LS,Lesotho,AFRO,0,36138,0,709,35429
2024-02-04,LS,Lesotho,AFRO,0,36138,0,709,35429
2024-02-11,LS,Lesotho,AFRO,0,36138,0,709,35429
2024-02-18,LS,Lesotho,AFRO,0,36138,0,709,35429
2024-02-25,LS,Lesotho,AFRO,0,36138,0,709,35429
2024-03-03,LS,Lesotho,AFRO,0,36138,0,709,35429
2024-03-10,LS,Lesotho,AFRO,0,36138,0,709,35429
2024-03-17,LS,Lesotho,AFRO,0,36138,0,709,35429
2024-03-24,LS,Lesotho,AFRO,0,36138,0,709,35429
2024-03-31,LS,Lesotho,AFRO,0,36138,0,709,35429
2024-04-07,LS,Lesotho,AFRO,0,36138,0,709,35429
2024-04-14,LS,Lesotho,AFRO,0,36138,0,709,35429
2024-04-21,LS,Lesotho,AFRO,0,36138,0,709,35429
2024-04-28,LS,Lesotho,AFRO,0,36138,0,709,35429
2024-05-05,LS,Lesotho,AFRO,0,36138,0,709,35429
2024-05-12,LS,Lesotho,AFRO,0,36138,0,709,35429
2024-05-19,LS,Lesotho,AFRO,0,36138,0,709,35429
2024-05-26,LS,Lesotho,AFRO,0,36138,0,709,35429
2024-06-02,LS,Lesotho,AFRO,0,36138,0,709,35429
2024-06-09,LS,Lesotho,AFRO,0,36138,0,709,35429
2024-06-16,LS,Lesotho,AFRO,0,36138,0,709,35429
2024-06-23,LS,Lesotho,AFRO,0,36138,0,709,35429
2024-06-30,LS,Lesotho,AFRO,0,36138,0,709,35429
2024-07-07,LS,Lesotho,AFRO,0,36138,0,709,35429
2024-07-14,LS,Lesotho,AFRO,0,36138,0,709,35429
2024-07-21,LS,Lesotho,AFRO,0,36138,0,709,35429
2024-07-28,LS,Lesotho,AFRO,0,36138,0,709,35429
2024-08-04,LS,Lesotho,AFRO,0,36138,0,709,35429
2024-08-11,LS,Lesotho,AFRO,0,36138,0,709,35429
2024-08-18,LS,Lesotho,AFRO,0,36138,0,709,35429
2024-08-25,LS,Lesotho,AFRO,0,36138,0,709,35429
2024-09-01,LS,Lesotho,AFRO,0,36138,0,709,35429
2024-09-08,LS,Lesotho,AFRO,0,36138,0,709,35429
2024-09-15,LS,Lesotho,AFRO,0,36138,0,709,35429
2024-09-22,LS,Lesotho,AFRO,0,36138,0,709,35429
2024-09-29,LS,Lesotho,AFRO,0,36138,0,709,35429
2024-10-06,LS,Lesotho,AFRO,0,36138,0,709,35429
2024-10-13,LS,Lesotho,AFRO,0,36138,0,709,35429
2024-10-20,LS,Lesotho,AFRO,0,36138,0,709,35429
2024-10-27,LS,Lesotho,AFRO,0,36138,0,709,35429
2024-11-03,LS,Lesotho,AFRO,0,36138,0,709,35429
2024-11-10,LS,Lesotho,AFRO,0,36138,0,709,35429
2024-11-17,LS,Lesotho,AFRO,0,36138,0,709,35429
2020-01-05,LR,Liberia,AFRO,0,0,0,0,0
2020-01-12,LR,Liberia,AFRO,0,0,0,0,0
2020-01-19,LR,Liberia,AFRO,0,0,0,0,0
2020-01-26,LR,Liberia,AFRO,0,0,0,0,0
2020-02-02,LR,Liberia,AFRO,0,0,0,0,0
2020-02-09,LR,Liberia,AFRO,0,0,0,0,0
2020-02-16,LR,Liberia,AFRO,0,0,0,0,0
2020-02-23,LR,Liberia,AFRO,0,0,0,0,0
2020-03-01,LR,Liberia,AFRO,0,0,0,0,0
2020-03-08,LR,Liberia,AFRO,0,0,0,0,0
2020-03-15,LR,Liberia,AFRO,0,0,0,0,0
2020-03-22,LR,Liberia,AFRO,3,3,0,0,3
2020-03-29,LR,Liberia,AFRO,1,4,0,0,4
2020-04-05,LR,Liberia,AFRO,7,11,1,1,10
2020-04-12,LR,Liberia,AFRO,46,57,5,6,51
2020-04-19,LR,Liberia,AFRO,41,98,3,9,89
2020-04-26,LR,Liberia,AFRO,32,130,5,14,116
2020-05-03,LR,Liberia,AFRO,41,171,6,20,151
2020-05-10,LR,Liberia,AFRO,44,215,2,22,193
2020-05-17,LR,Liberia,AFRO,22,237,1,23,214
2020-05-24,LR,Liberia,AFRO,33,270,5,28,242
2020-05-31,LR,Liberia,AFRO,24,294,2,30,264
2020-06-07,LR,Liberia,AFRO,70,364,3,33,331
2020-06-14,LR,Liberia,AFRO,99,463,2,35,428
2020-06-21,LR,Liberia,AFRO,168,631,2,37,594
2020-06-28,LR,Liberia,AFRO,137,768,0,37,731
2020-07-05,LR,Liberia,AFRO,103,871,3,40,831
2020-07-12,LR,Liberia,AFRO,136,1007,15,55,952
2020-07-19,LR,Liberia,AFRO,81,1088,19,74,1014
2020-07-26,LR,Liberia,AFRO,64,1152,3,77,1075
2020-08-02,LR,Liberia,AFRO,52,1204,6,83,1121
2020-08-09,LR,Liberia,AFRO,31,1235,2,85,1150
2020-08-16,LR,Liberia,AFRO,49,1284,3,88,1196
2020-08-23,LR,Liberia,AFRO,21,1305,0,88,1217
2020-08-30,LR,Liberia,AFRO,20,1325,0,88,1237
2020-09-06,LR,Liberia,AFRO,3,1328,0,88,1240
2020-09-13,LR,Liberia,AFRO,18,1346,0,88,1258
2020-09-20,LR,Liberia,AFRO,17,1363,0,88,1275
2020-09-27,LR,Liberia,AFRO,3,1366,0,88,1278
2020-10-04,LR,Liberia,AFRO,9,1375,0,88,1287
2020-10-11,LR,Liberia,AFRO,22,1397,0,88,1309
2020-10-18,LR,Liberia,AFRO,10,1407,0,88,1319
2020-10-25,LR,Liberia,AFRO,15,1422,0,88,1334
2020-11-01,LR,Liberia,AFRO,39,1461,0,88,1373
2020-11-08,LR,Liberia,AFRO,14,1475,0,88,1387
2020-11-15,LR,Liberia,AFRO,59,1534,0,88,1446
2020-11-22,LR,Liberia,AFRO,51,1585,0,88,1497
2020-11-29,LR,Liberia,AFRO,34,1619,1,89,1530
2020-12-06,LR,Liberia,AFRO,106,1725,0,89,1636
2020-12-13,LR,Liberia,AFRO,67,1792,0,89,1703
2020-12-20,LR,Liberia,AFRO,17,1809,0,89,1720
2020-12-27,LR,Liberia,AFRO,12,1821,0,89,1732
2021-01-03,LR,Liberia,AFRO,35,1856,0,89,1767
2021-01-10,LR,Liberia,AFRO,24,1880,0,89,1791
2021-01-17,LR,Liberia,AFRO,26,1906,0,89,1817
2021-01-24,LR,Liberia,AFRO,19,1925,0,89,1836
2021-01-31,LR,Liberia,AFRO,29,1954,0,89,1865
2021-02-07,LR,Liberia,AFRO,23,1977,0,89,1888
2021-02-14,LR,Liberia,AFRO,16,1993,2,91,1902
2021-02-21,LR,Liberia,AFRO,11,2004,0,91,1913
2021-02-28,LR,Liberia,AFRO,19,2023,0,91,1932
2021-03-07,LR,Liberia,AFRO,12,2035,0,91,1944
2021-03-14,LR,Liberia,AFRO,10,2045,0,91,1954
2021-03-21,LR,Liberia,AFRO,9,2054,0,91,1963
2021-03-28,LR,Liberia,AFRO,12,2066,0,91,1975
2021-04-04,LR,Liberia,AFRO,4,2070,0,91,1979
2021-04-11,LR,Liberia,AFRO,6,2076,0,91,1985
2021-04-18,LR,Liberia,AFRO,16,2092,0,91,2001
2021-04-25,LR,Liberia,AFRO,15,2107,0,91,2016
2021-05-02,LR,Liberia,AFRO,10,2117,0,91,2026
2021-05-09,LR,Liberia,AFRO,11,2128,0,91,2037
2021-05-16,LR,Liberia,AFRO,13,2141,0,91,2050
2021-05-23,LR,Liberia,AFRO,27,2168,1,92,2076
2021-05-30,LR,Liberia,AFRO,36,2204,0,92,2112
2021-06-06,LR,Liberia,AFRO,110,2314,3,95,2219
2021-06-13,LR,Liberia,AFRO,265,2579,15,110,2469
2021-06-20,LR,Liberia,AFRO,509,3088,28,138,2950
2021-06-27,LR,Liberia,AFRO,704,3792,39,177,3615
2021-07-04,LR,Liberia,AFRO,1142,4934,33,210,4724
2021-07-11,LR,Liberia,AFRO,286,5220,29,239,4981
2021-07-18,LR,Liberia,AFRO,240,5460,22,261,5199
2021-07-25,LR,Liberia,AFRO,76,5536,12,273,5263
2021-08-01,LR,Liberia,AFRO,25,5561,3,276,5285
2021-08-08,LR,Liberia,AFRO,31,5592,3,279,5313
2021-08-15,LR,Liberia,AFRO,32,5624,2,281,5343
2021-08-22,LR,Liberia,AFRO,33,5657,1,282,5375
2021-08-29,LR,Liberia,AFRO,61,5718,1,283,5435
2021-09-05,LR,Liberia,AFRO,32,5750,0,283,5467
2021-09-12,LR,Liberia,AFRO,22,5772,0,283,5489
2021-09-19,LR,Liberia,AFRO,21,5793,0,283,5510
2021-09-26,LR,Liberia,AFRO,10,5803,2,285,5518
2021-10-03,LR,Liberia,AFRO,2,5805,1,286,5519
2021-10-10,LR,Liberia,AFRO,2,5807,0,286,5521
2021-10-17,LR,Liberia,AFRO,5,5812,0,286,5526
2021-10-24,LR,Liberia,AFRO,2,5814,1,287,5527
2021-10-31,LR,Liberia,AFRO,4,5818,0,287,5531
2021-11-07,LR,Liberia,AFRO,0,5818,0,287,5531
2021-11-14,LR,Liberia,AFRO,3,5821,0,287,5534
2021-11-21,LR,Liberia,AFRO,2,5823,0,287,5536
2021-11-28,LR,Liberia,AFRO,1,5824,0,287,5537
2021-12-05,LR,Liberia,AFRO,6,5830,0,287,5543
2021-12-12,LR,Liberia,AFRO,17,5847,0,287,5560
2021-12-19,LR,Liberia,AFRO,72,5919,0,287,5632
2021-12-26,LR,Liberia,AFRO,309,6228,0,287,5941
2022-01-02,LR,Liberia,AFRO,516,6744,0,287,6457
2022-01-09,LR,Liberia,AFRO,331,7075,0,287,6788
2022-01-16,LR,Liberia,AFRO,118,7193,0,287,6906
2022-01-23,LR,Liberia,AFRO,53,7246,3,290,6956
2022-01-30,LR,Liberia,AFRO,26,7272,0,290,6982
2022-02-06,LR,Liberia,AFRO,74,7346,0,290,7056
2022-02-13,LR,Liberia,AFRO,14,7360,0,290,7070
2022-02-20,LR,Liberia,AFRO,21,7381,4,294,7087
2022-02-27,LR,Liberia,AFRO,3,7384,0,294,7090
2022-03-06,LR,Liberia,AFRO,9,7393,0,294,7099
2022-03-13,LR,Liberia,AFRO,0,7393,0,294,7099
2022-03-20,LR,Liberia,AFRO,2,7395,0,294,7101
2022-03-27,LR,Liberia,AFRO,4,7399,0,294,7105
2022-04-03,LR,Liberia,AFRO,1,7400,0,294,7106
2022-04-10,LR,Liberia,AFRO,21,7421,0,294,7127
2022-04-17,LR,Liberia,AFRO,13,7434,0,294,7140
2022-04-24,LR,Liberia,AFRO,0,7434,0,294,7140
2022-05-01,LR,Liberia,AFRO,1,7435,0,294,7141
2022-05-08,LR,Liberia,AFRO,16,7451,0,294,7157
2022-05-15,LR,Liberia,AFRO,4,7455,0,294,7161
2022-05-22,LR,Liberia,AFRO,1,7456,0,294,7162
2022-05-29,LR,Liberia,AFRO,0,7456,0,294,7162
2022-06-05,LR,Liberia,AFRO,2,7458,0,294,7164
2022-06-12,LR,Liberia,AFRO,30,7488,0,294,7194
2022-06-19,LR,Liberia,AFRO,5,7493,0,294,7199
2022-06-26,LR,Liberia,AFRO,6,7499,0,294,7205
2022-07-03,LR,Liberia,AFRO,2,7501,0,294,7207
2022-07-10,LR,Liberia,AFRO,3,7504,0,294,7210
2022-07-17,LR,Liberia,AFRO,3,7507,0,294,7213
2022-07-24,LR,Liberia,AFRO,1,7508,0,294,7214
2022-07-31,LR,Liberia,AFRO,40,7548,0,294,7254
2022-08-07,LR,Liberia,AFRO,104,7652,0,294,7358
2022-08-14,LR,Liberia,AFRO,76,7728,0,294,7434
2022-08-21,LR,Liberia,AFRO,102,7830,0,294,7536
2022-08-28,LR,Liberia,AFRO,53,7883,0,294,7589
2022-09-04,LR,Liberia,AFRO,43,7926,0,294,7632
2022-09-11,LR,Liberia,AFRO,18,7944,0,294,7650
2022-09-18,LR,Liberia,AFRO,16,7960,0,294,7666
2022-09-25,LR,Liberia,AFRO,13,7973,0,294,7679
2022-10-02,LR,Liberia,AFRO,3,7976,0,294,7682
2022-10-09,LR,Liberia,AFRO,10,7986,0,294,7692
2022-10-16,LR,Liberia,AFRO,4,7990,0,294,7696
2022-10-23,LR,Liberia,AFRO,3,7993,0,294,7699
2022-10-30,LR,Liberia,AFRO,6,7999,0,294,7705
2022-11-06,LR,Liberia,AFRO,10,8009,0,294,7715
2022-11-13,LR,Liberia,AFRO,5,8014,0,294,7720
2022-11-20,LR,Liberia,AFRO,11,8025,0,294,7731
2022-11-27,LR,Liberia,AFRO,10,8035,0,294,7741
2022-12-04,LR,Liberia,AFRO,8,8043,0,294,7749
2022-12-11,LR,Liberia,AFRO,0,8043,0,294,7749
2022-12-18,LR,Liberia,AFRO,3,8046,0,294,7752
2022-12-25,LR,Liberia,AFRO,4,8050,0,294,7756
2023-01-01,LR,Liberia,AFRO,5,8055,0,294,7761
2023-01-08,LR,Liberia,AFRO,5,8060,0,294,7766
2023-01-15,LR,Liberia,AFRO,0,8060,0,294,7766
2023-01-22,LR,Liberia,AFRO,2,8062,0,294,7768
2023-01-29,LR,Liberia,AFRO,0,8062,0,294,7768
2023-02-05,LR,Liberia,AFRO,15,8077,0,294,7783
2023-02-12,LR,Liberia,AFRO,6,8083,0,294,7789
2023-02-19,LR,Liberia,AFRO,7,8090,0,294,7796
2023-02-26,LR,Liberia,AFRO,0,8090,0,294,7796
2023-03-05,LR,Liberia,AFRO,0,8090,0,294,7796
2023-03-12,LR,Liberia,AFRO,0,8090,0,294,7796
2023-03-19,LR,Liberia,AFRO,0,8090,0,294,7796
2023-03-26,LR,Liberia,AFRO,0,8090,0,294,7796
2023-04-02,LR,Liberia,AFRO,0,8090,0,294,7796
2023-04-09,LR,Liberia,AFRO,0,8090,0,294,7796
2023-04-16,LR,Liberia,AFRO,0,8090,0,294,7796
2023-04-23,LR,Liberia,AFRO,0,8090,0,294,7796
2023-04-30,LR,Liberia,AFRO,0,8090,0,294,7796
2023-05-07,LR,Liberia,AFRO,0,8090,0,294,7796
2023-05-14,LR,Liberia,AFRO,0,8090,0,294,7796
2023-05-21,LR,Liberia,AFRO,0,8090,0,294,7796
2023-05-28,LR,Liberia,AFRO,0,8090,0,294,7796
2023-06-04,LR,Liberia,AFRO,0,8090,0,294,7796
2023-06-11,LR,Liberia,AFRO,0,8090,0,294,7796
2023-06-18,LR,Liberia,AFRO,0,8090,0,294,7796
2023-06-25,LR,Liberia,AFRO,0,8090,0,294,7796
2023-07-02,LR,Liberia,AFRO,0,8090,0,294,7796
2023-07-09,LR,Liberia,AFRO,0,8090,0,294,7796
2023-07-16,LR,Liberia,AFRO,0,8090,0,294,7796
2023-07-23,LR,Liberia,AFRO,0,8090,0,294,7796
2023-07-30,LR,Liberia,AFRO,0,8090,0,294,7796
2023-08-06,LR,Liberia,AFRO,0,8090,0,294,7796
2023-08-13,LR,Liberia,AFRO,0,7930,0,294,7636
2023-08-20,LR,Liberia,AFRO,0,7930,0,294,7636
2023-08-27,LR,Liberia,AFRO,0,7930,0,294,7636
2023-09-03,LR,Liberia,AFRO,0,7930,0,294,7636
2023-09-10,LR,Liberia,AFRO,0,7930,0,294,7636
2023-09-17,LR,Liberia,AFRO,0,7930,0,294,7636
2023-09-24,LR,Liberia,AFRO,0,7930,0,294,7636
2023-10-01,LR,Liberia,AFRO,0,7930,0,294,7636
2023-10-08,LR,Liberia,AFRO,0,7930,0,294,7636
2023-10-15,LR,Liberia,AFRO,0,7930,0,294,7636
2023-10-22,LR,Liberia,AFRO,0,7930,0,294,7636
2023-10-29,LR,Liberia,AFRO,0,7930,0,294,7636
2023-11-05,LR,Liberia,AFRO,0,7930,0,294,7636
2023-11-12,LR,Liberia,AFRO,0,7930,0,294,7636
2023-11-19,LR,Liberia,AFRO,0,7930,0,294,7636
2023-11-26,LR,Liberia,AFRO,0,7930,0,294,7636
2023-12-03,LR,Liberia,AFRO,0,7930,0,294,7636
2023-12-10,LR,Liberia,AFRO,0,7930,0,294,7636
2023-12-17,LR,Liberia,AFRO,0,7930,0,294,7636
2023-12-24,LR,Liberia,AFRO,0,7930,0,294,7636
2023-12-31,LR,Liberia,AFRO,0,7930,0,294,7636
2024-01-07,LR,Liberia,AFRO,0,7930,0,294,7636
2024-01-14,LR,Liberia,AFRO,0,7930,0,294,7636
2024-01-21,LR,Liberia,AFRO,0,7930,0,294,7636
2024-01-28,LR,Liberia,AFRO,0,7930,0,294,7636
2024-02-04,LR,Liberia,AFRO,0,7930,0,294,7636
2024-02-11,LR,Liberia,AFRO,0,7930,0,294,7636
2024-02-18,LR,Liberia,AFRO,0,7930,0,294,7636
2024-02-25,LR,Liberia,AFRO,0,7930,0,294,7636
2024-03-03,LR,Liberia,AFRO,0,7930,0,294,7636
2024-03-10,LR,Liberia,AFRO,0,7930,0,294,7636
2024-03-17,LR,Liberia,AFRO,0,7930,0,294,7636
2024-03-24,LR,Liberia,AFRO,0,7930,0,294,7636
2024-03-31,LR,Liberia,AFRO,0,7930,0,294,7636
2024-04-07,LR,Liberia,AFRO,0,7930,0,294,7636
2024-04-14,LR,Liberia,AFRO,0,7930,0,294,7636
2024-04-21,LR,Liberia,AFRO,0,7930,0,294,7636
2024-04-28,LR,Liberia,AFRO,0,7930,0,294,7636
2024-05-05,LR,Liberia,AFRO,0,7930,0,294,7636
2024-05-12,LR,Liberia,AFRO,0,7930,0,294,7636
2024-05-19,LR,Liberia,AFRO,0,7930,0,294,7636
2024-05-26,LR,Liberia,AFRO,0,7930,0,294,7636
2024-06-02,LR,Liberia,AFRO,0,7930,0,294,7636
2024-06-09,LR,Liberia,AFRO,0,7930,0,294,7636
2024-06-16,LR,Liberia,AFRO,0,7930,0,294,7636
2024-06-23,LR,Liberia,AFRO,0,7930,0,294,7636
2024-06-30,LR,Liberia,AFRO,0,7930,0,294,7636
2024-07-07,LR,Liberia,AFRO,0,7930,0,294,7636
2024-07-14,LR,Liberia,AFRO,0,7930,0,294,7636
2024-07-21,LR,Liberia,AFRO,0,7930,0,294,7636
2024-07-28,LR,Liberia,AFRO,0,7930,0,294,7636
2024-08-04,LR,Liberia,AFRO,0,7930,0,294,7636
2024-08-11,LR,Liberia,AFRO,0,7930,0,294,7636
2024-08-18,LR,Liberia,AFRO,0,7930,0,294,7636
2024-08-25,LR,Liberia,AFRO,0,7930,0,294,7636
2024-09-01,LR,Liberia,AFRO,0,7930,0,294,7636
2024-09-08,LR,Liberia,AFRO,0,7930,0,294,7636
2024-09-15,LR,Liberia,AFRO,0,7930,0,294,7636
2024-09-22,LR,Liberia,AFRO,1,7931,0,294,7637
2024-09-29,LR,Liberia,AFRO,1,7932,0,294,7638
2024-10-06,LR,Liberia,AFRO,0,7932,0,294,7638
2024-10-13,LR,Liberia,AFRO,0,7932,0,294,7638
2024-10-20,LR,Liberia,AFRO,0,7932,0,294,7638
2024-10-27,LR,Liberia,AFRO,0,7932,0,294,7638
2024-11-03,LR,Liberia,AFRO,0,7932,0,294,7638
2024-11-10,LR,Liberia,AFRO,0,7932,0,294,7638
2024-11-17,LR,Liberia,AFRO,0,7932,0,294,7638
2020-01-05,LY,Libya,EMRO,0,0,0,0,0
2020-01-12,LY,Libya,EMRO,0,0,0,0,0
2020-01-19,LY,Libya,EMRO,0,0,0,0,0
2020-01-26,LY,Libya,EMRO,0,0,0,0,0
2020-02-02,LY,Libya,EMRO,0,0,0,0,0
2020-02-09,LY,Libya,EMRO,0,0,0,0,0
2020-02-16,LY,Libya,EMRO,0,0,0,0,0
2020-02-23,LY,Libya,EMRO,0,0,0,0,0
2020-03-01,LY,Libya,EMRO,0,0,0,0,0
2020-03-08,LY,Libya,EMRO,0,0,0,0,0
2020-03-15,LY,Libya,EMRO,0,0,0,0,0
2020-03-22,LY,Libya,EMRO,0,0,0,0,0
2020-03-29,LY,Libya,EMRO,1,1,0,0,1
2020-04-05,LY,Libya,EMRO,10,11,1,1,10
2020-04-12,LY,Libya,EMRO,13,24,0,1,23
2020-04-19,LY,Libya,EMRO,25,49,0,1,48
2020-04-26,LY,Libya,EMRO,11,60,1,2,58
2020-05-03,LY,Libya,EMRO,3,63,1,3,60
2020-05-10,LY,Libya,EMRO,1,64,0,3,61
2020-05-17,LY,Libya,EMRO,0,64,0,3,61
2020-05-24,LY,Libya,EMRO,8,72,0,3,69
2020-05-31,LY,Libya,EMRO,46,118,2,5,113
2020-06-07,LY,Libya,EMRO,121,239,0,5,234
2020-06-14,LY,Libya,EMRO,170,409,1,6,403
2020-06-21,LY,Libya,EMRO,111,520,4,10,510
2020-06-28,LY,Libya,EMRO,193,713,8,18,695
2020-07-05,LY,Libya,EMRO,205,918,9,27,891
2020-07-12,LY,Libya,EMRO,424,1342,11,38,1304
2020-07-19,LY,Libya,EMRO,362,1704,9,47,1657
2020-07-26,LY,Libya,EMRO,721,2425,10,57,2368
2020-08-02,LY,Libya,EMRO,1196,3621,17,74,3547
2020-08-09,LY,Libya,EMRO,1457,5078,34,108,4970
2020-08-16,LY,Libya,EMRO,2249,7327,31,139,7188
2020-08-23,LY,Libya,EMRO,2794,10121,41,180,9941
2020-08-30,LY,Libya,EMRO,2837,12958,51,231,12727
2020-09-06,LY,Libya,EMRO,4136,17094,41,272,16822
2020-09-13,LY,Libya,EMRO,5254,22348,82,354,21994
2020-09-20,LY,Libya,EMRO,4886,27234,72,426,26808
2020-09-27,LY,Libya,EMRO,4594,31828,73,499,31329
2020-10-04,LY,Libya,EMRO,4259,36087,79,578,35509
2020-10-11,LY,Libya,EMRO,5599,41686,45,623,41063
2020-10-18,LY,Libya,EMRO,6159,47845,76,699,47146
2020-10-25,LY,Libya,EMRO,6529,54374,91,790,53584
2020-11-01,LY,Libya,EMRO,6721,61095,67,857,60238
2020-11-08,LY,Libya,EMRO,5944,67039,63,920,66119
2020-11-15,LY,Libya,EMRO,5589,72628,75,995,71633
2020-11-22,LY,Libya,EMRO,4180,76808,73,1068,75740
2020-11-29,LY,Libya,EMRO,4465,81273,85,1153,80120
2020-12-06,LY,Libya,EMRO,4256,85529,66,1219,84310
2020-12-13,LY,Libya,EMRO,4351,89880,59,1278,88602
2020-12-20,LY,Libya,EMRO,3892,93772,68,1346,92426
2020-12-27,LY,Libya,EMRO,3881,97653,69,1415,96238
2021-01-03,LY,Libya,EMRO,3091,100744,72,1487,99257
2021-01-10,LY,Libya,EMRO,3258,104002,81,1568,102434
2021-01-17,LY,Libya,EMRO,4015,108017,83,1651,106366
2021-01-24,LY,Libya,EMRO,4523,112540,86,1737,110803
2021-01-31,LY,Libya,EMRO,5110,117650,105,1842,115808
2021-02-07,LY,Libya,EMRO,5244,122894,94,1936,120958
2021-02-14,LY,Libya,EMRO,3987,126881,78,2014,124867
2021-02-21,LY,Libya,EMRO,2444,129325,74,2088,127237
2021-02-28,LY,Libya,EMRO,3133,132458,86,2174,130284
2021-03-07,LY,Libya,EMRO,5024,137482,62,2236,135246
2021-03-14,LY,Libya,EMRO,6161,143643,112,2348,141295
2021-03-21,LY,Libya,EMRO,6698,150341,139,2487,147854
2021-03-28,LY,Libya,EMRO,5775,156116,115,2602,153514
2021-04-04,LY,Libya,EMRO,4972,161088,82,2684,158404
2021-04-11,LY,Libya,EMRO,5800,166888,123,2807,164081
2021-04-18,LY,Libya,EMRO,4243,171131,75,2882,168249
2021-04-25,LY,Libya,EMRO,3621,174752,65,2947,171805
2021-05-02,LY,Libya,EMRO,2756,177508,82,3029,174479
2021-05-09,LY,Libya,EMRO,2189,179697,34,3063,176634
2021-05-16,LY,Libya,EMRO,1482,181179,22,3085,178094
2021-05-23,LY,Libya,EMRO,1720,182899,20,3105,179794
2021-05-30,LY,Libya,EMRO,1916,184815,11,3116,181699
2021-06-06,LY,Libya,EMRO,2138,186953,21,3137,183816
2021-06-13,LY,Libya,EMRO,1809,188762,21,3158,185604
2021-06-20,LY,Libya,EMRO,1664,190426,15,3173,187253
2021-06-27,LY,Libya,EMRO,1703,192129,12,3185,188944
2021-07-04,LY,Libya,EMRO,2194,194323,20,3205,191118
2021-07-11,LY,Libya,EMRO,6913,201236,27,3232,198004
2021-07-18,LY,Libya,EMRO,16198,217434,21,3253,214181
2021-07-25,LY,Libya,EMRO,12170,229604,91,3344,226260
2021-08-01,LY,Libya,EMRO,19510,249114,165,3509,245605
2021-08-08,LY,Libya,EMRO,15713,264827,180,3689,261138
2021-08-15,LY,Libya,EMRO,14272,279099,180,3869,275230
2021-08-22,LY,Libya,EMRO,14433,293532,148,4017,289515
2021-08-29,LY,Libya,EMRO,10258,303790,148,4165,299625
2021-09-05,LY,Libya,EMRO,9714,313504,143,4308,309196
2021-09-12,LY,Libya,EMRO,8983,322487,102,4410,318077
2021-09-19,LY,Libya,EMRO,7337,329824,80,4490,325334
2021-09-26,LY,Libya,EMRO,6167,335991,98,4588,331403
2021-10-03,LY,Libya,EMRO,5100,341091,76,4664,336427
2021-10-10,LY,Libya,EMRO,4360,345451,93,4757,340694
2021-10-17,LY,Libya,EMRO,3759,349210,103,4860,344350
2021-10-24,LY,Libya,EMRO,3671,352881,122,4982,347899
2021-10-31,LY,Libya,EMRO,3774,356655,96,5078,351577
2021-11-07,LY,Libya,EMRO,3611,360266,108,5186,355080
2021-11-14,LY,Libya,EMRO,3810,364076,89,5275,358801
2021-11-21,LY,Libya,EMRO,3142,367218,90,5365,361853
2021-11-28,LY,Libya,EMRO,3569,370787,65,5430,365357
2021-12-05,LY,Libya,EMRO,3493,374280,50,5480,368800
2021-12-12,LY,Libya,EMRO,3170,377450,60,5540,371910
2021-12-19,LY,Libya,EMRO,3573,381023,49,5589,375434
2021-12-26,LY,Libya,EMRO,3640,384663,52,5641,379022
2022-01-02,LY,Libya,EMRO,4071,388734,69,5710,383024
2022-01-09,LY,Libya,EMRO,4134,392868,68,5778,387090
2022-01-16,LY,Libya,EMRO,3584,396452,50,5828,390624
2022-01-23,LY,Libya,EMRO,6692,403144,79,5907,397237
2022-01-30,LY,Libya,EMRO,16399,419543,86,5993,413550
2022-02-06,LY,Libya,EMRO,26333,445876,59,6052,439824
2022-02-13,LY,Libya,EMRO,20790,466666,61,6113,460553
2022-02-20,LY,Libya,EMRO,15487,482153,65,6178,475975
2022-02-27,LY,Libya,EMRO,10001,492154,63,6241,485913
2022-03-06,LY,Libya,EMRO,5125,497279,47,6288,490991
2022-03-13,LY,Libya,EMRO,2488,499767,48,6336,493431
2022-03-20,LY,Libya,EMRO,1097,500864,32,6368,494496
2022-03-27,LY,Libya,EMRO,556,501420,29,6397,495023
2022-04-03,LY,Libya,EMRO,318,501738,22,6419,495319
2022-04-10,LY,Libya,EMRO,96,501834,10,6429,495405
2022-04-17,LY,Libya,EMRO,28,501862,0,6429,495433
2022-04-24,LY,Libya,EMRO,42,501904,1,6430,495474
2022-05-01,LY,Libya,EMRO,12,501916,0,6430,495486
2022-05-08,LY,Libya,EMRO,3,501919,0,6430,495489
2022-05-15,LY,Libya,EMRO,35,501954,0,6430,495524
2022-05-22,LY,Libya,EMRO,33,501987,0,6430,495557
2022-05-29,LY,Libya,EMRO,29,502016,0,6430,495586
2022-06-05,LY,Libya,EMRO,24,502040,0,6430,495610
2022-06-12,LY,Libya,EMRO,36,502076,0,6430,495646
2022-06-19,LY,Libya,EMRO,34,502110,0,6430,495680
2022-06-26,LY,Libya,EMRO,28,502138,0,6430,495708
2022-07-03,LY,Libya,EMRO,51,502189,0,6430,495759
2022-07-10,LY,Libya,EMRO,100,502289,0,6430,495859
2022-07-17,LY,Libya,EMRO,353,502642,1,6431,496211
2022-07-24,LY,Libya,EMRO,969,503611,0,6431,497180
2022-07-31,LY,Libya,EMRO,1138,504749,0,6431,498318
2022-08-07,LY,Libya,EMRO,862,505611,2,6433,499178
2022-08-14,LY,Libya,EMRO,567,506178,1,6434,499744
2022-08-21,LY,Libya,EMRO,337,506515,2,6436,500079
2022-08-28,LY,Libya,EMRO,231,506746,0,6436,500310
2022-09-04,LY,Libya,EMRO,92,506838,1,6437,500401
2022-09-11,LY,Libya,EMRO,51,506889,0,6437,500452
2022-09-18,LY,Libya,EMRO,33,506922,0,6437,500485
2022-09-25,LY,Libya,EMRO,32,506954,0,6437,500517
2022-10-02,LY,Libya,EMRO,40,506994,0,6437,500557
2022-10-09,LY,Libya,EMRO,16,507010,0,6437,500573
2022-10-16,LY,Libya,EMRO,2,507012,0,6437,500575
2022-10-23,LY,Libya,EMRO,12,507024,0,6437,500587
2022-10-30,LY,Libya,EMRO,10,507034,0,6437,500597
2022-11-06,LY,Libya,EMRO,17,507051,0,6437,500614
2022-11-13,LY,Libya,EMRO,9,507060,0,6437,500623
2022-11-20,LY,Libya,EMRO,10,507070,0,6437,500633
2022-11-27,LY,Libya,EMRO,8,507078,0,6437,500641
2022-12-04,LY,Libya,EMRO,6,507084,0,6437,500647
2022-12-11,LY,Libya,EMRO,16,507100,0,6437,500663
2022-12-18,LY,Libya,EMRO,12,507112,0,6437,500675
2022-12-25,LY,Libya,EMRO,9,507121,0,6437,500684
2023-01-01,LY,Libya,EMRO,21,507142,0,6437,500705
2023-01-08,LY,Libya,EMRO,11,507153,0,6437,500716
2023-01-15,LY,Libya,EMRO,1,507154,0,6437,500717
2023-01-22,LY,Libya,EMRO,4,507158,0,6437,500721
2023-01-29,LY,Libya,EMRO,1,507159,0,6437,500722
2023-02-05,LY,Libya,EMRO,3,507162,0,6437,500725
2023-02-12,LY,Libya,EMRO,4,507166,0,6437,500729
2023-02-19,LY,Libya,EMRO,4,507170,0,6437,500733
2023-02-26,LY,Libya,EMRO,1,507171,0,6437,500734
2023-03-05,LY,Libya,EMRO,3,507174,0,6437,500737
2023-03-12,LY,Libya,EMRO,13,507187,0,6437,500750
2023-03-19,LY,Libya,EMRO,14,507201,0,6437,500764
2023-03-26,LY,Libya,EMRO,5,507206,0,6437,500769
2023-04-02,LY,Libya,EMRO,0,507206,0,6437,500769
2023-04-09,LY,Libya,EMRO,23,507229,0,6437,500792
2023-04-16,LY,Libya,EMRO,15,507244,0,6437,500807
2023-04-23,LY,Libya,EMRO,6,507250,0,6437,500813
2023-04-30,LY,Libya,EMRO,2,507252,0,6437,500815
2023-05-07,LY,Libya,EMRO,0,507252,0,6437,500815
2023-05-14,LY,Libya,EMRO,1,507253,0,6437,500816
2023-05-21,LY,Libya,EMRO,2,507255,0,6437,500818
2023-05-28,LY,Libya,EMRO,7,507262,0,6437,500825
2023-06-04,LY,Libya,EMRO,1,507263,0,6437,500826
2023-06-11,LY,Libya,EMRO,1,507264,0,6437,500827
2023-06-18,LY,Libya,EMRO,0,507264,0,6437,500827
2023-06-25,LY,Libya,EMRO,2,507266,0,6437,500829
2023-07-02,LY,Libya,EMRO,0,507266,0,6437,500829
2023-07-09,LY,Libya,EMRO,0,507266,0,6437,500829
2023-07-16,LY,Libya,EMRO,0,507266,0,6437,500829
2023-07-23,LY,Libya,EMRO,0,507266,0,6437,500829
2023-07-30,LY,Libya,EMRO,0,507266,0,6437,500829
2023-08-06,LY,Libya,EMRO,0,507266,0,6437,500829
2023-08-13,LY,Libya,EMRO,0,507266,0,6437,500829
2023-08-20,LY,Libya,EMRO,0,507266,0,6437,500829
2023-08-27,LY,Libya,EMRO,2,507268,0,6437,500831
2023-09-03,LY,Libya,EMRO,1,507269,0,6437,500832
2023-09-10,LY,Libya,EMRO,0,507269,0,6437,500832
2023-09-17,LY,Libya,EMRO,0,507269,0,6437,500832
2023-09-24,LY,Libya,EMRO,0,507269,0,6437,500832
2023-10-01,LY,Libya,EMRO,0,507269,0,6437,500832
2023-10-08,LY,Libya,EMRO,0,507269,0,6437,500832
2023-10-15,LY,Libya,EMRO,0,507269,0,6437,500832
2023-10-22,LY,Libya,EMRO,0,507269,0,6437,500832
2023-10-29,LY,Libya,EMRO,0,507269,0,6437,500832
2023-11-05,LY,Libya,EMRO,0,507269,0,6437,500832
2023-11-12,LY,Libya,EMRO,0,507269,0,6437,500832
2023-11-19,LY,Libya,EMRO,0,507269,0,6437,500832
2023-11-26,LY,Libya,EMRO,0,507269,0,6437,500832
2023-12-03,LY,Libya,EMRO,0,507269,0,6437,500832
2023-12-10,LY,Libya,EMRO,0,507269,0,6437,500832
2023-12-17,LY,Libya,EMRO,0,507269,0,6437,500832
2023-12-24,LY,Libya,EMRO,0,507269,0,6437,500832
2023-12-31,LY,Libya,EMRO,0,507269,0,6437,500832
2024-01-07,LY,Libya,EMRO,0,507269,0,6437,500832
2024-01-14,LY,Libya,EMRO,0,507269,0,6437,500832
2024-01-21,LY,Libya,EMRO,0,507269,0,6437,500832
2024-01-28,LY,Libya,EMRO,0,507269,0,6437,500832
2024-02-04,LY,Libya,EMRO,0,507269,0,6437,500832
2024-02-11,LY,Libya,EMRO,0,507269,0,6437,500832
2024-02-18,LY,Libya,EMRO,0,507269,0,6437,500832
2024-02-25,LY,Libya,EMRO,0,507269,0,6437,500832
2024-03-03,LY,Libya,EMRO,0,507269,0,6437,500832
2024-03-10,LY,Libya,EMRO,0,507269,0,6437,500832
2024-03-17,LY,Libya,EMRO,0,507269,0,6437,500832
2024-03-24,LY,Libya,EMRO,0,507269,0,6437,500832
2024-03-31,LY,Libya,EMRO,0,507269,0,6437,500832
2024-04-07,LY,Libya,EMRO,0,507269,0,6437,500832
2024-04-14,LY,Libya,EMRO,0,507269,0,6437,500832
2024-04-21,LY,Libya,EMRO,0,507269,0,6437,500832
2024-04-28,LY,Libya,EMRO,0,507269,0,6437,500832
2024-05-05,LY,Libya,EMRO,0,507269,0,6437,500832
2024-05-12,LY,Libya,EMRO,0,507269,0,6437,500832
2024-05-19,LY,Libya,EMRO,0,507269,0,6437,500832
2024-05-26,LY,Libya,EMRO,0,507269,0,6437,500832
2024-06-02,LY,Libya,EMRO,0,507269,0,6437,500832
2024-06-09,LY,Libya,EMRO,0,507269,0,6437,500832
2024-06-16,LY,Libya,EMRO,0,507269,0,6437,500832
2024-06-23,LY,Libya,EMRO,0,507269,0,6437,500832
2024-06-30,LY,Libya,EMRO,0,507269,0,6437,500832
2024-07-07,LY,Libya,EMRO,0,507269,0,6437,500832
2024-07-14,LY,Libya,EMRO,0,507269,0,6437,500832
2024-07-21,LY,Libya,EMRO,0,507269,0,6437,500832
2024-07-28,LY,Libya,EMRO,0,507269,0,6437,500832
2024-08-04,LY,Libya,EMRO,0,507269,0,6437,500832
2024-08-11,LY,Libya,EMRO,0,507269,0,6437,500832
2024-08-18,LY,Libya,EMRO,0,507269,0,6437,500832
2024-08-25,LY,Libya,EMRO,0,507269,0,6437,500832
2024-09-01,LY,Libya,EMRO,0,507269,0,6437,500832
2024-09-08,LY,Libya,EMRO,0,507269,0,6437,500832
2024-09-15,LY,Libya,EMRO,0,507269,0,6437,500832
2024-09-22,LY,Libya,EMRO,0,507269,0,6437,500832
2024-09-29,LY,Libya,EMRO,0,507269,0,6437,500832
2024-10-06,LY,Libya,EMRO,0,507269,0,6437,500832
2024-10-13,LY,Libya,EMRO,0,507269,0,6437,500832
2024-10-20,LY,Libya,EMRO,0,507269,0,6437,500832
2024-10-27,LY,Libya,EMRO,0,507269,0,6437,500832
2024-11-03,LY,Libya,EMRO,0,507269,0,6437,500832
2024-11-10,LY,Libya,EMRO,0,507269,0,6437,500832
2024-11-17,LY,Libya,EMRO,0,507269,0,6437,500832
2020-01-05,LT,Lithuania,EURO,0,0,0,0,0
2020-01-12,LT,Lithuania,EURO,0,0,0,0,0
2020-01-19,LT,Lithuania,EURO,0,0,0,0,0
2020-01-26,LT,Lithuania,EURO,0,0,0,0,0
2020-02-02,LT,Lithuania,EURO,0,0,0,0,0
2020-02-09,LT,Lithuania,EURO,0,0,0,0,0
2020-02-16,LT,Lithuania,EURO,0,0,0,0,0
2020-02-23,LT,Lithuania,EURO,0,0,0,0,0
2020-03-01,LT,Lithuania,EURO,0,0,0,0,0
2020-03-08,LT,Lithuania,EURO,0,0,0,0,0
2020-03-15,LT,Lithuania,EURO,0,0,0,0,0
2020-03-22,LT,Lithuania,EURO,29,29,0,0,29
2020-03-29,LT,Lithuania,EURO,233,262,4,4,258
2020-04-05,LT,Lithuania,EURO,354,616,4,8,608
2020-04-12,LT,Lithuania,EURO,264,880,6,14,866
2020-04-19,LT,Lithuania,EURO,238,1118,9,23,1095
2020-04-26,LT,Lithuania,EURO,127,1245,8,31,1214
2020-05-03,LT,Lithuania,EURO,82,1327,2,33,1294
2020-05-10,LT,Lithuania,EURO,72,1399,3,36,1363
2020-05-17,LT,Lithuania,EURO,76,1475,7,43,1432
2020-05-24,LT,Lithuania,EURO,82,1557,5,48,1509
2020-05-31,LT,Lithuania,EURO,48,1605,6,54,1551
2020-06-07,LT,Lithuania,EURO,44,1649,2,56,1593
2020-06-14,LT,Lithuania,EURO,52,1701,3,59,1642
2020-06-21,LT,Lithuania,EURO,29,1730,1,60,1670
2020-06-28,LT,Lithuania,EURO,15,1745,1,61,1684
2020-07-05,LT,Lithuania,EURO,26,1771,1,62,1709
2020-07-12,LT,Lithuania,EURO,31,1802,0,62,1740
2020-07-19,LT,Lithuania,EURO,71,1873,1,63,1810
2020-07-26,LT,Lithuania,EURO,30,1903,0,63,1840
2020-08-02,LT,Lithuania,EURO,146,2049,0,63,1986
2020-08-09,LT,Lithuania,EURO,142,2191,1,64,2127
2020-08-16,LT,Lithuania,EURO,192,2383,0,64,2319
2020-08-23,LT,Lithuania,EURO,237,2620,3,67,2553
2020-08-30,LT,Lithuania,EURO,227,2847,2,69,2778
2020-09-06,LT,Lithuania,EURO,214,3061,0,69,2992
2020-09-13,LT,Lithuania,EURO,287,3348,2,71,3277
2020-09-20,LT,Lithuania,EURO,433,3781,0,71,3710
2020-09-27,LT,Lithuania,EURO,710,4491,5,76,4415
2020-10-04,LT,Lithuania,EURO,790,5281,5,81,5200
2020-10-11,LT,Lithuania,EURO,1029,6310,8,89,6221
2020-10-18,LT,Lithuania,EURO,1566,7876,11,100,7776
2020-10-25,LT,Lithuania,EURO,2963,10839,22,122,10717
2020-11-01,LT,Lithuania,EURO,6039,16878,33,155,16723
2020-11-08,LT,Lithuania,EURO,8245,25123,49,204,24919
2020-11-15,LT,Lithuania,EURO,10357,35480,91,295,35185
2020-11-22,LT,Lithuania,EURO,12436,47916,144,439,47477
2020-11-29,LT,Lithuania,EURO,13381,61297,153,592,60705
2020-12-06,LT,Lithuania,EURO,14961,76258,196,788,75470
2020-12-13,LT,Lithuania,EURO,19051,95309,252,1040,94269
2020-12-20,LT,Lithuania,EURO,20737,116046,256,1296,114750
2020-12-27,LT,Lithuania,EURO,18173,134219,321,1617,132602
2021-01-03,LT,Lithuania,EURO,16309,150528,326,1943,148585
2021-01-10,LT,Lithuania,EURO,13460,163988,269,2212,161776
2021-01-17,LT,Lithuania,EURO,8013,172001,248,2460,169541
2021-01-24,LT,Lithuania,EURO,6549,178550,206,2666,175884
2021-01-31,LT,Lithuania,EURO,5897,184447,156,2822,181625
2021-02-07,LT,Lithuania,EURO,4188,188635,133,2955,185680
2021-02-14,LT,Lithuania,EURO,3496,192131,125,3080,189051
2021-02-21,LT,Lithuania,EURO,3340,195471,101,3181,192290
2021-02-28,LT,Lithuania,EURO,3691,199162,77,3258,195904
2021-03-07,LT,Lithuania,EURO,3055,202217,73,3331,198886
2021-03-14,LT,Lithuania,EURO,3205,205422,71,3402,202020
2021-03-21,LT,Lithuania,EURO,3663,209085,78,3480,205605
2021-03-28,LT,Lithuania,EURO,4942,214027,72,3552,210475
2021-04-04,LT,Lithuania,EURO,5630,219657,60,3612,216045
2021-04-11,LT,Lithuania,EURO,6640,226297,83,3695,222602
2021-04-18,LT,Lithuania,EURO,7546,233843,71,3766,230077
2021-04-25,LT,Lithuania,EURO,7750,241593,92,3858,237735
2021-05-02,LT,Lithuania,EURO,8357,249950,97,3955,245995
2021-05-09,LT,Lithuania,EURO,8075,258025,84,4039,253986
2021-05-16,LT,Lithuania,EURO,7845,265870,69,4108,261762
2021-05-23,LT,Lithuania,EURO,5339,271209,85,4193,267016
2021-05-30,LT,Lithuania,EURO,3348,274557,72,4265,270292
2021-06-06,LT,Lithuania,EURO,2273,276830,45,4310,272520
2021-06-13,LT,Lithuania,EURO,1290,278120,32,4342,273778
2021-06-20,LT,Lithuania,EURO,635,278755,26,4368,274387
2021-06-27,LT,Lithuania,EURO,306,279061,14,4382,274679
2021-07-04,LT,Lithuania,EURO,208,279269,8,4390,274879
2021-07-11,LT,Lithuania,EURO,308,279577,7,4397,275180
2021-07-18,LT,Lithuania,EURO,553,280130,6,4403,275727
2021-07-25,LT,Lithuania,EURO,1216,281346,2,4405,276941
2021-08-01,LT,Lithuania,EURO,2080,283426,6,4411,279015
2021-08-08,LT,Lithuania,EURO,3121,286547,10,4421,282126
2021-08-15,LT,Lithuania,EURO,3803,290350,24,4445,285905
2021-08-22,LT,Lithuania,EURO,3971,294321,37,4482,289839
2021-08-29,LT,Lithuania,EURO,4156,298477,54,4536,293941
2021-09-05,LT,Lithuania,EURO,4902,303379,73,4609,298770
2021-09-12,LT,Lithuania,EURO,5950,309329,79,4688,304641
2021-09-19,LT,Lithuania,EURO,7760,317089,105,4793,312296
2021-09-26,LT,Lithuania,EURO,9280,326369,123,4916,321453
2021-10-03,LT,Lithuania,EURO,11865,338234,157,5073,333161
2021-10-10,LT,Lithuania,EURO,14853,353087,167,5240,347847
2021-10-17,LT,Lithuania,EURO,16878,369965,205,5445,364520
2021-10-24,LT,Lithuania,EURO,19829,389794,193,5638,384156
2021-10-31,LT,Lithuania,EURO,21014,410808,250,5888,404920
2021-11-07,LT,Lithuania,EURO,18895,429703,240,6128,423575
2021-11-14,LT,Lithuania,EURO,16387,446090,204,6332,439758
2021-11-21,LT,Lithuania,EURO,12573,458663,209,6541,452122
2021-11-28,LT,Lithuania,EURO,12580,471243,168,6709,464534
2021-12-05,LT,Lithuania,EURO,12206,483449,152,6861,476588
2021-12-12,LT,Lithuania,EURO,11568,495017,129,6990,488027
2021-12-19,LT,Lithuania,EURO,11487,506504,145,7135,499369
2021-12-26,LT,Lithuania,EURO,9502,516006,167,7302,508704
2022-01-02,LT,Lithuania,EURO,11899,527905,130,7432,520473
2022-01-09,LT,Lithuania,EURO,21379,549284,120,7552,541732
2022-01-16,LT,Lithuania,EURO,28303,577587,113,7665,569922
2022-01-23,LT,Lithuania,EURO,46165,623752,100,7765,615987
2022-01-30,LT,Lithuania,EURO,74103,697855,104,7869,689986
2022-02-06,LT,Lithuania,EURO,88302,786157,122,7991,778166
2022-02-13,LT,Lithuania,EURO,77802,863959,131,8122,855837
2022-02-20,LT,Lithuania,EURO,54157,918116,132,8254,909862
2022-02-27,LT,Lithuania,EURO,45304,963420,161,8415,955005
2022-03-06,LT,Lithuania,EURO,37052,1000472,120,8535,991937
2022-03-13,LT,Lithuania,EURO,35485,1035957,106,8641,1027316
2022-03-20,LT,Lithuania,EURO,35886,1071843,96,8737,1063106
2022-03-27,LT,Lithuania,EURO,27270,1099113,103,8840,1090273
2022-04-03,LT,Lithuania,EURO,18874,1117987,76,8916,1109071
2022-04-10,LT,Lithuania,EURO,12314,1130301,56,8972,1121329
2022-04-17,LT,Lithuania,EURO,9337,1139638,51,9023,1130615
2022-04-24,LT,Lithuania,EURO,6163,1145801,47,9070,1136731
2022-05-01,LT,Lithuania,EURO,4462,1150263,33,9103,1141160
2022-05-08,LT,Lithuania,EURO,1303,1151566,20,9123,1142443
2022-05-15,LT,Lithuania,EURO,1181,1152747,9,9132,1143615
2022-05-22,LT,Lithuania,EURO,1039,1153786,4,9136,1144650
2022-05-29,LT,Lithuania,EURO,909,1154695,8,9144,1145551
2022-06-05,LT,Lithuania,EURO,877,1155572,5,9149,1146423
2022-06-12,LT,Lithuania,EURO,1101,1156673,4,9153,1147520
2022-06-19,LT,Lithuania,EURO,1304,1157977,5,9158,1148819
2022-06-26,LT,Lithuania,EURO,1559,1159536,9,9167,1150369
2022-07-03,LT,Lithuania,EURO,2628,1162164,8,9175,1152989
2022-07-10,LT,Lithuania,EURO,2930,1165094,5,9180,1155914
2022-07-17,LT,Lithuania,EURO,4578,1169672,9,9189,1160483
2022-07-24,LT,Lithuania,EURO,6345,1176017,10,9199,1166818
2022-07-31,LT,Lithuania,EURO,7583,1183600,9,9208,1174392
2022-08-07,LT,Lithuania,EURO,8553,1192153,12,9220,1182933
2022-08-14,LT,Lithuania,EURO,8562,1200715,17,9237,1191478
2022-08-21,LT,Lithuania,EURO,8234,1208949,21,9258,1199691
2022-08-28,LT,Lithuania,EURO,6725,1215674,24,9282,1206392
2022-09-04,LT,Lithuania,EURO,5172,1220846,12,9294,1211552
2022-09-11,LT,Lithuania,EURO,5775,1226621,2,9296,1217325
2022-09-18,LT,Lithuania,EURO,8935,1235556,11,9307,1226249
2022-09-25,LT,Lithuania,EURO,8787,1244343,10,9317,1235026
2022-10-02,LT,Lithuania,EURO,7189,1251532,7,9324,1242208
2022-10-09,LT,Lithuania,EURO,5598,1257130,18,9342,1247788
2022-10-16,LT,Lithuania,EURO,4520,1261650,21,9363,1252287
2022-10-23,LT,Lithuania,EURO,3522,1265172,17,9380,1255792
2022-10-30,LT,Lithuania,EURO,2868,1268040,13,9393,1258647
2022-11-06,LT,Lithuania,EURO,1765,1269805,9,9402,1260403
2022-11-13,LT,Lithuania,EURO,1724,1271529,11,9413,1262116
2022-11-20,LT,Lithuania,EURO,1551,1273080,4,9417,1263663
2022-11-27,LT,Lithuania,EURO,1837,1274917,13,9430,1265487
2022-12-04,LT,Lithuania,EURO,2699,1277616,6,9436,1268180
2022-12-11,LT,Lithuania,EURO,3034,1280650,5,9441,1271209
2022-12-18,LT,Lithuania,EURO,2822,1283472,13,9454,1274018
2022-12-25,LT,Lithuania,EURO,2750,1286222,15,9469,1276753
2023-01-01,LT,Lithuania,EURO,2258,1288480,14,9483,1278997
2023-01-08,LT,Lithuania,EURO,2485,1290965,19,9502,1281463
2023-01-15,LT,Lithuania,EURO,1627,1292592,18,9520,1283072
2023-01-22,LT,Lithuania,EURO,1648,1294240,8,9528,1284712
2023-01-29,LT,Lithuania,EURO,1730,1295970,9,9537,1286433
2023-02-05,LT,Lithuania,EURO,1947,1297917,14,9551,1288366
2023-02-12,LT,Lithuania,EURO,2095,1300012,7,9558,1290454
2023-02-19,LT,Lithuania,EURO,1907,1301919,16,9574,1292345
2023-02-26,LT,Lithuania,EURO,2194,1304113,11,9585,1294528
2023-03-05,LT,Lithuania,EURO,2250,1306363,8,9593,1296770
2023-03-12,LT,Lithuania,EURO,2181,1308544,9,9602,1298942
2023-03-19,LT,Lithuania,EURO,2312,1310856,10,9612,1301244
2023-03-26,LT,Lithuania,EURO,2091,1312947,16,9628,1303319
2023-04-02,LT,Lithuania,EURO,1675,1314622,8,9636,1304986
2023-04-09,LT,Lithuania,EURO,1473,1316095,7,9643,1306452
2023-04-16,LT,Lithuania,EURO,968,1317063,10,9653,1307410
2023-04-23,LT,Lithuania,EURO,801,1317864,5,9658,1308206
2023-04-30,LT,Lithuania,EURO,610,1318474,7,9665,1308809
2023-05-07,LT,Lithuania,EURO,505,1318979,7,9672,1309307
2023-05-14,LT,Lithuania,EURO,504,1319483,1,9673,1309810
2023-05-21,LT,Lithuania,EURO,439,1319922,7,9680,1310242
2023-05-28,LT,Lithuania,EURO,393,1320315,2,9682,1310633
2023-06-04,LT,Lithuania,EURO,334,1320649,3,9685,1310964
2023-06-11,LT,Lithuania,EURO,273,1320922,2,9687,1311235
2023-06-18,LT,Lithuania,EURO,219,1321141,3,9690,1311451
2023-06-25,LT,Lithuania,EURO,154,1321295,0,9690,1311605
2023-07-02,LT,Lithuania,EURO,152,1321447,1,9691,1311756
2023-07-09,LT,Lithuania,EURO,93,1321540,0,9691,1311849
2023-07-16,LT,Lithuania,EURO,111,1321651,1,9692,1311959
2023-07-23,LT,Lithuania,EURO,110,1321761,1,9693,1312068
2023-07-30,LT,Lithuania,EURO,117,1321878,1,9694,1312184
2023-08-06,LT,Lithuania,EURO,144,1322022,0,9694,1312328
2023-08-13,LT,Lithuania,EURO,162,1322184,1,9695,1312489
2023-08-20,LT,Lithuania,EURO,263,1322447,0,9695,1312752
2023-08-27,LT,Lithuania,EURO,428,1322875,2,9697,1313178
2023-09-03,LT,Lithuania,EURO,524,1323399,4,9701,1313698
2023-09-10,LT,Lithuania,EURO,924,1324323,2,9703,1314620
2023-09-17,LT,Lithuania,EURO,1734,1326057,1,9704,1316353
2023-09-24,LT,Lithuania,EURO,1988,1328045,2,9706,1318339
2023-10-01,LT,Lithuania,EURO,1893,1329938,4,9710,1320228
2023-10-08,LT,Lithuania,EURO,1620,1331558,4,9714,1321844
2023-10-15,LT,Lithuania,EURO,1707,1333265,4,9718,1323547
2023-10-22,LT,Lithuania,EURO,2308,1335573,11,9729,1325844
2023-10-29,LT,Lithuania,EURO,2891,1338464,5,9734,1328730
2023-11-05,LT,Lithuania,EURO,2502,1340966,5,9739,1331227
2023-11-12,LT,Lithuania,EURO,3869,1344835,11,9750,1335085
2023-11-19,LT,Lithuania,EURO,4146,1348981,9,9759,1339222
2023-11-26,LT,Lithuania,EURO,1561,1350542,2,9761,1340781
2023-12-03,LT,Lithuania,EURO,0,1350542,0,9761,1340781
2023-12-10,LT,Lithuania,EURO,4782,1355324,8,9769,1345555
2023-12-17,LT,Lithuania,EURO,3906,1359230,4,9773,1349457
2023-12-24,LT,Lithuania,EURO,6137,1365367,0,9773,1355594
2023-12-31,LT,Lithuania,EURO,2780,1368147,0,9773,1358374
2024-01-07,LT,Lithuania,EURO,2519,1370666,0,9773,1360893
2024-01-14,LT,Lithuania,EURO,1922,1372588,0,9773,1362815
2024-01-21,LT,Lithuania,EURO,1398,1373986,9,9782,1364204
2024-01-28,LT,Lithuania,EURO,1237,1375223,6,9788,1365435
2024-02-04,LT,Lithuania,EURO,1030,1376253,5,9793,1366460
2024-02-11,LT,Lithuania,EURO,782,1377035,1,9794,1367241
2024-02-18,LT,Lithuania,EURO,474,1377509,3,9797,1367712
2024-02-25,LT,Lithuania,EURO,441,1377950,2,9799,1368151
2024-03-03,LT,Lithuania,EURO,310,1378260,0,9799,1368461
2024-03-10,LT,Lithuania,EURO,229,1378489,1,9800,1368689
2024-03-17,LT,Lithuania,EURO,240,1378729,1,9801,1368928
2024-03-24,LT,Lithuania,EURO,222,1378951,1,9802,1369149
2024-03-31,LT,Lithuania,EURO,190,1379141,0,9802,1369339
2024-04-07,LT,Lithuania,EURO,122,1379263,0,9802,1369461
2024-04-14,LT,Lithuania,EURO,130,1379393,0,9802,1369591
2024-04-21,LT,Lithuania,EURO,88,1379481,1,9803,1369678
2024-04-28,LT,Lithuania,EURO,76,1379557,1,9804,1369753
2024-05-05,LT,Lithuania,EURO,79,1379636,1,9805,1369831
2024-05-12,LT,Lithuania,EURO,68,1379704,0,9805,1369899
2024-05-19,LT,Lithuania,EURO,88,1379792,0,9805,1369987
2024-05-26,LT,Lithuania,EURO,103,1379895,0,9805,1370090
2024-06-02,LT,Lithuania,EURO,80,1379975,0,9805,1370170
2024-06-09,LT,Lithuania,EURO,78,1380053,1,9806,1370247
2024-06-16,LT,Lithuania,EURO,105,1380158,0,9806,1370352
2024-06-23,LT,Lithuania,EURO,169,1380327,0,9806,1370521
2024-06-30,LT,Lithuania,EURO,158,1380485,1,9807,1370678
2024-07-07,LT,Lithuania,EURO,159,1380644,2,9809,1370835
2024-07-14,LT,Lithuania,EURO,267,1380911,0,9809,1371102
2024-07-21,LT,Lithuania,EURO,347,1381258,0,9809,1371449
2024-07-28,LT,Lithuania,EURO,648,1381906,1,9810,1372096
2024-08-04,LT,Lithuania,EURO,807,1382713,0,9810,1372903
2024-08-11,LT,Lithuania,EURO,1407,1384120,0,9810,1374310
2024-08-18,LT,Lithuania,EURO,1377,1385497,0,9810,1375687
2024-08-25,LT,Lithuania,EURO,2131,1387628,2,9812,1377816
2024-09-01,LT,Lithuania,EURO,2216,1389844,3,9815,1380029
2024-09-08,LT,Lithuania,EURO,2799,1392643,3,9818,1382825
2024-09-15,LT,Lithuania,EURO,4400,1397043,2,9820,1387223
2024-09-22,LT,Lithuania,EURO,4841,1401884,4,9824,1392060
2024-09-29,LT,Lithuania,EURO,3875,1405759,3,9827,1395932
2024-10-06,LT,Lithuania,EURO,2430,1408189,4,9831,1398358
2024-10-13,LT,Lithuania,EURO,2048,1410237,6,9837,1400400
2024-10-20,LT,Lithuania,EURO,1681,1411918,10,9847,1402071
2024-10-27,LT,Lithuania,EURO,1528,1413446,1,9848,1403598
2024-11-03,LT,Lithuania,EURO,878,1414324,2,9850,1404474
2024-11-10,LT,Lithuania,EURO,913,1415237,5,9855,1405382
2024-11-17,LT,Lithuania,EURO,678,1415915,0,9855,1406060
2020-01-05,LU,Luxembourg,EURO,0,0,0,0,0
2020-01-12,LU,Luxembourg,EURO,0,0,0,0,0
2020-01-19,LU,Luxembourg,EURO,0,0,0,0,0
2020-01-26,LU,Luxembourg,EURO,0,0,0,0,0
2020-02-02,LU,Luxembourg,EURO,0,0,0,0,0
2020-02-09,LU,Luxembourg,EURO,0,0,0,0,0
2020-02-16,LU,Luxembourg,EURO,0,0,0,0,0
2020-02-23,LU,Luxembourg,EURO,0,0,0,0,0
2020-03-01,LU,Luxembourg,EURO,1,1,0,0,1
2020-03-08,LU,Luxembourg,EURO,3,4,0,0,4
2020-03-15,LU,Luxembourg,EURO,83,87,3,3,84
2020-03-22,LU,Luxembourg,EURO,682,769,12,15,754
2020-03-29,LU,Luxembourg,EURO,1067,1836,21,36,1800
2020-04-05,LU,Luxembourg,EURO,624,2460,22,58,2402
2020-04-12,LU,Luxembourg,EURO,294,2754,16,74,2680
2020-04-19,LU,Luxembourg,EURO,110,2864,5,79,2785
2020-04-26,LU,Luxembourg,EURO,77,2941,2,81,2860
2020-05-03,LU,Luxembourg,EURO,46,2987,2,83,2904
2020-05-10,LU,Luxembourg,EURO,30,3017,0,83,2934
2020-05-17,LU,Luxembourg,EURO,26,3043,0,83,2960
2020-05-24,LU,Luxembourg,EURO,32,3075,0,83,2992
2020-05-31,LU,Luxembourg,EURO,13,3088,0,83,3005
2020-06-07,LU,Luxembourg,EURO,10,3098,0,83,3015
2020-06-14,LU,Luxembourg,EURO,26,3124,0,83,3041
2020-06-21,LU,Luxembourg,EURO,36,3160,0,83,3077
2020-06-28,LU,Luxembourg,EURO,106,3266,0,83,3183
2020-07-05,LU,Luxembourg,EURO,203,3469,0,83,3386
2020-07-12,LU,Luxembourg,EURO,255,3724,4,87,3637
2020-07-19,LU,Luxembourg,EURO,414,4138,3,90,4048
2020-07-26,LU,Luxembourg,EURO,473,4611,1,91,4520
2020-08-02,LU,Luxembourg,EURO,355,4966,3,94,4872
2020-08-09,LU,Luxembourg,EURO,249,5215,1,95,5120
2020-08-16,LU,Luxembourg,EURO,178,5393,0,95,5298
2020-08-23,LU,Luxembourg,EURO,250,5643,0,95,5548
2020-08-30,LU,Luxembourg,EURO,262,5905,0,95,5810
2020-09-06,LU,Luxembourg,EURO,265,6170,0,95,6075
2020-09-13,LU,Luxembourg,EURO,240,6410,0,95,6315
2020-09-20,LU,Luxembourg,EURO,590,7000,0,95,6905
2020-09-27,LU,Luxembourg,EURO,409,7409,3,98,7311
2020-10-04,LU,Luxembourg,EURO,463,7872,1,99,7773
2020-10-11,LU,Luxembourg,EURO,682,8554,7,106,8448
2020-10-18,LU,Luxembourg,EURO,1110,9664,7,113,9551
2020-10-25,LU,Luxembourg,EURO,2710,12374,13,126,12248
2020-11-01,LU,Luxembourg,EURO,3089,15463,11,137,15326
2020-11-08,LU,Luxembourg,EURO,2634,18097,12,149,17948
2020-11-15,LU,Luxembourg,EURO,2835,20932,11,160,20772
2020-11-22,LU,Luxembourg,EURO,3255,24187,21,181,24006
2020-11-29,LU,Luxembourg,EURO,3410,27597,17,198,27399
2020-12-06,LU,Luxembourg,EURO,3633,31230,20,218,31012
2020-12-13,LU,Luxembourg,EURO,3241,34471,32,250,34221
2020-12-20,LU,Luxembourg,EURO,2623,37094,16,266,36828
2020-12-27,LU,Luxembourg,EURO,1289,38383,19,285,38098
2021-01-03,LU,Luxembourg,EURO,1111,39494,10,295,39199
2021-01-10,LU,Luxembourg,EURO,1035,40529,6,301,40228
2021-01-17,LU,Luxembourg,EURO,857,41386,9,310,41076
2021-01-24,LU,Luxembourg,EURO,853,42239,13,323,41916
2021-01-31,LU,Luxembourg,EURO,1049,43288,14,337,42951
2021-02-07,LU,Luxembourg,EURO,1187,44475,14,351,44124
2021-02-14,LU,Luxembourg,EURO,1131,45606,16,367,45239
2021-02-21,LU,Luxembourg,EURO,1295,46901,11,378,46523
2021-02-28,LU,Luxembourg,EURO,1360,48261,28,406,47855
2021-03-07,LU,Luxembourg,EURO,1251,49512,33,439,49073
2021-03-14,LU,Luxembourg,EURO,1303,50815,23,462,50353
2021-03-21,LU,Luxembourg,EURO,1637,52452,21,483,51969
2021-03-28,LU,Luxembourg,EURO,1760,54212,13,496,53716
2021-04-04,LU,Luxembourg,EURO,1626,55838,10,506,55332
2021-04-11,LU,Luxembourg,EURO,1374,57212,14,520,56692
2021-04-18,LU,Luxembourg,EURO,1332,58544,5,525,58019
2021-04-25,LU,Luxembourg,EURO,1243,59787,2,527,59260
2021-05-02,LU,Luxembourg,EURO,1137,60924,4,531,60393
2021-05-09,LU,Luxembourg,EURO,954,61878,4,535,61343
2021-05-16,LU,Luxembourg,EURO,758,62636,2,537,62099
2021-05-23,LU,Luxembourg,EURO,526,63162,1,538,62624
2021-05-30,LU,Luxembourg,EURO,372,63534,0,538,62996
2021-06-06,LU,Luxembourg,EURO,338,63872,1,539,63333
2021-06-13,LU,Luxembourg,EURO,200,64072,0,539,63533
2021-06-20,LU,Luxembourg,EURO,103,64175,0,539,63636
2021-06-27,LU,Luxembourg,EURO,125,64300,0,539,63761
2021-07-04,LU,Luxembourg,EURO,846,65146,0,539,64607
2021-07-11,LU,Luxembourg,EURO,910,66056,1,540,65516
2021-07-18,LU,Luxembourg,EURO,800,66856,1,541,66315
2021-07-25,LU,Luxembourg,EURO,651,67507,3,544,66963
2021-08-01,LU,Luxembourg,EURO,509,68016,1,545,67471
2021-08-08,LU,Luxembourg,EURO,485,68501,1,546,67955
2021-08-15,LU,Luxembourg,EURO,370,68871,1,547,68324
2021-08-22,LU,Luxembourg,EURO,503,69374,1,548,68826
2021-08-29,LU,Luxembourg,EURO,634,70008,2,550,69458
2021-09-05,LU,Luxembourg,EURO,655,70663,2,552,70111
2021-09-12,LU,Luxembourg,EURO,605,71268,0,552,70716
2021-09-19,LU,Luxembourg,EURO,580,71848,3,555,71293
2021-09-26,LU,Luxembourg,EURO,621,72469,0,555,71914
2021-10-03,LU,Luxembourg,EURO,626,73095,1,556,72539
2021-10-10,LU,Luxembourg,EURO,728,73823,3,559,73264
2021-10-17,LU,Luxembourg,EURO,854,74677,5,564,74113
2021-10-24,LU,Luxembourg,EURO,1046,75723,5,569,75154
2021-10-31,LU,Luxembourg,EURO,1176,76899,6,575,76324
2021-11-07,LU,Luxembourg,EURO,1306,78205,5,580,77625
2021-11-14,LU,Luxembourg,EURO,1564,79769,3,583,79186
2021-11-21,LU,Luxembourg,EURO,1999,81768,8,591,81177
2021-11-28,LU,Luxembourg,EURO,2549,84317,13,604,83713
2021-12-05,LU,Luxembourg,EURO,2880,87197,13,617,86580
2021-12-12,LU,Luxembourg,EURO,2725,89922,4,621,89301
2021-12-19,LU,Luxembourg,EURO,2933,92855,8,629,92226
2021-12-26,LU,Luxembourg,EURO,3033,95888,6,635,95253
2022-01-02,LU,Luxembourg,EURO,6642,102530,5,640,101890
2022-01-09,LU,Luxembourg,EURO,12803,115333,11,651,114682
2022-01-16,LU,Luxembourg,EURO,13715,129048,7,658,128390
2022-01-23,LU,Luxembourg,EURO,18413,147461,15,673,146788
2022-01-30,LU,Luxembourg,EURO,17703,165164,18,691,164473
2022-02-06,LU,Luxembourg,EURO,13029,178193,22,713,177480
2022-02-13,LU,Luxembourg,EURO,6852,185045,15,728,184317
2022-02-20,LU,Luxembourg,EURO,4237,189282,6,734,188548
2022-02-27,LU,Luxembourg,EURO,5666,194948,8,742,194206
2022-03-06,LU,Luxembourg,EURO,5764,200712,9,751,199961
2022-03-13,LU,Luxembourg,EURO,7190,207902,15,766,207136
2022-03-20,LU,Luxembourg,EURO,9459,217361,12,778,216583
2022-03-27,LU,Luxembourg,EURO,11570,228931,13,791,228140
2022-04-03,LU,Luxembourg,EURO,9821,238752,14,805,237947
2022-04-10,LU,Luxembourg,EURO,7285,246037,11,816,245221
2022-04-17,LU,Luxembourg,EURO,6395,252432,13,829,251603
2022-04-24,LU,Luxembourg,EURO,5108,257540,5,834,256706
2022-05-01,LU,Luxembourg,EURO,4363,261903,7,841,261062
2022-05-08,LU,Luxembourg,EURO,3978,265881,11,852,265029
2022-05-15,LU,Luxembourg,EURO,3233,269114,2,854,268260
2022-05-22,LU,Luxembourg,EURO,2283,271397,5,859,270538
2022-05-29,LU,Luxembourg,EURO,1433,272830,4,863,271967
2022-06-05,LU,Luxembourg,EURO,2482,275312,4,867,274445
2022-06-12,LU,Luxembourg,EURO,3668,278980,4,871,278109
2022-06-19,LU,Luxembourg,EURO,5283,284263,2,873,283390
2022-06-26,LU,Luxembourg,EURO,5981,290244,7,880,289364
2022-07-03,LU,Luxembourg,EURO,7840,298084,4,884,297200
2022-07-10,LU,Luxembourg,EURO,7799,305883,5,889,304994
2022-07-17,LU,Luxembourg,EURO,6680,312563,1,890,311673
2022-07-24,LU,Luxembourg,EURO,4808,317371,3,893,316478
2022-07-31,LU,Luxembourg,EURO,2769,320140,3,896,319244
2022-08-07,LU,Luxembourg,EURO,1782,321922,3,899,321023
2022-08-14,LU,Luxembourg,EURO,1244,323166,0,899,322267
2022-08-21,LU,Luxembourg,EURO,1082,324248,2,901,323347
2022-08-28,LU,Luxembourg,EURO,1112,325360,0,901,324459
2022-09-04,LU,Luxembourg,EURO,1046,326406,2,903,325503
2022-09-11,LU,Luxembourg,EURO,1105,327511,0,903,326608
2022-09-18,LU,Luxembourg,EURO,1453,328964,2,905,328059
2022-09-25,LU,Luxembourg,EURO,1951,330915,1,906,330009
2022-10-02,LU,Luxembourg,EURO,3246,334161,1,907,333254
2022-10-09,LU,Luxembourg,EURO,4358,338519,2,909,337610
2022-10-16,LU,Luxembourg,EURO,4038,342557,4,913,341644
2022-10-23,LU,Luxembourg,EURO,3416,345973,5,918,345055
2022-10-30,LU,Luxembourg,EURO,2323,348296,2,920,347376
2022-11-06,LU,Luxembourg,EURO,1362,349658,4,924,348734
2022-11-13,LU,Luxembourg,EURO,1461,351119,3,927,350192
2022-11-20,LU,Luxembourg,EURO,1705,352824,4,931,351893
2022-11-27,LU,Luxembourg,EURO,1938,354762,2,933,353829
2022-12-04,LU,Luxembourg,EURO,2026,356788,8,941,355847
2022-12-11,LU,Luxembourg,EURO,2517,359305,2,943,358362
2022-12-18,LU,Luxembourg,EURO,2689,361994,4,947,361047
2022-12-25,LU,Luxembourg,EURO,2873,364867,8,955,363912
2023-01-01,LU,Luxembourg,EURO,1373,366240,6,961,365279
2023-01-08,LU,Luxembourg,EURO,1053,367293,7,968,366325
2023-01-15,LU,Luxembourg,EURO,672,367965,4,972,366993
2023-01-22,LU,Luxembourg,EURO,551,368516,5,977,367539
2023-01-29,LU,Luxembourg,EURO,646,369162,3,980,368182
2023-02-05,LU,Luxembourg,EURO,849,370011,2,982,369029
2023-02-12,LU,Luxembourg,EURO,940,370951,2,984,369967
2023-02-19,LU,Luxembourg,EURO,884,371835,1,985,370850
2023-02-26,LU,Luxembourg,EURO,1428,373263,5,990,372273
2023-03-05,LU,Luxembourg,EURO,1638,374901,1,991,373910
2023-03-12,LU,Luxembourg,EURO,1818,376719,1,992,375727
2023-03-19,LU,Luxembourg,EURO,1798,378517,2,994,377523
2023-03-26,LU,Luxembourg,EURO,1575,380092,6,1000,379092
2023-04-02,LU,Luxembourg,EURO,1012,381104,0,1000,380104
2023-04-09,LU,Luxembourg,EURO,313,381417,0,1000,380417
2023-04-16,LU,Luxembourg,EURO,232,381649,0,1000,380649
2023-04-23,LU,Luxembourg,EURO,244,381893,0,1000,380893
2023-04-30,LU,Luxembourg,EURO,208,382101,0,1000,381101
2023-05-07,LU,Luxembourg,EURO,198,382299,0,1000,381299
2023-05-14,LU,Luxembourg,EURO,152,382451,0,1000,381451
2023-05-21,LU,Luxembourg,EURO,100,382551,0,1000,381551
2023-05-28,LU,Luxembourg,EURO,106,382657,0,1000,381657
2023-06-04,LU,Luxembourg,EURO,44,382701,0,1000,381701
2023-06-11,LU,Luxembourg,EURO,44,382745,0,1000,381745
2023-06-18,LU,Luxembourg,EURO,40,382785,0,1000,381785
2023-06-25,LU,Luxembourg,EURO,28,382813,0,1000,381813
2023-07-02,LU,Luxembourg,EURO,30,382843,0,1000,381843
2023-07-09,LU,Luxembourg,EURO,36,382879,0,1000,381879
2023-07-16,LU,Luxembourg,EURO,34,382913,0,1000,381913
2023-07-23,LU,Luxembourg,EURO,33,382946,0,1000,381946
2023-07-30,LU,Luxembourg,EURO,74,383020,0,1000,382020
2023-08-06,LU,Luxembourg,EURO,59,383079,0,1000,382079
2023-08-13,LU,Luxembourg,EURO,67,383146,0,1000,382146
2023-08-20,LU,Luxembourg,EURO,119,383265,0,1000,382265
2023-08-27,LU,Luxembourg,EURO,135,383400,0,1000,382400
2023-09-03,LU,Luxembourg,EURO,189,383589,0,1000,382589
2023-09-10,LU,Luxembourg,EURO,246,383835,0,1000,382835
2023-09-17,LU,Luxembourg,EURO,267,384102,0,1000,383102
2023-09-24,LU,Luxembourg,EURO,308,384410,0,1000,383410
2023-10-01,LU,Luxembourg,EURO,355,384765,0,1000,383765
2023-10-08,LU,Luxembourg,EURO,372,385137,0,1000,384137
2023-10-15,LU,Luxembourg,EURO,350,385487,0,1000,384487
2023-10-22,LU,Luxembourg,EURO,259,385746,0,1000,384746
2023-10-29,LU,Luxembourg,EURO,284,386030,0,1000,385030
2023-11-05,LU,Luxembourg,EURO,195,386225,0,1000,385225
2023-11-12,LU,Luxembourg,EURO,294,386519,0,1000,385519
2023-11-19,LU,Luxembourg,EURO,259,386778,0,1000,385778
2023-11-26,LU,Luxembourg,EURO,319,387097,0,1000,386097
2023-12-03,LU,Luxembourg,EURO,460,387557,0,1000,386557
2023-12-10,LU,Luxembourg,EURO,658,388215,0,1000,387215
2023-12-17,LU,Luxembourg,EURO,790,389005,0,1000,388005
2023-12-24,LU,Luxembourg,EURO,686,389691,0,1000,388691
2023-12-31,LU,Luxembourg,EURO,346,390037,0,1000,389037
2024-01-07,LU,Luxembourg,EURO,243,390280,0,1000,389280
2024-01-14,LU,Luxembourg,EURO,199,390479,0,1000,389479
2024-01-21,LU,Luxembourg,EURO,153,390632,0,1000,389632
2024-01-28,LU,Luxembourg,EURO,156,390788,0,1000,389788
2024-02-04,LU,Luxembourg,EURO,140,390928,0,1000,389928
2024-02-11,LU,Luxembourg,EURO,109,391037,0,1000,390037
2024-02-18,LU,Luxembourg,EURO,56,391093,0,1000,390093
2024-02-25,LU,Luxembourg,EURO,41,391134,0,1000,390134
2024-03-03,LU,Luxembourg,EURO,42,391176,0,1000,390176
2024-03-10,LU,Luxembourg,EURO,32,391208,0,1000,390208
2024-03-17,LU,Luxembourg,EURO,21,391229,0,1000,390229
2024-03-24,LU,Luxembourg,EURO,22,391251,0,1000,390251
2024-03-31,LU,Luxembourg,EURO,20,391271,0,1000,390271
2024-04-07,LU,Luxembourg,EURO,13,391284,0,1000,390284
2024-04-14,LU,Luxembourg,EURO,22,391306,0,1000,390306
2024-04-21,LU,Luxembourg,EURO,13,391319,0,1000,390319
2024-04-28,LU,Luxembourg,EURO,28,391347,0,1000,390347
2024-05-05,LU,Luxembourg,EURO,31,391378,0,1000,390378
2024-05-12,LU,Luxembourg,EURO,11,391389,0,1000,390389
2024-05-19,LU,Luxembourg,EURO,40,391429,0,1000,390429
2024-05-26,LU,Luxembourg,EURO,44,391473,0,1000,390473
2024-06-02,LU,Luxembourg,EURO,39,391512,0,1000,390512
2024-06-09,LU,Luxembourg,EURO,71,391583,0,1000,390583
2024-06-16,LU,Luxembourg,EURO,146,391729,0,1000,390729
2024-06-23,LU,Luxembourg,EURO,186,391915,0,1000,390915
2024-06-30,LU,Luxembourg,EURO,287,392202,0,1000,391202
2024-07-07,LU,Luxembourg,EURO,275,392477,0,1000,391477
2024-07-14,LU,Luxembourg,EURO,352,392829,0,1000,391829
2024-07-21,LU,Luxembourg,EURO,311,393140,0,1000,392140
2024-07-28,LU,Luxembourg,EURO,222,393362,0,1000,392362
2024-08-04,LU,Luxembourg,EURO,190,393552,0,1000,392552
2024-08-11,LU,Luxembourg,EURO,178,393730,0,1000,392730
2024-08-18,LU,Luxembourg,EURO,112,393842,0,1000,392842
2024-08-25,LU,Luxembourg,EURO,129,393971,0,1000,392971
2024-09-01,LU,Luxembourg,EURO,131,394102,0,1000,393102
2024-09-08,LU,Luxembourg,EURO,152,394254,0,1000,393254
2024-09-15,LU,Luxembourg,EURO,178,394432,0,1000,393432
2024-09-22,LU,Luxembourg,EURO,262,394694,0,1000,393694
2024-09-29,LU,Luxembourg,EURO,248,394942,0,1000,393942
2024-10-06,LU,Luxembourg,EURO,282,395224,0,1000,394224
2024-10-13,LU,Luxembourg,EURO,317,395541,0,1000,394541
2024-10-20,LU,Luxembourg,EURO,261,395802,0,1000,394802
2024-10-27,LU,Luxembourg,EURO,218,396020,0,1000,395020
2024-11-03,LU,Luxembourg,EURO,104,396124,0,1000,395124
2024-11-10,LU,Luxembourg,EURO,104,396228,0,1000,395228
2024-11-17,LU,Luxembourg,EURO,116,396344,0,1000,395344
2020-01-05,MG,Madagascar,AFRO,0,0,0,0,0
2020-01-12,MG,Madagascar,AFRO,0,0,0,0,0
2020-01-19,MG,Madagascar,AFRO,0,0,0,0,0
2020-01-26,MG,Madagascar,AFRO,0,0,0,0,0
2020-02-02,MG,Madagascar,AFRO,0,0,0,0,0
2020-02-09,MG,Madagascar,AFRO,0,0,0,0,0
2020-02-16,MG,Madagascar,AFRO,0,0,0,0,0
2020-02-23,MG,Madagascar,AFRO,0,0,0,0,0
2020-03-01,MG,Madagascar,AFRO,0,0,0,0,0
2020-03-08,MG,Madagascar,AFRO,0,0,0,0,0
2020-03-15,MG,Madagascar,AFRO,0,0,0,0,0
2020-03-22,MG,Madagascar,AFRO,1,1,0,0,1
2020-03-29,MG,Madagascar,AFRO,41,42,0,0,42
2020-04-05,MG,Madagascar,AFRO,29,71,0,0,71
2020-04-12,MG,Madagascar,AFRO,35,106,0,0,106
2020-04-19,MG,Madagascar,AFRO,14,120,0,0,120
2020-04-26,MG,Madagascar,AFRO,4,124,0,0,124
2020-05-03,MG,Madagascar,AFRO,25,149,1,1,148
2020-05-10,MG,Madagascar,AFRO,20,169,0,1,168
2020-05-17,MG,Madagascar,AFRO,114,283,0,1,282
2020-05-24,MG,Madagascar,AFRO,205,488,2,3,485
2020-05-31,MG,Madagascar,AFRO,270,758,3,6,752
2020-06-07,MG,Madagascar,AFRO,268,1026,2,8,1018
2020-06-14,MG,Madagascar,AFRO,226,1252,2,10,1242
2020-06-21,MG,Madagascar,AFRO,251,1503,3,13,1490
2020-06-28,MG,Madagascar,AFRO,502,2005,3,16,1989
2020-07-05,MG,Madagascar,AFRO,936,2941,13,29,2912
2020-07-12,MG,Madagascar,AFRO,1637,4578,5,34,4544
2020-07-19,MG,Madagascar,AFRO,2271,6849,21,55,6794
2020-07-26,MG,Madagascar,AFRO,2017,8866,23,78,8788
2020-08-02,MG,Madagascar,AFRO,2407,11273,29,107,11166
2020-08-09,MG,Madagascar,AFRO,1649,12922,34,141,12781
2020-08-16,MG,Madagascar,AFRO,802,13724,25,166,13558
2020-08-23,MG,Madagascar,AFRO,553,14277,12,178,14099
2020-08-30,MG,Madagascar,AFRO,514,14791,12,190,14601
2020-09-06,MG,Madagascar,AFRO,478,15269,9,199,15070
2020-09-13,MG,Madagascar,AFRO,468,15737,11,210,15527
2020-09-20,MG,Madagascar,AFRO,283,16020,9,219,15801
2020-09-27,MG,Madagascar,AFRO,237,16257,10,229,16028
2020-10-04,MG,Madagascar,AFRO,272,16529,3,232,16297
2020-10-11,MG,Madagascar,AFRO,173,16702,5,237,16465
2020-10-18,MG,Madagascar,AFRO,108,16810,1,238,16572
2020-10-25,MG,Madagascar,AFRO,158,16968,6,244,16724
2020-11-01,MG,Madagascar,AFRO,143,17111,0,244,16867
2020-11-08,MG,Madagascar,AFRO,112,17223,5,249,16974
2020-11-15,MG,Madagascar,AFRO,87,17310,1,250,17060
2020-11-22,MG,Madagascar,AFRO,31,17341,1,251,17090
2020-11-29,MG,Madagascar,AFRO,0,17341,0,251,17090
2020-12-06,MG,Madagascar,AFRO,132,17473,4,255,17218
2020-12-13,MG,Madagascar,AFRO,114,17587,4,259,17328
2020-12-20,MG,Madagascar,AFRO,46,17633,1,260,17373
2020-12-27,MG,Madagascar,AFRO,81,17714,1,261,17453
2021-01-03,MG,Madagascar,AFRO,53,17767,1,262,17505
2021-01-10,MG,Madagascar,AFRO,234,18001,5,267,17734
2021-01-17,MG,Madagascar,AFRO,300,18301,6,273,18028
2021-01-24,MG,Madagascar,AFRO,442,18743,6,279,18464
2021-01-31,MG,Madagascar,AFRO,322,19065,2,281,18784
2021-02-07,MG,Madagascar,AFRO,295,19360,4,285,19075
2021-02-14,MG,Madagascar,AFRO,238,19598,7,292,19306
2021-02-21,MG,Madagascar,AFRO,233,19831,5,297,19534
2021-02-28,MG,Madagascar,AFRO,324,20155,3,300,19855
2021-03-07,MG,Madagascar,AFRO,563,20718,10,310,20408
2021-03-14,MG,Madagascar,AFRO,764,21482,19,329,21153
2021-03-21,MG,Madagascar,AFRO,1002,22484,22,351,22133
2021-03-28,MG,Madagascar,AFRO,1101,23585,36,387,23198
2021-04-04,MG,Madagascar,AFRO,1987,25572,67,454,25118
2021-04-11,MG,Madagascar,AFRO,2491,28063,46,500,27563
2021-04-18,MG,Madagascar,AFRO,4142,32205,42,542,31663
2021-04-25,MG,Madagascar,AFRO,3541,35746,57,599,35147
2021-05-02,MG,Madagascar,AFRO,1884,37630,67,666,36964
2021-05-09,MG,Madagascar,AFRO,1382,39012,56,722,38290
2021-05-16,MG,Madagascar,AFRO,1129,40141,41,763,39378
2021-05-23,MG,Madagascar,AFRO,735,40876,37,800,40076
2021-05-30,MG,Madagascar,AFRO,390,41266,35,835,40431
2021-06-06,MG,Madagascar,AFRO,424,41690,26,861,40829
2021-06-13,MG,Madagascar,AFRO,243,41933,26,887,41046
2021-06-20,MG,Madagascar,AFRO,190,42123,14,901,41222
2021-06-27,MG,Madagascar,AFRO,71,42194,5,906,41288
2021-07-04,MG,Madagascar,AFRO,172,42366,19,925,41441
2021-07-11,MG,Madagascar,AFRO,116,42482,6,931,41551
2021-07-18,MG,Madagascar,AFRO,124,42606,10,941,41665
2021-07-25,MG,Madagascar,AFRO,63,42669,2,943,41726
2021-08-01,MG,Madagascar,AFRO,66,42735,4,947,41788
2021-08-08,MG,Madagascar,AFRO,41,42776,1,948,41828
2021-08-15,MG,Madagascar,AFRO,35,42811,4,952,41859
2021-08-22,MG,Madagascar,AFRO,34,42845,2,954,41891
2021-08-29,MG,Madagascar,AFRO,17,42862,1,955,41907
2021-09-05,MG,Madagascar,AFRO,16,42878,1,956,41922
2021-09-12,MG,Madagascar,AFRO,0,42878,0,956,41922
2021-09-19,MG,Madagascar,AFRO,692,43570,2,958,42612
2021-09-26,MG,Madagascar,AFRO,27,43597,2,960,42637
2021-10-03,MG,Madagascar,AFRO,13,43610,0,960,42650
2021-10-10,MG,Madagascar,AFRO,6,43616,0,960,42656
2021-10-17,MG,Madagascar,AFRO,6,43622,0,960,42662
2021-10-24,MG,Madagascar,AFRO,4,43626,3,963,42663
2021-10-31,MG,Madagascar,AFRO,6,43632,1,964,42668
2021-11-07,MG,Madagascar,AFRO,40,43672,0,964,42708
2021-11-14,MG,Madagascar,AFRO,0,43672,0,964,42708
2021-11-21,MG,Madagascar,AFRO,400,44072,3,967,43105
2021-11-28,MG,Madagascar,AFRO,258,44330,0,967,43363
2021-12-05,MG,Madagascar,AFRO,470,44800,5,972,43828
2021-12-12,MG,Madagascar,AFRO,994,45794,8,980,44814
2021-12-19,MG,Madagascar,AFRO,1501,47295,16,996,46299
2021-12-26,MG,Madagascar,AFRO,2984,50279,31,1027,49252
2022-01-02,MG,Madagascar,AFRO,2155,52434,40,1067,51367
2022-01-09,MG,Madagascar,AFRO,1667,54101,50,1117,52984
2022-01-16,MG,Madagascar,AFRO,1726,55827,52,1169,54658
2022-01-23,MG,Madagascar,AFRO,1548,57375,54,1223,56152
2022-01-30,MG,Madagascar,AFRO,1944,59319,51,1274,58045
2022-02-06,MG,Madagascar,AFRO,2115,61434,33,1307,60127
2022-02-13,MG,Madagascar,AFRO,1410,62844,28,1335,61509
2022-02-20,MG,Madagascar,AFRO,589,63433,15,1350,62083
2022-02-27,MG,Madagascar,AFRO,226,63659,16,1366,62293
2022-03-06,MG,Madagascar,AFRO,132,63791,7,1373,62418
2022-03-13,MG,Madagascar,AFRO,79,63870,4,1377,62493
2022-03-20,MG,Madagascar,AFRO,58,63928,3,1380,62548
2022-03-27,MG,Madagascar,AFRO,81,64009,4,1384,62625
2022-04-03,MG,Madagascar,AFRO,41,64050,4,1388,62662
2022-04-10,MG,Madagascar,AFRO,39,64089,2,1390,62699
2022-04-17,MG,Madagascar,AFRO,32,64121,1,1391,62730
2022-04-24,MG,Madagascar,AFRO,31,64152,0,1391,62761
2022-05-01,MG,Madagascar,AFRO,29,64181,0,1391,62790
2022-05-08,MG,Madagascar,AFRO,55,64236,2,1393,62843
2022-05-15,MG,Madagascar,AFRO,40,64276,0,1393,62883
2022-05-22,MG,Madagascar,AFRO,38,64314,0,1393,62921
2022-05-29,MG,Madagascar,AFRO,63,64377,2,1395,62982
2022-06-05,MG,Madagascar,AFRO,101,64478,1,1396,63082
2022-06-12,MG,Madagascar,AFRO,207,64685,0,1396,63289
2022-06-19,MG,Madagascar,AFRO,324,65009,2,1398,63611
2022-06-26,MG,Madagascar,AFRO,372,65381,0,1398,63983
2022-07-03,MG,Madagascar,AFRO,406,65787,3,1401,64386
2022-07-10,MG,Madagascar,AFRO,311,66098,2,1403,64695
2022-07-17,MG,Madagascar,AFRO,191,66289,3,1406,64883
2022-07-24,MG,Madagascar,AFRO,127,66416,1,1407,65009
2022-07-31,MG,Madagascar,AFRO,75,66491,1,1408,65083
2022-08-07,MG,Madagascar,AFRO,66,66557,1,1409,65148
2022-08-14,MG,Madagascar,AFRO,42,66599,1,1410,65189
2022-08-21,MG,Madagascar,AFRO,16,66615,0,1410,65205
2022-08-28,MG,Madagascar,AFRO,11,66626,0,1410,65216
2022-09-04,MG,Madagascar,AFRO,14,66640,0,1410,65230
2022-09-11,MG,Madagascar,AFRO,12,66652,0,1410,65242
2022-09-18,MG,Madagascar,AFRO,8,66660,0,1410,65250
2022-09-25,MG,Madagascar,AFRO,16,66676,0,1410,65266
2022-10-02,MG,Madagascar,AFRO,8,66684,0,1410,65274
2022-10-09,MG,Madagascar,AFRO,3,66687,0,1410,65277
2022-10-16,MG,Madagascar,AFRO,0,66687,0,1410,65277
2022-10-23,MG,Madagascar,AFRO,19,66706,1,1411,65295
2022-10-30,MG,Madagascar,AFRO,40,66746,0,1411,65335
2022-11-06,MG,Madagascar,AFRO,42,66788,0,1411,65377
2022-11-13,MG,Madagascar,AFRO,71,66859,0,1411,65448
2022-11-20,MG,Madagascar,AFRO,195,67054,0,1411,65643
2022-11-27,MG,Madagascar,AFRO,205,67259,1,1412,65847
2022-12-04,MG,Madagascar,AFRO,229,67488,1,1413,66075
2022-12-11,MG,Madagascar,AFRO,133,67621,1,1414,66207
2022-12-18,MG,Madagascar,AFRO,63,67684,1,1415,66269
2022-12-25,MG,Madagascar,AFRO,51,67735,1,1416,66319
2023-01-01,MG,Madagascar,AFRO,15,67750,2,1418,66332
2023-01-08,MG,Madagascar,AFRO,10,67760,0,1418,66342
2023-01-15,MG,Madagascar,AFRO,28,67788,0,1418,66370
2023-01-22,MG,Madagascar,AFRO,29,67817,1,1419,66398
2023-01-29,MG,Madagascar,AFRO,10,67827,0,1419,66408
2023-02-05,MG,Madagascar,AFRO,15,67842,1,1420,66422
2023-02-12,MG,Madagascar,AFRO,7,67849,1,1421,66428
2023-02-19,MG,Madagascar,AFRO,3,67852,0,1421,66431
2023-02-26,MG,Madagascar,AFRO,13,67865,1,1422,66443
2023-03-05,MG,Madagascar,AFRO,24,67889,1,1423,66466
2023-03-12,MG,Madagascar,AFRO,52,67941,0,1423,66518
2023-03-19,MG,Madagascar,AFRO,30,67971,1,1424,66547
2023-03-26,MG,Madagascar,AFRO,78,68049,0,1424,66625
2023-04-02,MG,Madagascar,AFRO,56,68105,0,1424,66681
2023-04-09,MG,Madagascar,AFRO,0,68105,0,1424,66681
2023-04-16,MG,Madagascar,AFRO,72,68177,0,1424,66753
2023-04-23,MG,Madagascar,AFRO,34,68211,0,1424,66787
2023-04-30,MG,Madagascar,AFRO,25,68236,0,1424,66812
2023-05-07,MG,Madagascar,AFRO,17,68253,0,1424,66829
2023-05-14,MG,Madagascar,AFRO,13,68266,0,1424,66842
2023-05-21,MG,Madagascar,AFRO,15,68281,0,1424,66857
2023-05-28,MG,Madagascar,AFRO,7,68288,1,1425,66863
2023-06-04,MG,Madagascar,AFRO,1,68289,0,1425,66864
2023-06-11,MG,Madagascar,AFRO,0,68289,0,1425,66864
2023-06-18,MG,Madagascar,AFRO,0,68289,0,1425,66864
2023-06-25,MG,Madagascar,AFRO,0,68289,0,1425,66864
2023-07-02,MG,Madagascar,AFRO,0,68289,0,1425,66864
2023-07-09,MG,Madagascar,AFRO,0,68289,0,1425,66864
2023-07-16,MG,Madagascar,AFRO,0,68289,0,1425,66864
2023-07-23,MG,Madagascar,AFRO,0,68289,0,1425,66864
2023-07-30,MG,Madagascar,AFRO,28,68317,0,1425,66892
2023-08-06,MG,Madagascar,AFRO,2,68319,0,1425,66894
2023-08-13,MG,Madagascar,AFRO,0,68319,0,1425,66894
2023-08-20,MG,Madagascar,AFRO,11,68330,0,1425,66905
2023-08-27,MG,Madagascar,AFRO,2,68332,0,1425,66907
2023-09-03,MG,Madagascar,AFRO,5,68337,0,1425,66912
2023-09-10,MG,Madagascar,AFRO,1,68338,0,1425,66913
2023-09-17,MG,Madagascar,AFRO,4,68342,0,1425,66917
2023-09-24,MG,Madagascar,AFRO,2,68344,0,1425,66919
2023-10-01,MG,Madagascar,AFRO,0,68344,0,1425,66919
2023-10-08,MG,Madagascar,AFRO,3,68347,0,1425,66922
2023-10-15,MG,Madagascar,AFRO,3,68350,0,1425,66925
2023-10-22,MG,Madagascar,AFRO,4,68354,0,1425,66929
2023-10-29,MG,Madagascar,AFRO,2,68356,0,1425,66931
2023-11-05,MG,Madagascar,AFRO,14,68370,0,1425,66945
2023-11-12,MG,Madagascar,AFRO,7,68377,0,1425,66952
2023-11-19,MG,Madagascar,AFRO,9,68386,1,1426,66960
2023-11-26,MG,Madagascar,AFRO,8,68394,0,1426,66968
2023-12-03,MG,Madagascar,AFRO,27,68421,0,1426,66995
2023-12-10,MG,Madagascar,AFRO,15,68436,0,1426,67010
2023-12-17,MG,Madagascar,AFRO,15,68451,0,1426,67025
2023-12-24,MG,Madagascar,AFRO,20,68471,0,1426,67045
2023-12-31,MG,Madagascar,AFRO,11,68482,0,1426,67056
2024-01-07,MG,Madagascar,AFRO,4,68486,0,1426,67060
2024-01-14,MG,Madagascar,AFRO,0,68486,0,1426,67060
2024-01-21,MG,Madagascar,AFRO,5,68491,0,1426,67065
2024-01-28,MG,Madagascar,AFRO,8,68499,0,1426,67073
2024-02-04,MG,Madagascar,AFRO,3,68502,0,1426,67076
2024-02-11,MG,Madagascar,AFRO,4,68506,0,1426,67080
2024-02-18,MG,Madagascar,AFRO,0,68506,0,1426,67080
2024-02-25,MG,Madagascar,AFRO,0,68506,0,1426,67080
2024-03-03,MG,Madagascar,AFRO,0,68506,0,1426,67080
2024-03-10,MG,Madagascar,AFRO,4,68510,0,1426,67084
2024-03-17,MG,Madagascar,AFRO,0,68510,0,1426,67084
2024-03-24,MG,Madagascar,AFRO,1,68511,0,1426,67085
2024-03-31,MG,Madagascar,AFRO,2,68513,0,1426,67087
2024-04-07,MG,Madagascar,AFRO,0,68513,1,1427,67086
2024-04-14,MG,Madagascar,AFRO,2,68515,0,1427,67088
2024-04-21,MG,Madagascar,AFRO,2,68517,0,1427,67090
2024-04-28,MG,Madagascar,AFRO,4,68521,0,1427,67094
2024-05-05,MG,Madagascar,AFRO,4,68525,0,1427,67098
2024-05-12,MG,Madagascar,AFRO,5,68530,0,1427,67103
2024-05-19,MG,Madagascar,AFRO,5,68535,0,1427,67108
2024-05-26,MG,Madagascar,AFRO,11,68546,0,1427,67119
2024-06-02,MG,Madagascar,AFRO,3,68549,0,1427,67122
2024-06-09,MG,Madagascar,AFRO,3,68552,0,1427,67125
2024-06-16,MG,Madagascar,AFRO,2,68554,0,1427,67127
2024-06-23,MG,Madagascar,AFRO,0,68554,0,1427,67127
2024-06-30,MG,Madagascar,AFRO,1,68555,0,1427,67128
2024-07-07,MG,Madagascar,AFRO,5,68560,0,1427,67133
2024-07-14,MG,Madagascar,AFRO,2,68562,0,1427,67135
2024-07-21,MG,Madagascar,AFRO,2,68564,0,1427,67137
2024-07-28,MG,Madagascar,AFRO,2,68566,1,1428,67138
2024-08-04,MG,Madagascar,AFRO,1,68567,0,1428,67139
2024-08-11,MG,Madagascar,AFRO,1,68568,0,1428,67140
2024-08-18,MG,Madagascar,AFRO,2,68570,0,1428,67142
2024-08-25,MG,Madagascar,AFRO,1,68571,0,1428,67143
2024-09-01,MG,Madagascar,AFRO,1,68572,0,1428,67144
2024-09-08,MG,Madagascar,AFRO,0,68572,0,1428,67144
2024-09-15,MG,Madagascar,AFRO,0,68572,0,1428,67144
2024-09-22,MG,Madagascar,AFRO,0,68572,0,1428,67144
2024-09-29,MG,Madagascar,AFRO,1,68573,0,1428,67145
2024-10-06,MG,Madagascar,AFRO,1,68574,0,1428,67146
2024-10-13,MG,Madagascar,AFRO,0,68574,0,1428,67146
2024-10-20,MG,Madagascar,AFRO,1,68575,0,1428,67147
2024-10-27,MG,Madagascar,AFRO,0,68575,0,1428,67147
2024-11-03,MG,Madagascar,AFRO,0,68575,0,1428,67147
2024-11-10,MG,Madagascar,AFRO,0,68575,0,1428,67147
2024-11-17,MG,Madagascar,AFRO,0,68575,0,1428,67147
2020-01-05,MW,Malawi,AFRO,0,0,0,0,0
2020-01-12,MW,Malawi,AFRO,0,0,0,0,0
2020-01-19,MW,Malawi,AFRO,0,0,0,0,0
2020-01-26,MW,Malawi,AFRO,0,0,0,0,0
2020-02-02,MW,Malawi,AFRO,0,0,0,0,0
2020-02-09,MW,Malawi,AFRO,0,0,0,0,0
2020-02-16,MW,Malawi,AFRO,0,0,0,0,0
2020-02-23,MW,Malawi,AFRO,0,0,0,0,0
2020-03-01,MW,Malawi,AFRO,0,0,0,0,0
2020-03-08,MW,Malawi,AFRO,0,0,0,0,0
2020-03-15,MW,Malawi,AFRO,0,0,0,0,0
2020-03-22,MW,Malawi,AFRO,0,0,0,0,0
2020-03-29,MW,Malawi,AFRO,0,0,0,0,0
2020-04-05,MW,Malawi,AFRO,3,3,0,0,3
2020-04-12,MW,Malawi,AFRO,9,12,1,1,11
2020-04-19,MW,Malawi,AFRO,5,17,1,2,15
2020-04-26,MW,Malawi,AFRO,16,33,1,3,30
2020-05-03,MW,Malawi,AFRO,5,38,0,3,35
2020-05-10,MW,Malawi,AFRO,18,56,0,3,53
2020-05-17,MW,Malawi,AFRO,14,70,0,3,67
2020-05-24,MW,Malawi,AFRO,13,83,1,4,79
2020-05-31,MW,Malawi,AFRO,196,279,0,4,275
2020-06-07,MW,Malawi,AFRO,130,409,0,4,405
2020-06-14,MW,Malawi,AFRO,120,529,1,5,524
2020-06-21,MW,Malawi,AFRO,201,730,6,11,719
2020-06-28,MW,Malawi,AFRO,308,1038,2,13,1025
2020-07-05,MW,Malawi,AFRO,575,1613,11,24,1589
2020-07-12,MW,Malawi,AFRO,648,2261,10,34,2227
2020-07-19,MW,Malawi,AFRO,646,2907,26,60,2847
2020-07-26,MW,Malawi,AFRO,650,3557,34,94,3463
2020-08-02,MW,Malawi,AFRO,629,4186,28,122,4064
2020-08-09,MW,Malawi,AFRO,438,4624,21,143,4481
2020-08-16,MW,Malawi,AFRO,402,5026,14,157,4869
2020-08-23,MW,Malawi,AFRO,356,5382,11,168,5214
2020-08-30,MW,Malawi,AFRO,146,5528,6,174,5354
2020-09-06,MW,Malawi,AFRO,83,5611,1,175,5436
2020-09-13,MW,Malawi,AFRO,65,5676,2,177,5499
2020-09-20,MW,Malawi,AFRO,42,5718,2,179,5539
2020-09-27,MW,Malawi,AFRO,48,5766,0,179,5587
2020-10-04,MW,Malawi,AFRO,17,5783,0,179,5604
2020-10-11,MW,Malawi,AFRO,38,5821,1,180,5641
2020-10-18,MW,Malawi,AFRO,31,5852,1,181,5671
2020-10-25,MW,Malawi,AFRO,35,5887,2,183,5704
2020-11-01,MW,Malawi,AFRO,43,5930,1,184,5746
2020-11-08,MW,Malawi,AFRO,18,5948,0,184,5764
2020-11-15,MW,Malawi,AFRO,16,5964,1,185,5779
2020-11-22,MW,Malawi,AFRO,39,6003,0,185,5818
2020-11-29,MW,Malawi,AFRO,22,6025,0,185,5840
2020-12-06,MW,Malawi,AFRO,24,6049,0,185,5864
2020-12-13,MW,Malawi,AFRO,14,6063,1,186,5877
2020-12-20,MW,Malawi,AFRO,90,6153,1,187,5966
2020-12-27,MW,Malawi,AFRO,190,6343,1,188,6155
2021-01-03,MW,Malawi,AFRO,367,6710,4,192,6518
2021-01-10,MW,Malawi,AFRO,1594,8304,28,220,8084
2021-01-17,MW,Malawi,AFRO,3479,11783,107,327,11456
2021-01-24,MW,Malawi,AFRO,6656,18439,193,520,17919
2021-01-31,MW,Malawi,AFRO,5058,23497,187,707,22790
2021-02-07,MW,Malawi,AFRO,3378,26875,135,842,26033
2021-02-14,MW,Malawi,AFRO,2001,28876,100,942,27934
2021-02-21,MW,Malawi,AFRO,1652,30528,62,1004,29524
2021-02-28,MW,Malawi,AFRO,1270,31798,37,1041,30757
2021-03-07,MW,Malawi,AFRO,600,32398,26,1067,31331
2021-03-14,MW,Malawi,AFRO,391,32789,15,1082,31707
2021-03-21,MW,Malawi,AFRO,427,33216,11,1093,32123
2021-03-28,MW,Malawi,AFRO,242,33458,20,1113,32345
2021-04-04,MW,Malawi,AFRO,189,33647,7,1120,32527
2021-04-11,MW,Malawi,AFRO,158,33805,7,1127,32678
2021-04-18,MW,Malawi,AFRO,129,33934,11,1138,32796
2021-04-25,MW,Malawi,AFRO,77,34011,9,1147,32864
2021-05-02,MW,Malawi,AFRO,84,34095,1,1148,32947
2021-05-09,MW,Malawi,AFRO,71,34166,5,1153,33013
2021-05-16,MW,Malawi,AFRO,44,34210,0,1153,33057
2021-05-23,MW,Malawi,AFRO,64,34274,0,1153,33121
2021-05-30,MW,Malawi,AFRO,55,34329,1,1154,33175
2021-06-06,MW,Malawi,AFRO,55,34384,2,1156,33228
2021-06-13,MW,Malawi,AFRO,101,34485,3,1159,33326
2021-06-20,MW,Malawi,AFRO,347,34832,9,1168,33664
2021-06-27,MW,Malawi,AFRO,722,35554,13,1181,34373
2021-07-04,MW,Malawi,AFRO,1266,36820,24,1205,35615
2021-07-11,MW,Malawi,AFRO,2126,38946,37,1242,37704
2021-07-18,MW,Malawi,AFRO,4097,43043,83,1325,41718
2021-07-25,MW,Malawi,AFRO,5023,48066,133,1458,46608
2021-08-01,MW,Malawi,AFRO,4281,52347,177,1635,50712
2021-08-08,MW,Malawi,AFRO,3352,55699,170,1805,53894
2021-08-15,MW,Malawi,AFRO,2197,57896,150,1955,55941
2021-08-22,MW,Malawi,AFRO,1503,59399,104,2059,57340
2021-08-29,MW,Malawi,AFRO,914,60313,98,2157,58156
2021-09-05,MW,Malawi,AFRO,490,60803,49,2206,58597
2021-09-12,MW,Malawi,AFRO,295,61098,30,2236,58862
2021-09-19,MW,Malawi,AFRO,239,61337,20,2256,59081
2021-09-26,MW,Malawi,AFRO,160,61497,19,2275,59222
2021-10-03,MW,Malawi,AFRO,112,61609,8,2283,59326
2021-10-10,MW,Malawi,AFRO,63,61672,5,2288,59384
2021-10-17,MW,Malawi,AFRO,40,61712,4,2292,59420
2021-10-24,MW,Malawi,AFRO,45,61757,4,2296,59461
2021-10-31,MW,Malawi,AFRO,37,61794,4,2300,59494
2021-11-07,MW,Malawi,AFRO,21,61815,2,2302,59513
2021-11-14,MW,Malawi,AFRO,28,61843,0,2302,59541
2021-11-21,MW,Malawi,AFRO,20,61863,2,2304,59559
2021-11-28,MW,Malawi,AFRO,26,61889,0,2304,59585
2021-12-05,MW,Malawi,AFRO,77,61966,3,2307,59659
2021-12-12,MW,Malawi,AFRO,264,62230,0,2307,59923
2021-12-19,MW,Malawi,AFRO,2182,64412,4,2311,62101
2021-12-26,MW,Malawi,AFRO,6270,70682,17,2328,68354
2022-01-02,MW,Malawi,AFRO,5146,75828,40,2368,73460
2022-01-09,MW,Malawi,AFRO,3885,79713,43,2411,77302
2022-01-16,MW,Malawi,AFRO,2793,82506,48,2459,80047
2022-01-23,MW,Malawi,AFRO,1259,83765,60,2519,81246
2022-01-30,MW,Malawi,AFRO,624,84389,38,2557,81832
2022-02-06,MW,Malawi,AFRO,406,84795,13,2570,82225
2022-02-13,MW,Malawi,AFRO,214,85009,24,2594,82415
2022-02-20,MW,Malawi,AFRO,196,85205,11,2605,82600
2022-02-27,MW,Malawi,AFRO,109,85314,8,2613,82701
2022-03-06,MW,Malawi,AFRO,97,85411,5,2618,82793
2022-03-13,MW,Malawi,AFRO,84,85495,2,2620,82875
2022-03-20,MW,Malawi,AFRO,61,85556,6,2626,82930
2022-03-27,MW,Malawi,AFRO,52,85608,0,2626,82982
2022-04-03,MW,Malawi,AFRO,49,85657,0,2626,83031
2022-04-10,MW,Malawi,AFRO,45,85702,2,2628,83074
2022-04-17,MW,Malawi,AFRO,25,85727,3,2631,83096
2022-04-24,MW,Malawi,AFRO,20,85747,2,2633,83114
2022-05-01,MW,Malawi,AFRO,34,85781,1,2634,83147
2022-05-08,MW,Malawi,AFRO,30,85811,0,2634,83177
2022-05-15,MW,Malawi,AFRO,76,85887,2,2636,83251
2022-05-22,MW,Malawi,AFRO,42,85929,2,2638,83291
2022-05-29,MW,Malawi,AFRO,35,85964,1,2639,83325
2022-06-05,MW,Malawi,AFRO,37,86001,3,2642,83359
2022-06-12,MW,Malawi,AFRO,89,86090,0,2642,83448
2022-06-19,MW,Malawi,AFRO,99,86189,1,2643,83546
2022-06-26,MW,Malawi,AFRO,159,86348,2,2645,83703
2022-07-03,MW,Malawi,AFRO,186,86534,0,2645,83889
2022-07-10,MW,Malawi,AFRO,200,86734,2,2647,84087
2022-07-17,MW,Malawi,AFRO,89,86823,4,2651,84172
2022-07-24,MW,Malawi,AFRO,393,87216,6,2657,84559
2022-07-31,MW,Malawi,AFRO,149,87365,7,2664,84701
2022-08-07,MW,Malawi,AFRO,252,87617,6,2670,84947
2022-08-14,MW,Malawi,AFRO,93,87710,3,2673,85037
2022-08-21,MW,Malawi,AFRO,69,87779,2,2675,85104
2022-08-28,MW,Malawi,AFRO,55,87834,0,2675,85159
2022-09-04,MW,Malawi,AFRO,67,87901,3,2678,85223
2022-09-11,MW,Malawi,AFRO,35,87936,1,2679,85257
2022-09-18,MW,Malawi,AFRO,44,87980,1,2680,85300
2022-09-25,MW,Malawi,AFRO,29,88009,0,2680,85329
2022-10-02,MW,Malawi,AFRO,19,88028,2,2682,85346
2022-10-09,MW,Malawi,AFRO,13,88041,0,2682,85359
2022-10-16,MW,Malawi,AFRO,16,88057,0,2682,85375
2022-10-23,MW,Malawi,AFRO,16,88073,1,2683,85390
2022-10-30,MW,Malawi,AFRO,24,88097,0,2683,85414
2022-11-06,MW,Malawi,AFRO,0,88009,2,2685,85324
2022-11-13,MW,Malawi,AFRO,0,88009,0,2685,85324
2022-11-20,MW,Malawi,AFRO,36,88045,0,2685,85360
2022-11-27,MW,Malawi,AFRO,25,88070,0,2685,85385
2022-12-04,MW,Malawi,AFRO,53,88123,0,2685,85438
2022-12-11,MW,Malawi,AFRO,0,88123,0,2685,85438
2022-12-18,MW,Malawi,AFRO,5,88128,0,2685,85443
2022-12-25,MW,Malawi,AFRO,32,88160,0,2685,85475
2023-01-01,MW,Malawi,AFRO,51,88211,0,2685,85526
2023-01-08,MW,Malawi,AFRO,3,88214,0,2685,85529
2023-01-15,MW,Malawi,AFRO,68,88282,0,2685,85597
2023-01-22,MW,Malawi,AFRO,67,88349,1,2686,85663
2023-01-29,MW,Malawi,AFRO,59,88408,0,2686,85722
2023-02-05,MW,Malawi,AFRO,54,88462,0,2686,85776
2023-02-12,MW,Malawi,AFRO,41,88503,0,2686,85817
2023-02-19,MW,Malawi,AFRO,40,88543,0,2686,85857
2023-02-26,MW,Malawi,AFRO,41,88584,0,2686,85898
2023-03-05,MW,Malawi,AFRO,21,88605,0,2686,85919
2023-03-12,MW,Malawi,AFRO,5,88610,0,2686,85924
2023-03-19,MW,Malawi,AFRO,3,88613,0,2686,85927
2023-03-26,MW,Malawi,AFRO,1,88614,0,2686,85928
2023-04-02,MW,Malawi,AFRO,2,88616,0,2686,85930
2023-04-09,MW,Malawi,AFRO,4,88620,0,2686,85934
2023-04-16,MW,Malawi,AFRO,0,88620,0,2686,85934
2023-04-23,MW,Malawi,AFRO,5,88625,0,2686,85939
2023-04-30,MW,Malawi,AFRO,6,88631,0,2686,85945
2023-05-07,MW,Malawi,AFRO,7,88638,0,2686,85952
2023-05-14,MW,Malawi,AFRO,0,88638,0,2686,85952
2023-05-21,MW,Malawi,AFRO,0,88638,0,2686,85952
2023-05-28,MW,Malawi,AFRO,2,88640,0,2686,85954
2023-06-04,MW,Malawi,AFRO,13,88653,0,2686,85967
2023-06-11,MW,Malawi,AFRO,9,88662,0,2686,85976
2023-06-18,MW,Malawi,AFRO,12,88674,0,2686,85988
2023-06-25,MW,Malawi,AFRO,29,88703,0,2686,86017
2023-07-02,MW,Malawi,AFRO,36,88739,0,2686,86053
2023-07-09,MW,Malawi,AFRO,31,88770,0,2686,86084
2023-07-16,MW,Malawi,AFRO,21,88791,0,2686,86105
2023-07-23,MW,Malawi,AFRO,13,88804,0,2686,86118
2023-07-30,MW,Malawi,AFRO,21,88825,0,2686,86139
2023-08-06,MW,Malawi,AFRO,10,88835,0,2686,86149
2023-08-13,MW,Malawi,AFRO,23,88858,0,2686,86172
2023-08-20,MW,Malawi,AFRO,18,88876,0,2686,86190
2023-08-27,MW,Malawi,AFRO,17,88893,0,2686,86207
2023-09-03,MW,Malawi,AFRO,28,88921,0,2686,86235
2023-09-10,MW,Malawi,AFRO,12,88933,0,2686,86247
2023-09-17,MW,Malawi,AFRO,12,88945,0,2686,86259
2023-09-24,MW,Malawi,AFRO,15,88960,0,2686,86274
2023-10-01,MW,Malawi,AFRO,26,88986,0,2686,86300
2023-10-08,MW,Malawi,AFRO,31,89017,0,2686,86331
2023-10-15,MW,Malawi,AFRO,23,89040,0,2686,86354
2023-10-22,MW,Malawi,AFRO,19,89059,0,2686,86373
2023-10-29,MW,Malawi,AFRO,23,89082,0,2686,86396
2023-11-05,MW,Malawi,AFRO,29,89111,0,2686,86425
2023-11-12,MW,Malawi,AFRO,16,89127,0,2686,86441
2023-11-19,MW,Malawi,AFRO,16,89143,0,2686,86457
2023-11-26,MW,Malawi,AFRO,9,89152,0,2686,86466
2023-12-03,MW,Malawi,AFRO,10,89162,0,2686,86476
2023-12-10,MW,Malawi,AFRO,6,89168,0,2686,86482
2023-12-17,MW,Malawi,AFRO,0,89168,0,2686,86482
2023-12-24,MW,Malawi,AFRO,0,89168,0,2686,86482
2023-12-31,MW,Malawi,AFRO,0,89168,0,2686,86482
2024-01-07,MW,Malawi,AFRO,0,89168,0,2686,86482
2024-01-14,MW,Malawi,AFRO,0,89168,0,2686,86482
2024-01-21,MW,Malawi,AFRO,0,89168,0,2686,86482
2024-01-28,MW,Malawi,AFRO,0,89168,0,2686,86482
2024-02-04,MW,Malawi,AFRO,0,89168,0,2686,86482
2024-02-11,MW,Malawi,AFRO,0,89168,0,2686,86482
2024-02-18,MW,Malawi,AFRO,0,89168,0,2686,86482
2024-02-25,MW,Malawi,AFRO,0,89168,0,2686,86482
2024-03-03,MW,Malawi,AFRO,0,89168,0,2686,86482
2024-03-10,MW,Malawi,AFRO,0,89168,0,2686,86482
2024-03-17,MW,Malawi,AFRO,0,89168,0,2686,86482
2024-03-24,MW,Malawi,AFRO,0,89168,0,2686,86482
2024-03-31,MW,Malawi,AFRO,0,89168,0,2686,86482
2024-04-07,MW,Malawi,AFRO,0,89168,0,2686,86482
2024-04-14,MW,Malawi,AFRO,0,89168,0,2686,86482
2024-04-21,MW,Malawi,AFRO,0,89168,0,2686,86482
2024-04-28,MW,Malawi,AFRO,0,89168,0,2686,86482
2024-05-05,MW,Malawi,AFRO,0,89168,0,2686,86482
2024-05-12,MW,Malawi,AFRO,0,89168,0,2686,86482
2024-05-19,MW,Malawi,AFRO,0,89168,0,2686,86482
2024-05-26,MW,Malawi,AFRO,0,89168,0,2686,86482
2024-06-02,MW,Malawi,AFRO,0,89168,0,2686,86482
2024-06-09,MW,Malawi,AFRO,0,89168,0,2686,86482
2024-06-16,MW,Malawi,AFRO,0,89168,0,2686,86482
2024-06-23,MW,Malawi,AFRO,0,89168,0,2686,86482
2024-06-30,MW,Malawi,AFRO,0,89168,0,2686,86482
2024-07-07,MW,Malawi,AFRO,0,89168,0,2686,86482
2024-07-14,MW,Malawi,AFRO,0,89168,0,2686,86482
2024-07-21,MW,Malawi,AFRO,0,89168,0,2686,86482
2024-07-28,MW,Malawi,AFRO,0,89168,0,2686,86482
2024-08-04,MW,Malawi,AFRO,0,89168,0,2686,86482
2024-08-11,MW,Malawi,AFRO,0,89168,0,2686,86482
2024-08-18,MW,Malawi,AFRO,0,89168,0,2686,86482
2024-08-25,MW,Malawi,AFRO,0,89168,0,2686,86482
2024-09-01,MW,Malawi,AFRO,0,89168,0,2686,86482
2024-09-08,MW,Malawi,AFRO,0,89168,0,2686,86482
2024-09-15,MW,Malawi,AFRO,0,89168,0,2686,86482
2024-09-22,MW,Malawi,AFRO,0,89168,0,2686,86482
2024-09-29,MW,Malawi,AFRO,0,89168,0,2686,86482
2024-10-06,MW,Malawi,AFRO,0,89168,0,2686,86482
2024-10-13,MW,Malawi,AFRO,0,89168,0,2686,86482
2024-10-20,MW,Malawi,AFRO,0,89168,0,2686,86482
2024-10-27,MW,Malawi,AFRO,0,89168,0,2686,86482
2024-11-03,MW,Malawi,AFRO,0,89168,0,2686,86482
2024-11-10,MW,Malawi,AFRO,0,89168,0,2686,86482
2024-11-17,MW,Malawi,AFRO,0,89168,0,2686,86482
2020-01-05,MY,Malaysia,WPRO,0,0,0,0,0
2020-01-12,MY,Malaysia,WPRO,0,0,0,0,0
2020-01-19,MY,Malaysia,WPRO,0,0,0,0,0
2020-01-26,MY,Malaysia,WPRO,4,4,0,0,4
2020-02-02,MY,Malaysia,WPRO,4,8,0,0,8
2020-02-09,MY,Malaysia,WPRO,8,16,0,0,16
2020-02-16,MY,Malaysia,WPRO,6,22,0,0,22
2020-02-23,MY,Malaysia,WPRO,0,22,0,0,22
2020-03-01,MY,Malaysia,WPRO,3,25,0,0,25
2020-03-08,MY,Malaysia,WPRO,68,93,0,0,93
2020-03-15,MY,Malaysia,WPRO,145,238,0,0,238
2020-03-22,MY,Malaysia,WPRO,945,1183,10,10,1173
2020-03-29,MY,Malaysia,WPRO,1137,2320,17,27,2293
2020-04-05,MY,Malaysia,WPRO,1163,3483,30,57,3426
2020-04-12,MY,Malaysia,WPRO,1047,4530,16,73,4457
2020-04-19,MY,Malaysia,WPRO,775,5305,15,88,5217
2020-04-26,MY,Malaysia,WPRO,437,5742,10,98,5644
2020-05-03,MY,Malaysia,WPRO,434,6176,5,103,6073
2020-05-10,MY,Malaysia,WPRO,413,6589,5,108,6481
2020-05-17,MY,Malaysia,WPRO,283,6872,5,113,6759
2020-05-24,MY,Malaysia,WPRO,313,7185,2,115,7070
2020-05-31,MY,Malaysia,WPRO,577,7762,0,115,7647
2020-06-07,MY,Malaysia,WPRO,541,8303,2,117,8186
2020-06-14,MY,Malaysia,WPRO,142,8445,3,120,8325
2020-06-21,MY,Malaysia,WPRO,111,8556,1,121,8435
2020-06-28,MY,Malaysia,WPRO,60,8616,0,121,8495
2020-07-05,MY,Malaysia,WPRO,42,8658,0,121,8537
2020-07-12,MY,Malaysia,WPRO,46,8704,1,122,8582
2020-07-19,MY,Malaysia,WPRO,60,8764,0,122,8642
2020-07-26,MY,Malaysia,WPRO,120,8884,1,123,8761
2020-08-02,MY,Malaysia,WPRO,101,8985,2,125,8860
2020-08-09,MY,Malaysia,WPRO,85,9070,0,125,8945
2020-08-16,MY,Malaysia,WPRO,105,9175,0,125,9050
2020-08-23,MY,Malaysia,WPRO,82,9257,0,125,9132
2020-08-30,MY,Malaysia,WPRO,60,9317,0,125,9192
2020-09-06,MY,Malaysia,WPRO,74,9391,3,128,9263
2020-09-13,MY,Malaysia,WPRO,477,9868,0,128,9740
2020-09-20,MY,Malaysia,WPRO,299,10167,2,130,10037
2020-09-27,MY,Malaysia,WPRO,602,10769,3,133,10636
2020-10-04,MY,Malaysia,WPRO,1319,12088,4,137,11951
2020-10-11,MY,Malaysia,WPRO,3008,15096,18,155,14941
2020-10-18,MY,Malaysia,WPRO,4531,19627,25,180,19447
2020-10-25,MY,Malaysia,WPRO,6115,25742,41,221,25521
2020-11-01,MY,Malaysia,WPRO,5806,31548,28,249,31299
2020-11-08,MY,Malaysia,WPRO,7809,39357,33,282,39075
2020-11-15,MY,Malaysia,WPRO,6852,46209,24,306,45903
2020-11-22,MY,Malaysia,WPRO,7470,53679,26,332,53347
2020-11-29,MY,Malaysia,WPRO,9497,63176,22,354,62822
2020-12-06,MY,Malaysia,WPRO,8183,71359,26,380,70979
2020-12-13,MY,Malaysia,WPRO,10887,82246,31,411,81835
2020-12-20,MY,Malaysia,WPRO,9723,91969,22,433,91536
2020-12-27,MY,Malaysia,WPRO,11931,103900,18,451,103449
2021-01-03,MY,Malaysia,WPRO,15177,119077,32,483,118594
2021-01-10,MY,Malaysia,WPRO,16915,135992,59,542,135450
2021-01-17,MY,Malaysia,WPRO,22442,158434,52,594,157840
2021-01-24,MY,Malaysia,WPRO,25367,183801,73,667,183134
2021-01-31,MY,Malaysia,WPRO,31158,214959,79,746,214213
2021-02-07,MY,Malaysia,WPRO,27493,242452,111,857,241595
2021-02-14,MY,Malaysia,WPRO,21817,264269,101,958,263311
2021-02-21,MY,Malaysia,WPRO,19300,283569,93,1051,282518
2021-02-28,MY,Malaysia,WPRO,17183,300752,70,1121,299631
2021-03-07,MY,Malaysia,WPRO,12708,313460,45,1166,312294
2021-03-14,MY,Malaysia,WPRO,10303,323763,40,1206,322557
2021-03-21,MY,Malaysia,WPRO,9277,333040,23,1229,331811
2021-03-28,MY,Malaysia,WPRO,8904,341944,22,1251,340693
2021-04-04,MY,Malaysia,WPRO,9015,350959,35,1286,349673
2021-04-11,MY,Malaysia,WPRO,9897,360856,35,1321,359535
2021-04-18,MY,Malaysia,WPRO,14198,375054,49,1370,373684
2021-04-25,MY,Malaysia,WPRO,17888,392942,56,1426,391516
2021-05-02,MY,Malaysia,WPRO,22070,415012,107,1533,413479
2021-05-09,MY,Malaysia,WPRO,25665,440677,150,1683,438994
2021-05-16,MY,Malaysia,WPRO,29433,470110,219,1902,468208
2021-05-23,MY,Malaysia,WPRO,41981,512091,346,2248,509843
2021-05-30,MY,Malaysia,WPRO,53442,565533,481,2729,562804
2021-06-06,MY,Malaysia,WPRO,51282,616815,649,3378,613437
2021-06-13,MY,Malaysia,WPRO,40693,657508,530,3908,653600
2021-06-20,MY,Malaysia,WPRO,38900,696408,500,4408,692000
2021-06-27,MY,Malaysia,WPRO,37640,734048,536,4944,729104
2021-07-04,MY,Malaysia,WPRO,44604,778652,553,5497,773155
2021-07-11,MY,Malaysia,WPRO,57644,836296,661,6158,830138
2021-07-18,MY,Malaysia,WPRO,80265,916561,861,7019,909542
2021-07-25,MY,Malaysia,WPRO,96877,1013438,975,7994,1005444
2021-08-01,MY,Malaysia,WPRO,116984,1130422,1190,9184,1121238
2021-08-08,MY,Malaysia,WPRO,132118,1262540,1565,10749,1251791
2021-08-15,MY,Malaysia,WPRO,142359,1404899,1761,12510,1392389
2021-08-22,MY,Malaysia,WPRO,150194,1555093,1658,14168,1540925
2021-08-29,MY,Malaysia,WPRO,150996,1706089,1919,16087,1690002
2021-09-05,MY,Malaysia,WPRO,138746,1844835,2132,18219,1826616
2021-09-12,MY,Malaysia,WPRO,134863,1979698,2492,20711,1958987
2021-09-19,MY,Malaysia,WPRO,118132,2097830,2732,23443,2074387
2021-09-26,MY,Malaysia,WPRO,100405,2198235,1994,25437,2172798
2021-10-03,MY,Malaysia,WPRO,79330,2277565,1246,26683,2250882
2021-10-10,MY,Malaysia,WPRO,62029,2339594,646,27329,2312265
2021-10-17,MY,Malaysia,WPRO,51093,2390687,592,27921,2362766
2021-10-24,MY,Malaysia,WPRO,41029,2431716,479,28400,2403316
2021-10-31,MY,Malaysia,WPRO,39926,2471642,512,28912,2442730
2021-11-07,MY,Malaysia,WPRO,34667,2506309,379,29291,2477018
2021-11-14,MY,Malaysia,WPRO,40000,2546309,385,29676,2516633
2021-11-21,MY,Malaysia,WPRO,40292,2586601,326,30002,2556599
2021-11-28,MY,Malaysia,WPRO,37215,2623816,307,30309,2593507
2021-12-05,MY,Malaysia,WPRO,34956,2658772,305,30614,2628158
2021-12-12,MY,Malaysia,WPRO,32867,2691639,265,30879,2660760
2021-12-19,MY,Malaysia,WPRO,27316,2718955,213,31092,2687863
2021-12-26,MY,Malaysia,WPRO,22224,2741179,242,31334,2709845
2022-01-02,MY,Malaysia,WPRO,23175,2764354,198,31532,2732822
2022-01-09,MY,Malaysia,WPRO,21865,2786219,146,31678,2754541
2022-01-16,MY,Malaysia,WPRO,22128,2808347,115,31793,2776554
2022-01-23,MY,Malaysia,WPRO,24598,2832945,99,31892,2801053
2022-01-30,MY,Malaysia,WPRO,33039,2865984,73,31965,2834019
2022-02-06,MY,Malaysia,WPRO,48236,2914220,69,32034,2882186
2022-02-13,MY,Malaysia,WPRO,126015,3040235,91,32125,3008110
2022-02-20,MY,Malaysia,WPRO,181445,3221680,222,32347,3189333
2022-02-27,MY,Malaysia,WPRO,197956,3419636,327,32674,3386962
2022-03-06,MY,Malaysia,WPRO,202971,3622607,554,33228,3589379
2022-03-13,MY,Malaysia,WPRO,200964,3823571,579,33807,3789764
2022-03-20,MY,Malaysia,WPRO,169553,3993124,593,34400,3958724
2022-03-27,MY,Malaysia,WPRO,145743,4138867,388,34788,4104079
2022-04-03,MY,Malaysia,WPRO,107600,4246467,311,35099,4211368
2022-04-10,MY,Malaysia,WPRO,79351,4325818,193,35292,4290526
2022-04-17,MY,Malaysia,WPRO,63207,4389025,129,35421,4353604
2022-04-24,MY,Malaysia,WPRO,42048,4431073,78,35499,4395574
2022-05-01,MY,Malaysia,WPRO,18434,4449507,51,35550,4413957
2022-05-08,MY,Malaysia,WPRO,9382,4458889,33,35583,4423306
2022-05-15,MY,Malaysia,WPRO,19223,4478112,32,35615,4442497
2022-05-22,MY,Malaysia,WPRO,13208,4491320,28,35643,4455677
2022-05-29,MY,Malaysia,WPRO,12414,4503734,22,35665,4468069
2022-06-05,MY,Malaysia,WPRO,11255,4514989,25,35690,4479299
2022-06-12,MY,Malaysia,WPRO,11309,4526298,26,35716,4490582
2022-06-19,MY,Malaysia,WPRO,14314,4540612,19,35735,4504877
2022-06-26,MY,Malaysia,WPRO,16052,4556664,19,35754,4520910
2022-07-03,MY,Malaysia,WPRO,14691,4571355,30,35784,4535571
2022-07-10,MY,Malaysia,WPRO,21355,4592710,32,35816,4556894
2022-07-17,MY,Malaysia,WPRO,26315,4619025,46,35862,4583163
2022-07-24,MY,Malaysia,WPRO,29906,4648931,61,35923,4613008
2022-07-31,MY,Malaysia,WPRO,28339,4677270,54,35977,4641293
2022-08-07,MY,Malaysia,WPRO,28554,4705824,55,36032,4669792
2022-08-14,MY,Malaysia,WPRO,26678,4732502,61,36093,4696409
2022-08-21,MY,Malaysia,WPRO,22786,4755288,62,36155,4719133
2022-08-28,MY,Malaysia,WPRO,18715,4774003,51,36206,4737797
2022-09-04,MY,Malaysia,WPRO,15549,4789552,43,36249,4753303
2022-09-11,MY,Malaysia,WPRO,14072,4803624,36,36285,4767339
2022-09-18,MY,Malaysia,WPRO,13627,4817251,32,36317,4780934
2022-09-25,MY,Malaysia,WPRO,12963,4830214,40,36357,4793857
2022-10-02,MY,Malaysia,WPRO,12291,4842505,23,36380,4806125
2022-10-09,MY,Malaysia,WPRO,11018,4853523,23,36403,4817120
2022-10-16,MY,Malaysia,WPRO,11957,4865480,20,36423,4829057
2022-10-23,MY,Malaysia,WPRO,14525,4880005,24,36447,4843558
2022-10-30,MY,Malaysia,WPRO,16750,4896755,28,36475,4860280
2022-11-06,MY,Malaysia,WPRO,26783,4923538,20,36495,4887043
2022-11-13,MY,Malaysia,WPRO,23045,4946583,59,36554,4910029
2022-11-20,MY,Malaysia,WPRO,19083,4965666,55,36609,4929057
2022-11-27,MY,Malaysia,WPRO,18606,4984272,48,36657,4947615
2022-12-04,MY,Malaysia,WPRO,14558,4998830,59,36716,4962114
2022-12-11,MY,Malaysia,WPRO,10937,5009767,53,36769,4972998
2022-12-18,MY,Malaysia,WPRO,7249,5017016,39,36808,4980208
2022-12-25,MY,Malaysia,WPRO,6290,5023306,27,36835,4986471
2023-01-01,MY,Malaysia,WPRO,3371,5026677,23,36858,4989819
2023-01-08,MY,Malaysia,WPRO,3231,5029908,8,36866,4993042
2023-01-15,MY,Malaysia,WPRO,2525,5032433,0,36866,4995567
2023-01-22,MY,Malaysia,WPRO,2088,5034521,0,36866,4997655
2023-01-29,MY,Malaysia,WPRO,1350,5035871,0,36866,4999005
2023-02-05,MY,Malaysia,WPRO,1913,5037784,77,36943,5000841
2023-02-12,MY,Malaysia,WPRO,1542,5039326,8,36951,5002375
2023-02-19,MY,Malaysia,WPRO,1495,5040821,5,36956,5003865
2023-02-26,MY,Malaysia,WPRO,1367,5042188,1,36957,5005231
2023-03-05,MY,Malaysia,WPRO,1438,5043626,9,36966,5006660
2023-03-12,MY,Malaysia,WPRO,1566,5045192,1,36967,5008225
2023-03-19,MY,Malaysia,WPRO,1848,5047040,0,36967,5010073
2023-03-26,MY,Malaysia,WPRO,2228,5049268,12,36979,5012289
2023-04-02,MY,Malaysia,WPRO,3069,5052337,0,36979,5015358
2023-04-09,MY,Malaysia,WPRO,4574,5056911,3,36982,5019929
2023-04-16,MY,Malaysia,WPRO,4268,5061179,12,36994,5024185
2023-04-23,MY,Malaysia,WPRO,5698,5066877,17,37011,5029866
2023-04-30,MY,Malaysia,WPRO,4817,5071694,9,37020,5034674
2023-05-07,MY,Malaysia,WPRO,146,5071840,8,37028,5034812
2023-05-14,MY,Malaysia,WPRO,7596,5079436,0,37028,5042408
2023-05-21,MY,Malaysia,WPRO,12209,5091645,42,37070,5054575
2023-05-28,MY,Malaysia,WPRO,6439,5098084,31,37101,5060983
2023-06-04,MY,Malaysia,WPRO,5801,5103885,15,37116,5066769
2023-06-11,MY,Malaysia,WPRO,4523,5108408,10,37126,5071282
2023-06-18,MY,Malaysia,WPRO,760,5109168,10,37136,5072032
2023-06-25,MY,Malaysia,WPRO,3433,5112601,11,37147,5075454
2023-07-02,MY,Malaysia,WPRO,0,5112601,2,37149,5075452
2023-07-09,MY,Malaysia,WPRO,2698,5115299,7,37156,5078143
2023-07-16,MY,Malaysia,WPRO,1548,5116847,2,37158,5079689
2023-07-23,MY,Malaysia,WPRO,1222,5118069,3,37161,5080908
2023-07-30,MY,Malaysia,WPRO,1202,5119271,1,37162,5082109
2023-08-06,MY,Malaysia,WPRO,958,5120229,2,37164,5083065
2023-08-13,MY,Malaysia,WPRO,934,5121163,0,37164,5083999
2023-08-20,MY,Malaysia,WPRO,695,5121858,0,37164,5084694
2023-08-27,MY,Malaysia,WPRO,710,5122568,0,37164,5085404
2023-09-03,MY,Malaysia,WPRO,1233,5123801,3,37167,5086634
2023-09-10,MY,Malaysia,WPRO,680,5124481,4,37171,5087310
2023-09-17,MY,Malaysia,WPRO,728,5125209,1,37172,5088037
2023-09-24,MY,Malaysia,WPRO,691,5125900,0,37172,5088728
2023-10-01,MY,Malaysia,WPRO,783,5126683,2,37174,5089509
2023-10-08,MY,Malaysia,WPRO,933,5127616,5,37179,5090437
2023-10-15,MY,Malaysia,WPRO,1052,5128668,2,37181,5091487
2023-10-22,MY,Malaysia,WPRO,1132,5129800,3,37184,5092616
2023-10-29,MY,Malaysia,WPRO,1339,5131139,0,37184,5093955
2023-11-05,MY,Malaysia,WPRO,1692,5132831,6,37190,5095641
2023-11-12,MY,Malaysia,WPRO,1801,5134632,1,37191,5097441
2023-11-19,MY,Malaysia,WPRO,2305,5136937,3,37194,5099743
2023-11-26,MY,Malaysia,WPRO,3626,5140563,7,37201,5103362
2023-12-03,MY,Malaysia,WPRO,6796,5147359,6,37207,5110152
2023-12-10,MY,Malaysia,WPRO,12757,5160116,11,37218,5122898
2023-12-17,MY,Malaysia,WPRO,20696,5180812,28,37246,5143566
2023-12-24,MY,Malaysia,WPRO,25912,5206724,22,37268,5169456
2023-12-31,MY,Malaysia,WPRO,20598,5227322,25,37293,5190029
2024-01-07,MY,Malaysia,WPRO,0,5227322,22,37315,5190007
2024-01-14,MY,Malaysia,WPRO,29687,5257009,8,37323,5219686
2024-01-21,MY,Malaysia,WPRO,8358,5265367,12,37335,5228032
2024-01-28,MY,Malaysia,WPRO,4600,5269967,5,37340,5232627
2024-02-04,MY,Malaysia,WPRO,2550,5272517,7,37347,5235170
2024-02-11,MY,Malaysia,WPRO,1479,5273996,0,37347,5236649
2024-02-18,MY,Malaysia,WPRO,790,5274786,0,37347,5237439
2024-02-25,MY,Malaysia,WPRO,881,5275667,0,37347,5238320
2024-03-03,MY,Malaysia,WPRO,645,5276312,1,37348,5238964
2024-03-10,MY,Malaysia,WPRO,568,5276880,0,37348,5239532
2024-03-17,MY,Malaysia,WPRO,593,5277473,0,37348,5240125
2024-03-24,MY,Malaysia,WPRO,512,5277985,0,37348,5240637
2024-03-31,MY,Malaysia,WPRO,421,5278406,0,37348,5241058
2024-04-07,MY,Malaysia,WPRO,493,5278899,1,37349,5241550
2024-04-14,MY,Malaysia,WPRO,246,5279145,0,37349,5241796
2024-04-21,MY,Malaysia,WPRO,710,5279855,0,37349,5242506
2024-04-28,MY,Malaysia,WPRO,734,5280589,1,37350,5243239
2024-05-05,MY,Malaysia,WPRO,734,5281323,0,37350,5243973
2024-05-12,MY,Malaysia,WPRO,1071,5282394,0,37350,5245044
2024-05-19,MY,Malaysia,WPRO,1230,5283624,0,37350,5246274
2024-05-26,MY,Malaysia,WPRO,1368,5284992,0,37350,5247642
2024-06-02,MY,Malaysia,WPRO,1780,5286772,1,37351,5249421
2024-06-09,MY,Malaysia,WPRO,2069,5288841,0,37351,5251490
2024-06-16,MY,Malaysia,WPRO,2875,5291716,0,37351,5254365
2024-06-23,MY,Malaysia,WPRO,2821,5294537,0,37351,5257186
2024-06-30,MY,Malaysia,WPRO,3810,5298347,0,37351,5260996
2024-07-07,MY,Malaysia,WPRO,3670,5302017,0,37351,5264666
2024-07-14,MY,Malaysia,WPRO,2833,5304850,0,37351,5267499
2024-07-21,MY,Malaysia,WPRO,1984,5306834,0,37351,5269483
2024-07-28,MY,Malaysia,WPRO,1491,5308325,0,37351,5270974
2024-08-04,MY,Malaysia,WPRO,1085,5309410,0,37351,5272059
2024-08-11,MY,Malaysia,WPRO,930,5310340,0,37351,5272989
2024-08-18,MY,Malaysia,WPRO,766,5311106,0,37351,5273755
2024-08-25,MY,Malaysia,WPRO,814,5311920,0,37351,5274569
2024-09-01,MY,Malaysia,WPRO,699,5312619,0,37351,5275268
2024-09-08,MY,Malaysia,WPRO,645,5313264,0,37351,5275913
2024-09-15,MY,Malaysia,WPRO,598,5313862,0,37351,5276511
2024-09-22,MY,Malaysia,WPRO,437,5314299,0,37351,5276948
2024-09-29,MY,Malaysia,WPRO,669,5314968,0,37351,5277617
2024-10-06,MY,Malaysia,WPRO,811,5315779,0,37351,5278428
2024-10-13,MY,Malaysia,WPRO,851,5316630,0,37351,5279279
2024-10-20,MY,Malaysia,WPRO,897,5317527,0,37351,5280176
2024-10-27,MY,Malaysia,WPRO,891,5318418,0,37351,5281067
2024-11-03,MY,Malaysia,WPRO,791,5319209,0,37351,5281858
2024-11-10,MY,Malaysia,WPRO,1054,5320263,0,37351,5282912
2024-11-17,MY,Malaysia,WPRO,0,5320263,0,37351,5282912
2020-01-05,MV,Maldives,SEARO,0,0,0,0,0
2020-01-12,MV,Maldives,SEARO,0,0,0,0,0
2020-01-19,MV,Maldives,SEARO,0,0,0,0,0
2020-01-26,MV,Maldives,SEARO,0,0,0,0,0
2020-02-02,MV,Maldives,SEARO,0,0,0,0,0
2020-02-09,MV,Maldives,SEARO,0,0,0,0,0
2020-02-16,MV,Maldives,SEARO,0,0,0,0,0
2020-02-23,MV,Maldives,SEARO,0,0,0,0,0
2020-03-01,MV,Maldives,SEARO,0,0,0,0,0
2020-03-08,MV,Maldives,SEARO,2,2,0,0,2
2020-03-15,MV,Maldives,SEARO,9,11,0,0,11
2020-03-22,MV,Maldives,SEARO,6,17,0,0,17
2020-03-29,MV,Maldives,SEARO,0,16,0,0,16
2020-04-05,MV,Maldives,SEARO,3,19,0,0,19
2020-04-12,MV,Maldives,SEARO,1,20,0,0,20
2020-04-19,MV,Maldives,SEARO,31,51,0,0,51
2020-04-26,MV,Maldives,SEARO,137,188,0,0,188
2020-05-03,MV,Maldives,SEARO,339,527,1,1,526
2020-05-10,MV,Maldives,SEARO,308,835,2,3,832
2020-05-17,MV,Maldives,SEARO,259,1094,1,4,1090
2020-05-24,MV,Maldives,SEARO,277,1371,0,4,1367
2020-05-31,MV,Maldives,SEARO,301,1672,1,5,1667
2020-06-07,MV,Maldives,SEARO,231,1903,3,8,1895
2020-06-14,MV,Maldives,SEARO,132,2035,0,8,2027
2020-06-21,MV,Maldives,SEARO,168,2203,0,8,2195
2020-06-28,MV,Maldives,SEARO,121,2324,0,8,2316
2020-07-05,MV,Maldives,SEARO,144,2468,3,11,2457
2020-07-12,MV,Maldives,SEARO,263,2731,2,13,2718
2020-07-19,MV,Maldives,SEARO,235,2966,2,15,2951
2020-07-26,MV,Maldives,SEARO,336,3302,0,15,3287
2020-08-02,MV,Maldives,SEARO,862,4164,3,18,4146
2020-08-09,MV,Maldives,SEARO,877,5041,1,19,5022
2020-08-16,MV,Maldives,SEARO,744,5785,3,22,5763
2020-08-23,MV,Maldives,SEARO,994,6779,4,26,6753
2020-08-30,MV,Maldives,SEARO,888,7667,2,28,7639
2020-09-06,MV,Maldives,SEARO,917,8584,1,29,8555
2020-09-13,MV,Maldives,SEARO,589,9173,3,32,9141
2020-09-20,MV,Maldives,SEARO,551,9724,1,33,9691
2020-09-27,MV,Maldives,SEARO,374,10098,1,34,10064
2020-10-04,MV,Maldives,SEARO,432,10530,0,34,10496
2020-10-11,MV,Maldives,SEARO,364,10894,1,35,10859
2020-10-18,MV,Maldives,SEARO,316,11210,2,37,11173
2020-10-25,MV,Maldives,SEARO,295,11505,0,37,11468
2020-11-01,MV,Maldives,SEARO,196,11701,1,38,11663
2020-11-08,MV,Maldives,SEARO,285,11986,2,40,11946
2020-11-15,MV,Maldives,SEARO,218,12204,3,43,12161
2020-11-22,MV,Maldives,SEARO,404,12608,3,46,12562
2020-11-29,MV,Maldives,SEARO,386,12994,0,46,12948
2020-12-06,MV,Maldives,SEARO,204,13198,1,47,13151
2020-12-13,MV,Maldives,SEARO,170,13368,1,48,13320
2020-12-20,MV,Maldives,SEARO,125,13493,0,48,13445
2020-12-27,MV,Maldives,SEARO,151,13644,0,48,13596
2021-01-03,MV,Maldives,SEARO,223,13867,0,48,13819
2021-01-10,MV,Maldives,SEARO,242,14109,1,49,14060
2021-01-17,MV,Maldives,SEARO,404,14513,0,49,14464
2021-01-24,MV,Maldives,SEARO,480,14993,2,51,14942
2021-01-31,MV,Maldives,SEARO,848,15841,1,52,15789
2021-02-07,MV,Maldives,SEARO,942,16783,3,55,16728
2021-02-14,MV,Maldives,SEARO,1045,17828,3,58,17770
2021-02-21,MV,Maldives,SEARO,941,18769,2,60,18709
2021-02-28,MV,Maldives,SEARO,1024,19793,2,62,19731
2021-03-07,MV,Maldives,SEARO,1001,20794,2,64,20730
2021-03-14,MV,Maldives,SEARO,778,21572,0,64,21508
2021-03-21,MV,Maldives,SEARO,941,22513,2,66,22447
2021-03-28,MV,Maldives,SEARO,1011,23524,0,66,23458
2021-04-04,MV,Maldives,SEARO,1259,24783,1,67,24716
2021-04-11,MV,Maldives,SEARO,834,25617,0,67,25550
2021-04-18,MV,Maldives,SEARO,731,26348,3,70,26278
2021-04-25,MV,Maldives,SEARO,1526,27874,1,71,27803
2021-05-02,MV,Maldives,SEARO,2871,30745,3,74,30671
2021-05-09,MV,Maldives,SEARO,5070,35815,10,84,35731
2021-05-16,MV,Maldives,SEARO,8708,44523,13,97,44426
2021-05-23,MV,Maldives,SEARO,11401,55924,32,129,55795
2021-05-30,MV,Maldives,SEARO,7762,63686,29,158,63528
2021-06-06,MV,Maldives,SEARO,4264,67950,27,185,67765
2021-06-13,MV,Maldives,SEARO,2351,70301,12,197,70104
2021-06-20,MV,Maldives,SEARO,1595,71896,9,206,71690
2021-06-27,MV,Maldives,SEARO,1431,73327,3,209,73118
2021-07-04,MV,Maldives,SEARO,1024,74351,4,213,74138
2021-07-11,MV,Maldives,SEARO,720,75071,1,214,74857
2021-07-18,MV,Maldives,SEARO,808,75879,2,216,75663
2021-07-25,MV,Maldives,SEARO,871,76750,3,219,76531
2021-08-01,MV,Maldives,SEARO,797,77547,2,221,77326
2021-08-08,MV,Maldives,SEARO,809,78356,1,222,78134
2021-08-15,MV,Maldives,SEARO,781,79137,0,222,78915
2021-08-22,MV,Maldives,SEARO,822,79959,1,223,79736
2021-08-29,MV,Maldives,SEARO,832,80791,3,226,80565
2021-09-05,MV,Maldives,SEARO,1188,81979,0,226,81753
2021-09-12,MV,Maldives,SEARO,843,82822,1,227,82595
2021-09-19,MV,Maldives,SEARO,754,83576,2,229,83347
2021-09-26,MV,Maldives,SEARO,786,84362,2,231,84131
2021-10-03,MV,Maldives,SEARO,680,85042,0,231,84811
2021-10-10,MV,Maldives,SEARO,506,85548,3,234,85314
2021-10-17,MV,Maldives,SEARO,617,86165,4,238,85927
2021-10-24,MV,Maldives,SEARO,757,86922,2,240,86682
2021-10-31,MV,Maldives,SEARO,862,87784,3,243,87541
2021-11-07,MV,Maldives,SEARO,1033,88817,2,245,88572
2021-11-14,MV,Maldives,SEARO,1023,89840,2,247,89593
2021-11-21,MV,Maldives,SEARO,885,90725,1,248,90477
2021-11-28,MV,Maldives,SEARO,739,91464,0,248,91216
2021-12-05,MV,Maldives,SEARO,747,92211,6,254,91957
2021-12-12,MV,Maldives,SEARO,908,93119,4,258,92861
2021-12-19,MV,Maldives,SEARO,838,93957,1,259,93698
2021-12-26,MV,Maldives,SEARO,907,94864,2,261,94603
2022-01-02,MV,Maldives,SEARO,1188,96052,1,262,95790
2022-01-09,MV,Maldives,SEARO,2000,98052,2,264,97788
2022-01-16,MV,Maldives,SEARO,5529,103581,1,265,103316
2022-01-23,MV,Maldives,SEARO,13880,117461,5,270,117191
2022-01-30,MV,Maldives,SEARO,18665,136126,5,275,135851
2022-02-06,MV,Maldives,SEARO,14211,150337,8,283,150054
2022-02-13,MV,Maldives,SEARO,8724,159061,6,289,158772
2022-02-20,MV,Maldives,SEARO,6012,165073,2,291,164782
2022-02-27,MV,Maldives,SEARO,4559,169632,6,297,169335
2022-03-06,MV,Maldives,SEARO,2944,172576,0,297,172279
2022-03-13,MV,Maldives,SEARO,2082,174658,0,297,174361
2022-03-20,MV,Maldives,SEARO,1341,175999,0,297,175702
2022-03-27,MV,Maldives,SEARO,1104,177103,1,298,176805
2022-04-03,MV,Maldives,SEARO,656,177759,0,298,177461
2022-04-10,MV,Maldives,SEARO,718,178477,0,298,178179
2022-04-17,MV,Maldives,SEARO,441,178918,0,298,178620
2022-04-24,MV,Maldives,SEARO,282,179200,0,298,178902
2022-05-01,MV,Maldives,SEARO,179,179379,0,298,179081
2022-05-08,MV,Maldives,SEARO,123,179502,0,298,179204
2022-05-15,MV,Maldives,SEARO,67,179569,0,298,179271
2022-05-22,MV,Maldives,SEARO,101,179670,0,298,179372
2022-05-29,MV,Maldives,SEARO,95,179765,0,298,179467
2022-06-05,MV,Maldives,SEARO,90,179855,1,299,179556
2022-06-12,MV,Maldives,SEARO,160,180015,0,299,179716
2022-06-19,MV,Maldives,SEARO,528,180543,1,300,180243
2022-06-26,MV,Maldives,SEARO,1043,181586,5,305,181281
2022-07-03,MV,Maldives,SEARO,1134,182720,1,306,182414
2022-07-10,MV,Maldives,SEARO,771,183491,1,307,183184
2022-07-17,MV,Maldives,SEARO,417,183908,0,307,183601
2022-07-24,MV,Maldives,SEARO,394,184302,0,307,183995
2022-07-31,MV,Maldives,SEARO,183,184485,0,307,184178
2022-08-07,MV,Maldives,SEARO,106,184591,0,307,184284
2022-08-14,MV,Maldives,SEARO,98,184689,0,307,184382
2022-08-21,MV,Maldives,SEARO,99,184788,0,307,184481
2022-08-28,MV,Maldives,SEARO,68,184856,1,308,184548
2022-09-04,MV,Maldives,SEARO,68,184924,0,308,184616
2022-09-11,MV,Maldives,SEARO,42,184966,0,308,184658
2022-09-18,MV,Maldives,SEARO,38,185004,0,308,184696
2022-09-25,MV,Maldives,SEARO,38,185042,0,308,184734
2022-10-02,MV,Maldives,SEARO,40,185082,0,308,184774
2022-10-09,MV,Maldives,SEARO,43,185125,0,308,184817
2022-10-16,MV,Maldives,SEARO,69,185194,0,308,184886
2022-10-23,MV,Maldives,SEARO,86,185280,0,308,184972
2022-10-30,MV,Maldives,SEARO,84,185364,0,308,185056
2022-11-06,MV,Maldives,SEARO,90,185454,1,309,185145
2022-11-13,MV,Maldives,SEARO,95,185549,1,310,185239
2022-11-20,MV,Maldives,SEARO,35,185584,1,311,185273
2022-11-27,MV,Maldives,SEARO,34,185618,0,311,185307
2022-12-04,MV,Maldives,SEARO,14,185632,0,311,185321
2022-12-11,MV,Maldives,SEARO,19,185651,0,311,185340
2022-12-18,MV,Maldives,SEARO,15,185666,0,311,185355
2022-12-25,MV,Maldives,SEARO,12,185678,0,311,185367
2023-01-01,MV,Maldives,SEARO,15,185693,0,311,185382
2023-01-08,MV,Maldives,SEARO,9,185702,0,311,185391
2023-01-15,MV,Maldives,SEARO,6,185708,0,311,185397
2023-01-22,MV,Maldives,SEARO,5,185713,0,311,185402
2023-01-29,MV,Maldives,SEARO,2,185715,0,311,185404
2023-02-05,MV,Maldives,SEARO,6,185721,0,311,185410
2023-02-12,MV,Maldives,SEARO,2,185723,0,311,185412
2023-02-19,MV,Maldives,SEARO,6,185729,0,311,185418
2023-02-26,MV,Maldives,SEARO,3,185732,0,311,185421
2023-03-05,MV,Maldives,SEARO,6,185738,0,311,185427
2023-03-12,MV,Maldives,SEARO,6,185744,0,311,185433
2023-03-19,MV,Maldives,SEARO,11,185755,0,311,185444
2023-03-26,MV,Maldives,SEARO,16,185771,0,311,185460
2023-04-02,MV,Maldives,SEARO,39,185810,0,311,185499
2023-04-09,MV,Maldives,SEARO,84,185894,0,311,185583
2023-04-16,MV,Maldives,SEARO,148,186042,0,311,185731
2023-04-23,MV,Maldives,SEARO,199,186241,2,313,185928
2023-04-30,MV,Maldives,SEARO,194,186435,0,313,186122
2023-05-07,MV,Maldives,SEARO,91,186526,1,314,186212
2023-05-14,MV,Maldives,SEARO,63,186589,0,314,186275
2023-05-21,MV,Maldives,SEARO,36,186625,1,315,186310
2023-05-28,MV,Maldives,SEARO,26,186651,0,315,186336
2023-06-04,MV,Maldives,SEARO,21,186672,1,316,186356
2023-06-11,MV,Maldives,SEARO,11,186683,0,316,186367
2023-06-18,MV,Maldives,SEARO,0,186683,0,316,186367
2023-06-25,MV,Maldives,SEARO,0,186683,0,316,186367
2023-07-02,MV,Maldives,SEARO,4,186687,0,316,186371
2023-07-09,MV,Maldives,SEARO,0,186687,0,316,186371
2023-07-16,MV,Maldives,SEARO,0,186687,0,316,186371
2023-07-23,MV,Maldives,SEARO,0,186687,0,316,186371
2023-07-30,MV,Maldives,SEARO,0,186687,0,316,186371
2023-08-06,MV,Maldives,SEARO,7,186694,0,316,186378
2023-08-13,MV,Maldives,SEARO,0,186694,0,316,186378
2023-08-20,MV,Maldives,SEARO,0,186694,0,316,186378
2023-08-27,MV,Maldives,SEARO,0,186694,0,316,186378
2023-09-03,MV,Maldives,SEARO,0,186694,0,316,186378
2023-09-10,MV,Maldives,SEARO,0,186694,0,316,186378
2023-09-17,MV,Maldives,SEARO,0,186694,0,316,186378
2023-09-24,MV,Maldives,SEARO,0,186694,0,316,186378
2023-10-01,MV,Maldives,SEARO,0,186694,0,316,186378
2023-10-08,MV,Maldives,SEARO,0,186694,0,316,186378
2023-10-15,MV,Maldives,SEARO,0,186694,0,316,186378
2023-10-22,MV,Maldives,SEARO,0,186694,0,316,186378
2023-10-29,MV,Maldives,SEARO,0,186694,0,316,186378
2023-11-05,MV,Maldives,SEARO,0,186694,0,316,186378
2023-11-12,MV,Maldives,SEARO,0,186694,0,316,186378
2023-11-19,MV,Maldives,SEARO,0,186694,0,316,186378
2023-11-26,MV,Maldives,SEARO,0,186694,0,316,186378
2023-12-03,MV,Maldives,SEARO,0,186694,0,316,186378
2023-12-10,MV,Maldives,SEARO,0,186694,0,316,186378
2023-12-17,MV,Maldives,SEARO,0,186694,0,316,186378
2023-12-24,MV,Maldives,SEARO,0,186694,0,316,186378
2023-12-31,MV,Maldives,SEARO,0,186694,0,316,186378
2024-01-07,MV,Maldives,SEARO,0,186694,0,316,186378
2024-01-14,MV,Maldives,SEARO,0,186694,0,316,186378
2024-01-21,MV,Maldives,SEARO,0,186694,0,316,186378
2024-01-28,MV,Maldives,SEARO,0,186694,0,316,186378
2024-02-04,MV,Maldives,SEARO,0,186694,0,316,186378
2024-02-11,MV,Maldives,SEARO,0,186694,0,316,186378
2024-02-18,MV,Maldives,SEARO,0,186694,0,316,186378
2024-02-25,MV,Maldives,SEARO,0,186694,0,316,186378
2024-03-03,MV,Maldives,SEARO,0,186694,0,316,186378
2024-03-10,MV,Maldives,SEARO,0,186694,0,316,186378
2024-03-17,MV,Maldives,SEARO,0,186694,0,316,186378
2024-03-24,MV,Maldives,SEARO,0,186694,0,316,186378
2024-03-31,MV,Maldives,SEARO,0,186694,0,316,186378
2024-04-07,MV,Maldives,SEARO,0,186694,0,316,186378
2024-04-14,MV,Maldives,SEARO,0,186694,0,316,186378
2024-04-21,MV,Maldives,SEARO,0,186694,0,316,186378
2024-04-28,MV,Maldives,SEARO,0,186694,0,316,186378
2024-05-05,MV,Maldives,SEARO,0,186694,0,316,186378
2024-05-12,MV,Maldives,SEARO,0,186694,0,316,186378
2024-05-19,MV,Maldives,SEARO,0,186694,0,316,186378
2024-05-26,MV,Maldives,SEARO,0,186694,0,316,186378
2024-06-02,MV,Maldives,SEARO,0,186694,0,316,186378
2024-06-09,MV,Maldives,SEARO,0,186694,0,316,186378
2024-06-16,MV,Maldives,SEARO,0,186694,0,316,186378
2024-06-23,MV,Maldives,SEARO,0,186694,0,316,186378
2024-06-30,MV,Maldives,SEARO,0,186694,0,316,186378
2024-07-07,MV,Maldives,SEARO,0,186694,0,316,186378
2024-07-14,MV,Maldives,SEARO,0,186694,0,316,186378
2024-07-21,MV,Maldives,SEARO,0,186694,0,316,186378
2024-07-28,MV,Maldives,SEARO,0,186694,0,316,186378
2024-08-04,MV,Maldives,SEARO,0,186694,0,316,186378
2024-08-11,MV,Maldives,SEARO,0,186694,0,316,186378
2024-08-18,MV,Maldives,SEARO,0,186694,0,316,186378
2024-08-25,MV,Maldives,SEARO,0,186694,0,316,186378
2024-09-01,MV,Maldives,SEARO,0,186694,0,316,186378
2024-09-08,MV,Maldives,SEARO,0,186694,0,316,186378
2024-09-15,MV,Maldives,SEARO,0,186694,0,316,186378
2024-09-22,MV,Maldives,SEARO,0,186694,0,316,186378
2024-09-29,MV,Maldives,SEARO,0,186694,0,316,186378
2024-10-06,MV,Maldives,SEARO,0,186694,0,316,186378
2024-10-13,MV,Maldives,SEARO,0,186694,0,316,186378
2024-10-20,MV,Maldives,SEARO,0,186694,0,316,186378
2024-10-27,MV,Maldives,SEARO,0,186694,0,316,186378
2024-11-03,MV,Maldives,SEARO,0,186694,0,316,186378
2024-11-10,MV,Maldives,SEARO,0,186694,0,316,186378
2024-11-17,MV,Maldives,SEARO,0,186694,0,316,186378
2020-01-05,ML,Mali,AFRO,0,0,0,0,0
2020-01-12,ML,Mali,AFRO,0,0,0,0,0
2020-01-19,ML,Mali,AFRO,0,0,0,0,0
2020-01-26,ML,Mali,AFRO,0,0,0,0,0
2020-02-02,ML,Mali,AFRO,0,0,0,0,0
2020-02-09,ML,Mali,AFRO,0,0,0,0,0
2020-02-16,ML,Mali,AFRO,0,0,0,0,0
2020-02-23,ML,Mali,AFRO,0,0,0,0,0
2020-03-01,ML,Mali,AFRO,0,0,0,0,0
2020-03-08,ML,Mali,AFRO,0,0,0,0,0
2020-03-15,ML,Mali,AFRO,0,0,0,0,0
2020-03-22,ML,Mali,AFRO,0,0,0,0,0
2020-03-29,ML,Mali,AFRO,17,17,1,1,16
2020-04-05,ML,Mali,AFRO,22,39,2,3,36
2020-04-12,ML,Mali,AFRO,66,105,6,9,96
2020-04-19,ML,Mali,AFRO,111,216,4,13,203
2020-04-26,ML,Mali,AFRO,154,370,8,21,349
2020-05-03,ML,Mali,AFRO,174,544,5,26,518
2020-05-10,ML,Mali,AFRO,148,692,12,38,654
2020-05-17,ML,Mali,AFRO,143,835,10,48,787
2020-05-24,ML,Mali,AFRO,178,1013,15,63,950
2020-05-31,ML,Mali,AFRO,235,1248,13,76,1172
2020-06-07,ML,Mali,AFRO,273,1521,14,90,1431
2020-06-14,ML,Mali,AFRO,253,1774,14,104,1670
2020-06-21,ML,Mali,AFRO,157,1931,5,109,1822
2020-06-28,ML,Mali,AFRO,127,2058,4,113,1945
2020-07-05,ML,Mali,AFRO,202,2260,5,118,2142
2020-07-12,ML,Mali,AFRO,31,2291,3,121,2170
2020-07-19,ML,Mali,AFRO,66,2357,0,121,2236
2020-07-26,ML,Mali,AFRO,31,2388,2,123,2265
2020-08-02,ML,Mali,AFRO,32,2420,1,124,2296
2020-08-09,ML,Mali,AFRO,30,2450,1,125,2325
2020-08-16,ML,Mali,AFRO,162,2612,0,125,2487
2020-08-23,ML,Mali,AFRO,87,2699,0,125,2574
2020-08-30,ML,Mali,AFRO,58,2757,1,126,2631
2020-09-06,ML,Mali,AFRO,76,2833,0,126,2707
2020-09-13,ML,Mali,AFRO,83,2916,2,128,2788
2020-09-20,ML,Mali,AFRO,90,3006,0,128,2878
2020-09-27,ML,Mali,AFRO,74,3080,2,130,2950
2020-10-04,ML,Mali,AFRO,90,3170,1,131,3039
2020-10-11,ML,Mali,AFRO,103,3273,1,132,3141
2020-10-18,ML,Mali,AFRO,106,3379,0,132,3247
2020-10-25,ML,Mali,AFRO,93,3472,0,132,3340
2020-11-01,ML,Mali,AFRO,82,3554,4,136,3418
2020-11-08,ML,Mali,AFRO,122,3676,1,137,3539
2020-11-15,ML,Mali,AFRO,192,3868,2,139,3729
2020-11-22,ML,Mali,AFRO,338,4206,4,143,4063
2020-11-29,ML,Mali,AFRO,453,4659,6,149,4510
2020-12-06,ML,Mali,AFRO,403,5062,14,163,4899
2020-12-13,ML,Mali,AFRO,659,5721,26,189,5532
2020-12-20,ML,Mali,AFRO,443,6164,31,220,5944
2020-12-27,ML,Mali,AFRO,410,6574,30,250,6324
2021-01-03,ML,Mali,AFRO,652,7226,26,276,6950
2021-01-10,ML,Mali,AFRO,339,7565,19,295,7270
2021-01-17,ML,Mali,AFRO,258,7823,13,308,7515
2021-01-24,ML,Mali,AFRO,142,7965,15,323,7642
2021-01-31,ML,Mali,AFRO,104,8069,7,330,7739
2021-02-07,ML,Mali,AFRO,91,8160,8,338,7822
2021-02-14,ML,Mali,AFRO,66,8226,4,342,7884
2021-02-21,ML,Mali,AFRO,66,8292,5,347,7945
2021-02-28,ML,Mali,AFRO,73,8365,5,352,8013
2021-03-07,ML,Mali,AFRO,195,8560,6,358,8202
2021-03-14,ML,Mali,AFRO,302,8862,2,360,8502
2021-03-21,ML,Mali,AFRO,408,9270,2,362,8908
2021-03-28,ML,Mali,AFRO,503,9773,14,376,9397
2021-04-04,ML,Mali,AFRO,659,10432,15,391,10041
2021-04-11,ML,Mali,AFRO,1273,11705,14,405,11300
2021-04-18,ML,Mali,AFRO,1275,12980,24,429,12551
2021-04-25,ML,Mali,AFRO,580,13560,33,462,13098
2021-05-02,ML,Mali,AFRO,336,13896,23,485,13411
2021-05-09,ML,Mali,AFRO,186,14082,14,499,13583
2021-05-16,ML,Mali,AFRO,94,14176,12,511,13665
2021-05-23,ML,Mali,AFRO,64,14240,2,513,13727
2021-05-30,ML,Mali,AFRO,25,14265,4,517,13748
2021-06-06,ML,Mali,AFRO,31,14296,1,518,13778
2021-06-13,ML,Mali,AFRO,53,14349,5,523,13826
2021-06-20,ML,Mali,AFRO,31,14380,1,524,13856
2021-06-27,ML,Mali,AFRO,34,14414,1,525,13889
2021-07-04,ML,Mali,AFRO,24,14438,1,526,13912
2021-07-11,ML,Mali,AFRO,23,14461,2,528,13933
2021-07-18,ML,Mali,AFRO,48,14509,2,530,13979
2021-07-25,ML,Mali,AFRO,31,14540,0,530,14010
2021-08-01,ML,Mali,AFRO,44,14584,2,532,14052
2021-08-08,ML,Mali,AFRO,53,14637,2,534,14103
2021-08-15,ML,Mali,AFRO,55,14692,0,534,14158
2021-08-22,ML,Mali,AFRO,57,14749,2,536,14213
2021-08-29,ML,Mali,AFRO,97,14846,3,539,14307
2021-09-05,ML,Mali,AFRO,84,14930,2,541,14389
2021-09-12,ML,Mali,AFRO,51,14981,2,543,14438
2021-09-19,ML,Mali,AFRO,79,15060,2,545,14515
2021-09-26,ML,Mali,AFRO,93,15153,2,547,14606
2021-10-03,ML,Mali,AFRO,125,15278,2,549,14729
2021-10-10,ML,Mali,AFRO,172,15450,4,553,14897
2021-10-17,ML,Mali,AFRO,153,15603,4,557,15046
2021-10-24,ML,Mali,AFRO,206,15809,1,558,15251
2021-10-31,ML,Mali,AFRO,229,16038,5,563,15475
2021-11-07,ML,Mali,AFRO,304,16342,11,574,15768
2021-11-14,ML,Mali,AFRO,301,16643,11,585,16058
2021-11-21,ML,Mali,AFRO,276,16919,6,591,16328
2021-11-28,ML,Mali,AFRO,381,17300,12,603,16697
2021-12-05,ML,Mali,AFRO,512,17812,14,617,17195
2021-12-12,ML,Mali,AFRO,692,18504,11,628,17876
2021-12-19,ML,Mali,AFRO,688,19192,11,639,18553
2021-12-26,ML,Mali,AFRO,819,20011,14,653,19358
2022-01-02,ML,Mali,AFRO,1367,21378,15,668,20710
2022-01-09,ML,Mali,AFRO,3819,25197,4,672,24525
2022-01-16,ML,Mali,AFRO,3124,28321,16,688,27633
2022-01-23,ML,Mali,AFRO,1276,29597,16,704,28893
2022-01-30,ML,Mali,AFRO,411,30008,7,711,29297
2022-02-06,ML,Mali,AFRO,148,30156,4,715,29441
2022-02-13,ML,Mali,AFRO,95,30251,0,715,29536
2022-02-20,ML,Mali,AFRO,87,30338,2,717,29621
2022-02-27,ML,Mali,AFRO,33,30371,5,722,29649
2022-03-06,ML,Mali,AFRO,27,30398,2,724,29674
2022-03-13,ML,Mali,AFRO,16,30414,2,726,29688
2022-03-20,ML,Mali,AFRO,34,30448,1,727,29721
2022-03-27,ML,Mali,AFRO,22,30470,0,727,29743
2022-04-03,ML,Mali,AFRO,23,30493,1,728,29765
2022-04-10,ML,Mali,AFRO,53,30546,1,729,29817
2022-04-17,ML,Mali,AFRO,105,30651,0,729,29922
2022-04-24,ML,Mali,AFRO,76,30727,2,731,29996
2022-05-01,ML,Mali,AFRO,106,30833,1,732,30101
2022-05-08,ML,Mali,AFRO,94,30927,1,733,30194
2022-05-15,ML,Mali,AFRO,76,31003,0,733,30270
2022-05-22,ML,Mali,AFRO,51,31054,1,734,30320
2022-05-29,ML,Mali,AFRO,34,31088,0,734,30354
2022-06-05,ML,Mali,AFRO,21,31109,1,735,30374
2022-06-12,ML,Mali,AFRO,13,31122,0,735,30387
2022-06-19,ML,Mali,AFRO,15,31137,1,736,30401
2022-06-26,ML,Mali,AFRO,16,31153,1,737,30416
2022-07-03,ML,Mali,AFRO,18,31171,0,737,30434
2022-07-10,ML,Mali,AFRO,15,31186,0,737,30449
2022-07-17,ML,Mali,AFRO,12,31198,0,737,30461
2022-07-24,ML,Mali,AFRO,14,31212,0,737,30475
2022-07-31,ML,Mali,AFRO,10,31222,2,739,30483
2022-08-07,ML,Mali,AFRO,14,31236,0,739,30497
2022-08-14,ML,Mali,AFRO,8,31244,0,739,30505
2022-08-21,ML,Mali,AFRO,15,31259,0,739,30520
2022-08-28,ML,Mali,AFRO,55,31314,0,739,30575
2022-09-04,ML,Mali,AFRO,262,31576,0,739,30837
2022-09-11,ML,Mali,AFRO,629,32205,0,739,31466
2022-09-18,ML,Mali,AFRO,292,32497,0,739,31758
2022-09-25,ML,Mali,AFRO,104,32601,2,741,31860
2022-10-02,ML,Mali,AFRO,40,32641,1,742,31899
2022-10-09,ML,Mali,AFRO,56,32697,0,742,31955
2022-10-16,ML,Mali,AFRO,9,32706,0,742,31964
2022-10-23,ML,Mali,AFRO,9,32715,0,742,31973
2022-10-30,ML,Mali,AFRO,16,32731,0,742,31989
2022-11-06,ML,Mali,AFRO,7,32738,0,742,31996
2022-11-13,ML,Mali,AFRO,7,32745,0,742,32003
2022-11-20,ML,Mali,AFRO,10,32755,0,742,32013
2022-11-27,ML,Mali,AFRO,3,32758,0,742,32016
2022-12-04,ML,Mali,AFRO,2,32760,0,742,32018
2022-12-11,ML,Mali,AFRO,3,32763,0,742,32021
2022-12-18,ML,Mali,AFRO,4,32767,1,743,32024
2022-12-25,ML,Mali,AFRO,1,32768,0,743,32025
2023-01-01,ML,Mali,AFRO,2,32770,0,743,32027
2023-01-08,ML,Mali,AFRO,1,32771,0,743,32028
2023-01-15,ML,Mali,AFRO,1,32772,0,743,32029
2023-01-22,ML,Mali,AFRO,3,32775,0,743,32032
2023-01-29,ML,Mali,AFRO,3,32778,0,743,32035
2023-02-05,ML,Mali,AFRO,12,32790,0,743,32047
2023-02-12,ML,Mali,AFRO,43,32833,0,743,32090
2023-02-19,ML,Mali,AFRO,62,32895,0,743,32152
2023-02-26,ML,Mali,AFRO,102,32997,0,743,32254
2023-03-05,ML,Mali,AFRO,57,33054,0,743,32311
2023-03-12,ML,Mali,AFRO,11,33065,0,743,32322
2023-03-19,ML,Mali,AFRO,9,33074,0,743,32331
2023-03-26,ML,Mali,AFRO,32,33106,0,743,32363
2023-04-02,ML,Mali,AFRO,11,33117,0,743,32374
2023-04-09,ML,Mali,AFRO,5,33122,0,743,32379
2023-04-16,ML,Mali,AFRO,12,33134,0,743,32391
2023-04-23,ML,Mali,AFRO,10,33144,0,743,32401
2023-04-30,ML,Mali,AFRO,0,33144,0,743,32401
2023-05-07,ML,Mali,AFRO,0,33144,0,743,32401
2023-05-14,ML,Mali,AFRO,3,33147,0,743,32404
2023-05-21,ML,Mali,AFRO,1,33148,0,743,32405
2023-05-28,ML,Mali,AFRO,0,33148,0,743,32405
2023-06-04,ML,Mali,AFRO,2,33150,0,743,32407
2023-06-11,ML,Mali,AFRO,0,33150,0,743,32407
2023-06-18,ML,Mali,AFRO,0,33150,0,743,32407
2023-06-25,ML,Mali,AFRO,1,33151,0,743,32408
2023-07-02,ML,Mali,AFRO,0,33151,0,743,32408
2023-07-09,ML,Mali,AFRO,0,33151,0,743,32408
2023-07-16,ML,Mali,AFRO,0,33151,0,743,32408
2023-07-23,ML,Mali,AFRO,0,33151,0,743,32408
2023-07-30,ML,Mali,AFRO,0,33151,0,743,32408
2023-08-06,ML,Mali,AFRO,0,33151,0,743,32408
2023-08-13,ML,Mali,AFRO,0,33151,0,743,32408
2023-08-20,ML,Mali,AFRO,1,33152,0,743,32409
2023-08-27,ML,Mali,AFRO,1,33153,0,743,32410
2023-09-03,ML,Mali,AFRO,0,33153,0,743,32410
2023-09-10,ML,Mali,AFRO,1,33154,0,743,32411
2023-09-17,ML,Mali,AFRO,3,33157,0,743,32414
2023-09-24,ML,Mali,AFRO,0,33157,0,743,32414
2023-10-01,ML,Mali,AFRO,0,33157,0,743,32414
2023-10-08,ML,Mali,AFRO,0,33157,0,743,32414
2023-10-15,ML,Mali,AFRO,1,33158,0,743,32415
2023-10-22,ML,Mali,AFRO,1,33159,0,743,32416
2023-10-29,ML,Mali,AFRO,1,33160,0,743,32417
2023-11-05,ML,Mali,AFRO,1,33161,0,743,32418
2023-11-12,ML,Mali,AFRO,0,33161,0,743,32418
2023-11-19,ML,Mali,AFRO,0,33161,0,743,32418
2023-11-26,ML,Mali,AFRO,0,33161,0,743,32418
2023-12-03,ML,Mali,AFRO,1,33162,0,743,32419
2023-12-10,ML,Mali,AFRO,0,33162,0,743,32419
2023-12-17,ML,Mali,AFRO,2,33164,0,743,32421
2023-12-24,ML,Mali,AFRO,0,33164,0,743,32421
2023-12-31,ML,Mali,AFRO,0,33164,0,743,32421
2024-01-07,ML,Mali,AFRO,0,33164,0,743,32421
2024-01-14,ML,Mali,AFRO,0,33164,0,743,32421
2024-01-21,ML,Mali,AFRO,0,33164,0,743,32421
2024-01-28,ML,Mali,AFRO,0,33164,0,743,32421
2024-02-04,ML,Mali,AFRO,0,33164,0,743,32421
2024-02-11,ML,Mali,AFRO,0,33164,0,743,32421
2024-02-18,ML,Mali,AFRO,0,33164,0,743,32421
2024-02-25,ML,Mali,AFRO,0,33164,0,743,32421
2024-03-03,ML,Mali,AFRO,0,33164,0,743,32421
2024-03-10,ML,Mali,AFRO,0,33164,0,743,32421
2024-03-17,ML,Mali,AFRO,0,33164,0,743,32421
2024-03-24,ML,Mali,AFRO,0,33164,0,743,32421
2024-03-31,ML,Mali,AFRO,0,33164,0,743,32421
2024-04-07,ML,Mali,AFRO,0,33164,0,743,32421
2024-04-14,ML,Mali,AFRO,0,33164,0,743,32421
2024-04-21,ML,Mali,AFRO,0,33164,0,743,32421
2024-04-28,ML,Mali,AFRO,0,33164,0,743,32421
2024-05-05,ML,Mali,AFRO,0,33164,0,743,32421
2024-05-12,ML,Mali,AFRO,0,33164,0,743,32421
2024-05-19,ML,Mali,AFRO,0,33164,0,743,32421
2024-05-26,ML,Mali,AFRO,0,33164,0,743,32421
2024-06-02,ML,Mali,AFRO,0,33164,0,743,32421
2024-06-09,ML,Mali,AFRO,0,33164,0,743,32421
2024-06-16,ML,Mali,AFRO,0,33164,0,743,32421
2024-06-23,ML,Mali,AFRO,0,33164,0,743,32421
2024-06-30,ML,Mali,AFRO,0,33164,0,743,32421
2024-07-07,ML,Mali,AFRO,2,33166,0,743,32423
2024-07-14,ML,Mali,AFRO,0,33166,0,743,32423
2024-07-21,ML,Mali,AFRO,0,33166,0,743,32423
2024-07-28,ML,Mali,AFRO,0,33166,0,743,32423
2024-08-04,ML,Mali,AFRO,0,33166,0,743,32423
2024-08-11,ML,Mali,AFRO,0,33166,0,743,32423
2024-08-18,ML,Mali,AFRO,0,33166,0,743,32423
2024-08-25,ML,Mali,AFRO,0,33166,0,743,32423
2024-09-01,ML,Mali,AFRO,0,33166,0,743,32423
2024-09-08,ML,Mali,AFRO,0,33166,0,743,32423
2024-09-15,ML,Mali,AFRO,0,33166,0,743,32423
2024-09-22,ML,Mali,AFRO,2,33168,0,743,32425
2024-09-29,ML,Mali,AFRO,2,33170,0,743,32427
2024-10-06,ML,Mali,AFRO,0,33170,0,743,32427
2024-10-13,ML,Mali,AFRO,1,33171,0,743,32428
2024-10-20,ML,Mali,AFRO,0,33171,0,743,32428
2024-10-27,ML,Mali,AFRO,1,33172,0,743,32429
2024-11-03,ML,Mali,AFRO,5,33177,0,743,32434
2024-11-10,ML,Mali,AFRO,0,33177,0,743,32434
2024-11-17,ML,Mali,AFRO,0,33177,0,743,32434
2020-01-05,MT,Malta,EURO,0,0,0,0,0
2020-01-12,MT,Malta,EURO,0,0,0,0,0
2020-01-19,MT,Malta,EURO,0,0,0,0,0
2020-01-26,MT,Malta,EURO,0,0,0,0,0
2020-02-02,MT,Malta,EURO,0,0,0,0,0
2020-02-09,MT,Malta,EURO,0,0,0,0,0
2020-02-16,MT,Malta,EURO,0,0,0,0,0
2020-02-23,MT,Malta,EURO,0,0,0,0,0
2020-03-01,MT,Malta,EURO,0,0,0,0,0
2020-03-08,MT,Malta,EURO,3,3,0,0,3
2020-03-15,MT,Malta,EURO,28,31,0,0,31
2020-03-22,MT,Malta,EURO,78,109,0,0,109
2020-03-29,MT,Malta,EURO,50,159,0,0,159
2020-04-05,MT,Malta,EURO,79,238,0,0,238
2020-04-12,MT,Malta,EURO,149,387,3,3,384
2020-04-19,MT,Malta,EURO,44,431,0,3,428
2020-04-26,MT,Malta,EURO,20,451,1,4,447
2020-05-03,MT,Malta,EURO,30,481,0,4,477
2020-05-10,MT,Malta,EURO,23,504,1,5,499
2020-05-17,MT,Malta,EURO,54,558,1,6,552
2020-05-24,MT,Malta,EURO,56,614,0,6,608
2020-05-31,MT,Malta,EURO,7,621,3,9,612
2020-06-07,MT,Malta,EURO,11,632,0,9,623
2020-06-14,MT,Malta,EURO,21,653,0,9,644
2020-06-21,MT,Malta,EURO,15,668,0,9,659
2020-06-28,MT,Malta,EURO,5,673,0,9,664
2020-07-05,MT,Malta,EURO,2,675,0,9,666
2020-07-12,MT,Malta,EURO,2,677,0,9,668
2020-07-19,MT,Malta,EURO,3,680,0,9,671
2020-07-26,MT,Malta,EURO,24,704,0,9,695
2020-08-02,MT,Malta,EURO,167,871,0,9,862
2020-08-09,MT,Malta,EURO,243,1114,0,9,1105
2020-08-16,MT,Malta,EURO,368,1482,0,9,1473
2020-08-23,MT,Malta,EURO,295,1777,1,10,1767
2020-08-30,MT,Malta,EURO,249,2026,2,12,2014
2020-09-06,MT,Malta,EURO,233,2259,3,15,2244
2020-09-13,MT,Malta,EURO,326,2585,1,16,2569
2020-09-20,MT,Malta,EURO,376,2961,6,22,2939
2020-09-27,MT,Malta,EURO,230,3191,11,33,3158
2020-10-04,MT,Malta,EURO,320,3511,7,40,3471
2020-10-11,MT,Malta,EURO,519,4030,4,44,3986
2020-10-18,MT,Malta,EURO,891,4921,2,46,4875
2020-10-25,MT,Malta,EURO,841,5762,8,54,5708
2020-11-01,MT,Malta,EURO,800,6562,11,65,6497
2020-11-08,MT,Malta,EURO,871,7433,16,81,7352
2020-11-15,MT,Malta,EURO,907,8340,21,102,8238
2020-11-22,MT,Malta,EURO,854,9194,15,117,9077
2020-11-29,MT,Malta,EURO,871,10065,26,143,9922
2020-12-06,MT,Malta,EURO,778,10843,14,157,10686
2020-12-13,MT,Malta,EURO,600,11443,23,180,11263
2020-12-20,MT,Malta,EURO,558,12001,22,202,11799
2020-12-27,MT,Malta,EURO,615,12616,25,227,12389
2021-01-03,MT,Malta,EURO,925,13541,6,233,13308
2021-01-10,MT,Malta,EURO,1286,14827,8,241,14586
2021-01-17,MT,Malta,EURO,1211,16038,12,253,15785
2021-01-24,MT,Malta,EURO,1133,17171,16,269,16902
2021-01-31,MT,Malta,EURO,1143,18314,15,284,18030
2021-02-07,MT,Malta,EURO,704,19018,14,298,18720
2021-02-14,MT,Malta,EURO,1128,20146,15,313,19833
2021-02-21,MT,Malta,EURO,1133,21279,12,325,20954
2021-02-28,MT,Malta,EURO,1607,22886,10,335,22551
2021-03-07,MT,Malta,EURO,1904,24790,20,355,24435
2021-03-14,MT,Malta,EURO,2094,26884,10,365,26519
2021-03-21,MT,Malta,EURO,1572,28456,21,386,28070
2021-03-28,MT,Malta,EURO,617,29073,18,404,28669
2021-04-04,MT,Malta,EURO,340,29413,11,415,28998
2021-04-11,MT,Malta,EURO,380,29793,3,418,29375
2021-04-18,MT,Malta,EURO,362,30155,8,426,29729
2021-04-25,MT,Malta,EURO,165,30320,5,431,29889
2021-05-02,MT,Malta,EURO,166,30486,0,431,30055
2021-05-09,MT,Malta,EURO,105,30591,0,431,30160
2021-05-16,MT,Malta,EURO,56,30647,1,432,30215
2021-05-23,MT,Malta,EURO,23,30670,0,432,30238
2021-05-30,MT,Malta,EURO,29,30699,2,434,30265
2021-06-06,MT,Malta,EURO,35,30734,0,434,30300
2021-06-13,MT,Malta,EURO,11,30745,0,434,30311
2021-06-20,MT,Malta,EURO,16,30761,1,435,30326
2021-06-27,MT,Malta,EURO,23,30784,0,435,30349
2021-07-04,MT,Malta,EURO,51,30835,0,435,30400
2021-07-11,MT,Malta,EURO,622,31457,1,436,31021
2021-07-18,MT,Malta,EURO,1383,32840,1,437,32403
2021-07-25,MT,Malta,EURO,1133,33973,1,438,33535
2021-08-01,MT,Malta,EURO,633,34606,2,440,34166
2021-08-08,MT,Malta,EURO,469,35075,4,444,34631
2021-08-15,MT,Malta,EURO,474,35549,4,448,35101
2021-08-22,MT,Malta,EURO,454,36003,5,453,35550
2021-08-29,MT,Malta,EURO,291,36294,5,458,35836
2021-09-05,MT,Malta,EURO,384,36678,5,463,36215
2021-09-12,MT,Malta,EURO,285,36963,5,468,36495
2021-09-19,MT,Malta,EURO,204,37167,5,473,36694
2021-09-26,MT,Malta,EURO,109,37276,1,474,36802
2021-10-03,MT,Malta,EURO,118,37394,3,477,36917
2021-10-10,MT,Malta,EURO,137,37531,0,477,37054
2021-10-17,MT,Malta,EURO,108,37639,1,478,37161
2021-10-24,MT,Malta,EURO,98,37737,1,479,37258
2021-10-31,MT,Malta,EURO,108,37845,2,481,37364
2021-11-07,MT,Malta,EURO,258,38103,0,481,37622
2021-11-14,MT,Malta,EURO,323,38426,0,481,37945
2021-11-21,MT,Malta,EURO,518,38944,2,483,38461
2021-11-28,MT,Malta,EURO,559,39503,5,488,39015
2021-12-05,MT,Malta,EURO,681,40184,0,488,39696
2021-12-12,MT,Malta,EURO,625,40809,3,491,40318
2021-12-19,MT,Malta,EURO,1466,42275,0,491,41784
2021-12-26,MT,Malta,EURO,5161,47436,2,493,46943
2022-01-02,MT,Malta,EURO,8118,55554,5,498,55056
2022-01-09,MT,Malta,EURO,5468,61022,11,509,60513
2022-01-16,MT,Malta,EURO,2968,63990,18,527,63463
2022-01-23,MT,Malta,EURO,2073,66063,26,553,65510
2022-01-30,MT,Malta,EURO,1641,67704,15,568,67136
2022-02-06,MT,Malta,EURO,1428,69132,22,590,68542
2022-02-13,MT,Malta,EURO,823,69955,20,610,69345
2022-02-20,MT,Malta,EURO,637,70592,7,617,69975
2022-02-27,MT,Malta,EURO,540,71132,8,625,70507
2022-03-06,MT,Malta,EURO,664,71796,4,629,71167
2022-03-13,MT,Malta,EURO,962,72758,6,635,72123
2022-03-20,MT,Malta,EURO,1906,74664,8,643,74021
2022-03-27,MT,Malta,EURO,2570,77234,9,652,76582
2022-04-03,MT,Malta,EURO,4491,81725,10,662,81063
2022-04-10,MT,Malta,EURO,4557,86282,21,683,85599
2022-04-17,MT,Malta,EURO,2664,88946,13,696,88250
2022-04-24,MT,Malta,EURO,1764,90710,13,709,90001
2022-05-01,MT,Malta,EURO,1250,91960,10,719,91241
2022-05-08,MT,Malta,EURO,984,92944,11,730,92214
2022-05-15,MT,Malta,EURO,658,93602,4,734,92868
2022-05-22,MT,Malta,EURO,537,94139,4,738,93401
2022-05-29,MT,Malta,EURO,532,94671,4,742,93929
2022-06-05,MT,Malta,EURO,615,95286,2,744,94542
2022-06-12,MT,Malta,EURO,934,96220,3,747,95473
2022-06-19,MT,Malta,EURO,1720,97940,4,751,97189
2022-06-26,MT,Malta,EURO,3160,101100,10,761,100339
2022-07-03,MT,Malta,EURO,3860,104960,8,769,104191
2022-07-10,MT,Malta,EURO,3765,108725,11,780,107945
2022-07-17,MT,Malta,EURO,2275,111000,13,793,110207
2022-07-24,MT,Malta,EURO,1249,112249,13,806,111443
2022-07-31,MT,Malta,EURO,608,112857,9,815,112042
2022-08-07,MT,Malta,EURO,417,113274,1,816,112458
2022-08-14,MT,Malta,EURO,287,113561,2,818,112743
2022-08-21,MT,Malta,EURO,242,113803,2,820,112983
2022-08-28,MT,Malta,EURO,189,113992,2,822,113170
2022-09-04,MT,Malta,EURO,139,114131,1,823,113308
2022-09-11,MT,Malta,EURO,130,114261,0,823,113438
2022-09-18,MT,Malta,EURO,149,114410,2,825,113585
2022-09-25,MT,Malta,EURO,156,114566,0,825,113741
2022-10-02,MT,Malta,EURO,155,114721,2,827,113894
2022-10-09,MT,Malta,EURO,146,114867,0,827,114040
2022-10-16,MT,Malta,EURO,147,115014,0,827,114187
2022-10-23,MT,Malta,EURO,184,115198,2,829,114369
2022-10-30,MT,Malta,EURO,141,115339,0,829,114510
2022-11-06,MT,Malta,EURO,123,115462,0,829,114633
2022-11-13,MT,Malta,EURO,128,115590,0,829,114761
2022-11-20,MT,Malta,EURO,98,115688,0,829,114859
2022-11-27,MT,Malta,EURO,81,115769,1,830,114939
2022-12-04,MT,Malta,EURO,91,115860,0,830,115030
2022-12-11,MT,Malta,EURO,103,115963,0,830,115133
2022-12-18,MT,Malta,EURO,141,116104,2,832,115272
2022-12-25,MT,Malta,EURO,133,116237,2,834,115403
2023-01-01,MT,Malta,EURO,167,116404,4,838,115566
2023-01-08,MT,Malta,EURO,241,116645,4,842,115803
2023-01-15,MT,Malta,EURO,165,116810,1,843,115967
2023-01-22,MT,Malta,EURO,133,116943,2,845,116098
2023-01-29,MT,Malta,EURO,109,117052,0,845,116207
2023-02-05,MT,Malta,EURO,104,117156,2,847,116309
2023-02-12,MT,Malta,EURO,82,117238,0,847,116391
2023-02-19,MT,Malta,EURO,90,117328,1,848,116480
2023-02-26,MT,Malta,EURO,139,117467,0,848,116619
2023-03-05,MT,Malta,EURO,133,117600,1,849,116751
2023-03-12,MT,Malta,EURO,139,117739,0,849,116890
2023-03-19,MT,Malta,EURO,148,117887,2,851,117036
2023-03-26,MT,Malta,EURO,106,117993,1,852,117141
2023-04-02,MT,Malta,EURO,129,118122,0,852,117270
2023-04-09,MT,Malta,EURO,81,118203,1,853,117350
2023-04-16,MT,Malta,EURO,103,118306,1,854,117452
2023-04-23,MT,Malta,EURO,124,118430,1,855,117575
2023-04-30,MT,Malta,EURO,83,118513,0,855,117658
2023-05-07,MT,Malta,EURO,50,118563,0,855,117708
2023-05-14,MT,Malta,EURO,57,118620,0,855,117765
2023-05-21,MT,Malta,EURO,46,118666,1,856,117810
2023-05-28,MT,Malta,EURO,79,118745,1,857,117888
2023-06-04,MT,Malta,EURO,59,118804,2,859,117945
2023-06-11,MT,Malta,EURO,43,118847,1,860,117987
2023-06-18,MT,Malta,EURO,60,118907,1,861,118046
2023-06-25,MT,Malta,EURO,59,118966,0,861,118105
2023-07-02,MT,Malta,EURO,86,119052,3,864,118188
2023-07-09,MT,Malta,EURO,60,119112,1,865,118247
2023-07-16,MT,Malta,EURO,102,119214,3,868,118346
2023-07-23,MT,Malta,EURO,74,119288,1,869,118419
2023-07-30,MT,Malta,EURO,135,119423,3,872,118551
2023-08-06,MT,Malta,EURO,151,119574,1,873,118701
2023-08-13,MT,Malta,EURO,150,119724,2,875,118849
2023-08-20,MT,Malta,EURO,140,119864,1,876,118988
2023-08-27,MT,Malta,EURO,180,120044,1,877,119167
2023-09-03,MT,Malta,EURO,134,120178,1,878,119300
2023-09-10,MT,Malta,EURO,107,120285,2,880,119405
2023-09-17,MT,Malta,EURO,62,120347,1,881,119466
2023-09-24,MT,Malta,EURO,75,120422,1,882,119540
2023-10-01,MT,Malta,EURO,79,120501,0,882,119619
2023-10-08,MT,Malta,EURO,63,120564,1,883,119681
2023-10-15,MT,Malta,EURO,68,120632,0,883,119749
2023-10-22,MT,Malta,EURO,43,120675,2,885,119790
2023-10-29,MT,Malta,EURO,30,120705,0,885,119820
2023-11-05,MT,Malta,EURO,29,120734,3,888,119846
2023-11-12,MT,Malta,EURO,31,120765,4,892,119873
2023-11-19,MT,Malta,EURO,21,120786,4,896,119890
2023-11-26,MT,Malta,EURO,20,120806,3,899,119907
2023-12-03,MT,Malta,EURO,16,120822,5,904,119918
2023-12-10,MT,Malta,EURO,42,120864,3,907,119957
2023-12-17,MT,Malta,EURO,49,120913,3,910,120003
2023-12-24,MT,Malta,EURO,99,121012,9,919,120093
2023-12-31,MT,Malta,EURO,128,121140,4,923,120217
2024-01-07,MT,Malta,EURO,144,121284,7,930,120354
2024-01-14,MT,Malta,EURO,106,121390,8,938,120452
2024-01-21,MT,Malta,EURO,66,121456,10,948,120508
2024-01-28,MT,Malta,EURO,47,121503,9,957,120546
2024-02-04,MT,Malta,EURO,32,121535,6,963,120572
2024-02-11,MT,Malta,EURO,31,121566,4,967,120599
2024-02-18,MT,Malta,EURO,33,121599,2,969,120630
2024-02-25,MT,Malta,EURO,23,121622,5,974,120648
2024-03-03,MT,Malta,EURO,2,121624,5,979,120645
2024-03-10,MT,Malta,EURO,6,121630,5,984,120646
2024-03-17,MT,Malta,EURO,6,121636,1,985,120651
2024-03-24,MT,Malta,EURO,1,121637,6,991,120646
2024-03-31,MT,Malta,EURO,5,121642,1,992,120650
2024-04-07,MT,Malta,EURO,1,121643,4,996,120647
2024-04-14,MT,Malta,EURO,6,121649,5,1001,120648
2024-04-21,MT,Malta,EURO,5,121654,2,1003,120651
2024-04-28,MT,Malta,EURO,6,121660,4,1007,120653
2024-05-05,MT,Malta,EURO,3,121663,3,1010,120653
2024-05-12,MT,Malta,EURO,18,121681,5,1015,120666
2024-05-19,MT,Malta,EURO,28,121709,5,1020,120689
2024-05-26,MT,Malta,EURO,21,121730,5,1025,120705
2024-06-02,MT,Malta,EURO,51,121781,4,1029,120752
2024-06-09,MT,Malta,EURO,73,121854,6,1035,120819
2024-06-16,MT,Malta,EURO,66,121920,5,1040,120880
2024-06-23,MT,Malta,EURO,110,122030,5,1045,120985
2024-06-30,MT,Malta,EURO,166,122196,4,1049,121147
2024-07-07,MT,Malta,EURO,306,122502,11,1060,121442
2024-07-14,MT,Malta,EURO,258,122760,5,1065,121695
2024-07-21,MT,Malta,EURO,191,122951,9,1074,121877
2024-07-28,MT,Malta,EURO,132,123083,9,1083,122000
2024-08-04,MT,Malta,EURO,85,123168,13,1096,122072
2024-08-11,MT,Malta,EURO,66,123234,11,1107,122127
2024-08-18,MT,Malta,EURO,60,123294,8,1115,122179
2024-08-25,MT,Malta,EURO,44,123338,3,1118,122220
2024-09-01,MT,Malta,EURO,38,123376,9,1127,122249
2024-09-08,MT,Malta,EURO,39,123415,4,1131,122284
2024-09-15,MT,Malta,EURO,25,123440,7,1138,122302
2024-09-22,MT,Malta,EURO,18,123458,8,1146,122312
2024-09-29,MT,Malta,EURO,21,123479,4,1150,122329
2024-10-06,MT,Malta,EURO,5,123484,8,1158,122326
2024-10-13,MT,Malta,EURO,16,123500,9,1167,122333
2024-10-20,MT,Malta,EURO,9,123509,0,1167,122342
2024-10-27,MT,Malta,EURO,22,123531,0,1167,122364
2024-11-03,MT,Malta,EURO,13,123544,0,1167,122377
2024-11-10,MT,Malta,EURO,8,123552,0,1167,122385
2024-11-17,MT,Malta,EURO,0,123552,0,1167,122385
2020-01-05,MH,Marshall Islands,WPRO,0,0,0,0,0
2020-01-12,MH,Marshall Islands,WPRO,0,0,0,0,0
2020-01-19,MH,Marshall Islands,WPRO,0,0,0,0,0
2020-01-26,MH,Marshall Islands,WPRO,0,0,0,0,0
2020-02-02,MH,Marshall Islands,WPRO,0,0,0,0,0
2020-02-09,MH,Marshall Islands,WPRO,0,0,0,0,0
2020-02-16,MH,Marshall Islands,WPRO,0,0,0,0,0
2020-02-23,MH,Marshall Islands,WPRO,0,0,0,0,0
2020-03-01,MH,Marshall Islands,WPRO,0,0,0,0,0
2020-03-08,MH,Marshall Islands,WPRO,0,0,0,0,0
2020-03-15,MH,Marshall Islands,WPRO,0,0,0,0,0
2020-03-22,MH,Marshall Islands,WPRO,0,0,0,0,0
2020-03-29,MH,Marshall Islands,WPRO,0,0,0,0,0
2020-04-05,MH,Marshall Islands,WPRO,0,0,0,0,0
2020-04-12,MH,Marshall Islands,WPRO,0,0,0,0,0
2020-04-19,MH,Marshall Islands,WPRO,0,0,0,0,0
2020-04-26,MH,Marshall Islands,WPRO,0,0,0,0,0
2020-05-03,MH,Marshall Islands,WPRO,0,0,0,0,0
2020-05-10,MH,Marshall Islands,WPRO,0,0,0,0,0
2020-05-17,MH,Marshall Islands,WPRO,0,0,0,0,0
2020-05-24,MH,Marshall Islands,WPRO,0,0,0,0,0
2020-05-31,MH,Marshall Islands,WPRO,0,0,0,0,0
2020-06-07,MH,Marshall Islands,WPRO,0,0,0,0,0
2020-06-14,MH,Marshall Islands,WPRO,0,0,0,0,0
2020-06-21,MH,Marshall Islands,WPRO,0,0,0,0,0
2020-06-28,MH,Marshall Islands,WPRO,0,0,0,0,0
2020-07-05,MH,Marshall Islands,WPRO,0,0,0,0,0
2020-07-12,MH,Marshall Islands,WPRO,0,0,0,0,0
2020-07-19,MH,Marshall Islands,WPRO,0,0,0,0,0
2020-07-26,MH,Marshall Islands,WPRO,0,0,0,0,0
2020-08-02,MH,Marshall Islands,WPRO,0,0,0,0,0
2020-08-09,MH,Marshall Islands,WPRO,0,0,0,0,0
2020-08-16,MH,Marshall Islands,WPRO,0,0,0,0,0
2020-08-23,MH,Marshall Islands,WPRO,0,0,0,0,0
2020-08-30,MH,Marshall Islands,WPRO,0,0,0,0,0
2020-09-06,MH,Marshall Islands,WPRO,0,0,0,0,0
2020-09-13,MH,Marshall Islands,WPRO,0,0,0,0,0
2020-09-20,MH,Marshall Islands,WPRO,0,0,0,0,0
2020-09-27,MH,Marshall Islands,WPRO,0,0,0,0,0
2020-10-04,MH,Marshall Islands,WPRO,0,0,0,0,0
2020-10-11,MH,Marshall Islands,WPRO,0,0,0,0,0
2020-10-18,MH,Marshall Islands,WPRO,0,0,0,0,0
2020-10-25,MH,Marshall Islands,WPRO,0,0,0,0,0
2020-11-01,MH,Marshall Islands,WPRO,1,1,0,0,1
2020-11-08,MH,Marshall Islands,WPRO,0,1,0,0,1
2020-11-15,MH,Marshall Islands,WPRO,0,1,0,0,1
2020-11-22,MH,Marshall Islands,WPRO,3,4,0,0,4
2020-11-29,MH,Marshall Islands,WPRO,0,4,0,0,4
2020-12-06,MH,Marshall Islands,WPRO,0,4,0,0,4
2020-12-13,MH,Marshall Islands,WPRO,0,4,0,0,4
2020-12-20,MH,Marshall Islands,WPRO,0,4,0,0,4
2020-12-27,MH,Marshall Islands,WPRO,0,4,0,0,4
2021-01-03,MH,Marshall Islands,WPRO,0,4,0,0,4
2021-01-10,MH,Marshall Islands,WPRO,0,4,0,0,4
2021-01-17,MH,Marshall Islands,WPRO,0,4,0,0,4
2021-01-24,MH,Marshall Islands,WPRO,0,4,0,0,4
2021-01-31,MH,Marshall Islands,WPRO,0,4,0,0,4
2021-02-07,MH,Marshall Islands,WPRO,0,4,0,0,4
2021-02-14,MH,Marshall Islands,WPRO,0,4,0,0,4
2021-02-21,MH,Marshall Islands,WPRO,0,4,0,0,4
2021-02-28,MH,Marshall Islands,WPRO,0,4,0,0,4
2021-03-07,MH,Marshall Islands,WPRO,0,4,0,0,4
2021-03-14,MH,Marshall Islands,WPRO,0,4,0,0,4
2021-03-21,MH,Marshall Islands,WPRO,0,4,0,0,4
2021-03-28,MH,Marshall Islands,WPRO,0,4,0,0,4
2021-04-04,MH,Marshall Islands,WPRO,0,4,0,0,4
2021-04-11,MH,Marshall Islands,WPRO,0,4,0,0,4
2021-04-18,MH,Marshall Islands,WPRO,0,4,0,0,4
2021-04-25,MH,Marshall Islands,WPRO,0,4,0,0,4
2021-05-02,MH,Marshall Islands,WPRO,0,4,0,0,4
2021-05-09,MH,Marshall Islands,WPRO,0,4,0,0,4
2021-05-16,MH,Marshall Islands,WPRO,0,4,0,0,4
2021-05-23,MH,Marshall Islands,WPRO,0,4,0,0,4
2021-05-30,MH,Marshall Islands,WPRO,0,4,0,0,4
2021-06-06,MH,Marshall Islands,WPRO,0,4,0,0,4
2021-06-13,MH,Marshall Islands,WPRO,0,4,0,0,4
2021-06-20,MH,Marshall Islands,WPRO,0,4,0,0,4
2021-06-27,MH,Marshall Islands,WPRO,0,4,0,0,4
2021-07-04,MH,Marshall Islands,WPRO,0,4,0,0,4
2021-07-11,MH,Marshall Islands,WPRO,0,4,0,0,4
2021-07-18,MH,Marshall Islands,WPRO,0,4,0,0,4
2021-07-25,MH,Marshall Islands,WPRO,0,4,0,0,4
2021-08-01,MH,Marshall Islands,WPRO,0,4,0,0,4
2021-08-08,MH,Marshall Islands,WPRO,0,4,0,0,4
2021-08-15,MH,Marshall Islands,WPRO,0,4,0,0,4
2021-08-22,MH,Marshall Islands,WPRO,0,4,0,0,4
2021-08-29,MH,Marshall Islands,WPRO,0,4,0,0,4
2021-09-05,MH,Marshall Islands,WPRO,0,4,0,0,4
2021-09-12,MH,Marshall Islands,WPRO,0,4,0,0,4
2021-09-19,MH,Marshall Islands,WPRO,0,4,0,0,4
2021-09-26,MH,Marshall Islands,WPRO,0,4,0,0,4
2021-10-03,MH,Marshall Islands,WPRO,0,4,0,0,4
2021-10-10,MH,Marshall Islands,WPRO,0,4,0,0,4
2021-10-17,MH,Marshall Islands,WPRO,0,4,0,0,4
2021-10-24,MH,Marshall Islands,WPRO,0,4,0,0,4
2021-10-31,MH,Marshall Islands,WPRO,0,4,0,0,4
2021-11-07,MH,Marshall Islands,WPRO,0,4,0,0,4
2021-11-14,MH,Marshall Islands,WPRO,0,4,0,0,4
2021-11-21,MH,Marshall Islands,WPRO,0,4,0,0,4
2021-11-28,MH,Marshall Islands,WPRO,0,4,0,0,4
2021-12-05,MH,Marshall Islands,WPRO,0,4,0,0,4
2021-12-12,MH,Marshall Islands,WPRO,0,4,0,0,4
2021-12-19,MH,Marshall Islands,WPRO,0,4,0,0,4
2021-12-26,MH,Marshall Islands,WPRO,0,4,0,0,4
2022-01-02,MH,Marshall Islands,WPRO,0,4,0,0,4
2022-01-09,MH,Marshall Islands,WPRO,0,4,0,0,4
2022-01-16,MH,Marshall Islands,WPRO,0,4,0,0,4
2022-01-23,MH,Marshall Islands,WPRO,0,4,0,0,4
2022-01-30,MH,Marshall Islands,WPRO,3,7,0,0,7
2022-02-06,MH,Marshall Islands,WPRO,0,7,0,0,7
2022-02-13,MH,Marshall Islands,WPRO,0,7,0,0,7
2022-02-20,MH,Marshall Islands,WPRO,0,7,0,0,7
2022-02-27,MH,Marshall Islands,WPRO,0,7,0,0,7
2022-03-06,MH,Marshall Islands,WPRO,0,7,0,0,7
2022-03-13,MH,Marshall Islands,WPRO,0,7,0,0,7
2022-03-20,MH,Marshall Islands,WPRO,0,7,0,0,7
2022-03-27,MH,Marshall Islands,WPRO,0,7,0,0,7
2022-04-03,MH,Marshall Islands,WPRO,0,7,0,0,7
2022-04-10,MH,Marshall Islands,WPRO,0,7,0,0,7
2022-04-17,MH,Marshall Islands,WPRO,0,7,0,0,7
2022-04-24,MH,Marshall Islands,WPRO,8,15,0,0,15
2022-05-01,MH,Marshall Islands,WPRO,2,17,0,0,17
2022-05-08,MH,Marshall Islands,WPRO,0,17,0,0,17
2022-05-15,MH,Marshall Islands,WPRO,0,17,0,0,17
2022-05-22,MH,Marshall Islands,WPRO,0,17,0,0,17
2022-05-29,MH,Marshall Islands,WPRO,0,17,0,0,17
2022-06-05,MH,Marshall Islands,WPRO,1,18,0,0,18
2022-06-12,MH,Marshall Islands,WPRO,0,18,0,0,18
2022-06-19,MH,Marshall Islands,WPRO,0,18,0,0,18
2022-06-26,MH,Marshall Islands,WPRO,0,18,0,0,18
2022-07-03,MH,Marshall Islands,WPRO,8,26,0,0,26
2022-07-10,MH,Marshall Islands,WPRO,21,47,0,0,47
2022-07-17,MH,Marshall Islands,WPRO,2,49,0,0,49
2022-07-24,MH,Marshall Islands,WPRO,10,59,0,0,59
2022-07-31,MH,Marshall Islands,WPRO,5,64,0,0,64
2022-08-07,MH,Marshall Islands,WPRO,4,68,0,0,68
2022-08-14,MH,Marshall Islands,WPRO,758,826,5,5,821
2022-08-21,MH,Marshall Islands,WPRO,9086,9912,9,14,9898
2022-08-28,MH,Marshall Islands,WPRO,4885,14797,2,16,14781
2022-09-04,MH,Marshall Islands,WPRO,266,15063,1,17,15046
2022-09-11,MH,Marshall Islands,WPRO,9,15072,0,17,15055
2022-09-18,MH,Marshall Islands,WPRO,141,15213,0,17,15196
2022-09-25,MH,Marshall Islands,WPRO,62,15275,0,17,15258
2022-10-02,MH,Marshall Islands,WPRO,30,15305,0,17,15288
2022-10-09,MH,Marshall Islands,WPRO,0,15305,0,17,15288
2022-10-16,MH,Marshall Islands,WPRO,57,15362,0,17,15345
2022-10-23,MH,Marshall Islands,WPRO,0,15362,0,17,15345
2022-10-30,MH,Marshall Islands,WPRO,13,15375,0,17,15358
2022-11-06,MH,Marshall Islands,WPRO,7,15382,0,17,15365
2022-11-13,MH,Marshall Islands,WPRO,4,15386,0,17,15369
2022-11-20,MH,Marshall Islands,WPRO,115,15501,0,17,15484
2022-11-27,MH,Marshall Islands,WPRO,40,15541,0,17,15524
2022-12-04,MH,Marshall Islands,WPRO,3,15544,0,17,15527
2022-12-11,MH,Marshall Islands,WPRO,0,15544,0,17,15527
2022-12-18,MH,Marshall Islands,WPRO,0,15544,0,17,15527
2022-12-25,MH,Marshall Islands,WPRO,0,15544,0,17,15527
2023-01-01,MH,Marshall Islands,WPRO,0,15544,0,17,15527
2023-01-08,MH,Marshall Islands,WPRO,0,15544,0,17,15527
2023-01-15,MH,Marshall Islands,WPRO,0,15544,0,17,15527
2023-01-22,MH,Marshall Islands,WPRO,0,15544,0,17,15527
2023-01-29,MH,Marshall Islands,WPRO,40,15584,0,17,15567
2023-02-05,MH,Marshall Islands,WPRO,0,15584,0,17,15567
2023-02-12,MH,Marshall Islands,WPRO,6,15590,0,17,15573
2023-02-19,MH,Marshall Islands,WPRO,11,15601,0,17,15584
2023-02-26,MH,Marshall Islands,WPRO,17,15618,0,17,15601
2023-03-05,MH,Marshall Islands,WPRO,31,15649,0,17,15632
2023-03-12,MH,Marshall Islands,WPRO,0,15649,0,17,15632
2023-03-19,MH,Marshall Islands,WPRO,74,15723,0,17,15706
2023-03-26,MH,Marshall Islands,WPRO,0,15723,0,17,15706
2023-04-02,MH,Marshall Islands,WPRO,290,16013,0,17,15996
2023-04-09,MH,Marshall Islands,WPRO,68,16081,0,17,16064
2023-04-16,MH,Marshall Islands,WPRO,0,16081,0,17,16064
2023-04-23,MH,Marshall Islands,WPRO,0,16081,0,17,16064
2023-04-30,MH,Marshall Islands,WPRO,0,16081,0,17,16064
2023-05-07,MH,Marshall Islands,WPRO,0,16081,0,17,16064
2023-05-14,MH,Marshall Islands,WPRO,0,16081,0,17,16064
2023-05-21,MH,Marshall Islands,WPRO,0,16081,0,17,16064
2023-05-28,MH,Marshall Islands,WPRO,0,16081,0,17,16064
2023-06-04,MH,Marshall Islands,WPRO,0,16081,0,17,16064
2023-06-11,MH,Marshall Islands,WPRO,17,16098,0,17,16081
2023-06-18,MH,Marshall Islands,WPRO,0,16098,0,17,16081
2023-06-25,MH,Marshall Islands,WPRO,0,16098,0,17,16081
2023-07-02,MH,Marshall Islands,WPRO,0,16098,0,17,16081
2023-07-09,MH,Marshall Islands,WPRO,0,16098,0,17,16081
2023-07-16,MH,Marshall Islands,WPRO,0,16098,0,17,16081
2023-07-23,MH,Marshall Islands,WPRO,0,16098,0,17,16081
2023-07-30,MH,Marshall Islands,WPRO,0,16098,0,17,16081
2023-08-06,MH,Marshall Islands,WPRO,0,16098,0,17,16081
2023-08-13,MH,Marshall Islands,WPRO,0,16098,0,17,16081
2023-08-20,MH,Marshall Islands,WPRO,0,16098,0,17,16081
2023-08-27,MH,Marshall Islands,WPRO,0,16098,0,17,16081
2023-09-03,MH,Marshall Islands,WPRO,21,16119,0,17,16102
2023-09-10,MH,Marshall Islands,WPRO,14,16133,0,17,16116
2023-09-17,MH,Marshall Islands,WPRO,0,16133,0,17,16116
2023-09-24,MH,Marshall Islands,WPRO,0,16133,0,17,16116
2023-10-01,MH,Marshall Islands,WPRO,0,16133,0,17,16116
2023-10-08,MH,Marshall Islands,WPRO,5,16138,0,17,16121
2023-10-15,MH,Marshall Islands,WPRO,0,16138,0,17,16121
2023-10-22,MH,Marshall Islands,WPRO,0,16138,0,17,16121
2023-10-29,MH,Marshall Islands,WPRO,0,16138,0,17,16121
2023-11-05,MH,Marshall Islands,WPRO,0,16138,0,17,16121
2023-11-12,MH,Marshall Islands,WPRO,0,16138,0,17,16121
2023-11-19,MH,Marshall Islands,WPRO,0,16138,0,17,16121
2023-11-26,MH,Marshall Islands,WPRO,0,16138,0,17,16121
2023-12-03,MH,Marshall Islands,WPRO,0,16138,0,17,16121
2023-12-10,MH,Marshall Islands,WPRO,0,16138,0,17,16121
2023-12-17,MH,Marshall Islands,WPRO,0,16138,0,17,16121
2023-12-24,MH,Marshall Islands,WPRO,0,16138,0,17,16121
2023-12-31,MH,Marshall Islands,WPRO,0,16138,0,17,16121
2024-01-07,MH,Marshall Islands,WPRO,0,16138,0,17,16121
2024-01-14,MH,Marshall Islands,WPRO,0,16138,0,17,16121
2024-01-21,MH,Marshall Islands,WPRO,0,16138,0,17,16121
2024-01-28,MH,Marshall Islands,WPRO,0,16138,0,17,16121
2024-02-04,MH,Marshall Islands,WPRO,0,16138,0,17,16121
2024-02-11,MH,Marshall Islands,WPRO,0,16138,0,17,16121
2024-02-18,MH,Marshall Islands,WPRO,0,16138,0,17,16121
2024-02-25,MH,Marshall Islands,WPRO,0,16138,0,17,16121
2024-03-03,MH,Marshall Islands,WPRO,0,16138,0,17,16121
2024-03-10,MH,Marshall Islands,WPRO,0,16138,0,17,16121
2024-03-17,MH,Marshall Islands,WPRO,0,16138,0,17,16121
2024-03-24,MH,Marshall Islands,WPRO,40,16178,0,17,16161
2024-03-31,MH,Marshall Islands,WPRO,0,16178,0,17,16161
2024-04-07,MH,Marshall Islands,WPRO,0,16178,0,17,16161
2024-04-14,MH,Marshall Islands,WPRO,0,16178,0,17,16161
2024-04-21,MH,Marshall Islands,WPRO,0,16178,0,17,16161
2024-04-28,MH,Marshall Islands,WPRO,0,16178,0,17,16161
2024-05-05,MH,Marshall Islands,WPRO,0,16178,0,17,16161
2024-05-12,MH,Marshall Islands,WPRO,0,16178,0,17,16161
2024-05-19,MH,Marshall Islands,WPRO,0,16178,0,17,16161
2024-05-26,MH,Marshall Islands,WPRO,70,16248,0,17,16231
2024-06-02,MH,Marshall Islands,WPRO,0,16248,0,17,16231
2024-06-09,MH,Marshall Islands,WPRO,0,16248,0,17,16231
2024-06-16,MH,Marshall Islands,WPRO,0,16248,0,17,16231
2024-06-23,MH,Marshall Islands,WPRO,4,16252,0,17,16235
2024-06-30,MH,Marshall Islands,WPRO,0,16252,0,17,16235
2024-07-07,MH,Marshall Islands,WPRO,0,16252,0,17,16235
2024-07-14,MH,Marshall Islands,WPRO,0,16252,0,17,16235
2024-07-21,MH,Marshall Islands,WPRO,0,16252,0,17,16235
2024-07-28,MH,Marshall Islands,WPRO,45,16297,0,17,16280
2024-08-04,MH,Marshall Islands,WPRO,0,16297,0,17,16280
2024-08-11,MH,Marshall Islands,WPRO,0,16297,0,17,16280
2024-08-18,MH,Marshall Islands,WPRO,0,16297,0,17,16280
2024-08-25,MH,Marshall Islands,WPRO,0,16297,0,17,16280
2024-09-01,MH,Marshall Islands,WPRO,0,16297,0,17,16280
2024-09-08,MH,Marshall Islands,WPRO,0,16297,0,17,16280
2024-09-15,MH,Marshall Islands,WPRO,0,16297,0,17,16280
2024-09-22,MH,Marshall Islands,WPRO,0,16297,0,17,16280
2024-09-29,MH,Marshall Islands,WPRO,0,16297,0,17,16280
2024-10-06,MH,Marshall Islands,WPRO,0,16297,0,17,16280
2024-10-13,MH,Marshall Islands,WPRO,0,16297,0,17,16280
2024-10-20,MH,Marshall Islands,WPRO,0,16297,0,17,16280
2024-10-27,MH,Marshall Islands,WPRO,0,16297,0,17,16280
2024-11-03,MH,Marshall Islands,WPRO,0,16297,0,17,16280
2024-11-10,MH,Marshall Islands,WPRO,0,16297,0,17,16280
2024-11-17,MH,Marshall Islands,WPRO,0,16297,0,17,16280
2020-01-05,MR,Mauritania,AFRO,0,0,0,0,0
2020-01-12,MR,Mauritania,AFRO,0,0,0,0,0
2020-01-19,MR,Mauritania,AFRO,0,0,0,0,0
2020-01-26,MR,Mauritania,AFRO,0,0,0,0,0
2020-02-02,MR,Mauritania,AFRO,0,0,0,0,0
2020-02-09,MR,Mauritania,AFRO,0,0,0,0,0
2020-02-16,MR,Mauritania,AFRO,0,0,0,0,0
2020-02-23,MR,Mauritania,AFRO,0,0,0,0,0
2020-03-01,MR,Mauritania,AFRO,0,0,0,0,0
2020-03-08,MR,Mauritania,AFRO,0,0,0,0,0
2020-03-15,MR,Mauritania,AFRO,1,1,0,0,1
2020-03-22,MR,Mauritania,AFRO,1,2,0,0,2
2020-03-29,MR,Mauritania,AFRO,3,5,0,0,5
2020-04-05,MR,Mauritania,AFRO,1,6,149,149,-143
2020-04-12,MR,Mauritania,AFRO,1,7,0,149,-142
2020-04-19,MR,Mauritania,AFRO,0,7,0,149,-142
2020-04-26,MR,Mauritania,AFRO,0,7,0,149,-142
2020-05-03,MR,Mauritania,AFRO,1,8,0,149,-141
2020-05-10,MR,Mauritania,AFRO,0,8,0,149,-141
2020-05-17,MR,Mauritania,AFRO,32,40,0,149,-109
2020-05-24,MR,Mauritania,AFRO,187,227,5,154,73
2020-05-31,MR,Mauritania,AFRO,256,483,17,171,312
2020-06-07,MR,Mauritania,AFRO,464,947,26,197,750
2020-06-14,MR,Mauritania,AFRO,735,1682,34,231,1451
2020-06-21,MR,Mauritania,AFRO,1131,2813,25,256,2557
2020-06-28,MR,Mauritania,AFRO,1212,4025,13,269,3756
2020-07-05,MR,Mauritania,AFRO,802,4827,8,277,4550
2020-07-12,MR,Mauritania,AFRO,448,5275,15,292,4983
2020-07-19,MR,Mauritania,AFRO,538,5813,9,301,5512
2020-07-26,MR,Mauritania,AFRO,338,6151,3,304,5847
2020-08-02,MR,Mauritania,AFRO,168,6319,1,305,6014
2020-08-09,MR,Mauritania,AFRO,191,6510,0,305,6205
2020-08-16,MR,Mauritania,AFRO,183,6693,0,305,6388
2020-08-23,MR,Mauritania,AFRO,201,6894,1,306,6588
2020-08-30,MR,Mauritania,AFRO,124,7018,0,306,6712
2020-09-06,MR,Mauritania,AFRO,116,7134,1,307,6827
2020-09-13,MR,Mauritania,AFRO,140,7274,1,308,6966
2020-09-20,MR,Mauritania,AFRO,91,7365,0,308,7057
2020-09-27,MR,Mauritania,AFRO,97,7462,0,308,7154
2020-10-04,MR,Mauritania,AFRO,55,7517,0,308,7209
2020-10-11,MR,Mauritania,AFRO,33,7550,0,308,7242
2020-10-18,MR,Mauritania,AFRO,57,7607,0,308,7299
2020-10-25,MR,Mauritania,AFRO,56,7663,0,308,7355
2020-11-01,MR,Mauritania,AFRO,54,7717,0,308,7409
2020-11-08,MR,Mauritania,AFRO,97,7814,0,308,7506
2020-11-15,MR,Mauritania,AFRO,134,7948,2,310,7638
2020-11-22,MR,Mauritania,AFRO,340,8288,4,314,7974
2020-11-29,MR,Mauritania,AFRO,259,8547,1,315,8232
2020-12-06,MR,Mauritania,AFRO,812,9359,2,317,9042
2020-12-13,MR,Mauritania,AFRO,1421,10780,17,334,10446
2020-12-20,MR,Mauritania,AFRO,2736,13516,3,337,13179
2020-12-27,MR,Mauritania,AFRO,0,13516,0,337,13179
2021-01-03,MR,Mauritania,AFRO,1161,14677,17,354,14323
2021-01-10,MR,Mauritania,AFRO,752,15429,30,384,15045
2021-01-17,MR,Mauritania,AFRO,570,15999,18,402,15597
2021-01-24,MR,Mauritania,AFRO,398,16397,15,417,15980
2021-01-31,MR,Mauritania,AFRO,211,16608,3,420,16188
2021-02-07,MR,Mauritania,AFRO,184,16792,5,425,16367
2021-02-14,MR,Mauritania,AFRO,173,16965,3,428,16537
2021-02-21,MR,Mauritania,AFRO,118,17083,6,434,16649
2021-02-28,MR,Mauritania,AFRO,104,17187,6,440,16747
2021-03-07,MR,Mauritania,AFRO,122,17309,2,442,16867
2021-03-14,MR,Mauritania,AFRO,115,17424,1,443,16981
2021-03-21,MR,Mauritania,AFRO,163,17587,3,446,17141
2021-03-28,MR,Mauritania,AFRO,169,17756,2,448,17308
2021-04-04,MR,Mauritania,AFRO,161,17917,1,449,17468
2021-04-11,MR,Mauritania,AFRO,95,18012,1,450,17562
2021-04-18,MR,Mauritania,AFRO,109,18121,2,452,17669
2021-04-25,MR,Mauritania,AFRO,71,18192,2,454,17738
2021-05-02,MR,Mauritania,AFRO,237,18429,1,455,17974
2021-05-09,MR,Mauritania,AFRO,207,18636,1,456,18180
2021-05-16,MR,Mauritania,AFRO,170,18806,1,457,18349
2021-05-23,MR,Mauritania,AFRO,308,19114,1,458,18656
2021-05-30,MR,Mauritania,AFRO,349,19463,5,463,19000
2021-06-06,MR,Mauritania,AFRO,322,19785,3,466,19319
2021-06-13,MR,Mauritania,AFRO,255,20040,9,475,19565
2021-06-20,MR,Mauritania,AFRO,274,20314,5,480,19834
2021-06-27,MR,Mauritania,AFRO,290,20604,6,486,20118
2021-07-04,MR,Mauritania,AFRO,423,21027,3,489,20538
2021-07-11,MR,Mauritania,AFRO,563,21590,5,494,21096
2021-07-18,MR,Mauritania,AFRO,918,22508,14,508,22000
2021-07-25,MR,Mauritania,AFRO,1047,23555,20,528,23027
2021-08-01,MR,Mauritania,AFRO,2136,25691,34,562,25129
2021-08-08,MR,Mauritania,AFRO,2266,27957,37,599,27358
2021-08-15,MR,Mauritania,AFRO,1927,29884,37,636,29248
2021-08-22,MR,Mauritania,AFRO,1758,31642,36,672,30970
2021-08-29,MR,Mauritania,AFRO,1516,33158,30,702,32456
2021-09-05,MR,Mauritania,AFRO,953,34111,31,733,33378
2021-09-12,MR,Mauritania,AFRO,660,34771,16,749,34022
2021-09-19,MR,Mauritania,AFRO,557,35328,14,763,34565
2021-09-26,MR,Mauritania,AFRO,491,35819,5,768,35051
2021-10-03,MR,Mauritania,AFRO,295,36114,9,777,35337
2021-10-10,MR,Mauritania,AFRO,273,36387,7,784,35603
2021-10-17,MR,Mauritania,AFRO,258,36645,4,788,35857
2021-10-24,MR,Mauritania,AFRO,265,36910,4,792,36118
2021-10-31,MR,Mauritania,AFRO,312,37222,2,794,36428
2021-11-07,MR,Mauritania,AFRO,437,37659,7,801,36858
2021-11-14,MR,Mauritania,AFRO,410,38069,6,807,37262
2021-11-21,MR,Mauritania,AFRO,514,38583,9,816,37767
2021-11-28,MR,Mauritania,AFRO,532,39115,15,831,38284
2021-12-05,MR,Mauritania,AFRO,395,39510,7,838,38672
2021-12-12,MR,Mauritania,AFRO,268,39778,11,849,38929
2021-12-19,MR,Mauritania,AFRO,249,40027,3,852,39175
2021-12-26,MR,Mauritania,AFRO,426,40453,10,862,39591
2022-01-02,MR,Mauritania,AFRO,1414,41867,8,870,40997
2022-01-09,MR,Mauritania,AFRO,6238,48105,15,885,47220
2022-01-16,MR,Mauritania,AFRO,6288,54393,18,903,53490
2022-01-23,MR,Mauritania,AFRO,2779,57172,21,924,56248
2022-01-30,MR,Mauritania,AFRO,957,58129,25,949,57180
2022-02-06,MR,Mauritania,AFRO,314,58443,15,964,57479
2022-02-13,MR,Mauritania,AFRO,120,58563,8,972,57591
2022-02-20,MR,Mauritania,AFRO,41,58604,4,976,57628
2022-02-27,MR,Mauritania,AFRO,25,58629,3,979,57650
2022-03-06,MR,Mauritania,AFRO,17,58646,1,980,57666
2022-03-13,MR,Mauritania,AFRO,11,58657,1,981,57676
2022-03-20,MR,Mauritania,AFRO,5,58662,0,981,57681
2022-03-27,MR,Mauritania,AFRO,4,58666,1,982,57684
2022-04-03,MR,Mauritania,AFRO,4,58670,0,982,57688
2022-04-10,MR,Mauritania,AFRO,6,58676,0,982,57694
2022-04-17,MR,Mauritania,AFRO,5,58681,0,982,57699
2022-04-24,MR,Mauritania,AFRO,2,58683,0,982,57701
2022-05-01,MR,Mauritania,AFRO,5,58688,0,982,57706
2022-05-08,MR,Mauritania,AFRO,48,58736,0,982,57754
2022-05-15,MR,Mauritania,AFRO,104,58840,0,982,57858
2022-05-22,MR,Mauritania,AFRO,132,58972,0,982,57990
2022-05-29,MR,Mauritania,AFRO,130,59102,0,982,58120
2022-06-05,MR,Mauritania,AFRO,81,59183,0,982,58201
2022-06-12,MR,Mauritania,AFRO,110,59293,0,982,58311
2022-06-19,MR,Mauritania,AFRO,0,59293,0,982,58311
2022-06-26,MR,Mauritania,AFRO,135,59428,0,982,58446
2022-07-03,MR,Mauritania,AFRO,699,60127,2,984,59143
2022-07-10,MR,Mauritania,AFRO,1056,61183,2,986,60197
2022-07-17,MR,Mauritania,AFRO,682,61865,0,986,60879
2022-07-24,MR,Mauritania,AFRO,415,62280,3,989,61291
2022-07-31,MR,Mauritania,AFRO,260,62540,2,991,61549
2022-08-07,MR,Mauritania,AFRO,112,62652,1,992,61660
2022-08-14,MR,Mauritania,AFRO,53,62705,0,992,61713
2022-08-21,MR,Mauritania,AFRO,24,62729,0,992,61737
2022-08-28,MR,Mauritania,AFRO,30,62759,0,992,61767
2022-09-04,MR,Mauritania,AFRO,11,62770,1,993,61777
2022-09-11,MR,Mauritania,AFRO,6,62776,0,993,61783
2022-09-18,MR,Mauritania,AFRO,6,62782,1,994,61788
2022-09-25,MR,Mauritania,AFRO,9,62791,0,994,61797
2022-10-02,MR,Mauritania,AFRO,32,62823,1,995,61828
2022-10-09,MR,Mauritania,AFRO,85,62908,0,995,61913
2022-10-16,MR,Mauritania,AFRO,137,63045,0,995,62050
2022-10-23,MR,Mauritania,AFRO,219,63264,2,997,62267
2022-10-30,MR,Mauritania,AFRO,85,63349,0,997,62352
2022-11-06,MR,Mauritania,AFRO,43,63392,0,997,62395
2022-11-13,MR,Mauritania,AFRO,20,63412,0,997,62415
2022-11-20,MR,Mauritania,AFRO,4,63416,0,997,62419
2022-11-27,MR,Mauritania,AFRO,3,63419,0,997,62422
2022-12-04,MR,Mauritania,AFRO,0,63419,0,997,62422
2022-12-11,MR,Mauritania,AFRO,2,63421,0,997,62424
2022-12-18,MR,Mauritania,AFRO,2,63423,0,997,62426
2022-12-25,MR,Mauritania,AFRO,5,63428,0,997,62431
2023-01-01,MR,Mauritania,AFRO,1,63429,0,997,62432
2023-01-08,MR,Mauritania,AFRO,3,63432,0,997,62435
2023-01-15,MR,Mauritania,AFRO,3,63435,0,997,62438
2023-01-22,MR,Mauritania,AFRO,1,63436,0,997,62439
2023-01-29,MR,Mauritania,AFRO,0,63436,0,997,62439
2023-02-05,MR,Mauritania,AFRO,126,63562,0,997,62565
2023-02-12,MR,Mauritania,AFRO,0,63438,0,997,62441
2023-02-19,MR,Mauritania,AFRO,0,63438,0,997,62441
2023-02-26,MR,Mauritania,AFRO,0,63438,0,997,62441
2023-03-05,MR,Mauritania,AFRO,1,63439,0,997,62442
2023-03-12,MR,Mauritania,AFRO,1,63440,0,997,62443
2023-03-19,MR,Mauritania,AFRO,0,63440,0,997,62443
2023-03-26,MR,Mauritania,AFRO,25,63465,0,997,62468
2023-04-02,MR,Mauritania,AFRO,50,63515,0,997,62518
2023-04-09,MR,Mauritania,AFRO,47,63562,0,997,62565
2023-04-16,MR,Mauritania,AFRO,20,63582,0,997,62585
2023-04-23,MR,Mauritania,AFRO,27,63609,0,997,62612
2023-04-30,MR,Mauritania,AFRO,8,63617,0,997,62620
2023-05-07,MR,Mauritania,AFRO,36,63653,0,997,62656
2023-05-14,MR,Mauritania,AFRO,10,63663,0,997,62666
2023-05-21,MR,Mauritania,AFRO,6,63669,0,997,62672
2023-05-28,MR,Mauritania,AFRO,12,63681,0,997,62684
2023-06-04,MR,Mauritania,AFRO,14,63695,0,997,62698
2023-06-11,MR,Mauritania,AFRO,5,63700,0,997,62703
2023-06-18,MR,Mauritania,AFRO,7,63707,0,997,62710
2023-06-25,MR,Mauritania,AFRO,3,63710,0,997,62713
2023-07-02,MR,Mauritania,AFRO,0,63710,0,997,62713
2023-07-09,MR,Mauritania,AFRO,2,63712,0,997,62715
2023-07-16,MR,Mauritania,AFRO,0,63712,0,997,62715
2023-07-23,MR,Mauritania,AFRO,0,63712,0,997,62715
2023-07-30,MR,Mauritania,AFRO,0,63712,0,997,62715
2023-08-06,MR,Mauritania,AFRO,0,63712,0,997,62715
2023-08-13,MR,Mauritania,AFRO,1,63713,0,997,62716
2023-08-20,MR,Mauritania,AFRO,1,63714,0,997,62717
2023-08-27,MR,Mauritania,AFRO,0,63714,0,997,62717
2023-09-03,MR,Mauritania,AFRO,2,63716,0,997,62719
2023-09-10,MR,Mauritania,AFRO,14,63730,0,997,62733
2023-09-17,MR,Mauritania,AFRO,16,63746,0,997,62749
2023-09-24,MR,Mauritania,AFRO,11,63757,0,997,62760
2023-10-01,MR,Mauritania,AFRO,0,63757,0,997,62760
2023-10-08,MR,Mauritania,AFRO,0,63757,0,997,62760
2023-10-15,MR,Mauritania,AFRO,2,63759,0,997,62762
2023-10-22,MR,Mauritania,AFRO,2,63761,0,997,62764
2023-10-29,MR,Mauritania,AFRO,0,63761,0,997,62764
2023-11-05,MR,Mauritania,AFRO,1,63762,0,997,62765
2023-11-12,MR,Mauritania,AFRO,0,63762,0,997,62765
2023-11-19,MR,Mauritania,AFRO,0,63762,0,997,62765
2023-11-26,MR,Mauritania,AFRO,2,63764,0,997,62767
2023-12-03,MR,Mauritania,AFRO,0,63764,0,997,62767
2023-12-10,MR,Mauritania,AFRO,4,63768,0,997,62771
2023-12-17,MR,Mauritania,AFRO,3,63771,0,997,62774
2023-12-24,MR,Mauritania,AFRO,2,63773,0,997,62776
2023-12-31,MR,Mauritania,AFRO,14,63787,0,997,62790
2024-01-07,MR,Mauritania,AFRO,11,63798,0,997,62801
2024-01-14,MR,Mauritania,AFRO,10,63808,0,997,62811
2024-01-21,MR,Mauritania,AFRO,11,63819,0,997,62822
2024-01-28,MR,Mauritania,AFRO,4,63823,0,997,62826
2024-02-04,MR,Mauritania,AFRO,9,63832,0,997,62835
2024-02-11,MR,Mauritania,AFRO,7,63839,0,997,62842
2024-02-18,MR,Mauritania,AFRO,6,63845,0,997,62848
2024-02-25,MR,Mauritania,AFRO,1,63846,0,997,62849
2024-03-03,MR,Mauritania,AFRO,0,63846,0,997,62849
2024-03-10,MR,Mauritania,AFRO,2,63848,0,997,62851
2024-03-17,MR,Mauritania,AFRO,0,63848,0,997,62851
2024-03-24,MR,Mauritania,AFRO,0,63848,0,997,62851
2024-03-31,MR,Mauritania,AFRO,0,63848,0,997,62851
2024-04-07,MR,Mauritania,AFRO,0,63848,0,997,62851
2024-04-14,MR,Mauritania,AFRO,0,63848,0,997,62851
2024-04-21,MR,Mauritania,AFRO,0,63848,0,997,62851
2024-04-28,MR,Mauritania,AFRO,0,63848,0,997,62851
2024-05-05,MR,Mauritania,AFRO,0,63848,0,997,62851
2024-05-12,MR,Mauritania,AFRO,0,63848,0,997,62851
2024-05-19,MR,Mauritania,AFRO,16,63864,0,997,62867
2024-05-26,MR,Mauritania,AFRO,1,63865,0,997,62868
2024-06-02,MR,Mauritania,AFRO,1,63866,0,997,62869
2024-06-09,MR,Mauritania,AFRO,0,63866,0,997,62869
2024-06-16,MR,Mauritania,AFRO,0,63866,0,997,62869
2024-06-23,MR,Mauritania,AFRO,1,63867,0,997,62870
2024-06-30,MR,Mauritania,AFRO,1,63868,0,997,62871
2024-07-07,MR,Mauritania,AFRO,0,63868,0,997,62871
2024-07-14,MR,Mauritania,AFRO,1,63869,0,997,62872
2024-07-21,MR,Mauritania,AFRO,0,63869,0,997,62872
2024-07-28,MR,Mauritania,AFRO,3,63872,0,997,62875
2024-08-04,MR,Mauritania,AFRO,0,63872,0,997,62875
2024-08-11,MR,Mauritania,AFRO,0,63872,0,997,62875
2024-08-18,MR,Mauritania,AFRO,2,63874,0,997,62877
2024-08-25,MR,Mauritania,AFRO,1,63875,0,997,62878
2024-09-01,MR,Mauritania,AFRO,0,63875,0,997,62878
2024-09-08,MR,Mauritania,AFRO,0,63875,0,997,62878
2024-09-15,MR,Mauritania,AFRO,0,63875,0,997,62878
2024-09-22,MR,Mauritania,AFRO,0,63875,0,997,62878
2024-09-29,MR,Mauritania,AFRO,0,63875,0,997,62878
2024-10-06,MR,Mauritania,AFRO,1,63876,0,997,62879
2024-10-13,MR,Mauritania,AFRO,0,63876,0,997,62879
2024-10-20,MR,Mauritania,AFRO,0,63876,0,997,62879
2024-10-27,MR,Mauritania,AFRO,0,63876,0,997,62879
2024-11-03,MR,Mauritania,AFRO,0,63876,0,997,62879
2024-11-10,MR,Mauritania,AFRO,0,63876,0,997,62879
2024-11-17,MR,Mauritania,AFRO,0,63876,0,997,62879
2020-01-05,MU,Mauritius,AFRO,0,0,0,0,0
2020-01-12,MU,Mauritius,AFRO,0,0,0,0,0
2020-01-19,MU,Mauritius,AFRO,0,0,0,0,0
2020-01-26,MU,Mauritius,AFRO,0,0,0,0,0
2020-02-02,MU,Mauritius,AFRO,0,0,0,0,0
2020-02-09,MU,Mauritius,AFRO,0,0,0,0,0
2020-02-16,MU,Mauritius,AFRO,0,0,0,0,0
2020-02-23,MU,Mauritius,AFRO,0,0,0,0,0
2020-03-01,MU,Mauritius,AFRO,0,0,0,0,0
2020-03-08,MU,Mauritius,AFRO,0,0,0,0,0
2020-03-15,MU,Mauritius,AFRO,0,0,0,0,0
2020-03-22,MU,Mauritius,AFRO,14,14,1,1,13
2020-03-29,MU,Mauritius,AFRO,88,102,1,2,100
2020-04-05,MU,Mauritius,AFRO,94,196,5,7,189
2020-04-12,MU,Mauritius,AFRO,123,319,2,9,310
2020-04-19,MU,Mauritius,AFRO,6,325,0,9,316
2020-04-26,MU,Mauritius,AFRO,6,331,0,9,322
2020-05-03,MU,Mauritius,AFRO,1,332,1,10,322
2020-05-10,MU,Mauritius,AFRO,0,332,0,10,322
2020-05-17,MU,Mauritius,AFRO,0,332,0,10,322
2020-05-24,MU,Mauritius,AFRO,0,332,0,10,322
2020-05-31,MU,Mauritius,AFRO,3,335,0,10,325
2020-06-07,MU,Mauritius,AFRO,2,337,0,10,327
2020-06-14,MU,Mauritius,AFRO,0,337,0,10,327
2020-06-21,MU,Mauritius,AFRO,0,337,0,10,327
2020-06-28,MU,Mauritius,AFRO,4,341,0,10,331
2020-07-05,MU,Mauritius,AFRO,0,341,0,10,331
2020-07-12,MU,Mauritius,AFRO,1,342,0,10,332
2020-07-19,MU,Mauritius,AFRO,1,343,0,10,333
2020-07-26,MU,Mauritius,AFRO,1,344,0,10,334
2020-08-02,MU,Mauritius,AFRO,0,344,0,10,334
2020-08-09,MU,Mauritius,AFRO,0,344,0,10,334
2020-08-16,MU,Mauritius,AFRO,2,346,0,10,336
2020-08-23,MU,Mauritius,AFRO,0,346,0,10,336
2020-08-30,MU,Mauritius,AFRO,0,346,0,10,336
2020-09-06,MU,Mauritius,AFRO,10,356,0,10,346
2020-09-13,MU,Mauritius,AFRO,5,361,0,10,351
2020-09-20,MU,Mauritius,AFRO,6,367,0,10,357
2020-09-27,MU,Mauritius,AFRO,0,367,0,10,357
2020-10-04,MU,Mauritius,AFRO,18,385,0,10,375
2020-10-11,MU,Mauritius,AFRO,10,395,0,10,385
2020-10-18,MU,Mauritius,AFRO,12,407,0,10,397
2020-10-25,MU,Mauritius,AFRO,28,435,0,10,425
2020-11-01,MU,Mauritius,AFRO,6,441,0,10,431
2020-11-08,MU,Mauritius,AFRO,14,455,0,10,445
2020-11-15,MU,Mauritius,AFRO,15,470,0,10,460
2020-11-22,MU,Mauritius,AFRO,25,495,0,10,485
2020-11-29,MU,Mauritius,AFRO,8,503,0,10,493
2020-12-06,MU,Mauritius,AFRO,2,505,0,10,495
2020-12-13,MU,Mauritius,AFRO,18,523,0,10,513
2020-12-20,MU,Mauritius,AFRO,1,524,0,10,514
2020-12-27,MU,Mauritius,AFRO,3,527,0,10,517
2021-01-03,MU,Mauritius,AFRO,0,527,0,10,517
2021-01-10,MU,Mauritius,AFRO,12,539,0,10,529
2021-01-17,MU,Mauritius,AFRO,8,547,0,10,537
2021-01-24,MU,Mauritius,AFRO,9,556,0,10,546
2021-01-31,MU,Mauritius,AFRO,12,568,0,10,558
2021-02-07,MU,Mauritius,AFRO,16,584,0,10,574
2021-02-14,MU,Mauritius,AFRO,11,595,0,10,585
2021-02-21,MU,Mauritius,AFRO,8,603,0,10,593
2021-02-28,MU,Mauritius,AFRO,7,610,0,10,600
2021-03-07,MU,Mauritius,AFRO,29,639,0,10,629
2021-03-14,MU,Mauritius,AFRO,52,691,0,10,681
2021-03-21,MU,Mauritius,AFRO,121,812,0,10,802
2021-03-28,MU,Mauritius,AFRO,58,870,0,10,860
2021-04-04,MU,Mauritius,AFRO,242,1112,2,12,1100
2021-04-11,MU,Mauritius,AFRO,64,1176,0,12,1164
2021-04-18,MU,Mauritius,AFRO,27,1203,3,15,1188
2021-04-25,MU,Mauritius,AFRO,3,1206,1,16,1190
2021-05-02,MU,Mauritius,AFRO,35,1241,1,17,1224
2021-05-09,MU,Mauritius,AFRO,5,1246,0,17,1229
2021-05-16,MU,Mauritius,AFRO,42,1288,0,17,1271
2021-05-23,MU,Mauritius,AFRO,34,1322,0,17,1305
2021-05-30,MU,Mauritius,AFRO,71,1393,0,17,1376
2021-06-06,MU,Mauritius,AFRO,65,1458,1,18,1440
2021-06-13,MU,Mauritius,AFRO,251,1709,0,18,1691
2021-06-20,MU,Mauritius,AFRO,64,1773,0,18,1755
2021-06-27,MU,Mauritius,AFRO,107,1880,0,18,1862
2021-07-04,MU,Mauritius,AFRO,104,1984,0,18,1966
2021-07-11,MU,Mauritius,AFRO,147,2131,0,18,2113
2021-07-18,MU,Mauritius,AFRO,404,2535,1,19,2516
2021-07-25,MU,Mauritius,AFRO,1194,3729,0,19,3710
2021-08-01,MU,Mauritius,AFRO,485,4214,1,20,4194
2021-08-08,MU,Mauritius,AFRO,796,5010,0,20,4990
2021-08-15,MU,Mauritius,AFRO,955,5965,1,21,5944
2021-08-22,MU,Mauritius,AFRO,1849,7814,2,23,7791
2021-08-29,MU,Mauritius,AFRO,2382,10196,6,29,10167
2021-09-05,MU,Mauritius,AFRO,1840,12036,5,34,12002
2021-09-12,MU,Mauritius,AFRO,1253,13289,9,43,13246
2021-09-19,MU,Mauritius,AFRO,4012,17301,11,54,17247
2021-09-26,MU,Mauritius,AFRO,4422,21723,25,79,21644
2021-10-03,MU,Mauritius,AFRO,4076,25799,11,90,25709
2021-10-10,MU,Mauritius,AFRO,3364,29163,20,110,29053
2021-10-17,MU,Mauritius,AFRO,3859,33022,24,134,32888
2021-10-24,MU,Mauritius,AFRO,4618,37640,19,153,37487
2021-10-31,MU,Mauritius,AFRO,6128,43768,23,176,43592
2021-11-07,MU,Mauritius,AFRO,7193,50961,37,213,50748
2021-11-14,MU,Mauritius,AFRO,11906,62867,54,267,62600
2021-11-21,MU,Mauritius,AFRO,9474,72341,105,372,71969
2021-11-28,MU,Mauritius,AFRO,7272,79613,96,468,79145
2021-12-05,MU,Mauritius,AFRO,4470,84083,126,594,83489
2021-12-12,MU,Mauritius,AFRO,2950,87033,72,666,86367
2021-12-19,MU,Mauritius,AFRO,1841,88874,80,746,88128
2021-12-26,MU,Mauritius,AFRO,1216,90090,16,762,89328
2022-01-02,MU,Mauritius,AFRO,1387,91477,24,786,90691
2022-01-09,MU,Mauritius,AFRO,1895,93372,12,798,92574
2022-01-16,MU,Mauritius,AFRO,2438,95810,15,813,94997
2022-01-23,MU,Mauritius,AFRO,3165,98975,9,822,98153
2022-01-30,MU,Mauritius,AFRO,5827,104802,0,822,103980
2022-02-06,MU,Mauritius,AFRO,9768,114570,0,822,113748
2022-02-13,MU,Mauritius,AFRO,14875,129445,19,841,128604
2022-02-20,MU,Mauritius,AFRO,19687,149132,37,878,148254
2022-02-27,MU,Mauritius,AFRO,16531,165663,17,895,164768
2022-03-06,MU,Mauritius,AFRO,13983,179646,9,904,178742
2022-03-13,MU,Mauritius,AFRO,11458,191104,30,934,190170
2022-03-20,MU,Mauritius,AFRO,10686,201790,0,934,200856
2022-03-27,MU,Mauritius,AFRO,7759,209549,34,968,208581
2022-04-03,MU,Mauritius,AFRO,4876,214425,0,968,213457
2022-04-10,MU,Mauritius,AFRO,3450,217875,17,985,216890
2022-04-17,MU,Mauritius,AFRO,2239,220114,5,990,219124
2022-04-24,MU,Mauritius,AFRO,1502,221616,0,990,220626
2022-05-01,MU,Mauritius,AFRO,1107,222723,6,996,221727
2022-05-08,MU,Mauritius,AFRO,965,223688,0,996,222692
2022-05-15,MU,Mauritius,AFRO,901,224589,0,996,223593
2022-05-22,MU,Mauritius,AFRO,1133,225722,0,996,224726
2022-05-29,MU,Mauritius,AFRO,1039,226761,0,996,225765
2022-06-05,MU,Mauritius,AFRO,739,227500,2,998,226502
2022-06-12,MU,Mauritius,AFRO,743,228243,2,1000,227243
2022-06-19,MU,Mauritius,AFRO,1066,229309,1,1001,228308
2022-06-26,MU,Mauritius,AFRO,1416,230725,1,1002,229723
2022-07-03,MU,Mauritius,AFRO,2080,232805,4,1006,231799
2022-07-10,MU,Mauritius,AFRO,2745,235550,1,1007,234543
2022-07-17,MU,Mauritius,AFRO,4294,239844,1,1008,238836
2022-07-24,MU,Mauritius,AFRO,4551,244395,0,1008,243387
2022-07-31,MU,Mauritius,AFRO,3932,248327,6,1014,247313
2022-08-07,MU,Mauritius,AFRO,3080,251407,2,1016,250391
2022-08-14,MU,Mauritius,AFRO,2464,253871,4,1020,252851
2022-08-21,MU,Mauritius,AFRO,2314,256185,0,1020,255165
2022-08-28,MU,Mauritius,AFRO,1937,258122,3,1023,257099
2022-09-04,MU,Mauritius,AFRO,1470,259592,0,1023,258569
2022-09-11,MU,Mauritius,AFRO,1234,260826,1,1024,259802
2022-09-18,MU,Mauritius,AFRO,1077,261903,1,1025,260878
2022-09-25,MU,Mauritius,AFRO,680,262583,1,1026,261557
2022-10-02,MU,Mauritius,AFRO,534,263117,1,1027,262090
2022-10-09,MU,Mauritius,AFRO,587,263704,4,1031,262673
2022-10-16,MU,Mauritius,AFRO,680,264384,1,1032,263352
2022-10-23,MU,Mauritius,AFRO,831,265215,0,1032,264183
2022-10-30,MU,Mauritius,AFRO,1120,266335,0,1032,265303
2022-11-06,MU,Mauritius,AFRO,1787,268122,1,1033,267089
2022-11-13,MU,Mauritius,AFRO,3282,271404,0,1033,270371
2022-11-20,MU,Mauritius,AFRO,4504,275908,1,1034,274874
2022-11-27,MU,Mauritius,AFRO,4740,280648,1,1035,279613
2022-12-04,MU,Mauritius,AFRO,3899,284547,2,1037,283510
2022-12-11,MU,Mauritius,AFRO,3183,287730,1,1038,286692
2022-12-18,MU,Mauritius,AFRO,2098,289828,0,1038,288790
2022-12-25,MU,Mauritius,AFRO,1378,291206,1,1039,290167
2023-01-01,MU,Mauritius,AFRO,1090,292296,2,1041,291255
2023-01-08,MU,Mauritius,AFRO,985,293281,1,1042,292239
2023-01-15,MU,Mauritius,AFRO,734,294015,1,1043,292972
2023-01-22,MU,Mauritius,AFRO,539,294554,0,1043,293511
2023-01-29,MU,Mauritius,AFRO,320,294874,0,1043,293831
2023-02-05,MU,Mauritius,AFRO,258,295132,1,1044,294088
2023-02-12,MU,Mauritius,AFRO,271,295403,0,1044,294359
2023-02-19,MU,Mauritius,AFRO,316,295719,0,1044,294675
2023-02-26,MU,Mauritius,AFRO,34,295753,0,1044,294709
2023-03-05,MU,Mauritius,AFRO,575,296328,0,1044,295284
2023-03-12,MU,Mauritius,AFRO,399,296727,0,1044,295683
2023-03-19,MU,Mauritius,AFRO,143,296870,0,1044,295826
2023-03-26,MU,Mauritius,AFRO,392,297262,0,1044,296218
2023-04-02,MU,Mauritius,AFRO,498,297760,0,1044,296716
2023-04-09,MU,Mauritius,AFRO,339,298099,0,1044,297055
2023-04-16,MU,Mauritius,AFRO,715,298814,0,1044,297770
2023-04-23,MU,Mauritius,AFRO,962,299776,0,1044,298732
2023-04-30,MU,Mauritius,AFRO,1320,301096,2,1046,300050
2023-05-07,MU,Mauritius,AFRO,1599,302695,2,1048,301647
2023-05-14,MU,Mauritius,AFRO,1538,304233,2,1050,303183
2023-05-21,MU,Mauritius,AFRO,1230,305463,0,1050,304413
2023-05-28,MU,Mauritius,AFRO,860,306323,0,1050,305273
2023-06-04,MU,Mauritius,AFRO,646,306969,1,1051,305918
2023-06-11,MU,Mauritius,AFRO,516,307485,1,1052,306433
2023-06-18,MU,Mauritius,AFRO,333,307818,0,1052,306766
2023-06-25,MU,Mauritius,AFRO,226,308044,0,1052,306992
2023-07-02,MU,Mauritius,AFRO,165,308209,1,1053,307156
2023-07-09,MU,Mauritius,AFRO,136,308345,0,1053,307292
2023-07-16,MU,Mauritius,AFRO,138,308483,0,1053,307430
2023-07-23,MU,Mauritius,AFRO,146,308629,0,1053,307576
2023-07-30,MU,Mauritius,AFRO,110,308739,0,1053,307686
2023-08-06,MU,Mauritius,AFRO,85,308824,0,1053,307771
2023-08-13,MU,Mauritius,AFRO,644,309468,1,1054,308414
2023-08-20,MU,Mauritius,AFRO,67,309535,0,1054,308481
2023-08-27,MU,Mauritius,AFRO,79,309614,0,1054,308560
2023-09-03,MU,Mauritius,AFRO,63,309677,0,1054,308623
2023-09-10,MU,Mauritius,AFRO,64,309741,0,1054,308687
2023-09-17,MU,Mauritius,AFRO,45,309786,0,1054,308732
2023-09-24,MU,Mauritius,AFRO,44,309830,0,1054,308776
2023-10-01,MU,Mauritius,AFRO,39,309869,0,1054,308815
2023-10-08,MU,Mauritius,AFRO,48,309917,0,1054,308863
2023-10-15,MU,Mauritius,AFRO,66,309983,0,1054,308929
2023-10-22,MU,Mauritius,AFRO,72,310055,0,1054,309001
2023-10-29,MU,Mauritius,AFRO,127,310182,0,1054,309128
2023-11-05,MU,Mauritius,AFRO,158,310340,0,1054,309286
2023-11-12,MU,Mauritius,AFRO,317,310657,1,1055,309602
2023-11-19,MU,Mauritius,AFRO,808,311465,0,1055,310410
2023-11-26,MU,Mauritius,AFRO,1507,312972,1,1056,311916
2023-12-03,MU,Mauritius,AFRO,2128,315100,0,1056,314044
2023-12-10,MU,Mauritius,AFRO,3091,318191,1,1057,317134
2023-12-17,MU,Mauritius,AFRO,3228,321419,1,1058,320361
2023-12-24,MU,Mauritius,AFRO,0,321419,0,1058,320361
2023-12-31,MU,Mauritius,AFRO,2301,323720,2,1060,322660
2024-01-07,MU,Mauritius,AFRO,1649,325369,4,1064,324305
2024-01-14,MU,Mauritius,AFRO,1027,326396,4,1068,325328
2024-01-21,MU,Mauritius,AFRO,346,326742,0,1068,325674
2024-01-28,MU,Mauritius,AFRO,213,326955,1,1069,325886
2024-02-04,MU,Mauritius,AFRO,172,327127,1,1070,326057
2024-02-11,MU,Mauritius,AFRO,129,327256,0,1070,326186
2024-02-18,MU,Mauritius,AFRO,66,327322,0,1070,326252
2024-02-25,MU,Mauritius,AFRO,34,327356,0,1070,326286
2024-03-03,MU,Mauritius,AFRO,24,327380,0,1070,326310
2024-03-10,MU,Mauritius,AFRO,26,327406,0,1070,326336
2024-03-17,MU,Mauritius,AFRO,24,327430,1,1071,326359
2024-03-24,MU,Mauritius,AFRO,24,327454,0,1071,326383
2024-03-31,MU,Mauritius,AFRO,14,327468,0,1071,326397
2024-04-07,MU,Mauritius,AFRO,25,327493,1,1072,326421
2024-04-14,MU,Mauritius,AFRO,26,327519,0,1072,326447
2024-04-21,MU,Mauritius,AFRO,39,327558,0,1072,326486
2024-04-28,MU,Mauritius,AFRO,48,327606,0,1072,326534
2024-05-05,MU,Mauritius,AFRO,57,327663,0,1072,326591
2024-05-12,MU,Mauritius,AFRO,50,327713,0,1072,326641
2024-05-19,MU,Mauritius,AFRO,57,327770,0,1072,326698
2024-05-26,MU,Mauritius,AFRO,54,327824,0,1072,326752
2024-06-02,MU,Mauritius,AFRO,34,327858,0,1072,326786
2024-06-09,MU,Mauritius,AFRO,40,327898,0,1072,326826
2024-06-16,MU,Mauritius,AFRO,30,327928,0,1072,326856
2024-06-23,MU,Mauritius,AFRO,39,327967,0,1072,326895
2024-06-30,MU,Mauritius,AFRO,45,328012,0,1072,326940
2024-07-07,MU,Mauritius,AFRO,40,328052,1,1073,326979
2024-07-14,MU,Mauritius,AFRO,61,328113,0,1073,327040
2024-07-21,MU,Mauritius,AFRO,54,328167,0,1073,327094
2024-07-28,MU,Mauritius,AFRO,55,328222,1,1074,327148
2024-08-04,MU,Mauritius,AFRO,54,328276,0,1074,327202
2024-08-11,MU,Mauritius,AFRO,59,328335,0,1074,327261
2024-08-18,MU,Mauritius,AFRO,75,328410,0,1074,327336
2024-08-25,MU,Mauritius,AFRO,78,328488,0,1074,327414
2024-09-01,MU,Mauritius,AFRO,102,328590,0,1074,327516
2024-09-08,MU,Mauritius,AFRO,81,328671,0,1074,327597
2024-09-15,MU,Mauritius,AFRO,73,328744,0,1074,327670
2024-09-22,MU,Mauritius,AFRO,107,328851,0,1074,327777
2024-09-29,MU,Mauritius,AFRO,84,328935,0,1074,327861
2024-10-06,MU,Mauritius,AFRO,55,328990,0,1074,327916
2024-10-13,MU,Mauritius,AFRO,78,329068,0,1074,327994
2024-10-20,MU,Mauritius,AFRO,53,329121,0,1074,328047
2024-10-27,MU,Mauritius,AFRO,77,329198,0,1074,328124
2024-11-03,MU,Mauritius,AFRO,40,329238,0,1074,328164
2024-11-10,MU,Mauritius,AFRO,0,329238,0,1074,328164
2024-11-17,MU,Mauritius,AFRO,0,329238,0,1074,328164
2020-01-05,MX,Mexico,AMRO,0,0,0,0,0
2020-01-12,MX,Mexico,AMRO,0,0,0,0,0
2020-01-19,MX,Mexico,AMRO,0,0,0,0,0
2020-01-26,MX,Mexico,AMRO,0,0,0,0,0
2020-02-02,MX,Mexico,AMRO,0,0,0,0,0
2020-02-09,MX,Mexico,AMRO,0,0,0,0,0
2020-02-16,MX,Mexico,AMRO,0,0,0,0,0
2020-02-23,MX,Mexico,AMRO,1,1,0,0,1
2020-03-01,MX,Mexico,AMRO,5,6,0,0,6
2020-03-08,MX,Mexico,AMRO,45,51,0,0,51
2020-03-15,MX,Mexico,AMRO,183,234,0,0,234
2020-03-22,MX,Mexico,AMRO,669,903,4,4,899
2020-03-29,MX,Mexico,AMRO,1214,2117,24,28,2089
2020-04-05,MX,Mexico,AMRO,2134,4251,146,174,4077
2020-04-12,MX,Mexico,AMRO,3291,7542,382,556,6986
2020-04-19,MX,Mexico,AMRO,5958,13500,749,1305,12195
2020-04-26,MX,Mexico,AMRO,9264,22764,1453,2758,20006
2020-05-03,MX,Mexico,AMRO,11571,34335,2361,5119,29216
2020-05-10,MX,Mexico,AMRO,15196,49531,2893,8012,41519
2020-05-17,MX,Mexico,AMRO,19538,69069,3414,11426,57643
2020-05-24,MX,Mexico,AMRO,24187,93256,3994,15420,77836
2020-05-31,MX,Mexico,AMRO,26973,120229,4178,19598,100631
2020-06-07,MX,Mexico,AMRO,30556,150785,4512,24110,126675
2020-06-14,MX,Mexico,AMRO,34822,185607,4891,29001,156606
2020-06-21,MX,Mexico,AMRO,37587,223194,4986,33987,189207
2020-06-28,MX,Mexico,AMRO,39306,262500,4569,38556,223944
2020-07-05,MX,Mexico,AMRO,43553,306053,4971,43527,262526
2020-07-12,MX,Mexico,AMRO,44406,350459,5374,48901,301558
2020-07-19,MX,Mexico,AMRO,49775,400234,5534,54435,345799
2020-07-26,MX,Mexico,AMRO,50177,450411,5464,59899,390512
2020-08-02,MX,Mexico,AMRO,45999,496410,5258,65157,431253
2020-08-09,MX,Mexico,AMRO,41814,538224,5027,70184,468040
2020-08-16,MX,Mexico,AMRO,39452,577676,4522,74706,502970
2020-08-23,MX,Mexico,AMRO,37867,615543,4065,78771,536772
2020-08-30,MX,Mexico,AMRO,39230,654773,3731,82502,572271
2020-09-06,MX,Mexico,AMRO,38873,693646,3556,86058,607588
2020-09-13,MX,Mexico,AMRO,35339,728985,3208,89266,639719
2020-09-20,MX,Mexico,AMRO,29659,758644,2955,92221,666423
2020-09-27,MX,Mexico,AMRO,33716,792360,2840,95061,697299
2020-10-04,MX,Mexico,AMRO,32636,824996,2586,97647,727349
2020-10-11,MX,Mexico,AMRO,33071,858067,2488,100135,757932
2020-10-18,MX,Mexico,AMRO,38778,896845,2689,102824,794021
2020-10-25,MX,Mexico,AMRO,44301,941146,3107,105931,835215
2020-11-01,MX,Mexico,AMRO,42679,983825,3336,109267,874558
2020-11-08,MX,Mexico,AMRO,40741,1024566,3482,112749,911817
2020-11-15,MX,Mexico,AMRO,48200,1072766,3561,116310,956456
2020-11-22,MX,Mexico,AMRO,44816,1117582,3709,120019,997563
2020-11-29,MX,Mexico,AMRO,56457,1174039,4060,124079,1049960
2020-12-06,MX,Mexico,AMRO,64076,1238115,4235,128314,1109801
2020-12-13,MX,Mexico,AMRO,73050,1311165,4644,132958,1178207
2020-12-20,MX,Mexico,AMRO,77433,1388598,5157,138115,1250483
2020-12-27,MX,Mexico,AMRO,64816,1453414,5775,143890,1309524
2021-01-03,MX,Mexico,AMRO,72877,1526291,6552,150442,1375849
2021-01-10,MX,Mexico,AMRO,105375,1631666,7632,158074,1473592
2021-01-17,MX,Mexico,AMRO,110588,1742254,8745,166819,1575435
2021-01-24,MX,Mexico,AMRO,104374,1846628,9877,176696,1669932
2021-01-31,MX,Mexico,AMRO,90123,1936751,9495,186191,1750560
2021-02-07,MX,Mexico,AMRO,61598,1998349,8292,194483,1803866
2021-02-14,MX,Mexico,AMRO,53192,2051541,6731,201214,1850327
2021-02-21,MX,Mexico,AMRO,43136,2094677,5321,206535,1888142
2021-02-28,MX,Mexico,AMRO,42204,2136881,4449,210984,1925897
2021-03-07,MX,Mexico,AMRO,40192,2177073,3889,214873,1962200
2021-03-14,MX,Mexico,AMRO,34305,2211378,3411,218284,1993094
2021-03-21,MX,Mexico,AMRO,28302,2239680,2881,221165,2018515
2021-03-28,MX,Mexico,AMRO,28664,2268344,2442,223607,2044737
2021-04-04,MX,Mexico,AMRO,21218,2289562,2273,225880,2063682
2021-04-11,MX,Mexico,AMRO,26011,2315573,2060,227940,2087633
2021-04-18,MX,Mexico,AMRO,23767,2339340,1923,229863,2109477
2021-04-25,MX,Mexico,AMRO,20925,2360265,1611,231474,2128791
2021-05-02,MX,Mexico,AMRO,19142,2379407,1400,232874,2146533
2021-05-09,MX,Mexico,AMRO,16175,2395582,1164,234038,2161544
2021-05-16,MX,Mexico,AMRO,14482,2410064,963,235001,2175063
2021-05-23,MX,Mexico,AMRO,14750,2424814,827,235828,2188986
2021-05-30,MX,Mexico,AMRO,15313,2440127,746,236574,2203553
2021-06-06,MX,Mexico,AMRO,16193,2456320,654,237228,2219092
2021-06-13,MX,Mexico,AMRO,19451,2475771,708,237936,2237835
2021-06-20,MX,Mexico,AMRO,22779,2498550,686,238622,2259928
2021-06-27,MX,Mexico,AMRO,29738,2528288,769,239391,2288897
2021-07-04,MX,Mexico,AMRO,37423,2565711,931,240322,2325389
2021-07-11,MX,Mexico,AMRO,55106,2620817,1114,241436,2379381
2021-07-18,MX,Mexico,AMRO,78515,2699332,1460,242896,2456436
2021-07-25,MX,Mexico,AMRO,102995,2802327,2197,245093,2557234
2021-08-01,MX,Mexico,AMRO,122311,2924638,3135,248228,2676410
2021-08-08,MX,Mexico,AMRO,128282,3052920,4191,252419,2800501
2021-08-15,MX,Mexico,AMRO,135141,3188061,4909,257328,2930733
2021-08-22,MX,Mexico,AMRO,120883,3308944,5528,262856,3046088
2021-08-29,MX,Mexico,AMRO,103015,3411959,5539,268395,3143564
2021-09-05,MX,Mexico,AMRO,87342,3499301,5103,273498,3225803
2021-09-12,MX,Mexico,AMRO,76284,3575585,4561,278059,3297526
2021-09-19,MX,Mexico,AMRO,57961,3633546,3950,282009,3351537
2021-09-26,MX,Mexico,AMRO,58868,3692414,3416,285425,3406989
2021-10-03,MX,Mexico,AMRO,44758,3737172,2863,288288,3448884
2021-10-10,MX,Mexico,AMRO,36194,3773366,2389,290677,3482689
2021-10-17,MX,Mexico,AMRO,31059,3804425,2006,292683,3511742
2021-10-24,MX,Mexico,AMRO,25762,3830187,1633,294316,3535871
2021-10-31,MX,Mexico,AMRO,23445,3853632,1375,295691,3557941
2021-11-07,MX,Mexico,AMRO,18907,3872539,1159,296850,3575689
2021-11-14,MX,Mexico,AMRO,20001,3892540,1012,297862,3594678
2021-11-21,MX,Mexico,AMRO,17228,3909768,965,298827,3610941
2021-11-28,MX,Mexico,AMRO,19349,3929117,927,299754,3629363
2021-12-05,MX,Mexico,AMRO,18247,3947364,940,300694,3646670
2021-12-12,MX,Mexico,AMRO,17484,3964848,903,301597,3663251
2021-12-19,MX,Mexico,AMRO,16128,3980976,848,302445,3678531
2021-12-26,MX,Mexico,AMRO,21003,4001979,810,303255,3698724
2022-01-02,MX,Mexico,AMRO,56920,4058899,770,304025,3754874
2022-01-09,MX,Mexico,AMRO,194803,4253702,909,304934,3948768
2022-01-16,MX,Mexico,AMRO,406782,4660484,1385,306319,4354165
2022-01-23,MX,Mexico,AMRO,406815,5067299,2395,308714,4758585
2022-01-30,MX,Mexico,AMRO,282729,5350028,3603,312317,5037711
2022-02-06,MX,Mexico,AMRO,166547,5516575,3901,316218,5200357
2022-02-13,MX,Mexico,AMRO,86372,5602947,3308,319526,5283421
2022-02-20,MX,Mexico,AMRO,61576,5664523,2385,321911,5342612
2022-02-27,MX,Mexico,AMRO,37281,5701804,1571,323482,5378322
2022-03-06,MX,Mexico,AMRO,21369,5723173,930,324412,5398761
2022-03-13,MX,Mexico,AMRO,14069,5737242,532,324944,5412298
2022-03-20,MX,Mexico,AMRO,10068,5747310,349,325293,5422017
2022-03-27,MX,Mexico,AMRO,6920,5754230,209,325502,5428728
2022-04-03,MX,Mexico,AMRO,6523,5760753,153,325655,5435098
2022-04-10,MX,Mexico,AMRO,4757,5765510,117,325772,5439738
2022-04-17,MX,Mexico,AMRO,3205,5768715,71,325843,5442872
2022-04-24,MX,Mexico,AMRO,3846,5772561,70,325913,5446648
2022-05-01,MX,Mexico,AMRO,3993,5776554,41,325954,5450600
2022-05-08,MX,Mexico,AMRO,4324,5780878,42,325996,5454882
2022-05-15,MX,Mexico,AMRO,5359,5786237,34,326030,5460207
2022-05-22,MX,Mexico,AMRO,7750,5793987,40,326070,5467917
2022-05-29,MX,Mexico,AMRO,12237,5806224,38,326108,5480116
2022-06-05,MX,Mexico,AMRO,19550,5825774,35,326143,5499631
2022-06-12,MX,Mexico,AMRO,34371,5860145,37,326180,5533965
2022-06-19,MX,Mexico,AMRO,55313,5915458,76,326256,5589202
2022-06-26,MX,Mexico,AMRO,97266,6012724,118,326374,5686350
2022-07-03,MX,Mexico,AMRO,152465,6165189,186,326560,5838629
2022-07-10,MX,Mexico,AMRO,200105,6365294,315,326875,6038419
2022-07-17,MX,Mexico,AMRO,213873,6579167,559,327434,6251733
2022-07-24,MX,Mexico,AMRO,179987,6759154,607,328041,6431113
2022-07-31,MX,Mexico,AMRO,122038,6881192,638,328679,6552513
2022-08-07,MX,Mexico,AMRO,80263,6961455,596,329275,6632180
2022-08-14,MX,Mexico,AMRO,53654,7015109,423,329698,6685411
2022-08-21,MX,Mexico,AMRO,33244,7048353,292,329990,6718363
2022-08-28,MX,Mexico,AMRO,22956,7071309,231,330221,6741088
2022-09-04,MX,Mexico,AMRO,16411,7087720,171,330392,6757328
2022-09-11,MX,Mexico,AMRO,12055,7099775,105,330497,6769278
2022-09-18,MX,Mexico,AMRO,7691,7107466,86,330583,6776883
2022-09-25,MX,Mexico,AMRO,7673,7115139,55,330638,6784501
2022-10-02,MX,Mexico,AMRO,5199,7120338,55,330693,6789645
2022-10-09,MX,Mexico,AMRO,3878,7124216,53,330746,6793470
2022-10-16,MX,Mexico,AMRO,2867,7127083,22,330768,6796315
2022-10-23,MX,Mexico,AMRO,2657,7129740,25,330793,6798947
2022-10-30,MX,Mexico,AMRO,2840,7132580,25,330818,6801762
2022-11-06,MX,Mexico,AMRO,2896,7135476,24,330842,6804634
2022-11-13,MX,Mexico,AMRO,4403,7139879,19,330861,6809018
2022-11-20,MX,Mexico,AMRO,5670,7145549,33,330894,6814655
2022-11-27,MX,Mexico,AMRO,7419,7152968,22,330916,6822052
2022-12-04,MX,Mexico,AMRO,12749,7165717,61,330977,6834740
2022-12-11,MX,Mexico,AMRO,19203,7184920,69,331046,6853874
2022-12-18,MX,Mexico,AMRO,26720,7211640,117,331163,6880477
2022-12-25,MX,Mexico,AMRO,33950,7245590,159,331322,6914268
2023-01-01,MX,Mexico,AMRO,30816,7276406,206,331528,6944878
2023-01-08,MX,Mexico,AMRO,31932,7308338,280,331808,6976530
2023-01-15,MX,Mexico,AMRO,29637,7337975,301,332109,7005866
2023-01-22,MX,Mexico,AMRO,25514,7363489,261,332370,7031119
2023-01-29,MX,Mexico,AMRO,23596,7387085,251,332621,7054464
2023-02-05,MX,Mexico,AMRO,20573,7407658,194,332815,7074843
2023-02-12,MX,Mexico,AMRO,18694,7426352,148,332963,7093389
2023-02-19,MX,Mexico,AMRO,19702,7446054,170,333133,7112921
2023-02-26,MX,Mexico,AMRO,20305,7466359,117,333250,7133109
2023-03-05,MX,Mexico,AMRO,19418,7485777,98,333348,7152429
2023-03-12,MX,Mexico,AMRO,20313,7506090,107,333455,7172635
2023-03-19,MX,Mexico,AMRO,19021,7525111,74,333529,7191582
2023-03-26,MX,Mexico,AMRO,15357,7540468,111,333640,7206828
2023-04-02,MX,Mexico,AMRO,15113,7555581,96,333736,7221845
2023-04-09,MX,Mexico,AMRO,8608,7564189,84,333820,7230369
2023-04-16,MX,Mexico,AMRO,9869,7574058,69,333889,7240169
2023-04-23,MX,Mexico,AMRO,9401,7583459,73,333962,7249497
2023-04-30,MX,Mexico,AMRO,9419,7592878,72,334034,7258844
2023-05-07,MX,Mexico,AMRO,8109,7600987,54,334088,7266899
2023-05-14,MX,Mexico,AMRO,7429,7608416,38,334126,7274290
2023-05-21,MX,Mexico,AMRO,0,7608416,0,334126,7274290
2023-05-28,MX,Mexico,AMRO,0,7608416,0,334126,7274290
2023-06-04,MX,Mexico,AMRO,0,7608416,0,334126,7274290
2023-06-11,MX,Mexico,AMRO,0,7608416,0,334126,7274290
2023-06-18,MX,Mexico,AMRO,0,7608416,0,334126,7274290
2023-06-25,MX,Mexico,AMRO,0,7608416,0,334126,7274290
2023-07-02,MX,Mexico,AMRO,0,7608416,0,334126,7274290
2023-07-09,MX,Mexico,AMRO,0,7608416,0,334126,7274290
2023-07-16,MX,Mexico,AMRO,0,7608416,0,334126,7274290
2023-07-23,MX,Mexico,AMRO,0,7608416,0,334126,7274290
2023-07-30,MX,Mexico,AMRO,0,7608416,0,334126,7274290
2023-08-06,MX,Mexico,AMRO,0,7608416,0,334126,7274290
2023-08-13,MX,Mexico,AMRO,0,7608416,0,334126,7274290
2023-08-20,MX,Mexico,AMRO,0,7608416,0,334126,7274290
2023-08-27,MX,Mexico,AMRO,0,7608416,0,334126,7274290
2023-09-03,MX,Mexico,AMRO,0,7608416,0,334126,7274290
2023-09-10,MX,Mexico,AMRO,0,7608416,0,334126,7274290
2023-09-17,MX,Mexico,AMRO,0,7608416,0,334126,7274290
2023-09-24,MX,Mexico,AMRO,0,7608416,0,334126,7274290
2023-10-01,MX,Mexico,AMRO,0,7608416,0,334126,7274290
2023-10-08,MX,Mexico,AMRO,0,7608416,0,334126,7274290
2023-10-15,MX,Mexico,AMRO,0,7608416,0,334126,7274290
2023-10-22,MX,Mexico,AMRO,0,7608416,0,334126,7274290
2023-10-29,MX,Mexico,AMRO,0,7608416,0,334126,7274290
2023-11-05,MX,Mexico,AMRO,0,7608416,0,334126,7274290
2023-11-12,MX,Mexico,AMRO,0,7608416,0,334126,7274290
2023-11-19,MX,Mexico,AMRO,0,7608416,0,334126,7274290
2023-11-26,MX,Mexico,AMRO,0,7608416,0,334126,7274290
2023-12-03,MX,Mexico,AMRO,0,7608416,0,334126,7274290
2023-12-10,MX,Mexico,AMRO,0,7608416,0,334126,7274290
2023-12-17,MX,Mexico,AMRO,0,7608416,0,334126,7274290
2023-12-24,MX,Mexico,AMRO,0,7608416,0,334126,7274290
2023-12-31,MX,Mexico,AMRO,0,7608416,0,334126,7274290
2024-01-07,MX,Mexico,AMRO,206,7608622,5,334131,7274491
2024-01-14,MX,Mexico,AMRO,302,7608924,10,334141,7274783
2024-01-21,MX,Mexico,AMRO,547,7609471,15,334156,7275315
2024-01-28,MX,Mexico,AMRO,623,7610094,23,334179,7275915
2024-02-04,MX,Mexico,AMRO,659,7610753,20,334199,7276554
2024-02-11,MX,Mexico,AMRO,728,7611481,21,334220,7277261
2024-02-18,MX,Mexico,AMRO,670,7612151,23,334243,7277908
2024-02-25,MX,Mexico,AMRO,604,7612755,23,334266,7278489
2024-03-03,MX,Mexico,AMRO,549,7613304,25,334291,7279013
2024-03-10,MX,Mexico,AMRO,387,7613691,38,334329,7279362
2024-03-17,MX,Mexico,AMRO,262,7613953,18,334347,7279606
2024-03-24,MX,Mexico,AMRO,219,7614172,27,334374,7279798
2024-03-31,MX,Mexico,AMRO,144,7614316,13,334387,7279929
2024-04-07,MX,Mexico,AMRO,208,7614524,14,334401,7280123
2024-04-14,MX,Mexico,AMRO,134,7614658,9,334410,7280248
2024-04-21,MX,Mexico,AMRO,140,7614798,10,334420,7280378
2024-04-28,MX,Mexico,AMRO,124,7614922,10,334430,7280492
2024-05-05,MX,Mexico,AMRO,92,7615014,9,334439,7280575
2024-05-12,MX,Mexico,AMRO,108,7615122,7,334446,7280676
2024-05-19,MX,Mexico,AMRO,139,7615261,13,334459,7280802
2024-05-26,MX,Mexico,AMRO,125,7615386,12,334471,7280915
2024-06-02,MX,Mexico,AMRO,123,7615509,9,334480,7281029
2024-06-09,MX,Mexico,AMRO,144,7615653,11,334491,7281162
2024-06-16,MX,Mexico,AMRO,183,7615836,6,334497,7281339
2024-06-23,MX,Mexico,AMRO,195,7616031,13,334510,7281521
2024-06-30,MX,Mexico,AMRO,262,7616293,5,334515,7281778
2024-07-07,MX,Mexico,AMRO,402,7616695,12,334527,7282168
2024-07-14,MX,Mexico,AMRO,541,7617236,13,334540,7282696
2024-07-21,MX,Mexico,AMRO,954,7618190,22,334562,7283628
2024-07-28,MX,Mexico,AMRO,901,7619091,28,334590,7284501
2024-08-04,MX,Mexico,AMRO,684,7619775,34,334624,7285151
2024-08-11,MX,Mexico,AMRO,632,7620407,39,334663,7285744
2024-08-18,MX,Mexico,AMRO,469,7620876,29,334692,7286184
2024-08-25,MX,Mexico,AMRO,330,7621206,31,334723,7286483
2024-09-01,MX,Mexico,AMRO,291,7621497,16,334739,7286758
2024-09-08,MX,Mexico,AMRO,247,7621744,12,334751,7286993
2024-09-15,MX,Mexico,AMRO,158,7621902,11,334762,7287140
2024-09-22,MX,Mexico,AMRO,136,7622038,5,334767,7287271
2024-09-29,MX,Mexico,AMRO,91,7622129,10,334777,7287352
2024-10-06,MX,Mexico,AMRO,89,7622218,5,334782,7287436
2024-10-13,MX,Mexico,AMRO,48,7622266,6,334788,7287478
2024-10-20,MX,Mexico,AMRO,32,7622298,5,334793,7287505
2024-10-27,MX,Mexico,AMRO,27,7622325,4,334797,7287528
2024-11-03,MX,Mexico,AMRO,33,7622358,2,334799,7287559
2024-11-10,MX,Mexico,AMRO,38,7622396,3,334802,7287594
2024-11-17,MX,Mexico,AMRO,15,7622411,0,334802,7287609
2020-01-05,FM,Micronesia (Federated States of),WPRO,0,0,0,0,0
2020-01-12,FM,Micronesia (Federated States of),WPRO,0,0,0,0,0
2020-01-19,FM,Micronesia (Federated States of),WPRO,0,0,0,0,0
2020-01-26,FM,Micronesia (Federated States of),WPRO,0,0,0,0,0
2020-02-02,FM,Micronesia (Federated States of),WPRO,0,0,0,0,0
2020-02-09,FM,Micronesia (Federated States of),WPRO,0,0,0,0,0
2020-02-16,FM,Micronesia (Federated States of),WPRO,0,0,0,0,0
2020-02-23,FM,Micronesia (Federated States of),WPRO,0,0,0,0,0
2020-03-01,FM,Micronesia (Federated States of),WPRO,0,0,0,0,0
2020-03-08,FM,Micronesia (Federated States of),WPRO,0,0,0,0,0
2020-03-15,FM,Micronesia (Federated States of),WPRO,0,0,0,0,0
2020-03-22,FM,Micronesia (Federated States of),WPRO,0,0,0,0,0
2020-03-29,FM,Micronesia (Federated States of),WPRO,0,0,0,0,0
2020-04-05,FM,Micronesia (Federated States of),WPRO,0,0,0,0,0
2020-04-12,FM,Micronesia (Federated States of),WPRO,0,0,0,0,0
2020-04-19,FM,Micronesia (Federated States of),WPRO,0,0,0,0,0
2020-04-26,FM,Micronesia (Federated States of),WPRO,0,0,0,0,0
2020-05-03,FM,Micronesia (Federated States of),WPRO,0,0,0,0,0
2020-05-10,FM,Micronesia (Federated States of),WPRO,0,0,0,0,0
2020-05-17,FM,Micronesia (Federated States of),WPRO,0,0,0,0,0
2020-05-24,FM,Micronesia (Federated States of),WPRO,0,0,0,0,0
2020-05-31,FM,Micronesia (Federated States of),WPRO,0,0,0,0,0
2020-06-07,FM,Micronesia (Federated States of),WPRO,0,0,0,0,0
2020-06-14,FM,Micronesia (Federated States of),WPRO,0,0,0,0,0
2020-06-21,FM,Micronesia (Federated States of),WPRO,0,0,0,0,0
2020-06-28,FM,Micronesia (Federated States of),WPRO,0,0,0,0,0
2020-07-05,FM,Micronesia (Federated States of),WPRO,0,0,0,0,0
2020-07-12,FM,Micronesia (Federated States of),WPRO,0,0,0,0,0
2020-07-19,FM,Micronesia (Federated States of),WPRO,0,0,0,0,0
2020-07-26,FM,Micronesia (Federated States of),WPRO,0,0,0,0,0
2020-08-02,FM,Micronesia (Federated States of),WPRO,0,0,0,0,0
2020-08-09,FM,Micronesia (Federated States of),WPRO,0,0,0,0,0
2020-08-16,FM,Micronesia (Federated States of),WPRO,0,0,0,0,0
2020-08-23,FM,Micronesia (Federated States of),WPRO,0,0,0,0,0
2020-08-30,FM,Micronesia (Federated States of),WPRO,0,0,0,0,0
2020-09-06,FM,Micronesia (Federated States of),WPRO,0,0,0,0,0
2020-09-13,FM,Micronesia (Federated States of),WPRO,0,0,0,0,0
2020-09-20,FM,Micronesia (Federated States of),WPRO,0,0,0,0,0
2020-09-27,FM,Micronesia (Federated States of),WPRO,0,0,0,0,0
2020-10-04,FM,Micronesia (Federated States of),WPRO,0,0,0,0,0
2020-10-11,FM,Micronesia (Federated States of),WPRO,0,0,0,0,0
2020-10-18,FM,Micronesia (Federated States of),WPRO,0,0,0,0,0
2020-10-25,FM,Micronesia (Federated States of),WPRO,0,0,0,0,0
2020-11-01,FM,Micronesia (Federated States of),WPRO,0,0,0,0,0
2020-11-08,FM,Micronesia (Federated States of),WPRO,0,0,0,0,0
2020-11-15,FM,Micronesia (Federated States of),WPRO,0,0,0,0,0
2020-11-22,FM,Micronesia (Federated States of),WPRO,0,0,0,0,0
2020-11-29,FM,Micronesia (Federated States of),WPRO,0,0,0,0,0
2020-12-06,FM,Micronesia (Federated States of),WPRO,0,0,0,0,0
2020-12-13,FM,Micronesia (Federated States of),WPRO,0,0,0,0,0
2020-12-20,FM,Micronesia (Federated States of),WPRO,0,0,0,0,0
2020-12-27,FM,Micronesia (Federated States of),WPRO,0,0,0,0,0
2021-01-03,FM,Micronesia (Federated States of),WPRO,0,0,0,0,0
2021-01-10,FM,Micronesia (Federated States of),WPRO,0,0,0,0,0
2021-01-17,FM,Micronesia (Federated States of),WPRO,0,0,0,0,0
2021-01-24,FM,Micronesia (Federated States of),WPRO,0,0,0,0,0
2021-01-31,FM,Micronesia (Federated States of),WPRO,0,0,0,0,0
2021-02-07,FM,Micronesia (Federated States of),WPRO,0,0,0,0,0
2021-02-14,FM,Micronesia (Federated States of),WPRO,0,0,0,0,0
2021-02-21,FM,Micronesia (Federated States of),WPRO,0,0,0,0,0
2021-02-28,FM,Micronesia (Federated States of),WPRO,0,0,0,0,0
2021-03-07,FM,Micronesia (Federated States of),WPRO,0,0,0,0,0
2021-03-14,FM,Micronesia (Federated States of),WPRO,0,0,0,0,0
2021-03-21,FM,Micronesia (Federated States of),WPRO,0,0,0,0,0
2021-03-28,FM,Micronesia (Federated States of),WPRO,0,0,0,0,0
2021-04-04,FM,Micronesia (Federated States of),WPRO,0,0,0,0,0
2021-04-11,FM,Micronesia (Federated States of),WPRO,0,0,0,0,0
2021-04-18,FM,Micronesia (Federated States of),WPRO,0,0,0,0,0
2021-04-25,FM,Micronesia (Federated States of),WPRO,0,0,0,0,0
2021-05-02,FM,Micronesia (Federated States of),WPRO,0,0,0,0,0
2021-05-09,FM,Micronesia (Federated States of),WPRO,0,0,0,0,0
2021-05-16,FM,Micronesia (Federated States of),WPRO,0,0,0,0,0
2021-05-23,FM,Micronesia (Federated States of),WPRO,0,0,0,0,0
2021-05-30,FM,Micronesia (Federated States of),WPRO,0,0,0,0,0
2021-06-06,FM,Micronesia (Federated States of),WPRO,0,0,0,0,0
2021-06-13,FM,Micronesia (Federated States of),WPRO,0,0,0,0,0
2021-06-20,FM,Micronesia (Federated States of),WPRO,0,0,0,0,0
2021-06-27,FM,Micronesia (Federated States of),WPRO,0,0,0,0,0
2021-07-04,FM,Micronesia (Federated States of),WPRO,0,0,0,0,0
2021-07-11,FM,Micronesia (Federated States of),WPRO,0,0,0,0,0
2021-07-18,FM,Micronesia (Federated States of),WPRO,0,0,0,0,0
2021-07-25,FM,Micronesia (Federated States of),WPRO,0,0,0,0,0
2021-08-01,FM,Micronesia (Federated States of),WPRO,0,0,0,0,0
2021-08-08,FM,Micronesia (Federated States of),WPRO,0,0,0,0,0
2021-08-15,FM,Micronesia (Federated States of),WPRO,0,0,0,0,0
2021-08-22,FM,Micronesia (Federated States of),WPRO,0,0,0,0,0
2021-08-29,FM,Micronesia (Federated States of),WPRO,0,0,0,0,0
2021-09-05,FM,Micronesia (Federated States of),WPRO,0,0,0,0,0
2021-09-12,FM,Micronesia (Federated States of),WPRO,0,0,0,0,0
2021-09-19,FM,Micronesia (Federated States of),WPRO,0,0,0,0,0
2021-09-26,FM,Micronesia (Federated States of),WPRO,0,0,0,0,0
2021-10-03,FM,Micronesia (Federated States of),WPRO,0,0,0,0,0
2021-10-10,FM,Micronesia (Federated States of),WPRO,0,0,0,0,0
2021-10-17,FM,Micronesia (Federated States of),WPRO,0,0,0,0,0
2021-10-24,FM,Micronesia (Federated States of),WPRO,0,0,0,0,0
2021-10-31,FM,Micronesia (Federated States of),WPRO,0,0,0,0,0
2021-11-07,FM,Micronesia (Federated States of),WPRO,0,0,0,0,0
2021-11-14,FM,Micronesia (Federated States of),WPRO,0,0,0,0,0
2021-11-21,FM,Micronesia (Federated States of),WPRO,0,0,0,0,0
2021-11-28,FM,Micronesia (Federated States of),WPRO,0,0,0,0,0
2021-12-05,FM,Micronesia (Federated States of),WPRO,0,0,0,0,0
2021-12-12,FM,Micronesia (Federated States of),WPRO,0,0,0,0,0
2021-12-19,FM,Micronesia (Federated States of),WPRO,0,0,0,0,0
2021-12-26,FM,Micronesia (Federated States of),WPRO,0,0,0,0,0
2022-01-02,FM,Micronesia (Federated States of),WPRO,0,0,0,0,0
2022-01-09,FM,Micronesia (Federated States of),WPRO,0,0,0,0,0
2022-01-16,FM,Micronesia (Federated States of),WPRO,0,0,0,0,0
2022-01-23,FM,Micronesia (Federated States of),WPRO,0,0,0,0,0
2022-01-30,FM,Micronesia (Federated States of),WPRO,0,0,0,0,0
2022-02-06,FM,Micronesia (Federated States of),WPRO,0,0,0,0,0
2022-02-13,FM,Micronesia (Federated States of),WPRO,0,0,0,0,0
2022-02-20,FM,Micronesia (Federated States of),WPRO,0,0,0,0,0
2022-02-27,FM,Micronesia (Federated States of),WPRO,0,0,0,0,0
2022-03-06,FM,Micronesia (Federated States of),WPRO,0,0,0,0,0
2022-03-13,FM,Micronesia (Federated States of),WPRO,0,0,0,0,0
2022-03-20,FM,Micronesia (Federated States of),WPRO,0,0,0,0,0
2022-03-27,FM,Micronesia (Federated States of),WPRO,0,0,0,0,0
2022-04-03,FM,Micronesia (Federated States of),WPRO,0,0,0,0,0
2022-04-10,FM,Micronesia (Federated States of),WPRO,0,0,0,0,0
2022-04-17,FM,Micronesia (Federated States of),WPRO,0,0,0,0,0
2022-04-24,FM,Micronesia (Federated States of),WPRO,2,2,0,0,2
2022-05-01,FM,Micronesia (Federated States of),WPRO,5,7,0,0,7
2022-05-08,FM,Micronesia (Federated States of),WPRO,0,7,0,0,7
2022-05-15,FM,Micronesia (Federated States of),WPRO,0,7,0,0,7
2022-05-22,FM,Micronesia (Federated States of),WPRO,23,30,0,0,30
2022-05-29,FM,Micronesia (Federated States of),WPRO,0,30,0,0,30
2022-06-05,FM,Micronesia (Federated States of),WPRO,8,38,0,0,38
2022-06-12,FM,Micronesia (Federated States of),WPRO,0,38,0,0,38
2022-06-19,FM,Micronesia (Federated States of),WPRO,0,38,0,0,38
2022-06-26,FM,Micronesia (Federated States of),WPRO,0,38,0,0,38
2022-07-03,FM,Micronesia (Federated States of),WPRO,0,38,0,0,38
2022-07-10,FM,Micronesia (Federated States of),WPRO,0,38,0,0,38
2022-07-17,FM,Micronesia (Federated States of),WPRO,0,38,0,0,38
2022-07-24,FM,Micronesia (Federated States of),WPRO,111,149,1,1,148
2022-07-31,FM,Micronesia (Federated States of),WPRO,5109,5258,9,10,5248
2022-08-07,FM,Micronesia (Federated States of),WPRO,1176,6434,6,16,6418
2022-08-14,FM,Micronesia (Federated States of),WPRO,447,6881,5,21,6860
2022-08-21,FM,Micronesia (Federated States of),WPRO,0,6881,0,21,6860
2022-08-28,FM,Micronesia (Federated States of),WPRO,182,7063,5,26,7037
2022-09-04,FM,Micronesia (Federated States of),WPRO,1486,8549,1,27,8522
2022-09-11,FM,Micronesia (Federated States of),WPRO,827,9376,2,29,9347
2022-09-18,FM,Micronesia (Federated States of),WPRO,660,10036,2,31,10005
2022-09-25,FM,Micronesia (Federated States of),WPRO,47,10083,0,31,10052
2022-10-02,FM,Micronesia (Federated States of),WPRO,4383,14466,2,33,14433
2022-10-09,FM,Micronesia (Federated States of),WPRO,6367,20833,18,51,20782
2022-10-16,FM,Micronesia (Federated States of),WPRO,982,21815,4,55,21760
2022-10-23,FM,Micronesia (Federated States of),WPRO,217,22032,0,55,21977
2022-10-30,FM,Micronesia (Federated States of),WPRO,0,22032,0,55,21977
2022-11-06,FM,Micronesia (Federated States of),WPRO,0,22032,0,55,21977
2022-11-13,FM,Micronesia (Federated States of),WPRO,0,22032,0,55,21977
2022-11-20,FM,Micronesia (Federated States of),WPRO,2,22034,3,58,21976
2022-11-27,FM,Micronesia (Federated States of),WPRO,2,22036,0,58,21978
2022-12-04,FM,Micronesia (Federated States of),WPRO,0,22036,0,58,21978
2022-12-11,FM,Micronesia (Federated States of),WPRO,0,22036,0,58,21978
2022-12-18,FM,Micronesia (Federated States of),WPRO,12,22048,0,58,21990
2022-12-25,FM,Micronesia (Federated States of),WPRO,21,22069,0,58,22011
2023-01-01,FM,Micronesia (Federated States of),WPRO,165,22234,0,58,22176
2023-01-08,FM,Micronesia (Federated States of),WPRO,13,22247,0,58,22189
2023-01-15,FM,Micronesia (Federated States of),WPRO,1219,23466,0,58,23408
2023-01-22,FM,Micronesia (Federated States of),WPRO,0,23466,0,58,23408
2023-01-29,FM,Micronesia (Federated States of),WPRO,205,23671,0,58,23613
2023-02-05,FM,Micronesia (Federated States of),WPRO,0,23671,2,60,23611
2023-02-12,FM,Micronesia (Federated States of),WPRO,277,23948,1,61,23887
2023-02-19,FM,Micronesia (Federated States of),WPRO,0,23948,0,61,23887
2023-02-26,FM,Micronesia (Federated States of),WPRO,0,23948,0,61,23887
2023-03-05,FM,Micronesia (Federated States of),WPRO,247,24195,2,63,24132
2023-03-12,FM,Micronesia (Federated States of),WPRO,0,24195,0,63,24132
2023-03-19,FM,Micronesia (Federated States of),WPRO,1066,25261,0,63,25198
2023-03-26,FM,Micronesia (Federated States of),WPRO,442,25703,0,63,25640
2023-04-02,FM,Micronesia (Federated States of),WPRO,0,25703,0,63,25640
2023-04-09,FM,Micronesia (Federated States of),WPRO,226,25929,0,63,25866
2023-04-16,FM,Micronesia (Federated States of),WPRO,115,26044,1,64,25980
2023-04-23,FM,Micronesia (Federated States of),WPRO,36,26080,0,64,26016
2023-04-30,FM,Micronesia (Federated States of),WPRO,0,26080,0,64,26016
2023-05-07,FM,Micronesia (Federated States of),WPRO,373,26453,0,64,26389
2023-05-14,FM,Micronesia (Federated States of),WPRO,0,26453,1,65,26388
2023-05-21,FM,Micronesia (Federated States of),WPRO,5,26458,0,65,26393
2023-05-28,FM,Micronesia (Federated States of),WPRO,0,26458,0,65,26393
2023-06-04,FM,Micronesia (Federated States of),WPRO,0,26458,0,65,26393
2023-06-11,FM,Micronesia (Federated States of),WPRO,1,26459,0,65,26394
2023-06-18,FM,Micronesia (Federated States of),WPRO,0,26459,0,65,26394
2023-06-25,FM,Micronesia (Federated States of),WPRO,0,26459,0,65,26394
2023-07-02,FM,Micronesia (Federated States of),WPRO,1,26460,0,65,26395
2023-07-09,FM,Micronesia (Federated States of),WPRO,2,26462,0,65,26397
2023-07-16,FM,Micronesia (Federated States of),WPRO,4,26466,0,65,26401
2023-07-23,FM,Micronesia (Federated States of),WPRO,6,26472,0,65,26407
2023-07-30,FM,Micronesia (Federated States of),WPRO,0,26472,0,65,26407
2023-08-06,FM,Micronesia (Federated States of),WPRO,0,26472,0,65,26407
2023-08-13,FM,Micronesia (Federated States of),WPRO,69,26541,0,65,26476
2023-08-20,FM,Micronesia (Federated States of),WPRO,0,26541,0,65,26476
2023-08-27,FM,Micronesia (Federated States of),WPRO,0,26541,0,65,26476
2023-09-03,FM,Micronesia (Federated States of),WPRO,0,26541,0,65,26476
2023-09-10,FM,Micronesia (Federated States of),WPRO,5,26546,0,65,26481
2023-09-17,FM,Micronesia (Federated States of),WPRO,1,26547,0,65,26482
2023-09-24,FM,Micronesia (Federated States of),WPRO,0,26547,0,65,26482
2023-10-01,FM,Micronesia (Federated States of),WPRO,0,26547,0,65,26482
2023-10-08,FM,Micronesia (Federated States of),WPRO,0,26547,0,65,26482
2023-10-15,FM,Micronesia (Federated States of),WPRO,0,26547,0,65,26482
2023-10-22,FM,Micronesia (Federated States of),WPRO,0,26547,0,65,26482
2023-10-29,FM,Micronesia (Federated States of),WPRO,0,26547,0,65,26482
2023-11-05,FM,Micronesia (Federated States of),WPRO,0,26547,0,65,26482
2023-11-12,FM,Micronesia (Federated States of),WPRO,0,26547,0,65,26482
2023-11-19,FM,Micronesia (Federated States of),WPRO,0,26547,0,65,26482
2023-11-26,FM,Micronesia (Federated States of),WPRO,0,26547,0,65,26482
2023-12-03,FM,Micronesia (Federated States of),WPRO,0,26547,0,65,26482
2023-12-10,FM,Micronesia (Federated States of),WPRO,0,26547,0,65,26482
2023-12-17,FM,Micronesia (Federated States of),WPRO,0,26547,0,65,26482
2023-12-24,FM,Micronesia (Federated States of),WPRO,0,26547,0,65,26482
2023-12-31,FM,Micronesia (Federated States of),WPRO,0,26547,0,65,26482
2024-01-07,FM,Micronesia (Federated States of),WPRO,0,26547,0,65,26482
2024-01-14,FM,Micronesia (Federated States of),WPRO,0,26547,0,65,26482
2024-01-21,FM,Micronesia (Federated States of),WPRO,0,26547,0,65,26482
2024-01-28,FM,Micronesia (Federated States of),WPRO,0,26547,0,65,26482
2024-02-04,FM,Micronesia (Federated States of),WPRO,0,26547,0,65,26482
2024-02-11,FM,Micronesia (Federated States of),WPRO,0,26547,0,65,26482
2024-02-18,FM,Micronesia (Federated States of),WPRO,0,26547,0,65,26482
2024-02-25,FM,Micronesia (Federated States of),WPRO,0,26547,0,65,26482
2024-03-03,FM,Micronesia (Federated States of),WPRO,0,26547,0,65,26482
2024-03-10,FM,Micronesia (Federated States of),WPRO,0,26547,0,65,26482
2024-03-17,FM,Micronesia (Federated States of),WPRO,0,26547,0,65,26482
2024-03-24,FM,Micronesia (Federated States of),WPRO,0,26547,0,65,26482
2024-03-31,FM,Micronesia (Federated States of),WPRO,0,26547,0,65,26482
2024-04-07,FM,Micronesia (Federated States of),WPRO,0,26547,0,65,26482
2024-04-14,FM,Micronesia (Federated States of),WPRO,0,26547,0,65,26482
2024-04-21,FM,Micronesia (Federated States of),WPRO,0,26547,0,65,26482
2024-04-28,FM,Micronesia (Federated States of),WPRO,0,26547,0,65,26482
2024-05-05,FM,Micronesia (Federated States of),WPRO,0,26547,0,65,26482
2024-05-12,FM,Micronesia (Federated States of),WPRO,0,26547,0,65,26482
2024-05-19,FM,Micronesia (Federated States of),WPRO,0,26547,0,65,26482
2024-05-26,FM,Micronesia (Federated States of),WPRO,0,26547,0,65,26482
2024-06-02,FM,Micronesia (Federated States of),WPRO,0,26460,0,65,26395
2024-06-09,FM,Micronesia (Federated States of),WPRO,0,26460,0,65,26395
2024-06-16,FM,Micronesia (Federated States of),WPRO,0,26460,0,65,26395
2024-06-23,FM,Micronesia (Federated States of),WPRO,0,26460,0,65,26395
2024-06-30,FM,Micronesia (Federated States of),WPRO,0,26460,0,65,26395
2024-07-07,FM,Micronesia (Federated States of),WPRO,5305,31765,-3,62,31703
2024-07-14,FM,Micronesia (Federated States of),WPRO,0,31765,0,62,31703
2024-07-21,FM,Micronesia (Federated States of),WPRO,0,31765,0,62,31703
2024-07-28,FM,Micronesia (Federated States of),WPRO,0,31765,0,62,31703
2024-08-04,FM,Micronesia (Federated States of),WPRO,0,31765,0,62,31703
2024-08-11,FM,Micronesia (Federated States of),WPRO,0,31765,0,62,31703
2024-08-18,FM,Micronesia (Federated States of),WPRO,0,31765,0,62,31703
2024-08-25,FM,Micronesia (Federated States of),WPRO,0,31765,0,62,31703
2024-09-01,FM,Micronesia (Federated States of),WPRO,0,31765,0,62,31703
2024-09-08,FM,Micronesia (Federated States of),WPRO,0,31765,0,62,31703
2024-09-15,FM,Micronesia (Federated States of),WPRO,0,31765,0,62,31703
2024-09-22,FM,Micronesia (Federated States of),WPRO,0,31765,0,62,31703
2024-09-29,FM,Micronesia (Federated States of),WPRO,0,31765,0,62,31703
2024-10-06,FM,Micronesia (Federated States of),WPRO,0,31765,0,62,31703
2024-10-13,FM,Micronesia (Federated States of),WPRO,0,31765,0,62,31703
2024-10-20,FM,Micronesia (Federated States of),WPRO,0,31765,0,62,31703
2024-10-27,FM,Micronesia (Federated States of),WPRO,0,31765,0,62,31703
2024-11-03,FM,Micronesia (Federated States of),WPRO,0,31765,0,62,31703
2024-11-10,FM,Micronesia (Federated States of),WPRO,0,31765,0,62,31703
2024-11-17,FM,Micronesia (Federated States of),WPRO,0,31765,0,62,31703
2020-01-05,MC,Monaco,EURO,0,0,0,0,0
2020-01-12,MC,Monaco,EURO,1,1,0,0,1
2020-01-19,MC,Monaco,EURO,0,1,0,0,1
2020-01-26,MC,Monaco,EURO,0,1,0,0,1
2020-02-02,MC,Monaco,EURO,0,1,0,0,1
2020-02-09,MC,Monaco,EURO,0,1,0,0,1
2020-02-16,MC,Monaco,EURO,0,1,0,0,1
2020-02-23,MC,Monaco,EURO,0,1,0,0,1
2020-03-01,MC,Monaco,EURO,1,2,0,0,2
2020-03-08,MC,Monaco,EURO,0,2,0,0,2
2020-03-15,MC,Monaco,EURO,5,7,0,0,7
2020-03-22,MC,Monaco,EURO,5,12,0,0,12
2020-03-29,MC,Monaco,EURO,15,27,0,0,27
2020-04-05,MC,Monaco,EURO,14,41,0,0,41
2020-04-12,MC,Monaco,EURO,12,53,1,1,52
2020-04-19,MC,Monaco,EURO,1,54,0,1,53
2020-04-26,MC,Monaco,EURO,2,56,0,1,55
2020-05-03,MC,Monaco,EURO,0,56,0,1,55
2020-05-10,MC,Monaco,EURO,0,56,0,1,55
2020-05-17,MC,Monaco,EURO,1,57,0,1,56
2020-05-24,MC,Monaco,EURO,2,59,0,1,58
2020-05-31,MC,Monaco,EURO,0,59,0,1,58
2020-06-07,MC,Monaco,EURO,0,59,0,1,58
2020-06-14,MC,Monaco,EURO,0,59,0,1,58
2020-06-21,MC,Monaco,EURO,0,59,0,1,58
2020-06-28,MC,Monaco,EURO,2,61,0,1,60
2020-07-05,MC,Monaco,EURO,5,66,0,1,65
2020-07-12,MC,Monaco,EURO,2,68,0,1,67
2020-07-19,MC,Monaco,EURO,0,68,0,1,67
2020-07-26,MC,Monaco,EURO,3,71,0,1,70
2020-08-02,MC,Monaco,EURO,3,74,0,1,73
2020-08-09,MC,Monaco,EURO,3,77,0,1,76
2020-08-16,MC,Monaco,EURO,6,83,0,1,82
2020-08-23,MC,Monaco,EURO,18,101,0,1,100
2020-08-30,MC,Monaco,EURO,22,123,0,1,122
2020-09-06,MC,Monaco,EURO,24,147,0,1,146
2020-09-13,MC,Monaco,EURO,13,160,0,1,159
2020-09-20,MC,Monaco,EURO,14,174,0,1,173
2020-09-27,MC,Monaco,EURO,8,182,1,2,180
2020-10-04,MC,Monaco,EURO,9,191,0,2,189
2020-10-11,MC,Monaco,EURO,14,205,0,2,203
2020-10-18,MC,Monaco,EURO,22,227,0,2,225
2020-10-25,MC,Monaco,EURO,32,259,0,2,257
2020-11-01,MC,Monaco,EURO,55,314,0,2,312
2020-11-08,MC,Monaco,EURO,55,369,0,2,367
2020-11-15,MC,Monaco,EURO,54,423,0,2,421
2020-11-22,MC,Monaco,EURO,28,451,1,3,448
2020-11-29,MC,Monaco,EURO,18,469,0,3,466
2020-12-06,MC,Monaco,EURO,20,489,0,3,486
2020-12-13,MC,Monaco,EURO,31,520,0,3,517
2020-12-20,MC,Monaco,EURO,64,584,0,3,581
2020-12-27,MC,Monaco,EURO,61,645,0,3,642
2021-01-03,MC,Monaco,EURO,119,764,1,4,760
2021-01-10,MC,Monaco,EURO,124,888,1,5,883
2021-01-17,MC,Monaco,EURO,141,1029,3,8,1021
2021-01-24,MC,Monaco,EURO,154,1183,1,9,1174
2021-01-31,MC,Monaco,EURO,127,1310,3,12,1298
2021-02-07,MC,Monaco,EURO,159,1469,8,20,1449
2021-02-14,MC,Monaco,EURO,113,1582,1,21,1561
2021-02-21,MC,Monaco,EURO,110,1692,1,22,1670
2021-02-28,MC,Monaco,EURO,82,1774,2,24,1750
2021-03-07,MC,Monaco,EURO,72,1846,2,26,1820
2021-03-14,MC,Monaco,EURO,83,1929,1,27,1902
2021-03-21,MC,Monaco,EURO,66,1995,0,27,1968
2021-03-28,MC,Monaco,EURO,83,2078,1,28,2050
2021-04-04,MC,Monaco,EURO,66,2144,1,29,2115
2021-04-11,MC,Monaco,EURO,42,2186,2,31,2155
2021-04-18,MC,Monaco,EURO,24,2210,0,31,2179
2021-04-25,MC,Monaco,EURO,35,2245,0,31,2214
2021-05-02,MC,Monaco,EURO,32,2277,1,32,2245
2021-05-09,MC,Monaco,EURO,27,2304,0,32,2272
2021-05-16,MC,Monaco,EURO,14,2318,0,32,2286
2021-05-23,MC,Monaco,EURO,8,2326,0,32,2294
2021-05-30,MC,Monaco,EURO,3,2329,0,32,2297
2021-06-06,MC,Monaco,EURO,4,2333,1,33,2300
2021-06-13,MC,Monaco,EURO,17,2350,0,33,2317
2021-06-20,MC,Monaco,EURO,18,2368,0,33,2335
2021-06-27,MC,Monaco,EURO,18,2386,0,33,2353
2021-07-04,MC,Monaco,EURO,17,2403,0,33,2370
2021-07-11,MC,Monaco,EURO,43,2446,0,33,2413
2021-07-18,MC,Monaco,EURO,62,2508,0,33,2475
2021-07-25,MC,Monaco,EURO,120,2628,0,33,2595
2021-08-01,MC,Monaco,EURO,105,2733,0,33,2700
2021-08-08,MC,Monaco,EURO,109,2842,0,33,2809
2021-08-15,MC,Monaco,EURO,75,2917,2,35,2882
2021-08-22,MC,Monaco,EURO,84,3001,0,35,2966
2021-08-29,MC,Monaco,EURO,48,3049,0,35,3014
2021-09-05,MC,Monaco,EURO,51,3100,0,35,3065
2021-09-12,MC,Monaco,EURO,32,3132,0,35,3097
2021-09-19,MC,Monaco,EURO,15,3147,0,35,3112
2021-09-26,MC,Monaco,EURO,13,3160,0,35,3125
2021-10-03,MC,Monaco,EURO,12,3172,0,35,3137
2021-10-10,MC,Monaco,EURO,16,3188,0,35,3153
2021-10-17,MC,Monaco,EURO,23,3211,0,35,3176
2021-10-24,MC,Monaco,EURO,32,3243,0,35,3208
2021-10-31,MC,Monaco,EURO,25,3268,1,36,3232
2021-11-07,MC,Monaco,EURO,20,3288,0,36,3252
2021-11-14,MC,Monaco,EURO,37,3325,0,36,3289
2021-11-21,MC,Monaco,EURO,67,3392,0,36,3356
2021-11-28,MC,Monaco,EURO,156,3548,0,36,3512
2021-12-05,MC,Monaco,EURO,156,3704,0,36,3668
2021-12-12,MC,Monaco,EURO,196,3900,0,36,3864
2021-12-19,MC,Monaco,EURO,328,4228,0,36,4192
2021-12-26,MC,Monaco,EURO,377,4605,2,38,4567
2022-01-02,MC,Monaco,EURO,523,5128,1,39,5089
2022-01-09,MC,Monaco,EURO,943,6071,3,42,6029
2022-01-16,MC,Monaco,EURO,913,6984,2,44,6940
2022-01-23,MC,Monaco,EURO,949,7933,1,45,7888
2022-01-30,MC,Monaco,EURO,696,8629,1,46,8583
2022-02-06,MC,Monaco,EURO,467,9096,2,48,9048
2022-02-13,MC,Monaco,EURO,249,9345,2,50,9295
2022-02-20,MC,Monaco,EURO,171,9516,1,51,9465
2022-02-27,MC,Monaco,EURO,201,9717,0,51,9666
2022-03-06,MC,Monaco,EURO,178,9895,0,51,9844
2022-03-13,MC,Monaco,EURO,265,10160,1,52,10108
2022-03-20,MC,Monaco,EURO,374,10534,2,54,10480
2022-03-27,MC,Monaco,EURO,421,10955,0,54,10901
2022-04-03,MC,Monaco,EURO,334,11289,0,54,11235
2022-04-10,MC,Monaco,EURO,334,11623,1,55,11568
2022-04-17,MC,Monaco,EURO,274,11897,1,56,11841
2022-04-24,MC,Monaco,EURO,203,12100,1,57,12043
2022-05-01,MC,Monaco,EURO,172,12272,0,57,12215
2022-05-08,MC,Monaco,EURO,156,12428,0,57,12371
2022-05-15,MC,Monaco,EURO,90,12518,0,57,12461
2022-05-22,MC,Monaco,EURO,86,12604,0,57,12547
2022-05-29,MC,Monaco,EURO,62,12666,0,57,12609
2022-06-05,MC,Monaco,EURO,144,12810,0,57,12753
2022-06-12,MC,Monaco,EURO,191,13001,0,57,12944
2022-06-19,MC,Monaco,EURO,161,13162,0,57,13105
2022-06-26,MC,Monaco,EURO,207,13369,0,57,13312
2022-07-03,MC,Monaco,EURO,334,13703,2,59,13644
2022-07-10,MC,Monaco,EURO,354,14057,1,60,13997
2022-07-17,MC,Monaco,EURO,291,14348,1,61,14287
2022-07-24,MC,Monaco,EURO,168,14516,0,61,14455
2022-07-31,MC,Monaco,EURO,111,14627,0,61,14566
2022-08-07,MC,Monaco,EURO,93,14720,0,61,14659
2022-08-14,MC,Monaco,EURO,98,14818,0,61,14757
2022-08-21,MC,Monaco,EURO,36,14854,0,61,14793
2022-08-28,MC,Monaco,EURO,41,14895,0,61,14834
2022-09-04,MC,Monaco,EURO,36,14931,0,61,14870
2022-09-11,MC,Monaco,EURO,33,14964,2,63,14901
2022-09-18,MC,Monaco,EURO,66,15030,0,63,14967
2022-09-25,MC,Monaco,EURO,56,15086,0,63,15023
2022-10-02,MC,Monaco,EURO,86,15172,0,63,15109
2022-10-09,MC,Monaco,EURO,87,15259,0,63,15196
2022-10-16,MC,Monaco,EURO,81,15340,0,63,15277
2022-10-23,MC,Monaco,EURO,80,15420,1,64,15356
2022-10-30,MC,Monaco,EURO,67,15487,1,65,15422
2022-11-06,MC,Monaco,EURO,63,15550,0,65,15485
2022-11-13,MC,Monaco,EURO,94,15644,0,65,15579
2022-11-20,MC,Monaco,EURO,93,15737,0,65,15672
2022-11-27,MC,Monaco,EURO,152,15889,0,65,15824
2022-12-04,MC,Monaco,EURO,209,16098,0,65,16033
2022-12-11,MC,Monaco,EURO,175,16273,0,65,16208
2022-12-18,MC,Monaco,EURO,100,16373,0,65,16308
2022-12-25,MC,Monaco,EURO,66,16439,0,65,16374
2023-01-01,MC,Monaco,EURO,37,16476,0,65,16411
2023-01-08,MC,Monaco,EURO,47,16523,0,65,16458
2023-01-15,MC,Monaco,EURO,23,16546,0,65,16481
2023-01-22,MC,Monaco,EURO,18,16564,0,65,16499
2023-01-29,MC,Monaco,EURO,13,16577,0,65,16512
2023-02-05,MC,Monaco,EURO,31,16608,2,67,16541
2023-02-12,MC,Monaco,EURO,14,16622,0,67,16555
2023-02-19,MC,Monaco,EURO,7,16629,0,67,16562
2023-02-26,MC,Monaco,EURO,5,16634,0,67,16567
2023-03-05,MC,Monaco,EURO,6,16640,0,67,16573
2023-03-12,MC,Monaco,EURO,7,16647,0,67,16580
2023-03-19,MC,Monaco,EURO,24,16671,0,67,16604
2023-03-26,MC,Monaco,EURO,15,16686,0,67,16619
2023-04-02,MC,Monaco,EURO,19,16705,0,67,16638
2023-04-09,MC,Monaco,EURO,19,16724,0,67,16657
2023-04-16,MC,Monaco,EURO,15,16739,0,67,16672
2023-04-23,MC,Monaco,EURO,11,16750,0,67,16683
2023-04-30,MC,Monaco,EURO,5,16755,0,67,16688
2023-05-07,MC,Monaco,EURO,8,16763,0,67,16696
2023-05-14,MC,Monaco,EURO,12,16775,0,67,16708
2023-05-21,MC,Monaco,EURO,9,16784,0,67,16717
2023-05-28,MC,Monaco,EURO,9,16793,0,67,16726
2023-06-04,MC,Monaco,EURO,5,16798,0,67,16731
2023-06-11,MC,Monaco,EURO,16,16814,0,67,16747
2023-06-18,MC,Monaco,EURO,3,16817,0,67,16750
2023-06-25,MC,Monaco,EURO,9,16826,0,67,16759
2023-07-02,MC,Monaco,EURO,12,16838,0,67,16771
2023-07-09,MC,Monaco,EURO,2,16840,0,67,16773
2023-07-16,MC,Monaco,EURO,2,16842,0,67,16775
2023-07-23,MC,Monaco,EURO,6,16848,0,67,16781
2023-07-30,MC,Monaco,EURO,4,16852,0,67,16785
2023-08-06,MC,Monaco,EURO,6,16858,0,67,16791
2023-08-13,MC,Monaco,EURO,13,16871,0,67,16804
2023-08-20,MC,Monaco,EURO,10,16881,0,67,16814
2023-08-27,MC,Monaco,EURO,20,16901,0,67,16834
2023-09-03,MC,Monaco,EURO,17,16918,0,67,16851
2023-09-10,MC,Monaco,EURO,13,16931,0,67,16864
2023-09-17,MC,Monaco,EURO,13,16944,0,67,16877
2023-09-24,MC,Monaco,EURO,31,16975,0,67,16908
2023-10-01,MC,Monaco,EURO,26,17001,0,67,16934
2023-10-08,MC,Monaco,EURO,26,17027,0,67,16960
2023-10-15,MC,Monaco,EURO,22,17049,0,67,16982
2023-10-22,MC,Monaco,EURO,23,17072,0,67,17005
2023-10-29,MC,Monaco,EURO,18,17090,0,67,17023
2023-11-05,MC,Monaco,EURO,19,17109,0,67,17042
2023-11-12,MC,Monaco,EURO,11,17120,0,67,17053
2023-11-19,MC,Monaco,EURO,46,17166,0,67,17099
2023-11-26,MC,Monaco,EURO,15,17181,0,67,17114
2023-12-03,MC,Monaco,EURO,0,17181,0,67,17114
2023-12-10,MC,Monaco,EURO,0,17181,0,67,17114
2023-12-17,MC,Monaco,EURO,0,17181,0,67,17114
2023-12-24,MC,Monaco,EURO,0,17181,0,67,17114
2023-12-31,MC,Monaco,EURO,0,17181,0,67,17114
2024-01-07,MC,Monaco,EURO,0,17181,0,67,17114
2024-01-14,MC,Monaco,EURO,0,17181,0,67,17114
2024-01-21,MC,Monaco,EURO,0,17181,0,67,17114
2024-01-28,MC,Monaco,EURO,0,17181,0,67,17114
2024-02-04,MC,Monaco,EURO,0,17181,0,67,17114
2024-02-11,MC,Monaco,EURO,0,17181,0,67,17114
2024-02-18,MC,Monaco,EURO,0,17181,0,67,17114
2024-02-25,MC,Monaco,EURO,0,17181,0,67,17114
2024-03-03,MC,Monaco,EURO,0,17181,0,67,17114
2024-03-10,MC,Monaco,EURO,0,17181,0,67,17114
2024-03-17,MC,Monaco,EURO,0,17181,0,67,17114
2024-03-24,MC,Monaco,EURO,0,17181,0,67,17114
2024-03-31,MC,Monaco,EURO,0,17181,0,67,17114
2024-04-07,MC,Monaco,EURO,0,17181,0,67,17114
2024-04-14,MC,Monaco,EURO,0,17181,0,67,17114
2024-04-21,MC,Monaco,EURO,0,17181,0,67,17114
2024-04-28,MC,Monaco,EURO,0,17181,0,67,17114
2024-05-05,MC,Monaco,EURO,0,17181,0,67,17114
2024-05-12,MC,Monaco,EURO,0,17181,0,67,17114
2024-05-19,MC,Monaco,EURO,0,17181,0,67,17114
2024-05-26,MC,Monaco,EURO,0,17181,0,67,17114
2024-06-02,MC,Monaco,EURO,0,17181,0,67,17114
2024-06-09,MC,Monaco,EURO,0,17181,0,67,17114
2024-06-16,MC,Monaco,EURO,0,17181,0,67,17114
2024-06-23,MC,Monaco,EURO,0,17181,0,67,17114
2024-06-30,MC,Monaco,EURO,0,17181,0,67,17114
2024-07-07,MC,Monaco,EURO,0,17181,0,67,17114
2024-07-14,MC,Monaco,EURO,0,17181,0,67,17114
2024-07-21,MC,Monaco,EURO,0,17181,0,67,17114
2024-07-28,MC,Monaco,EURO,0,17181,0,67,17114
2024-08-04,MC,Monaco,EURO,0,17181,0,67,17114
2024-08-11,MC,Monaco,EURO,0,17181,0,67,17114
2024-08-18,MC,Monaco,EURO,0,17181,0,67,17114
2024-08-25,MC,Monaco,EURO,0,17181,0,67,17114
2024-09-01,MC,Monaco,EURO,0,17181,0,67,17114
2024-09-08,MC,Monaco,EURO,0,17181,0,67,17114
2024-09-15,MC,Monaco,EURO,0,17181,0,67,17114
2024-09-22,MC,Monaco,EURO,0,17181,0,67,17114
2024-09-29,MC,Monaco,EURO,0,17181,0,67,17114
2024-10-06,MC,Monaco,EURO,0,17181,0,67,17114
2024-10-13,MC,Monaco,EURO,0,17181,0,67,17114
2024-10-20,MC,Monaco,EURO,0,17181,0,67,17114
2024-10-27,MC,Monaco,EURO,0,17181,0,67,17114
2024-11-03,MC,Monaco,EURO,0,17181,0,67,17114
2024-11-10,MC,Monaco,EURO,0,17181,0,67,17114
2024-11-17,MC,Monaco,EURO,0,17181,0,67,17114
2020-01-05,MN,Mongolia,WPRO,0,0,0,0,0
2020-01-12,MN,Mongolia,WPRO,0,0,0,0,0
2020-01-19,MN,Mongolia,WPRO,0,0,0,0,0
2020-01-26,MN,Mongolia,WPRO,0,0,0,0,0
2020-02-02,MN,Mongolia,WPRO,0,0,0,0,0
2020-02-09,MN,Mongolia,WPRO,0,0,0,0,0
2020-02-16,MN,Mongolia,WPRO,0,0,0,0,0
2020-02-23,MN,Mongolia,WPRO,0,0,0,0,0
2020-03-01,MN,Mongolia,WPRO,0,0,0,0,0
2020-03-08,MN,Mongolia,WPRO,0,0,0,0,0
2020-03-15,MN,Mongolia,WPRO,1,1,0,0,1
2020-03-22,MN,Mongolia,WPRO,9,10,0,0,10
2020-03-29,MN,Mongolia,WPRO,2,12,0,0,12
2020-04-05,MN,Mongolia,WPRO,2,14,0,0,14
2020-04-12,MN,Mongolia,WPRO,2,16,0,0,16
2020-04-19,MN,Mongolia,WPRO,16,32,0,0,32
2020-04-26,MN,Mongolia,WPRO,6,38,0,0,38
2020-05-03,MN,Mongolia,WPRO,1,39,0,0,39
2020-05-10,MN,Mongolia,WPRO,3,42,0,0,42
2020-05-17,MN,Mongolia,WPRO,94,136,0,0,136
2020-05-24,MN,Mongolia,WPRO,5,141,0,0,141
2020-05-31,MN,Mongolia,WPRO,38,179,0,0,179
2020-06-07,MN,Mongolia,WPRO,14,193,0,0,193
2020-06-14,MN,Mongolia,WPRO,4,197,0,0,197
2020-06-21,MN,Mongolia,WPRO,7,204,0,0,204
2020-06-28,MN,Mongolia,WPRO,15,219,0,0,219
2020-07-05,MN,Mongolia,WPRO,1,220,0,0,220
2020-07-12,MN,Mongolia,WPRO,10,230,0,0,230
2020-07-19,MN,Mongolia,WPRO,57,287,0,0,287
2020-07-26,MN,Mongolia,WPRO,1,288,0,0,288
2020-08-02,MN,Mongolia,WPRO,5,293,0,0,293
2020-08-09,MN,Mongolia,WPRO,0,293,0,0,293
2020-08-16,MN,Mongolia,WPRO,5,298,0,0,298
2020-08-23,MN,Mongolia,WPRO,0,298,0,0,298
2020-08-30,MN,Mongolia,WPRO,3,301,0,0,301
2020-09-06,MN,Mongolia,WPRO,9,310,0,0,310
2020-09-13,MN,Mongolia,WPRO,1,311,0,0,311
2020-09-20,MN,Mongolia,WPRO,0,311,0,0,311
2020-09-27,MN,Mongolia,WPRO,2,313,0,0,313
2020-10-04,MN,Mongolia,WPRO,0,313,0,0,313
2020-10-11,MN,Mongolia,WPRO,2,315,0,0,315
2020-10-18,MN,Mongolia,WPRO,5,320,0,0,320
2020-10-25,MN,Mongolia,WPRO,17,337,0,0,337
2020-11-01,MN,Mongolia,WPRO,9,346,0,0,346
2020-11-08,MN,Mongolia,WPRO,11,357,0,0,357
2020-11-15,MN,Mongolia,WPRO,59,416,0,0,416
2020-11-22,MN,Mongolia,WPRO,213,629,0,0,629
2020-11-29,MN,Mongolia,WPRO,155,784,0,0,784
2020-12-06,MN,Mongolia,WPRO,65,849,0,0,849
2020-12-13,MN,Mongolia,WPRO,58,907,0,0,907
2020-12-20,MN,Mongolia,WPRO,54,961,1,1,960
2020-12-27,MN,Mongolia,WPRO,160,1121,0,1,1120
2021-01-03,MN,Mongolia,WPRO,165,1286,0,1,1285
2021-01-10,MN,Mongolia,WPRO,156,1442,0,1,1441
2021-01-17,MN,Mongolia,WPRO,84,1526,0,1,1525
2021-01-24,MN,Mongolia,WPRO,117,1643,1,2,1641
2021-01-31,MN,Mongolia,WPRO,171,1814,0,2,1812
2021-02-07,MN,Mongolia,WPRO,259,2073,0,2,2071
2021-02-14,MN,Mongolia,WPRO,310,2383,0,2,2381
2021-02-21,MN,Mongolia,WPRO,310,2693,0,2,2691
2021-02-28,MN,Mongolia,WPRO,259,2952,0,2,2950
2021-03-07,MN,Mongolia,WPRO,384,3336,1,3,3333
2021-03-14,MN,Mongolia,WPRO,747,4083,1,4,4079
2021-03-21,MN,Mongolia,WPRO,1103,5186,1,5,5181
2021-03-28,MN,Mongolia,WPRO,2403,7589,1,6,7583
2021-04-04,MN,Mongolia,WPRO,3231,10820,6,12,10808
2021-04-11,MN,Mongolia,WPRO,4898,15718,11,23,15695
2021-04-18,MN,Mongolia,WPRO,7166,22884,26,49,22835
2021-04-25,MN,Mongolia,WPRO,8455,31339,34,83,31256
2021-05-02,MN,Mongolia,WPRO,8042,39381,48,131,39250
2021-05-09,MN,Mongolia,WPRO,6078,45459,34,165,45294
2021-05-16,MN,Mongolia,WPRO,3716,49175,37,202,48973
2021-05-23,MN,Mongolia,WPRO,3925,53100,21,223,52877
2021-05-30,MN,Mongolia,WPRO,5339,58439,30,253,58186
2021-06-06,MN,Mongolia,WPRO,8004,66443,35,288,66155
2021-06-13,MN,Mongolia,WPRO,11904,78347,57,345,78002
2021-06-20,MN,Mongolia,WPRO,17472,95819,74,419,95400
2021-06-27,MN,Mongolia,WPRO,15686,111505,60,479,111026
2021-07-04,MN,Mongolia,WPRO,15306,126811,69,548,126263
2021-07-11,MN,Mongolia,WPRO,12473,139284,57,605,138679
2021-07-18,MN,Mongolia,WPRO,10449,149733,32,637,149096
2021-07-25,MN,Mongolia,WPRO,8241,157974,51,688,157286
2021-08-01,MN,Mongolia,WPRO,9255,167229,34,722,166507
2021-08-08,MN,Mongolia,WPRO,8331,175560,31,753,174807
2021-08-15,MN,Mongolia,WPRO,8092,183652,23,776,182876
2021-08-22,MN,Mongolia,WPRO,11593,195245,26,802,194443
2021-08-29,MN,Mongolia,WPRO,16030,211275,33,835,210440
2021-09-05,MN,Mongolia,WPRO,24999,236274,50,885,235389
2021-09-12,MN,Mongolia,WPRO,32709,268983,88,973,268010
2021-09-19,MN,Mongolia,WPRO,38895,307878,73,1046,306832
2021-09-26,MN,Mongolia,WPRO,50789,358667,106,1152,357515
2021-10-03,MN,Mongolia,WPRO,46698,405365,122,1274,404091
2021-10-10,MN,Mongolia,WPRO,46988,452353,103,1377,450976
2021-10-17,MN,Mongolia,WPRO,46550,498903,106,1483,497420
2021-10-24,MN,Mongolia,WPRO,40294,539197,110,1593,537604
2021-10-31,MN,Mongolia,WPRO,53797,592994,79,1672,591322
2021-11-07,MN,Mongolia,WPRO,27029,620023,72,1744,618279
2021-11-14,MN,Mongolia,WPRO,18494,638517,71,1815,636702
2021-11-21,MN,Mongolia,WPRO,16310,654827,60,1875,652952
2021-11-28,MN,Mongolia,WPRO,12534,667361,47,1922,665439
2021-12-05,MN,Mongolia,WPRO,9498,676859,22,1944,674915
2021-12-12,MN,Mongolia,WPRO,5868,682727,19,1963,680764
2021-12-19,MN,Mongolia,WPRO,4705,687432,9,1972,685460
2021-12-26,MN,Mongolia,WPRO,3518,690950,9,1981,688969
2022-01-02,MN,Mongolia,WPRO,2899,693849,6,1987,691862
2022-01-09,MN,Mongolia,WPRO,12137,705986,14,2001,703985
2022-01-16,MN,Mongolia,WPRO,35696,741682,12,2013,739669
2022-01-23,MN,Mongolia,WPRO,53226,794908,8,2021,792887
2022-01-30,MN,Mongolia,WPRO,46940,841848,15,2036,839812
2022-02-06,MN,Mongolia,WPRO,19128,860976,19,2055,858921
2022-02-13,MN,Mongolia,WPRO,26778,887754,19,2074,885680
2022-02-20,MN,Mongolia,WPRO,11952,899706,13,2087,897619
2022-02-27,MN,Mongolia,WPRO,8451,908157,9,2096,906061
2022-03-06,MN,Mongolia,WPRO,5098,913255,8,2104,911151
2022-03-13,MN,Mongolia,WPRO,2556,915811,1,2105,913706
2022-03-20,MN,Mongolia,WPRO,1402,917213,3,2108,915105
2022-03-27,MN,Mongolia,WPRO,1691,918904,0,2108,916796
2022-04-03,MN,Mongolia,WPRO,640,919544,0,2108,917436
2022-04-10,MN,Mongolia,WPRO,460,920004,0,2108,917896
2022-04-17,MN,Mongolia,WPRO,202,920206,0,2108,918098
2022-04-24,MN,Mongolia,WPRO,230,920436,0,2108,918328
2022-05-01,MN,Mongolia,WPRO,989,921425,2,2110,919315
2022-05-08,MN,Mongolia,WPRO,802,922227,1,2111,920116
2022-05-15,MN,Mongolia,WPRO,0,922227,2,2113,920114
2022-05-22,MN,Mongolia,WPRO,1808,924035,1,2114,921921
2022-05-29,MN,Mongolia,WPRO,1038,925073,1,2115,922958
2022-06-05,MN,Mongolia,WPRO,2199,927272,1,2116,925156
2022-06-12,MN,Mongolia,WPRO,741,928013,0,2116,925897
2022-06-19,MN,Mongolia,WPRO,573,928586,0,2116,926470
2022-06-26,MN,Mongolia,WPRO,0,928586,0,2116,926470
2022-07-03,MN,Mongolia,WPRO,395,928981,2,2118,926863
2022-07-10,MN,Mongolia,WPRO,672,929653,1,2119,927534
2022-07-17,MN,Mongolia,WPRO,1024,930677,0,2119,928558
2022-07-24,MN,Mongolia,WPRO,7066,937743,0,2119,935624
2022-07-31,MN,Mongolia,WPRO,9279,947022,0,2119,944903
2022-08-07,MN,Mongolia,WPRO,13970,960992,4,2123,958869
2022-08-14,MN,Mongolia,WPRO,5431,966423,0,2123,964300
2022-08-21,MN,Mongolia,WPRO,7810,974233,2,2125,972108
2022-08-28,MN,Mongolia,WPRO,3023,977256,3,2128,975128
2022-09-04,MN,Mongolia,WPRO,2388,979644,1,2129,977515
2022-09-11,MN,Mongolia,WPRO,1506,981150,1,2130,979020
2022-09-18,MN,Mongolia,WPRO,1157,982307,1,2131,980176
2022-09-25,MN,Mongolia,WPRO,393,982700,0,2131,980569
2022-10-02,MN,Mongolia,WPRO,304,983004,0,2131,980873
2022-10-09,MN,Mongolia,WPRO,606,983610,0,2131,981479
2022-10-16,MN,Mongolia,WPRO,378,983988,0,2131,981857
2022-10-23,MN,Mongolia,WPRO,343,984331,0,2131,982200
2022-10-30,MN,Mongolia,WPRO,492,984823,0,2131,982692
2022-11-06,MN,Mongolia,WPRO,829,985652,0,2131,983521
2022-11-13,MN,Mongolia,WPRO,1588,987240,1,2132,985108
2022-11-20,MN,Mongolia,WPRO,2473,989713,2,2134,987579
2022-11-27,MN,Mongolia,WPRO,2388,992101,0,2134,989967
2022-12-04,MN,Mongolia,WPRO,1271,993372,1,2135,991237
2022-12-11,MN,Mongolia,WPRO,707,994079,0,2135,991944
2022-12-18,MN,Mongolia,WPRO,12991,1007070,0,2135,1004935
2022-12-25,MN,Mongolia,WPRO,244,1007314,1,2136,1005178
2023-01-01,MN,Mongolia,WPRO,108,1007422,0,2136,1005286
2023-01-08,MN,Mongolia,WPRO,343,1007765,0,2136,1005629
2023-01-15,MN,Mongolia,WPRO,61,1007826,0,2136,1005690
2023-01-22,MN,Mongolia,WPRO,31,1007857,0,2136,1005721
2023-01-29,MN,Mongolia,WPRO,12,1007869,0,2136,1005733
2023-02-05,MN,Mongolia,WPRO,7,1007876,0,2136,1005740
2023-02-12,MN,Mongolia,WPRO,18,1007894,0,2136,1005758
2023-02-19,MN,Mongolia,WPRO,1,1007895,0,2136,1005759
2023-02-26,MN,Mongolia,WPRO,2,1007897,0,2136,1005761
2023-03-05,MN,Mongolia,WPRO,3,1007900,0,2136,1005764
2023-03-12,MN,Mongolia,WPRO,5,1007905,0,2136,1005769
2023-03-19,MN,Mongolia,WPRO,2,1007907,0,2136,1005771
2023-03-26,MN,Mongolia,WPRO,4,1007911,0,2136,1005775
2023-04-02,MN,Mongolia,WPRO,9,1007920,0,2136,1005784
2023-04-09,MN,Mongolia,WPRO,0,1007920,0,2136,1005784
2023-04-16,MN,Mongolia,WPRO,23,1007943,0,2136,1005807
2023-04-23,MN,Mongolia,WPRO,27,1007970,0,2136,1005834
2023-04-30,MN,Mongolia,WPRO,29,1007999,0,2136,1005863
2023-05-07,MN,Mongolia,WPRO,39,1008038,0,2136,1005902
2023-05-14,MN,Mongolia,WPRO,227,1008265,0,2136,1006129
2023-05-21,MN,Mongolia,WPRO,390,1008655,0,2136,1006519
2023-05-28,MN,Mongolia,WPRO,671,1009326,0,2136,1007190
2023-06-04,MN,Mongolia,WPRO,708,1010034,0,2136,1007898
2023-06-11,MN,Mongolia,WPRO,369,1010403,0,2136,1008267
2023-06-18,MN,Mongolia,WPRO,277,1010680,0,2136,1008544
2023-06-25,MN,Mongolia,WPRO,116,1010796,0,2136,1008660
2023-07-02,MN,Mongolia,WPRO,54,1010850,0,2136,1008714
2023-07-09,MN,Mongolia,WPRO,29,1010879,0,2136,1008743
2023-07-16,MN,Mongolia,WPRO,6,1010885,0,2136,1008749
2023-07-23,MN,Mongolia,WPRO,6,1010891,0,2136,1008755
2023-07-30,MN,Mongolia,WPRO,7,1010898,0,2136,1008762
2023-08-06,MN,Mongolia,WPRO,9,1010907,0,2136,1008771
2023-08-13,MN,Mongolia,WPRO,8,1010915,0,2136,1008779
2023-08-20,MN,Mongolia,WPRO,4,1010919,0,2136,1008783
2023-08-27,MN,Mongolia,WPRO,9,1010928,0,2136,1008792
2023-09-03,MN,Mongolia,WPRO,11,1010939,0,2136,1008803
2023-09-10,MN,Mongolia,WPRO,16,1010955,0,2136,1008819
2023-09-17,MN,Mongolia,WPRO,34,1010989,0,2136,1008853
2023-09-24,MN,Mongolia,WPRO,41,1011030,0,2136,1008894
2023-10-01,MN,Mongolia,WPRO,30,1011060,0,2136,1008924
2023-10-08,MN,Mongolia,WPRO,24,1011084,0,2136,1008948
2023-10-15,MN,Mongolia,WPRO,18,1011102,0,2136,1008966
2023-10-22,MN,Mongolia,WPRO,18,1011120,0,2136,1008984
2023-10-29,MN,Mongolia,WPRO,18,1011138,0,2136,1009002
2023-11-05,MN,Mongolia,WPRO,21,1011159,0,2136,1009023
2023-11-12,MN,Mongolia,WPRO,16,1011175,0,2136,1009039
2023-11-19,MN,Mongolia,WPRO,19,1011194,0,2136,1009058
2023-11-26,MN,Mongolia,WPRO,17,1011211,0,2136,1009075
2023-12-03,MN,Mongolia,WPRO,22,1011233,0,2136,1009097
2023-12-10,MN,Mongolia,WPRO,34,1011267,0,2136,1009131
2023-12-17,MN,Mongolia,WPRO,35,1011302,0,2136,1009166
2023-12-24,MN,Mongolia,WPRO,19,1011321,0,2136,1009185
2023-12-31,MN,Mongolia,WPRO,13,1011334,0,2136,1009198
2024-01-07,MN,Mongolia,WPRO,11,1011345,0,2136,1009209
2024-01-14,MN,Mongolia,WPRO,12,1011357,0,2136,1009221
2024-01-21,MN,Mongolia,WPRO,8,1011365,0,2136,1009229
2024-01-28,MN,Mongolia,WPRO,2,1011367,0,2136,1009231
2024-02-04,MN,Mongolia,WPRO,3,1011370,0,2136,1009234
2024-02-11,MN,Mongolia,WPRO,3,1011373,0,2136,1009237
2024-02-18,MN,Mongolia,WPRO,11,1011384,0,2136,1009248
2024-02-25,MN,Mongolia,WPRO,9,1011393,0,2136,1009257
2024-03-03,MN,Mongolia,WPRO,11,1011404,0,2136,1009268
2024-03-10,MN,Mongolia,WPRO,6,1011410,0,2136,1009274
2024-03-17,MN,Mongolia,WPRO,7,1011417,0,2136,1009281
2024-03-24,MN,Mongolia,WPRO,4,1011421,0,2136,1009285
2024-03-31,MN,Mongolia,WPRO,10,1011431,0,2136,1009295
2024-04-07,MN,Mongolia,WPRO,9,1011440,0,2136,1009304
2024-04-14,MN,Mongolia,WPRO,8,1011448,0,2136,1009312
2024-04-21,MN,Mongolia,WPRO,7,1011455,0,2136,1009319
2024-04-28,MN,Mongolia,WPRO,8,1011463,0,2136,1009327
2024-05-05,MN,Mongolia,WPRO,6,1011469,0,2136,1009333
2024-05-12,MN,Mongolia,WPRO,6,1011475,0,2136,1009339
2024-05-19,MN,Mongolia,WPRO,3,1011478,0,2136,1009342
2024-05-26,MN,Mongolia,WPRO,3,1011481,0,2136,1009345
2024-06-02,MN,Mongolia,WPRO,3,1011484,0,2136,1009348
2024-06-09,MN,Mongolia,WPRO,5,1011489,0,2136,1009353
2024-06-16,MN,Mongolia,WPRO,0,1011489,0,2136,1009353
2024-06-23,MN,Mongolia,WPRO,0,1011489,0,2136,1009353
2024-06-30,MN,Mongolia,WPRO,0,1011489,0,2136,1009353
2024-07-07,MN,Mongolia,WPRO,0,1011489,0,2136,1009353
2024-07-14,MN,Mongolia,WPRO,0,1011489,0,2136,1009353
2024-07-21,MN,Mongolia,WPRO,0,1011489,0,2136,1009353
2024-07-28,MN,Mongolia,WPRO,0,1011489,0,2136,1009353
2024-08-04,MN,Mongolia,WPRO,0,1011489,0,2136,1009353
2024-08-11,MN,Mongolia,WPRO,0,1011489,0,2136,1009353
2024-08-18,MN,Mongolia,WPRO,0,1011489,0,2136,1009353
2024-08-25,MN,Mongolia,WPRO,0,1011489,0,2136,1009353
2024-09-01,MN,Mongolia,WPRO,0,1011489,0,2136,1009353
2024-09-08,MN,Mongolia,WPRO,0,1011489,0,2136,1009353
2024-09-15,MN,Mongolia,WPRO,0,1011489,0,2136,1009353
2024-09-22,MN,Mongolia,WPRO,0,1011489,0,2136,1009353
2024-09-29,MN,Mongolia,WPRO,0,1011489,0,2136,1009353
2024-10-06,MN,Mongolia,WPRO,0,1011489,0,2136,1009353
2024-10-13,MN,Mongolia,WPRO,0,1011489,0,2136,1009353
2024-10-20,MN,Mongolia,WPRO,0,1011489,0,2136,1009353
2024-10-27,MN,Mongolia,WPRO,0,1011489,0,2136,1009353
2024-11-03,MN,Mongolia,WPRO,0,1011489,0,2136,1009353
2024-11-10,MN,Mongolia,WPRO,0,1011489,0,2136,1009353
2024-11-17,MN,Mongolia,WPRO,0,1011489,0,2136,1009353
2020-01-05,ME,Montenegro,EURO,0,0,0,0,0
2020-01-12,ME,Montenegro,EURO,0,0,0,0,0
2020-01-19,ME,Montenegro,EURO,0,0,0,0,0
2020-01-26,ME,Montenegro,EURO,0,0,0,0,0
2020-02-02,ME,Montenegro,EURO,0,0,0,0,0
2020-02-09,ME,Montenegro,EURO,0,0,0,0,0
2020-02-16,ME,Montenegro,EURO,0,0,0,0,0
2020-02-23,ME,Montenegro,EURO,0,0,0,0,0
2020-03-01,ME,Montenegro,EURO,0,0,0,0,0
2020-03-08,ME,Montenegro,EURO,0,0,0,0,0
2020-03-15,ME,Montenegro,EURO,0,0,0,0,0
2020-03-22,ME,Montenegro,EURO,0,0,0,0,0
2020-03-29,ME,Montenegro,EURO,0,0,0,0,0
2020-04-05,ME,Montenegro,EURO,0,0,0,0,0
2020-04-12,ME,Montenegro,EURO,0,0,0,0,0
2020-04-19,ME,Montenegro,EURO,0,0,0,0,0
2020-04-26,ME,Montenegro,EURO,0,0,0,0,0
2020-05-03,ME,Montenegro,EURO,2,2,1,1,1
2020-05-10,ME,Montenegro,EURO,1,3,1,2,1
2020-05-17,ME,Montenegro,EURO,0,3,0,2,1
2020-05-24,ME,Montenegro,EURO,0,3,0,2,1
2020-05-31,ME,Montenegro,EURO,0,3,0,2,1
2020-06-07,ME,Montenegro,EURO,0,3,0,2,1
2020-06-14,ME,Montenegro,EURO,0,3,0,2,1
2020-06-21,ME,Montenegro,EURO,37,40,0,2,38
2020-06-28,ME,Montenegro,EURO,0,40,0,2,38
2020-07-05,ME,Montenegro,EURO,0,40,0,2,38
2020-07-12,ME,Montenegro,EURO,0,40,0,2,38
2020-07-19,ME,Montenegro,EURO,0,40,0,2,38
2020-07-26,ME,Montenegro,EURO,0,40,0,2,38
2020-08-02,ME,Montenegro,EURO,429,469,8,10,459
2020-08-09,ME,Montenegro,EURO,384,853,16,26,827
2020-08-16,ME,Montenegro,EURO,394,1247,11,37,1210
2020-08-23,ME,Montenegro,EURO,300,1547,6,43,1504
2020-08-30,ME,Montenegro,EURO,461,2008,15,58,1950
2020-09-06,ME,Montenegro,EURO,788,2796,9,67,2729
2020-09-13,ME,Montenegro,EURO,1568,4364,12,79,4285
2020-09-20,ME,Montenegro,EURO,1666,6030,16,95,5935
2020-09-27,ME,Montenegro,EURO,1730,7760,22,117,7643
2020-10-04,ME,Montenegro,EURO,1679,9439,21,138,9301
2020-10-11,ME,Montenegro,EURO,1736,11175,23,161,11014
2020-10-18,ME,Montenegro,EURO,1746,12921,32,193,12728
2020-10-25,ME,Montenegro,EURO,1138,14059,30,223,13836
2020-11-01,ME,Montenegro,EURO,2090,16149,44,267,15882
2020-11-08,ME,Montenegro,EURO,0,16149,0,267,15882
2020-11-15,ME,Montenegro,EURO,0,16149,0,267,15882
2020-11-22,ME,Montenegro,EURO,3808,19957,48,315,19642
2020-11-29,ME,Montenegro,EURO,3742,23699,48,363,23336
2020-12-06,ME,Montenegro,EURO,3318,27017,46,409,26608
2020-12-13,ME,Montenegro,EURO,3014,30031,49,458,29573
2020-12-20,ME,Montenegro,EURO,2534,32565,44,502,32063
2020-12-27,ME,Montenegro,EURO,2645,35210,41,543,34667
2021-01-03,ME,Montenegro,EURO,2546,37756,23,566,37190
2021-01-10,ME,Montenegro,EURO,3265,41021,36,602,40419
2021-01-17,ME,Montenegro,EURO,12597,53618,32,634,52984
2021-01-24,ME,Montenegro,EURO,2903,56521,23,657,55864
2021-01-31,ME,Montenegro,EURO,3292,59813,37,694,59119
2021-02-07,ME,Montenegro,EURO,3665,63478,33,727,62751
2021-02-14,ME,Montenegro,EURO,3621,67099,52,779,66320
2021-02-21,ME,Montenegro,EURO,3621,70720,60,839,69881
2021-02-28,ME,Montenegro,EURO,3877,74597,53,892,73705
2021-03-07,ME,Montenegro,EURO,3896,78493,64,956,77537
2021-03-14,ME,Montenegro,EURO,3958,82451,62,1018,81433
2021-03-21,ME,Montenegro,EURO,3475,85926,70,1088,84838
2021-03-28,ME,Montenegro,EURO,2757,88683,46,1134,87549
2021-04-04,ME,Montenegro,EURO,2315,90998,60,1194,89804
2021-04-11,ME,Montenegro,EURO,1676,92674,68,1262,91412
2021-04-18,ME,Montenegro,EURO,1274,93948,56,1318,92630
2021-04-25,ME,Montenegro,EURO,1081,95029,52,1370,93659
2021-05-02,ME,Montenegro,EURO,938,95967,40,1410,94557
2021-05-09,ME,Montenegro,EURO,647,96614,35,1445,95169
2021-05-16,ME,Montenegro,EURO,531,97145,21,1466,95679
2021-05-23,ME,Montenegro,EURO,393,97538,13,1479,96059
2021-05-30,ME,Montenegro,EURO,333,97871,9,1488,96383
2021-06-06,ME,Montenegro,EURO,211,98082,9,1497,96585
2021-06-13,ME,Montenegro,EURO,129,98211,9,1506,96705
2021-06-20,ME,Montenegro,EURO,128,98339,4,1510,96829
2021-06-27,ME,Montenegro,EURO,110,98449,4,1514,96935
2021-07-04,ME,Montenegro,EURO,134,98583,10,1524,97059
2021-07-11,ME,Montenegro,EURO,147,98730,5,1529,97201
2021-07-18,ME,Montenegro,EURO,195,98925,3,1532,97393
2021-07-25,ME,Montenegro,EURO,517,99442,1,1533,97909
2021-08-01,ME,Montenegro,EURO,977,100419,6,1539,98880
2021-08-08,ME,Montenegro,EURO,1747,102166,5,1544,100622
2021-08-15,ME,Montenegro,EURO,2560,104726,9,1553,103173
2021-08-22,ME,Montenegro,EURO,4401,109127,45,1598,107529
2021-08-29,ME,Montenegro,EURO,0,109127,0,1598,107529
2021-09-05,ME,Montenegro,EURO,3676,112803,41,1639,111164
2021-09-12,ME,Montenegro,EURO,3896,116699,43,1682,115017
2021-09-19,ME,Montenegro,EURO,4298,120997,49,1731,119266
2021-09-26,ME,Montenegro,EURO,3301,124298,46,1777,122521
2021-10-03,ME,Montenegro,EURO,2994,127292,39,1816,125476
2021-10-10,ME,Montenegro,EURO,2519,129811,52,1868,127943
2021-10-17,ME,Montenegro,EURO,2507,132318,37,1905,130413
2021-10-24,ME,Montenegro,EURO,3237,135555,42,1947,133608
2021-10-31,ME,Montenegro,EURO,3384,138939,38,1985,136954
2021-11-07,ME,Montenegro,EURO,4302,143241,45,2030,141211
2021-11-14,ME,Montenegro,EURO,3396,146637,59,2089,144548
2021-11-21,ME,Montenegro,EURO,2571,149208,38,2127,147081
2021-11-28,ME,Montenegro,EURO,2061,151269,40,2167,149102
2021-12-05,ME,Montenegro,EURO,1518,152787,44,2211,150576
2021-12-12,ME,Montenegro,EURO,1249,154036,21,2232,151804
2021-12-19,ME,Montenegro,EURO,1184,155220,25,2257,152963
2021-12-26,ME,Montenegro,EURO,2790,158010,19,2276,155734
2022-01-02,ME,Montenegro,EURO,10890,168900,22,2298,166602
2022-01-09,ME,Montenegro,EURO,17071,185971,26,2324,183647
2022-01-16,ME,Montenegro,EURO,0,185971,0,2324,183647
2022-01-23,ME,Montenegro,EURO,0,185971,0,2324,183647
2022-01-30,ME,Montenegro,EURO,5801,191772,42,2366,189406
2022-02-06,ME,Montenegro,EURO,3928,195700,46,2412,193288
2022-02-13,ME,Montenegro,EURO,2860,198560,34,2446,196114
2022-02-20,ME,Montenegro,EURO,2216,200776,23,2469,198307
2022-02-27,ME,Montenegro,EURO,1219,201995,18,2487,199508
2022-03-06,ME,Montenegro,EURO,787,202782,9,2496,200286
2022-03-13,ME,Montenegro,EURO,590,203372,8,2504,200868
2022-03-20,ME,Montenegro,EURO,629,204001,23,2527,201474
2022-03-27,ME,Montenegro,EURO,575,204576,4,2531,202045
2022-04-03,ME,Montenegro,EURO,521,205097,8,2539,202558
2022-04-10,ME,Montenegro,EURO,375,205472,1,2540,202932
2022-04-17,ME,Montenegro,EURO,490,205962,3,2543,203419
2022-04-24,ME,Montenegro,EURO,506,206468,4,2547,203921
2022-05-01,ME,Montenegro,EURO,576,207044,2,2549,204495
2022-05-08,ME,Montenegro,EURO,494,207538,2,2551,204987
2022-05-15,ME,Montenegro,EURO,482,208020,2,2553,205467
2022-05-22,ME,Montenegro,EURO,435,208455,0,2553,205902
2022-05-29,ME,Montenegro,EURO,384,208839,1,2554,206285
2022-06-05,ME,Montenegro,EURO,413,209252,0,2554,206698
2022-06-12,ME,Montenegro,EURO,380,209632,2,2556,207076
2022-06-19,ME,Montenegro,EURO,598,210230,1,2557,207673
2022-06-26,ME,Montenegro,EURO,995,211225,1,2558,208667
2022-07-03,ME,Montenegro,EURO,1633,212858,5,2563,210295
2022-07-10,ME,Montenegro,EURO,0,212858,0,2563,210295
2022-07-17,ME,Montenegro,EURO,0,212858,0,2563,210295
2022-07-24,ME,Montenegro,EURO,0,212858,0,2563,210295
2022-07-31,ME,Montenegro,EURO,6602,219460,8,2571,216889
2022-08-07,ME,Montenegro,EURO,5656,225116,9,2580,222536
2022-08-14,ME,Montenegro,EURO,4398,229514,4,2584,226930
2022-08-21,ME,Montenegro,EURO,3110,232624,7,2591,230033
2022-08-28,ME,Montenegro,EURO,1907,234531,5,2596,231935
2022-09-04,ME,Montenegro,EURO,1342,235873,7,2603,233270
2022-09-11,ME,Montenegro,EURO,988,236861,0,2603,234258
2022-09-18,ME,Montenegro,EURO,1064,237925,1,2604,235321
2022-09-25,ME,Montenegro,EURO,986,238911,2,2606,236305
2022-10-02,ME,Montenegro,EURO,1063,239974,1,2607,237367
2022-10-09,ME,Montenegro,EURO,702,240676,0,2607,238069
2022-10-16,ME,Montenegro,EURO,620,241296,2,2609,238687
2022-10-23,ME,Montenegro,EURO,423,241719,1,2610,239109
2022-10-30,ME,Montenegro,EURO,448,242167,0,2610,239557
2022-11-06,ME,Montenegro,EURO,352,242519,2,2612,239907
2022-11-13,ME,Montenegro,EURO,227,242746,1,2613,240133
2022-11-20,ME,Montenegro,EURO,168,242914,1,2614,240300
2022-11-27,ME,Montenegro,EURO,147,243061,0,2614,240447
2022-12-04,ME,Montenegro,EURO,184,243245,1,2615,240630
2022-12-11,ME,Montenegro,EURO,291,243536,0,2615,240921
2022-12-18,ME,Montenegro,EURO,237,243773,0,2615,241158
2022-12-25,ME,Montenegro,EURO,200,243973,1,2616,241357
2023-01-01,ME,Montenegro,EURO,225,244198,0,2616,241582
2023-01-08,ME,Montenegro,EURO,363,244561,0,2616,241945
2023-01-15,ME,Montenegro,EURO,471,245032,3,2619,242413
2023-01-22,ME,Montenegro,EURO,365,245397,1,2620,242777
2023-01-29,ME,Montenegro,EURO,289,245686,1,2621,243065
2023-02-05,ME,Montenegro,EURO,260,245946,1,2622,243324
2023-02-12,ME,Montenegro,EURO,407,246353,2,2624,243729
2023-02-19,ME,Montenegro,EURO,595,246948,2,2626,244322
2023-02-26,ME,Montenegro,EURO,634,247582,1,2627,244955
2023-03-05,ME,Montenegro,EURO,428,248010,4,2631,245379
2023-03-12,ME,Montenegro,EURO,379,248389,3,2634,245755
2023-03-19,ME,Montenegro,EURO,365,248754,0,2634,246120
2023-03-26,ME,Montenegro,EURO,417,249171,6,2640,246531
2023-04-02,ME,Montenegro,EURO,375,249546,1,2641,246905
2023-04-09,ME,Montenegro,EURO,344,249890,1,2642,247248
2023-04-16,ME,Montenegro,EURO,327,250217,4,2646,247571
2023-04-23,ME,Montenegro,EURO,380,250597,4,2650,247947
2023-04-30,ME,Montenegro,EURO,276,250873,2,2652,248221
2023-05-07,ME,Montenegro,EURO,187,251060,0,2652,248408
2023-05-14,ME,Montenegro,EURO,134,251194,1,2653,248541
2023-05-21,ME,Montenegro,EURO,27,251221,0,2653,248568
2023-05-28,ME,Montenegro,EURO,40,251261,1,2654,248607
2023-06-04,ME,Montenegro,EURO,19,251280,0,2654,248626
2023-06-11,ME,Montenegro,EURO,0,251280,0,2654,248626
2023-06-18,ME,Montenegro,EURO,0,251280,0,2654,248626
2023-06-25,ME,Montenegro,EURO,0,251280,0,2654,248626
2023-07-02,ME,Montenegro,EURO,0,251280,0,2654,248626
2023-07-09,ME,Montenegro,EURO,0,251280,0,2654,248626
2023-07-16,ME,Montenegro,EURO,0,251280,0,2654,248626
2023-07-23,ME,Montenegro,EURO,0,251280,0,2654,248626
2023-07-30,ME,Montenegro,EURO,0,251280,0,2654,248626
2023-08-06,ME,Montenegro,EURO,0,251280,0,2654,248626
2023-08-13,ME,Montenegro,EURO,0,251280,0,2654,248626
2023-08-20,ME,Montenegro,EURO,0,251280,0,2654,248626
2023-08-27,ME,Montenegro,EURO,0,251280,0,2654,248626
2023-09-03,ME,Montenegro,EURO,0,251280,0,2654,248626
2023-09-10,ME,Montenegro,EURO,0,251280,0,2654,248626
2023-09-17,ME,Montenegro,EURO,0,251280,0,2654,248626
2023-09-24,ME,Montenegro,EURO,0,251280,0,2654,248626
2023-10-01,ME,Montenegro,EURO,0,251280,0,2654,248626
2023-10-08,ME,Montenegro,EURO,0,251280,0,2654,248626
2023-10-15,ME,Montenegro,EURO,0,251280,0,2654,248626
2023-10-22,ME,Montenegro,EURO,0,251280,0,2654,248626
2023-10-29,ME,Montenegro,EURO,0,251280,0,2654,248626
2023-11-05,ME,Montenegro,EURO,0,251280,0,2654,248626
2023-11-12,ME,Montenegro,EURO,0,251280,0,2654,248626
2023-11-19,ME,Montenegro,EURO,0,251280,0,2654,248626
2023-11-26,ME,Montenegro,EURO,0,251280,0,2654,248626
2023-12-03,ME,Montenegro,EURO,0,251280,0,2654,248626
2023-12-10,ME,Montenegro,EURO,0,251280,0,2654,248626
2023-12-17,ME,Montenegro,EURO,0,251280,0,2654,248626
2023-12-24,ME,Montenegro,EURO,0,251280,0,2654,248626
2023-12-31,ME,Montenegro,EURO,0,251280,0,2654,248626
2024-01-07,ME,Montenegro,EURO,0,251280,0,2654,248626
2024-01-14,ME,Montenegro,EURO,0,251280,0,2654,248626
2024-01-21,ME,Montenegro,EURO,0,251280,0,2654,248626
2024-01-28,ME,Montenegro,EURO,0,251280,0,2654,248626
2024-02-04,ME,Montenegro,EURO,0,251280,0,2654,248626
2024-02-11,ME,Montenegro,EURO,0,251280,0,2654,248626
2024-02-18,ME,Montenegro,EURO,0,251280,0,2654,248626
2024-02-25,ME,Montenegro,EURO,0,251280,0,2654,248626
2024-03-03,ME,Montenegro,EURO,0,251280,0,2654,248626
2024-03-10,ME,Montenegro,EURO,0,251280,0,2654,248626
2024-03-17,ME,Montenegro,EURO,0,251280,0,2654,248626
2024-03-24,ME,Montenegro,EURO,0,251280,0,2654,248626
2024-03-31,ME,Montenegro,EURO,0,251280,0,2654,248626
2024-04-07,ME,Montenegro,EURO,0,251280,0,2654,248626
2024-04-14,ME,Montenegro,EURO,0,251280,0,2654,248626
2024-04-21,ME,Montenegro,EURO,0,251280,0,2654,248626
2024-04-28,ME,Montenegro,EURO,0,251280,0,2654,248626
2024-05-05,ME,Montenegro,EURO,0,251280,0,2654,248626
2024-05-12,ME,Montenegro,EURO,0,251280,0,2654,248626
2024-05-19,ME,Montenegro,EURO,0,251280,0,2654,248626
2024-05-26,ME,Montenegro,EURO,0,251280,0,2654,248626
2024-06-02,ME,Montenegro,EURO,0,251280,0,2654,248626
2024-06-09,ME,Montenegro,EURO,0,251280,0,2654,248626
2024-06-16,ME,Montenegro,EURO,0,251280,0,2654,248626
2024-06-23,ME,Montenegro,EURO,0,251280,0,2654,248626
2024-06-30,ME,Montenegro,EURO,0,251280,0,2654,248626
2024-07-07,ME,Montenegro,EURO,0,251280,0,2654,248626
2024-07-14,ME,Montenegro,EURO,0,251280,0,2654,248626
2024-07-21,ME,Montenegro,EURO,0,251280,0,2654,248626
2024-07-28,ME,Montenegro,EURO,0,251280,0,2654,248626
2024-08-04,ME,Montenegro,EURO,0,251280,0,2654,248626
2024-08-11,ME,Montenegro,EURO,0,251280,0,2654,248626
2024-08-18,ME,Montenegro,EURO,0,251280,0,2654,248626
2024-08-25,ME,Montenegro,EURO,0,251280,0,2654,248626
2024-09-01,ME,Montenegro,EURO,0,251280,0,2654,248626
2024-09-08,ME,Montenegro,EURO,0,251280,0,2654,248626
2024-09-15,ME,Montenegro,EURO,0,251280,0,2654,248626
2024-09-22,ME,Montenegro,EURO,0,251280,0,2654,248626
2024-09-29,ME,Montenegro,EURO,0,251280,0,2654,248626
2024-10-06,ME,Montenegro,EURO,0,251280,0,2654,248626
2024-10-13,ME,Montenegro,EURO,0,251280,0,2654,248626
2024-10-20,ME,Montenegro,EURO,0,251280,0,2654,248626
2024-10-27,ME,Montenegro,EURO,0,251280,0,2654,248626
2024-11-03,ME,Montenegro,EURO,0,251280,0,2654,248626
2024-11-10,ME,Montenegro,EURO,0,251280,0,2654,248626
2024-11-17,ME,Montenegro,EURO,0,251280,0,2654,248626
2020-01-05,MS,Montserrat,AMRO,0,0,0,0,0
2020-01-12,MS,Montserrat,AMRO,0,0,0,0,0
2020-01-19,MS,Montserrat,AMRO,0,0,0,0,0
2020-01-26,MS,Montserrat,AMRO,0,0,0,0,0
2020-02-02,MS,Montserrat,AMRO,0,0,0,0,0
2020-02-09,MS,Montserrat,AMRO,0,0,0,0,0
2020-02-16,MS,Montserrat,AMRO,0,0,0,0,0
2020-02-23,MS,Montserrat,AMRO,0,0,0,0,0
2020-03-01,MS,Montserrat,AMRO,0,0,0,0,0
2020-03-08,MS,Montserrat,AMRO,0,0,0,0,0
2020-03-15,MS,Montserrat,AMRO,0,0,0,0,0
2020-03-22,MS,Montserrat,AMRO,1,1,0,0,1
2020-03-29,MS,Montserrat,AMRO,4,5,0,0,5
2020-04-05,MS,Montserrat,AMRO,1,6,0,0,6
2020-04-12,MS,Montserrat,AMRO,3,9,0,0,9
2020-04-19,MS,Montserrat,AMRO,2,11,0,0,11
2020-04-26,MS,Montserrat,AMRO,0,11,1,1,10
2020-05-03,MS,Montserrat,AMRO,0,11,0,1,10
2020-05-10,MS,Montserrat,AMRO,0,11,0,1,10
2020-05-17,MS,Montserrat,AMRO,0,11,0,1,10
2020-05-24,MS,Montserrat,AMRO,0,11,0,1,10
2020-05-31,MS,Montserrat,AMRO,0,11,0,1,10
2020-06-07,MS,Montserrat,AMRO,0,11,0,1,10
2020-06-14,MS,Montserrat,AMRO,0,11,0,1,10
2020-06-21,MS,Montserrat,AMRO,0,11,0,1,10
2020-06-28,MS,Montserrat,AMRO,0,11,0,1,10
2020-07-05,MS,Montserrat,AMRO,0,11,0,1,10
2020-07-12,MS,Montserrat,AMRO,1,12,0,1,11
2020-07-19,MS,Montserrat,AMRO,0,12,0,1,11
2020-07-26,MS,Montserrat,AMRO,1,13,0,1,12
2020-08-02,MS,Montserrat,AMRO,0,13,0,1,12
2020-08-09,MS,Montserrat,AMRO,0,13,0,1,12
2020-08-16,MS,Montserrat,AMRO,0,13,0,1,12
2020-08-23,MS,Montserrat,AMRO,0,13,0,1,12
2020-08-30,MS,Montserrat,AMRO,0,13,0,1,12
2020-09-06,MS,Montserrat,AMRO,0,13,0,1,12
2020-09-13,MS,Montserrat,AMRO,0,13,0,1,12
2020-09-20,MS,Montserrat,AMRO,0,13,0,1,12
2020-09-27,MS,Montserrat,AMRO,0,13,0,1,12
2020-10-04,MS,Montserrat,AMRO,0,13,0,1,12
2020-10-11,MS,Montserrat,AMRO,0,13,0,1,12
2020-10-18,MS,Montserrat,AMRO,0,13,0,1,12
2020-10-25,MS,Montserrat,AMRO,0,13,0,1,12
2020-11-01,MS,Montserrat,AMRO,0,13,0,1,12
2020-11-08,MS,Montserrat,AMRO,0,13,0,1,12
2020-11-15,MS,Montserrat,AMRO,0,13,0,1,12
2020-11-22,MS,Montserrat,AMRO,0,13,0,1,12
2020-11-29,MS,Montserrat,AMRO,0,13,0,1,12
2020-12-06,MS,Montserrat,AMRO,0,13,0,1,12
2020-12-13,MS,Montserrat,AMRO,0,13,0,1,12
2020-12-20,MS,Montserrat,AMRO,0,13,0,1,12
2020-12-27,MS,Montserrat,AMRO,0,13,0,1,12
2021-01-03,MS,Montserrat,AMRO,0,13,0,1,12
2021-01-10,MS,Montserrat,AMRO,0,13,0,1,12
2021-01-17,MS,Montserrat,AMRO,0,13,0,1,12
2021-01-24,MS,Montserrat,AMRO,0,13,0,1,12
2021-01-31,MS,Montserrat,AMRO,0,13,0,1,12
2021-02-07,MS,Montserrat,AMRO,2,15,0,1,14
2021-02-14,MS,Montserrat,AMRO,4,19,0,1,18
2021-02-21,MS,Montserrat,AMRO,1,20,0,1,19
2021-02-28,MS,Montserrat,AMRO,0,20,0,1,19
2021-03-07,MS,Montserrat,AMRO,0,20,0,1,19
2021-03-14,MS,Montserrat,AMRO,0,20,0,1,19
2021-03-21,MS,Montserrat,AMRO,0,20,0,1,19
2021-03-28,MS,Montserrat,AMRO,0,20,0,1,19
2021-04-04,MS,Montserrat,AMRO,0,20,0,1,19
2021-04-11,MS,Montserrat,AMRO,0,20,0,1,19
2021-04-18,MS,Montserrat,AMRO,0,20,0,1,19
2021-04-25,MS,Montserrat,AMRO,0,20,0,1,19
2021-05-02,MS,Montserrat,AMRO,0,20,0,1,19
2021-05-09,MS,Montserrat,AMRO,0,20,0,1,19
2021-05-16,MS,Montserrat,AMRO,0,20,0,1,19
2021-05-23,MS,Montserrat,AMRO,0,20,0,1,19
2021-05-30,MS,Montserrat,AMRO,0,20,0,1,19
2021-06-06,MS,Montserrat,AMRO,0,20,0,1,19
2021-06-13,MS,Montserrat,AMRO,0,20,0,1,19
2021-06-20,MS,Montserrat,AMRO,0,20,0,1,19
2021-06-27,MS,Montserrat,AMRO,0,20,0,1,19
2021-07-04,MS,Montserrat,AMRO,0,20,0,1,19
2021-07-11,MS,Montserrat,AMRO,1,21,0,1,20
2021-07-18,MS,Montserrat,AMRO,0,21,0,1,20
2021-07-25,MS,Montserrat,AMRO,0,21,0,1,20
2021-08-01,MS,Montserrat,AMRO,0,21,0,1,20
2021-08-08,MS,Montserrat,AMRO,1,22,0,1,21
2021-08-15,MS,Montserrat,AMRO,0,22,0,1,21
2021-08-22,MS,Montserrat,AMRO,3,25,0,1,24
2021-08-29,MS,Montserrat,AMRO,1,26,0,1,25
2021-09-05,MS,Montserrat,AMRO,5,31,0,1,30
2021-09-12,MS,Montserrat,AMRO,1,32,0,1,31
2021-09-19,MS,Montserrat,AMRO,1,33,0,1,32
2021-09-26,MS,Montserrat,AMRO,0,33,0,1,32
2021-10-03,MS,Montserrat,AMRO,1,34,0,1,33
2021-10-10,MS,Montserrat,AMRO,7,41,0,1,40
2021-10-17,MS,Montserrat,AMRO,0,41,0,1,40
2021-10-24,MS,Montserrat,AMRO,0,41,0,1,40
2021-10-31,MS,Montserrat,AMRO,0,41,0,1,40
2021-11-07,MS,Montserrat,AMRO,0,41,0,1,40
2021-11-14,MS,Montserrat,AMRO,0,41,0,1,40
2021-11-21,MS,Montserrat,AMRO,3,44,0,1,43
2021-11-28,MS,Montserrat,AMRO,0,44,0,1,43
2021-12-05,MS,Montserrat,AMRO,0,44,0,1,43
2021-12-12,MS,Montserrat,AMRO,0,44,0,1,43
2021-12-19,MS,Montserrat,AMRO,1,45,0,1,44
2021-12-26,MS,Montserrat,AMRO,0,45,0,1,44
2022-01-02,MS,Montserrat,AMRO,5,50,0,1,49
2022-01-09,MS,Montserrat,AMRO,60,110,0,1,109
2022-01-16,MS,Montserrat,AMRO,19,129,0,1,128
2022-01-23,MS,Montserrat,AMRO,23,152,0,1,151
2022-01-30,MS,Montserrat,AMRO,10,162,0,1,161
2022-02-06,MS,Montserrat,AMRO,1,163,0,1,162
2022-02-13,MS,Montserrat,AMRO,0,163,1,2,161
2022-02-20,MS,Montserrat,AMRO,0,163,0,2,161
2022-02-27,MS,Montserrat,AMRO,0,163,0,2,161
2022-03-06,MS,Montserrat,AMRO,1,164,0,2,162
2022-03-13,MS,Montserrat,AMRO,2,166,0,2,164
2022-03-20,MS,Montserrat,AMRO,8,174,0,2,172
2022-03-27,MS,Montserrat,AMRO,1,175,0,2,173
2022-04-03,MS,Montserrat,AMRO,0,175,0,2,173
2022-04-10,MS,Montserrat,AMRO,0,175,0,2,173
2022-04-17,MS,Montserrat,AMRO,1,176,0,2,174
2022-04-24,MS,Montserrat,AMRO,1,177,0,2,175
2022-05-01,MS,Montserrat,AMRO,39,216,0,2,214
2022-05-08,MS,Montserrat,AMRO,236,452,0,2,450
2022-05-15,MS,Montserrat,AMRO,295,747,0,2,745
2022-05-22,MS,Montserrat,AMRO,139,886,2,4,882
2022-05-29,MS,Montserrat,AMRO,72,958,0,4,954
2022-06-05,MS,Montserrat,AMRO,45,1003,4,8,995
2022-06-12,MS,Montserrat,AMRO,7,1010,0,8,1002
2022-06-19,MS,Montserrat,AMRO,5,1015,0,8,1007
2022-06-26,MS,Montserrat,AMRO,1,1016,0,8,1008
2022-07-03,MS,Montserrat,AMRO,4,1020,0,8,1012
2022-07-10,MS,Montserrat,AMRO,3,1023,0,8,1015
2022-07-17,MS,Montserrat,AMRO,2,1025,0,8,1017
2022-07-24,MS,Montserrat,AMRO,7,1032,0,8,1024
2022-07-31,MS,Montserrat,AMRO,22,1054,0,8,1046
2022-08-07,MS,Montserrat,AMRO,23,1077,0,8,1069
2022-08-14,MS,Montserrat,AMRO,20,1097,0,8,1089
2022-08-21,MS,Montserrat,AMRO,9,1106,0,8,1098
2022-08-28,MS,Montserrat,AMRO,20,1126,0,8,1118
2022-09-04,MS,Montserrat,AMRO,64,1190,0,8,1182
2022-09-11,MS,Montserrat,AMRO,86,1276,0,8,1268
2022-09-18,MS,Montserrat,AMRO,80,1356,0,8,1348
2022-09-25,MS,Montserrat,AMRO,36,1392,0,8,1384
2022-10-02,MS,Montserrat,AMRO,11,1403,0,8,1395
2022-10-09,MS,Montserrat,AMRO,0,1403,0,8,1395
2022-10-16,MS,Montserrat,AMRO,0,1403,0,8,1395
2022-10-23,MS,Montserrat,AMRO,0,1403,0,8,1395
2022-10-30,MS,Montserrat,AMRO,0,1403,0,8,1395
2022-11-06,MS,Montserrat,AMRO,0,1403,0,8,1395
2022-11-13,MS,Montserrat,AMRO,0,1403,0,8,1395
2022-11-20,MS,Montserrat,AMRO,0,1403,0,8,1395
2022-11-27,MS,Montserrat,AMRO,0,1403,0,8,1395
2022-12-04,MS,Montserrat,AMRO,0,1403,0,8,1395
2022-12-11,MS,Montserrat,AMRO,0,1403,0,8,1395
2022-12-18,MS,Montserrat,AMRO,0,1403,0,8,1395
2022-12-25,MS,Montserrat,AMRO,0,1403,0,8,1395
2023-01-01,MS,Montserrat,AMRO,0,1403,0,8,1395
2023-01-08,MS,Montserrat,AMRO,0,1403,0,8,1395
2023-01-15,MS,Montserrat,AMRO,0,1403,0,8,1395
2023-01-22,MS,Montserrat,AMRO,0,1403,0,8,1395
2023-01-29,MS,Montserrat,AMRO,0,1403,0,8,1395
2023-02-05,MS,Montserrat,AMRO,0,1403,0,8,1395
2023-02-12,MS,Montserrat,AMRO,0,1403,0,8,1395
2023-02-19,MS,Montserrat,AMRO,0,1403,0,8,1395
2023-02-26,MS,Montserrat,AMRO,0,1403,0,8,1395
2023-03-05,MS,Montserrat,AMRO,0,1403,0,8,1395
2023-03-12,MS,Montserrat,AMRO,0,1403,0,8,1395
2023-03-19,MS,Montserrat,AMRO,0,1403,0,8,1395
2023-03-26,MS,Montserrat,AMRO,0,1403,0,8,1395
2023-04-02,MS,Montserrat,AMRO,0,1403,0,8,1395
2023-04-09,MS,Montserrat,AMRO,0,1403,0,8,1395
2023-04-16,MS,Montserrat,AMRO,0,1403,0,8,1395
2023-04-23,MS,Montserrat,AMRO,0,1403,0,8,1395
2023-04-30,MS,Montserrat,AMRO,0,1403,0,8,1395
2023-05-07,MS,Montserrat,AMRO,0,1403,0,8,1395
2023-05-14,MS,Montserrat,AMRO,0,1403,0,8,1395
2023-05-21,MS,Montserrat,AMRO,0,1403,0,8,1395
2023-05-28,MS,Montserrat,AMRO,0,1403,0,8,1395
2023-06-04,MS,Montserrat,AMRO,0,1403,0,8,1395
2023-06-11,MS,Montserrat,AMRO,0,1403,0,8,1395
2023-06-18,MS,Montserrat,AMRO,0,1403,0,8,1395
2023-06-25,MS,Montserrat,AMRO,0,1403,0,8,1395
2023-07-02,MS,Montserrat,AMRO,0,1403,0,8,1395
2023-07-09,MS,Montserrat,AMRO,0,1403,0,8,1395
2023-07-16,MS,Montserrat,AMRO,0,1403,0,8,1395
2023-07-23,MS,Montserrat,AMRO,0,1403,0,8,1395
2023-07-30,MS,Montserrat,AMRO,0,1403,0,8,1395
2023-08-06,MS,Montserrat,AMRO,0,1403,0,8,1395
2023-08-13,MS,Montserrat,AMRO,0,1403,0,8,1395
2023-08-20,MS,Montserrat,AMRO,0,1403,0,8,1395
2023-08-27,MS,Montserrat,AMRO,0,1403,0,8,1395
2023-09-03,MS,Montserrat,AMRO,0,1403,0,8,1395
2023-09-10,MS,Montserrat,AMRO,0,1403,0,8,1395
2023-09-17,MS,Montserrat,AMRO,0,1403,0,8,1395
2023-09-24,MS,Montserrat,AMRO,0,1403,0,8,1395
2023-10-01,MS,Montserrat,AMRO,0,1403,0,8,1395
2023-10-08,MS,Montserrat,AMRO,0,1403,0,8,1395
2023-10-15,MS,Montserrat,AMRO,0,1403,0,8,1395
2023-10-22,MS,Montserrat,AMRO,0,1403,0,8,1395
2023-10-29,MS,Montserrat,AMRO,0,1403,0,8,1395
2023-11-05,MS,Montserrat,AMRO,0,1403,0,8,1395
2023-11-12,MS,Montserrat,AMRO,0,1403,0,8,1395
2023-11-19,MS,Montserrat,AMRO,0,1403,0,8,1395
2023-11-26,MS,Montserrat,AMRO,0,1403,0,8,1395
2023-12-03,MS,Montserrat,AMRO,0,1403,0,8,1395
2023-12-10,MS,Montserrat,AMRO,0,1403,0,8,1395
2023-12-17,MS,Montserrat,AMRO,0,1403,0,8,1395
2023-12-24,MS,Montserrat,AMRO,0,1403,0,8,1395
2023-12-31,MS,Montserrat,AMRO,0,1403,0,8,1395
2024-01-07,MS,Montserrat,AMRO,0,1403,0,8,1395
2024-01-14,MS,Montserrat,AMRO,0,1403,0,8,1395
2024-01-21,MS,Montserrat,AMRO,0,1403,0,8,1395
2024-01-28,MS,Montserrat,AMRO,0,1403,0,8,1395
2024-02-04,MS,Montserrat,AMRO,0,1403,0,8,1395
2024-02-11,MS,Montserrat,AMRO,0,1403,0,8,1395
2024-02-18,MS,Montserrat,AMRO,0,1403,0,8,1395
2024-02-25,MS,Montserrat,AMRO,0,1403,0,8,1395
2024-03-03,MS,Montserrat,AMRO,0,1403,0,8,1395
2024-03-10,MS,Montserrat,AMRO,0,1403,0,8,1395
2024-03-17,MS,Montserrat,AMRO,0,1403,0,8,1395
2024-03-24,MS,Montserrat,AMRO,0,1403,0,8,1395
2024-03-31,MS,Montserrat,AMRO,0,1403,0,8,1395
2024-04-07,MS,Montserrat,AMRO,0,1403,0,8,1395
2024-04-14,MS,Montserrat,AMRO,0,1403,0,8,1395
2024-04-21,MS,Montserrat,AMRO,0,1403,0,8,1395
2024-04-28,MS,Montserrat,AMRO,0,1403,0,8,1395
2024-05-05,MS,Montserrat,AMRO,0,1403,0,8,1395
2024-05-12,MS,Montserrat,AMRO,0,1403,0,8,1395
2024-05-19,MS,Montserrat,AMRO,0,1403,0,8,1395
2024-05-26,MS,Montserrat,AMRO,0,1403,0,8,1395
2024-06-02,MS,Montserrat,AMRO,0,1403,0,8,1395
2024-06-09,MS,Montserrat,AMRO,0,1403,0,8,1395
2024-06-16,MS,Montserrat,AMRO,0,1403,0,8,1395
2024-06-23,MS,Montserrat,AMRO,0,1403,0,8,1395
2024-06-30,MS,Montserrat,AMRO,0,1403,0,8,1395
2024-07-07,MS,Montserrat,AMRO,0,1403,0,8,1395
2024-07-14,MS,Montserrat,AMRO,0,1403,0,8,1395
2024-07-21,MS,Montserrat,AMRO,0,1403,0,8,1395
2024-07-28,MS,Montserrat,AMRO,0,1403,0,8,1395
2024-08-04,MS,Montserrat,AMRO,0,1403,0,8,1395
2024-08-11,MS,Montserrat,AMRO,0,1403,0,8,1395
2024-08-18,MS,Montserrat,AMRO,0,1403,0,8,1395
2024-08-25,MS,Montserrat,AMRO,0,1403,0,8,1395
2024-09-01,MS,Montserrat,AMRO,0,1403,0,8,1395
2024-09-08,MS,Montserrat,AMRO,0,1403,0,8,1395
2024-09-15,MS,Montserrat,AMRO,0,1403,0,8,1395
2024-09-22,MS,Montserrat,AMRO,0,1403,0,8,1395
2024-09-29,MS,Montserrat,AMRO,0,1403,0,8,1395
2024-10-06,MS,Montserrat,AMRO,0,1403,0,8,1395
2024-10-13,MS,Montserrat,AMRO,0,1403,0,8,1395
2024-10-20,MS,Montserrat,AMRO,0,1403,0,8,1395
2024-10-27,MS,Montserrat,AMRO,0,1403,0,8,1395
2024-11-03,MS,Montserrat,AMRO,0,1403,0,8,1395
2024-11-10,MS,Montserrat,AMRO,0,1403,0,8,1395
2024-11-17,MS,Montserrat,AMRO,0,1403,0,8,1395
2020-01-05,MA,Morocco,EMRO,0,0,0,0,0
2020-01-12,MA,Morocco,EMRO,0,0,0,0,0
2020-01-19,MA,Morocco,EMRO,0,0,0,0,0
2020-01-26,MA,Morocco,EMRO,0,0,0,0,0
2020-02-02,MA,Morocco,EMRO,0,0,0,0,0
2020-02-09,MA,Morocco,EMRO,0,0,0,0,0
2020-02-16,MA,Morocco,EMRO,0,0,0,0,0
2020-02-23,MA,Morocco,EMRO,0,0,0,0,0
2020-03-01,MA,Morocco,EMRO,0,0,0,0,0
2020-03-08,MA,Morocco,EMRO,2,2,0,0,2
2020-03-15,MA,Morocco,EMRO,15,17,1,1,16
2020-03-22,MA,Morocco,EMRO,79,96,2,3,93
2020-03-29,MA,Morocco,EMRO,294,390,22,25,365
2020-04-05,MA,Morocco,EMRO,529,919,34,59,860
2020-04-12,MA,Morocco,EMRO,626,1545,52,111,1434
2020-04-19,MA,Morocco,EMRO,1140,2685,26,137,2548
2020-04-26,MA,Morocco,EMRO,1212,3897,22,159,3738
2020-05-03,MA,Morocco,EMRO,832,4729,14,173,4556
2020-05-10,MA,Morocco,EMRO,1181,5910,13,186,5724
2020-05-17,MA,Morocco,EMRO,831,6741,6,192,6549
2020-05-24,MA,Morocco,EMRO,665,7406,6,198,7208
2020-05-31,MA,Morocco,EMRO,374,7780,6,204,7576
2020-06-07,MA,Morocco,EMRO,371,8151,4,208,7943
2020-06-14,MA,Morocco,EMRO,541,8692,4,212,8480
2020-06-21,MA,Morocco,EMRO,1147,9839,1,213,9626
2020-06-28,MA,Morocco,EMRO,2038,11877,7,220,11657
2020-07-05,MA,Morocco,EMRO,1945,13822,12,232,13590
2020-07-12,MA,Morocco,EMRO,1720,15542,13,245,15297
2020-07-19,MA,Morocco,EMRO,1473,17015,24,269,16746
2020-07-26,MA,Morocco,EMRO,2630,19645,36,305,19340
2020-08-02,MA,Morocco,EMRO,5406,25051,62,367,24684
2020-08-09,MA,Morocco,EMRO,6956,32007,113,480,31527
2020-08-16,MA,Morocco,EMRO,9010,41017,152,632,40385
2020-08-23,MA,Morocco,EMRO,9795,50812,226,858,49954
2020-08-30,MA,Morocco,EMRO,9244,60056,220,1078,58978
2020-09-06,MA,Morocco,EMRO,10104,70160,251,1329,68831
2020-09-13,MA,Morocco,EMRO,14275,84435,224,1553,82882
2020-09-20,MA,Morocco,EMRO,15381,99816,242,1795,98021
2020-09-27,MA,Morocco,EMRO,15425,115241,246,2041,113200
2020-10-04,MA,Morocco,EMRO,15987,131228,252,2293,128935
2020-10-11,MA,Morocco,EMRO,18613,149841,279,2572,147269
2020-10-18,MA,Morocco,EMRO,21070,170911,306,2878,168033
2020-10-25,MA,Morocco,EMRO,23550,194461,377,3255,191206
2020-11-01,MA,Morocco,EMRO,24623,219084,440,3695,215389
2020-11-08,MA,Morocco,EMRO,33101,252185,502,4197,247988
2020-11-15,MA,Morocco,EMRO,36026,288211,500,4697,283514
2020-11-22,MA,Morocco,EMRO,32751,320962,559,5256,315706
2020-11-29,MA,Morocco,EMRO,28726,349688,483,5739,343949
2020-12-06,MA,Morocco,EMRO,27050,376738,445,6184,370554
2020-12-13,MA,Morocco,EMRO,20859,397597,405,6589,391008
2020-12-20,MA,Morocco,EMRO,17629,415226,320,6909,408317
2020-12-27,MA,Morocco,EMRO,15336,430562,295,7204,423358
2021-01-03,MA,Morocco,EMRO,11579,442141,248,7452,434689
2021-01-10,MA,Morocco,EMRO,9496,451637,257,7709,443928
2021-01-17,MA,Morocco,EMRO,7228,458865,202,7911,450954
2021-01-24,MA,Morocco,EMRO,6904,465769,217,8128,457641
2021-01-31,MA,Morocco,EMRO,4922,470691,131,8259,462432
2021-02-07,MA,Morocco,EMRO,4275,474966,122,8381,466585
2021-02-14,MA,Morocco,EMRO,3169,478135,79,8460,469675
2021-02-21,MA,Morocco,EMRO,2813,480948,88,8548,472400
2021-02-28,MA,Morocco,EMRO,2462,483410,67,8615,474795
2021-03-07,MA,Morocco,EMRO,2564,485974,61,8676,477298
2021-03-14,MA,Morocco,EMRO,2658,488632,42,8718,479914
2021-03-21,MA,Morocco,EMRO,2831,491463,45,8763,482700
2021-03-28,MA,Morocco,EMRO,2895,494358,35,8798,485560
2021-04-04,MA,Morocco,EMRO,3474,497832,44,8842,488990
2021-04-11,MA,Morocco,EMRO,3856,501688,49,8891,492797
2021-04-18,MA,Morocco,EMRO,3759,505447,53,8944,496503
2021-04-25,MA,Morocco,EMRO,3590,509037,44,8988,500049
2021-05-02,MA,Morocco,EMRO,2525,511562,38,9026,502536
2021-05-09,MA,Morocco,EMRO,2066,513628,38,9064,504564
2021-05-16,MA,Morocco,EMRO,1189,514817,34,9098,505719
2021-05-23,MA,Morocco,EMRO,1995,516812,21,9119,507693
2021-05-30,MA,Morocco,EMRO,2056,518868,19,9138,509730
2021-06-06,MA,Morocco,EMRO,2327,521195,35,9173,512022
2021-06-13,MA,Morocco,EMRO,2425,523620,34,9207,514413
2021-06-20,MA,Morocco,EMRO,2743,526363,30,9237,517126
2021-06-27,MA,Morocco,EMRO,2861,529224,36,9273,519951
2021-07-04,MA,Morocco,EMRO,4721,533945,42,9315,524630
2021-07-11,MA,Morocco,EMRO,7460,541405,45,9360,532045
2021-07-18,MA,Morocco,EMRO,14083,555488,74,9434,546054
2021-07-25,MA,Morocco,EMRO,19674,575162,125,9559,565603
2021-08-01,MA,Morocco,EMRO,48366,623528,226,9785,613743
2021-08-08,MA,Morocco,EMRO,63764,687292,470,10255,677037
2021-08-15,MA,Morocco,EMRO,64784,752076,678,10933,741143
2021-08-22,MA,Morocco,EMRO,54212,806288,744,11677,794611
2021-08-29,MA,Morocco,EMRO,43244,849532,684,12361,837171
2021-09-05,MA,Morocco,EMRO,31510,881042,632,12993,868049
2021-09-12,MA,Morocco,EMRO,21652,902694,495,13488,889206
2021-09-19,MA,Morocco,EMRO,15432,918126,388,13876,904250
2021-09-26,MA,Morocco,EMRO,10445,928571,256,14132,914439
2021-10-03,MA,Morocco,EMRO,6257,934828,183,14315,920513
2021-10-10,MA,Morocco,EMRO,3973,938801,128,14443,924358
2021-10-17,MA,Morocco,EMRO,3062,941863,94,14537,927326
2021-10-24,MA,Morocco,EMRO,2213,944076,69,14606,929470
2021-10-31,MA,Morocco,EMRO,1884,945960,61,14667,931293
2021-11-07,MA,Morocco,EMRO,1347,947307,39,14706,932601
2021-11-14,MA,Morocco,EMRO,850,948157,34,14740,933417
2021-11-21,MA,Morocco,EMRO,673,948830,21,14761,934069
2021-11-28,MA,Morocco,EMRO,818,949648,13,14774,934874
2021-12-05,MA,Morocco,EMRO,853,950501,13,14787,935714
2021-12-12,MA,Morocco,EMRO,879,951380,9,14796,936584
2021-12-19,MA,Morocco,EMRO,1248,952628,12,14808,937820
2021-12-26,MA,Morocco,EMRO,2959,955587,19,14827,940760
2022-01-02,MA,Morocco,EMRO,9833,965420,24,14851,950569
2022-01-09,MA,Morocco,EMRO,31701,997121,53,14904,982217
2022-01-16,MA,Morocco,EMRO,46104,1043225,59,14963,1028262
2022-01-23,MA,Morocco,EMRO,50753,1093978,150,15113,1078865
2022-01-30,MA,Morocco,EMRO,35162,1129140,215,15328,1113812
2022-02-06,MA,Morocco,EMRO,16901,1146041,247,15575,1130466
2022-02-13,MA,Morocco,EMRO,8490,1154531,191,15766,1138765
2022-02-20,MA,Morocco,EMRO,4138,1158669,115,15881,1142788
2022-02-27,MA,Morocco,EMRO,2081,1160750,89,15970,1144780
2022-03-06,MA,Morocco,EMRO,836,1161586,45,16015,1145571
2022-03-13,MA,Morocco,EMRO,454,1162040,21,16036,1146004
2022-03-20,MA,Morocco,EMRO,404,1162444,15,16051,1146393
2022-03-27,MA,Morocco,EMRO,479,1162923,6,16057,1146866
2022-04-03,MA,Morocco,EMRO,549,1163472,3,16060,1147412
2022-04-10,MA,Morocco,EMRO,490,1163962,1,16061,1147901
2022-04-17,MA,Morocco,EMRO,383,1164345,1,16062,1148283
2022-04-24,MA,Morocco,EMRO,325,1164670,3,16065,1148605
2022-05-01,MA,Morocco,EMRO,283,1164953,4,16069,1148884
2022-05-08,MA,Morocco,EMRO,253,1165206,1,16070,1149136
2022-05-15,MA,Morocco,EMRO,500,1165706,1,16071,1149635
2022-05-22,MA,Morocco,EMRO,824,1166530,4,16075,1150455
2022-05-29,MA,Morocco,EMRO,1202,1167732,1,16076,1151656
2022-06-05,MA,Morocco,EMRO,2188,1169920,3,16079,1153841
2022-06-12,MA,Morocco,EMRO,5184,1175104,3,16082,1159022
2022-06-19,MA,Morocco,EMRO,9628,1184732,4,16086,1168646
2022-06-26,MA,Morocco,EMRO,17729,1202461,12,16098,1186363
2022-07-03,MA,Morocco,EMRO,21124,1223585,18,16116,1207469
2022-07-10,MA,Morocco,EMRO,17262,1240847,35,16151,1224696
2022-07-17,MA,Morocco,EMRO,9663,1250510,27,16178,1234332
2022-07-24,MA,Morocco,EMRO,6810,1257320,33,16211,1241109
2022-07-31,MA,Morocco,EMRO,3439,1260759,23,16234,1244525
2022-08-07,MA,Morocco,EMRO,1742,1262501,22,16256,1246245
2022-08-14,MA,Morocco,EMRO,872,1263373,12,16268,1247105
2022-08-21,MA,Morocco,EMRO,570,1263943,2,16270,1247673
2022-08-28,MA,Morocco,EMRO,343,1264286,1,16271,1248015
2022-09-04,MA,Morocco,EMRO,245,1264531,3,16274,1248257
2022-09-11,MA,Morocco,EMRO,117,1264648,2,16276,1248372
2022-09-18,MA,Morocco,EMRO,114,1264762,1,16277,1248485
2022-09-25,MA,Morocco,EMRO,110,1264872,1,16278,1248594
2022-10-02,MA,Morocco,EMRO,89,1264961,0,16278,1248683
2022-10-09,MA,Morocco,EMRO,125,1265086,0,16278,1248808
2022-10-16,MA,Morocco,EMRO,115,1265201,0,16278,1248923
2022-10-23,MA,Morocco,EMRO,181,1265382,2,16280,1249102
2022-10-30,MA,Morocco,EMRO,190,1265572,1,16281,1249291
2022-11-06,MA,Morocco,EMRO,393,1265965,0,16281,1249684
2022-11-13,MA,Morocco,EMRO,596,1266561,2,16283,1250278
2022-11-20,MA,Morocco,EMRO,705,1267266,0,16283,1250983
2022-11-27,MA,Morocco,EMRO,1029,1268295,1,16284,1252011
2022-12-04,MA,Morocco,EMRO,1001,1269296,1,16285,1253011
2022-12-11,MA,Morocco,EMRO,823,1270119,3,16288,1253831
2022-12-18,MA,Morocco,EMRO,663,1270782,6,16294,1254488
2022-12-25,MA,Morocco,EMRO,462,1271244,0,16294,1254950
2023-01-01,MA,Morocco,EMRO,351,1271595,0,16294,1255301
2023-01-08,MA,Morocco,EMRO,273,1271868,1,16295,1255573
2023-01-15,MA,Morocco,EMRO,188,1272056,0,16295,1255761
2023-01-22,MA,Morocco,EMRO,119,1272175,1,16296,1255879
2023-01-29,MA,Morocco,EMRO,47,1272222,0,16296,1255926
2023-02-05,MA,Morocco,EMRO,54,1272276,0,16296,1255980
2023-02-12,MA,Morocco,EMRO,56,1272332,0,16296,1256036
2023-02-19,MA,Morocco,EMRO,39,1272371,0,16296,1256075
2023-02-26,MA,Morocco,EMRO,71,1272442,0,16296,1256146
2023-03-05,MA,Morocco,EMRO,44,1272486,0,16296,1256190
2023-03-12,MA,Morocco,EMRO,40,1272526,0,16296,1256230
2023-03-19,MA,Morocco,EMRO,59,1272585,0,16296,1256289
2023-03-26,MA,Morocco,EMRO,37,1272622,0,16296,1256326
2023-04-02,MA,Morocco,EMRO,57,1272679,0,16296,1256383
2023-04-09,MA,Morocco,EMRO,54,1272733,0,16296,1256437
2023-04-16,MA,Morocco,EMRO,156,1272889,0,16296,1256593
2023-04-23,MA,Morocco,EMRO,241,1273130,1,16297,1256833
2023-04-30,MA,Morocco,EMRO,333,1273463,0,16297,1257166
2023-05-07,MA,Morocco,EMRO,369,1273832,0,16297,1257535
2023-05-14,MA,Morocco,EMRO,348,1274180,0,16297,1257883
2023-05-21,MA,Morocco,EMRO,373,1274553,0,16297,1258256
2023-05-28,MA,Morocco,EMRO,180,1274733,0,16297,1258436
2023-06-04,MA,Morocco,EMRO,168,1274901,0,16297,1258604
2023-06-11,MA,Morocco,EMRO,102,1275003,0,16297,1258706
2023-06-18,MA,Morocco,EMRO,86,1275089,0,16297,1258792
2023-06-25,MA,Morocco,EMRO,47,1275136,0,16297,1258839
2023-07-02,MA,Morocco,EMRO,32,1275168,0,16297,1258871
2023-07-09,MA,Morocco,EMRO,23,1275191,0,16297,1258894
2023-07-16,MA,Morocco,EMRO,33,1275224,0,16297,1258927
2023-07-23,MA,Morocco,EMRO,21,1275245,0,16297,1258948
2023-07-30,MA,Morocco,EMRO,28,1275273,0,16297,1258976
2023-08-06,MA,Morocco,EMRO,20,1275293,0,16297,1258996
2023-08-13,MA,Morocco,EMRO,27,1275320,0,16297,1259023
2023-08-20,MA,Morocco,EMRO,74,1275394,0,16297,1259097
2023-08-27,MA,Morocco,EMRO,161,1275555,0,16297,1259258
2023-09-03,MA,Morocco,EMRO,309,1275864,0,16297,1259567
2023-09-10,MA,Morocco,EMRO,312,1276176,0,16297,1259879
2023-09-17,MA,Morocco,EMRO,254,1276430,0,16297,1260133
2023-09-24,MA,Morocco,EMRO,205,1276635,0,16297,1260338
2023-10-01,MA,Morocco,EMRO,177,1276812,0,16297,1260515
2023-10-08,MA,Morocco,EMRO,138,1276950,0,16297,1260653
2023-10-15,MA,Morocco,EMRO,132,1277082,0,16297,1260785
2023-10-22,MA,Morocco,EMRO,136,1277218,0,16297,1260921
2023-10-29,MA,Morocco,EMRO,124,1277342,0,16297,1261045
2023-11-05,MA,Morocco,EMRO,0,1277342,0,16297,1261045
2023-11-12,MA,Morocco,EMRO,196,1277538,0,16297,1261241
2023-11-19,MA,Morocco,EMRO,104,1277642,0,16297,1261345
2023-11-26,MA,Morocco,EMRO,104,1277746,0,16297,1261449
2023-12-03,MA,Morocco,EMRO,116,1277862,1,16298,1261564
2023-12-10,MA,Morocco,EMRO,94,1277956,0,16298,1261658
2023-12-17,MA,Morocco,EMRO,99,1278055,0,16298,1261757
2023-12-24,MA,Morocco,EMRO,109,1278164,0,16298,1261866
2023-12-31,MA,Morocco,EMRO,105,1278269,2,16300,1261969
2024-01-07,MA,Morocco,EMRO,130,1278399,0,16300,1262099
2024-01-14,MA,Morocco,EMRO,113,1278512,1,16301,1262211
2024-01-21,MA,Morocco,EMRO,154,1278666,0,16301,1262365
2024-01-28,MA,Morocco,EMRO,86,1278752,0,16301,1262451
2024-02-04,MA,Morocco,EMRO,92,1278844,0,16301,1262543
2024-02-11,MA,Morocco,EMRO,100,1278944,1,16302,1262642
2024-02-18,MA,Morocco,EMRO,44,1278988,1,16303,1262685
2024-02-25,MA,Morocco,EMRO,46,1279034,0,16303,1262731
2024-03-03,MA,Morocco,EMRO,10,1279044,0,16303,1262741
2024-03-10,MA,Morocco,EMRO,4,1279048,0,16303,1262745
2024-03-17,MA,Morocco,EMRO,14,1279062,1,16304,1262758
2024-03-24,MA,Morocco,EMRO,11,1279073,0,16304,1262769
2024-03-31,MA,Morocco,EMRO,7,1279080,0,16304,1262776
2024-04-07,MA,Morocco,EMRO,4,1279084,0,16304,1262780
2024-04-14,MA,Morocco,EMRO,10,1279094,0,16304,1262790
2024-04-21,MA,Morocco,EMRO,11,1279105,1,16305,1262800
2024-04-28,MA,Morocco,EMRO,10,1279115,0,16305,1262810
2024-05-05,MA,Morocco,EMRO,0,1279115,0,16305,1262810
2024-05-12,MA,Morocco,EMRO,0,1279115,0,16305,1262810
2024-05-19,MA,Morocco,EMRO,0,1279115,0,16305,1262810
2024-05-26,MA,Morocco,EMRO,0,1279115,0,16305,1262810
2024-06-02,MA,Morocco,EMRO,0,1279115,0,16305,1262810
2024-06-09,MA,Morocco,EMRO,0,1279115,0,16305,1262810
2024-06-16,MA,Morocco,EMRO,0,1279115,0,16305,1262810
2024-06-23,MA,Morocco,EMRO,0,1279115,0,16305,1262810
2024-06-30,MA,Morocco,EMRO,0,1279115,0,16305,1262810
2024-07-07,MA,Morocco,EMRO,0,1279115,0,16305,1262810
2024-07-14,MA,Morocco,EMRO,0,1279115,0,16305,1262810
2024-07-21,MA,Morocco,EMRO,0,1279115,0,16305,1262810
2024-07-28,MA,Morocco,EMRO,0,1279115,0,16305,1262810
2024-08-04,MA,Morocco,EMRO,0,1279115,0,16305,1262810
2024-08-11,MA,Morocco,EMRO,0,1279115,0,16305,1262810
2024-08-18,MA,Morocco,EMRO,0,1279115,0,16305,1262810
2024-08-25,MA,Morocco,EMRO,0,1279115,0,16305,1262810
2024-09-01,MA,Morocco,EMRO,0,1279115,0,16305,1262810
2024-09-08,MA,Morocco,EMRO,0,1279115,0,16305,1262810
2024-09-15,MA,Morocco,EMRO,0,1279115,0,16305,1262810
2024-09-22,MA,Morocco,EMRO,0,1279115,0,16305,1262810
2024-09-29,MA,Morocco,EMRO,0,1279115,0,16305,1262810
2024-10-06,MA,Morocco,EMRO,0,1279115,0,16305,1262810
2024-10-13,MA,Morocco,EMRO,0,1279115,0,16305,1262810
2024-10-20,MA,Morocco,EMRO,0,1279115,0,16305,1262810
2024-10-27,MA,Morocco,EMRO,0,1279115,0,16305,1262810
2024-11-03,MA,Morocco,EMRO,0,1279115,0,16305,1262810
2024-11-10,MA,Morocco,EMRO,0,1279115,0,16305,1262810
2024-11-17,MA,Morocco,EMRO,0,1279115,0,16305,1262810
2020-01-05,MZ,Mozambique,AFRO,0,0,0,0,0
2020-01-12,MZ,Mozambique,AFRO,0,0,0,0,0
2020-01-19,MZ,Mozambique,AFRO,0,0,0,0,0
2020-01-26,MZ,Mozambique,AFRO,0,0,0,0,0
2020-02-02,MZ,Mozambique,AFRO,0,0,0,0,0
2020-02-09,MZ,Mozambique,AFRO,0,0,0,0,0
2020-02-16,MZ,Mozambique,AFRO,0,0,0,0,0
2020-02-23,MZ,Mozambique,AFRO,0,0,0,0,0
2020-03-01,MZ,Mozambique,AFRO,0,0,0,0,0
2020-03-08,MZ,Mozambique,AFRO,0,0,0,0,0
2020-03-15,MZ,Mozambique,AFRO,0,0,0,0,0
2020-03-22,MZ,Mozambique,AFRO,0,0,0,0,0
2020-03-29,MZ,Mozambique,AFRO,8,8,0,0,8
2020-04-05,MZ,Mozambique,AFRO,2,10,0,0,10
2020-04-12,MZ,Mozambique,AFRO,10,20,0,0,20
2020-04-19,MZ,Mozambique,AFRO,15,35,0,0,35
2020-04-26,MZ,Mozambique,AFRO,35,70,0,0,70
2020-05-03,MZ,Mozambique,AFRO,10,80,0,0,80
2020-05-10,MZ,Mozambique,AFRO,7,87,0,0,87
2020-05-17,MZ,Mozambique,AFRO,42,129,0,0,129
2020-05-24,MZ,Mozambique,AFRO,39,168,0,0,168
2020-05-31,MZ,Mozambique,AFRO,76,244,2,2,242
2020-06-07,MZ,Mozambique,AFRO,167,411,0,2,409
2020-06-14,MZ,Mozambique,AFRO,142,553,0,2,551
2020-06-21,MZ,Mozambique,AFRO,135,688,2,4,684
2020-06-28,MZ,Mozambique,AFRO,151,839,1,5,834
2020-07-05,MZ,Mozambique,AFRO,130,969,2,7,962
2020-07-12,MZ,Mozambique,AFRO,166,1135,2,9,1126
2020-07-19,MZ,Mozambique,AFRO,300,1435,1,10,1425
2020-07-26,MZ,Mozambique,AFRO,181,1616,1,11,1605
2020-08-02,MZ,Mozambique,AFRO,291,1907,1,12,1895
2020-08-09,MZ,Mozambique,AFRO,334,2241,6,18,2223
2020-08-16,MZ,Mozambique,AFRO,550,2791,1,19,2772
2020-08-23,MZ,Mozambique,AFRO,513,3304,1,20,3284
2020-08-30,MZ,Mozambique,AFRO,456,3760,2,22,3738
2020-09-06,MZ,Mozambique,AFRO,581,4341,4,26,4315
2020-09-13,MZ,Mozambique,AFRO,699,5040,9,35,5005
2020-09-20,MZ,Mozambique,AFRO,1497,6537,6,41,6496
2020-09-27,MZ,Mozambique,AFRO,1220,7757,13,54,7703
2020-10-04,MZ,Mozambique,AFRO,1292,9049,10,64,8985
2020-10-11,MZ,Mozambique,AFRO,795,9844,7,71,9773
2020-10-18,MZ,Mozambique,AFRO,863,10707,3,74,10633
2020-10-25,MZ,Mozambique,AFRO,1188,11895,11,85,11810
2020-11-01,MZ,Mozambique,AFRO,974,12869,7,92,12777
2020-11-08,MZ,Mozambique,AFRO,708,13577,7,99,13478
2020-11-15,MZ,Mozambique,AFRO,763,14340,11,110,14230
2020-11-22,MZ,Mozambique,AFRO,641,14981,13,123,14858
2020-11-29,MZ,Mozambique,AFRO,605,15586,6,129,15457
2020-12-06,MZ,Mozambique,AFRO,547,16133,4,133,16000
2020-12-13,MZ,Mozambique,AFRO,679,16812,7,140,16672
2020-12-20,MZ,Mozambique,AFRO,665,17477,7,147,17330
2020-12-27,MZ,Mozambique,AFRO,685,18162,12,159,18003
2021-01-03,MZ,Mozambique,AFRO,806,18968,9,168,18800
2021-01-10,MZ,Mozambique,AFRO,2393,21361,19,187,21174
2021-01-17,MZ,Mozambique,AFRO,4501,25862,47,234,25628
2021-01-24,MZ,Mozambique,AFRO,5766,31628,63,297,31331
2021-01-31,MZ,Mozambique,AFRO,6077,37705,66,363,37342
2021-02-07,MZ,Mozambique,AFRO,6407,44112,88,451,43661
2021-02-14,MZ,Mozambique,AFRO,5339,49451,74,525,48926
2021-02-21,MZ,Mozambique,AFRO,5517,54968,62,587,54381
2021-02-28,MZ,Mozambique,AFRO,3804,58772,43,630,58142
2021-03-07,MZ,Mozambique,AFRO,3359,62131,56,686,61445
2021-03-14,MZ,Mozambique,AFRO,2165,64296,36,722,63574
2021-03-21,MZ,Mozambique,AFRO,1768,66064,24,746,65318
2021-03-28,MZ,Mozambique,AFRO,947,67011,16,762,66249
2021-04-04,MZ,Mozambique,AFRO,994,68005,20,782,67223
2021-04-11,MZ,Mozambique,AFRO,573,68578,7,789,67789
2021-04-18,MZ,Mozambique,AFRO,556,69134,9,798,68336
2021-04-25,MZ,Mozambique,AFRO,509,69643,9,807,68836
2021-05-02,MZ,Mozambique,AFRO,322,69965,7,814,69151
2021-05-09,MZ,Mozambique,AFRO,201,70166,7,821,69345
2021-05-16,MZ,Mozambique,AFRO,244,70410,5,826,69584
2021-05-23,MZ,Mozambique,AFRO,158,70568,5,831,69737
2021-05-30,MZ,Mozambique,AFRO,156,70724,5,836,69888
2021-06-06,MZ,Mozambique,AFRO,358,71082,1,837,70245
2021-06-13,MZ,Mozambique,AFRO,379,71461,3,840,70621
2021-06-20,MZ,Mozambique,AFRO,906,72367,7,847,71520
2021-06-27,MZ,Mozambique,AFRO,2337,74704,20,867,73837
2021-07-04,MZ,Mozambique,AFRO,4509,79213,30,897,78316
2021-07-11,MZ,Mozambique,AFRO,8722,87935,65,962,86973
2021-07-18,MZ,Mozambique,AFRO,10217,98152,137,1099,97053
2021-07-25,MZ,Mozambique,AFRO,10608,108760,158,1257,107503
2021-08-01,MZ,Mozambique,AFRO,13268,122028,177,1434,120594
2021-08-08,MZ,Mozambique,AFRO,9771,131799,166,1600,130199
2021-08-15,MZ,Mozambique,AFRO,6545,138344,107,1707,136637
2021-08-22,MZ,Mozambique,AFRO,4179,142523,78,1785,140738
2021-08-29,MZ,Mozambique,AFRO,3201,145724,57,1842,143882
2021-09-05,MZ,Mozambique,AFRO,2061,147785,35,1877,145908
2021-09-12,MZ,Mozambique,AFRO,1303,149088,15,1892,147196
2021-09-19,MZ,Mozambique,AFRO,893,149981,11,1903,148078
2021-09-26,MZ,Mozambique,AFRO,513,150494,6,1909,148585
2021-10-03,MZ,Mozambique,AFRO,296,150790,9,1918,148872
2021-10-10,MZ,Mozambique,AFRO,173,150963,4,1922,149041
2021-10-17,MZ,Mozambique,AFRO,134,151097,3,1925,149172
2021-10-24,MZ,Mozambique,AFRO,123,151220,3,1928,149292
2021-10-31,MZ,Mozambique,AFRO,68,151288,2,1930,149358
2021-11-07,MZ,Mozambique,AFRO,79,151367,4,1934,149433
2021-11-14,MZ,Mozambique,AFRO,55,151422,0,1934,149488
2021-11-21,MZ,Mozambique,AFRO,66,151488,2,1936,149552
2021-11-28,MZ,Mozambique,AFRO,32,151520,4,1940,149580
2021-12-05,MZ,Mozambique,AFRO,348,151868,1,1941,149927
2021-12-12,MZ,Mozambique,AFRO,1540,153408,1,1942,151466
2021-12-19,MZ,Mozambique,AFRO,5955,159363,8,1950,157413
2021-12-26,MZ,Mozambique,AFRO,5499,164862,10,1960,162902
2022-01-02,MZ,Mozambique,AFRO,26860,191722,52,2012,189710
2022-01-09,MZ,Mozambique,AFRO,17667,209389,65,2077,207312
2022-01-16,MZ,Mozambique,AFRO,9408,218797,46,2123,216674
2022-01-23,MZ,Mozambique,AFRO,3618,222415,30,2153,220262
2022-01-30,MZ,Mozambique,AFRO,1323,223738,14,2167,221571
2022-02-06,MZ,Mozambique,AFRO,571,224309,16,2183,222126
2022-02-13,MZ,Mozambique,AFRO,344,224653,6,2189,222464
2022-02-20,MZ,Mozambique,AFRO,229,224882,0,2189,222693
2022-02-27,MZ,Mozambique,AFRO,154,225036,3,2192,222844
2022-03-06,MZ,Mozambique,AFRO,99,225135,4,2196,222939
2022-03-13,MZ,Mozambique,AFRO,38,225173,2,2198,222975
2022-03-20,MZ,Mozambique,AFRO,33,225206,1,2199,223007
2022-03-27,MZ,Mozambique,AFRO,31,225237,1,2200,223037
2022-04-03,MZ,Mozambique,AFRO,27,225264,0,2200,223064
2022-04-10,MZ,Mozambique,AFRO,16,225280,0,2200,223080
2022-04-17,MZ,Mozambique,AFRO,43,225323,0,2200,223123
2022-04-24,MZ,Mozambique,AFRO,35,225358,1,2201,223157
2022-05-01,MZ,Mozambique,AFRO,29,225387,0,2201,223186
2022-05-08,MZ,Mozambique,AFRO,32,225419,0,2201,223218
2022-05-15,MZ,Mozambique,AFRO,74,225493,0,2201,223292
2022-05-22,MZ,Mozambique,AFRO,70,225563,0,2201,223362
2022-05-29,MZ,Mozambique,AFRO,138,225701,2,2203,223498
2022-06-05,MZ,Mozambique,AFRO,232,225933,1,2204,223729
2022-06-12,MZ,Mozambique,AFRO,392,226325,2,2206,224119
2022-06-19,MZ,Mozambique,AFRO,758,227083,3,2209,224874
2022-06-26,MZ,Mozambique,AFRO,444,227527,3,2212,225315
2022-07-03,MZ,Mozambique,AFRO,495,228022,0,2212,225810
2022-07-10,MZ,Mozambique,AFRO,617,228639,1,2213,226426
2022-07-17,MZ,Mozambique,AFRO,381,229020,2,2215,226805
2022-07-24,MZ,Mozambique,AFRO,331,229351,0,2215,227136
2022-07-31,MZ,Mozambique,AFRO,213,229564,0,2215,227349
2022-08-07,MZ,Mozambique,AFRO,132,229696,1,2216,227480
2022-08-14,MZ,Mozambique,AFRO,182,229878,3,2219,227659
2022-08-21,MZ,Mozambique,AFRO,114,229992,0,2219,227773
2022-08-28,MZ,Mozambique,AFRO,72,230064,1,2220,227844
2022-09-04,MZ,Mozambique,AFRO,61,230125,0,2220,227905
2022-09-11,MZ,Mozambique,AFRO,46,230171,2,2222,227949
2022-09-18,MZ,Mozambique,AFRO,48,230219,0,2222,227997
2022-09-25,MZ,Mozambique,AFRO,0,230219,0,2222,227997
2022-10-02,MZ,Mozambique,AFRO,93,230312,0,2222,228090
2022-10-09,MZ,Mozambique,AFRO,58,230370,2,2224,228146
2022-10-16,MZ,Mozambique,AFRO,31,230401,0,2224,228177
2022-10-23,MZ,Mozambique,AFRO,30,230431,0,2224,228207
2022-10-30,MZ,Mozambique,AFRO,44,230475,0,2224,228251
2022-11-06,MZ,Mozambique,AFRO,24,230499,0,2224,228275
2022-11-13,MZ,Mozambique,AFRO,44,230543,0,2224,228319
2022-11-20,MZ,Mozambique,AFRO,47,230590,0,2224,228366
2022-11-27,MZ,Mozambique,AFRO,34,230624,2,2226,228398
2022-12-04,MZ,Mozambique,AFRO,91,230715,0,2226,228489
2022-12-11,MZ,Mozambique,AFRO,101,230816,3,2229,228587
2022-12-18,MZ,Mozambique,AFRO,102,230918,0,2229,228689
2022-12-25,MZ,Mozambique,AFRO,52,230970,1,2230,228740
2023-01-01,MZ,Mozambique,AFRO,69,231039,2,2232,228807
2023-01-08,MZ,Mozambique,AFRO,180,231219,0,2232,228987
2023-01-15,MZ,Mozambique,AFRO,185,231404,0,2232,229172
2023-01-22,MZ,Mozambique,AFRO,590,231994,1,2233,229761
2023-01-29,MZ,Mozambique,AFRO,516,232510,3,2236,230274
2023-02-05,MZ,Mozambique,AFRO,309,232819,1,2237,230582
2023-02-12,MZ,Mozambique,AFRO,184,233003,2,2239,230764
2023-02-19,MZ,Mozambique,AFRO,95,233098,3,2242,230856
2023-02-26,MZ,Mozambique,AFRO,50,233148,0,2242,230906
2023-03-05,MZ,Mozambique,AFRO,66,233214,0,2242,230972
2023-03-12,MZ,Mozambique,AFRO,0,233214,0,2242,230972
2023-03-19,MZ,Mozambique,AFRO,0,233214,0,2242,230972
2023-03-26,MZ,Mozambique,AFRO,120,233334,0,2242,231092
2023-04-02,MZ,Mozambique,AFRO,9,233343,0,2242,231101
2023-04-09,MZ,Mozambique,AFRO,27,233370,0,2242,231128
2023-04-16,MZ,Mozambique,AFRO,12,233382,0,2242,231140
2023-04-23,MZ,Mozambique,AFRO,16,233398,0,2242,231156
2023-04-30,MZ,Mozambique,AFRO,19,233417,1,2243,231174
2023-05-07,MZ,Mozambique,AFRO,0,233417,0,2243,231174
2023-05-14,MZ,Mozambique,AFRO,0,233417,0,2243,231174
2023-05-21,MZ,Mozambique,AFRO,0,233417,0,2243,231174
2023-05-28,MZ,Mozambique,AFRO,0,233417,0,2243,231174
2023-06-04,MZ,Mozambique,AFRO,0,233417,0,2243,231174
2023-06-11,MZ,Mozambique,AFRO,0,233417,0,2243,231174
2023-06-18,MZ,Mozambique,AFRO,0,233417,0,2243,231174
2023-06-25,MZ,Mozambique,AFRO,0,233417,0,2243,231174
2023-07-02,MZ,Mozambique,AFRO,0,233417,0,2243,231174
2023-07-09,MZ,Mozambique,AFRO,0,233417,0,2243,231174
2023-07-16,MZ,Mozambique,AFRO,0,233417,0,2243,231174
2023-07-23,MZ,Mozambique,AFRO,0,233417,0,2243,231174
2023-07-30,MZ,Mozambique,AFRO,0,233417,0,2243,231174
2023-08-06,MZ,Mozambique,AFRO,0,233417,0,2243,231174
2023-08-13,MZ,Mozambique,AFRO,214,233631,6,2249,231382
2023-08-20,MZ,Mozambique,AFRO,3,233634,0,2249,231385
2023-08-27,MZ,Mozambique,AFRO,4,233638,0,2249,231389
2023-09-03,MZ,Mozambique,AFRO,4,233642,0,2249,231393
2023-09-10,MZ,Mozambique,AFRO,3,233645,0,2249,231396
2023-09-17,MZ,Mozambique,AFRO,4,233649,0,2249,231400
2023-09-24,MZ,Mozambique,AFRO,2,233651,0,2249,231402
2023-10-01,MZ,Mozambique,AFRO,1,233652,0,2249,231403
2023-10-08,MZ,Mozambique,AFRO,2,233654,0,2249,231405
2023-10-15,MZ,Mozambique,AFRO,4,233658,0,2249,231409
2023-10-22,MZ,Mozambique,AFRO,1,233659,0,2249,231410
2023-10-29,MZ,Mozambique,AFRO,3,233662,0,2249,231413
2023-11-05,MZ,Mozambique,AFRO,2,233664,1,2250,231414
2023-11-12,MZ,Mozambique,AFRO,4,233668,0,2250,231418
2023-11-19,MZ,Mozambique,AFRO,12,233680,0,2250,231430
2023-11-26,MZ,Mozambique,AFRO,31,233711,0,2250,231461
2023-12-03,MZ,Mozambique,AFRO,9,233720,0,2250,231470
2023-12-10,MZ,Mozambique,AFRO,11,233731,0,2250,231481
2023-12-17,MZ,Mozambique,AFRO,0,233731,0,2250,231481
2023-12-24,MZ,Mozambique,AFRO,0,233731,0,2250,231481
2023-12-31,MZ,Mozambique,AFRO,0,233731,0,2250,231481
2024-01-07,MZ,Mozambique,AFRO,0,233731,0,2250,231481
2024-01-14,MZ,Mozambique,AFRO,22,233753,1,2251,231502
2024-01-21,MZ,Mozambique,AFRO,6,233759,0,2251,231508
2024-01-28,MZ,Mozambique,AFRO,4,233763,1,2252,231511
2024-02-04,MZ,Mozambique,AFRO,1,233764,0,2252,231512
2024-02-11,MZ,Mozambique,AFRO,1,233765,0,2252,231513
2024-02-18,MZ,Mozambique,AFRO,0,233765,0,2252,231513
2024-02-25,MZ,Mozambique,AFRO,0,233765,0,2252,231513
2024-03-03,MZ,Mozambique,AFRO,0,233765,0,2252,231513
2024-03-10,MZ,Mozambique,AFRO,0,233765,0,2252,231513
2024-03-17,MZ,Mozambique,AFRO,7,233772,0,2252,231520
2024-03-24,MZ,Mozambique,AFRO,0,233772,0,2252,231520
2024-03-31,MZ,Mozambique,AFRO,0,233772,0,2252,231520
2024-04-07,MZ,Mozambique,AFRO,5,233777,0,2252,231525
2024-04-14,MZ,Mozambique,AFRO,3,233780,0,2252,231528
2024-04-21,MZ,Mozambique,AFRO,3,233783,0,2252,231531
2024-04-28,MZ,Mozambique,AFRO,9,233792,0,2252,231540
2024-05-05,MZ,Mozambique,AFRO,2,233794,0,2252,231542
2024-05-12,MZ,Mozambique,AFRO,9,233803,0,2252,231551
2024-05-19,MZ,Mozambique,AFRO,5,233808,0,2252,231556
2024-05-26,MZ,Mozambique,AFRO,3,233811,0,2252,231559
2024-06-02,MZ,Mozambique,AFRO,10,233821,0,2252,231569
2024-06-09,MZ,Mozambique,AFRO,4,233825,0,2252,231573
2024-06-16,MZ,Mozambique,AFRO,3,233828,0,2252,231576
2024-06-23,MZ,Mozambique,AFRO,0,233828,0,2252,231576
2024-06-30,MZ,Mozambique,AFRO,6,233834,0,2252,231582
2024-07-07,MZ,Mozambique,AFRO,1,233835,0,2252,231583
2024-07-14,MZ,Mozambique,AFRO,0,233835,0,2252,231583
2024-07-21,MZ,Mozambique,AFRO,6,233841,0,2252,231589
2024-07-28,MZ,Mozambique,AFRO,1,233842,0,2252,231590
2024-08-04,MZ,Mozambique,AFRO,1,233843,0,2252,231591
2024-08-11,MZ,Mozambique,AFRO,0,233843,0,2252,231591
2024-08-18,MZ,Mozambique,AFRO,0,233843,0,2252,231591
2024-08-25,MZ,Mozambique,AFRO,0,233843,0,2252,231591
2024-09-01,MZ,Mozambique,AFRO,0,233843,0,2252,231591
2024-09-08,MZ,Mozambique,AFRO,0,233843,0,2252,231591
2024-09-15,MZ,Mozambique,AFRO,0,233843,0,2252,231591
2024-09-22,MZ,Mozambique,AFRO,0,233843,0,2252,231591
2024-09-29,MZ,Mozambique,AFRO,0,233843,0,2252,231591
2024-10-06,MZ,Mozambique,AFRO,0,233843,0,2252,231591
2024-10-13,MZ,Mozambique,AFRO,2,233845,0,2252,231593
2024-10-20,MZ,Mozambique,AFRO,0,233845,0,2252,231593
2024-10-27,MZ,Mozambique,AFRO,0,233845,0,2252,231593
2024-11-03,MZ,Mozambique,AFRO,0,233845,0,2252,231593
2024-11-10,MZ,Mozambique,AFRO,0,233845,0,2252,231593
2024-11-17,MZ,Mozambique,AFRO,0,233845,0,2252,231593
2020-01-05,MM,Myanmar,SEARO,0,0,0,0,0
2020-01-12,MM,Myanmar,SEARO,0,0,0,0,0
2020-01-19,MM,Myanmar,SEARO,0,0,0,0,0
2020-01-26,MM,Myanmar,SEARO,0,0,0,0,0
2020-02-02,MM,Myanmar,SEARO,0,0,0,0,0
2020-02-09,MM,Myanmar,SEARO,0,0,0,0,0
2020-02-16,MM,Myanmar,SEARO,0,0,0,0,0
2020-02-23,MM,Myanmar,SEARO,0,0,0,0,0
2020-03-01,MM,Myanmar,SEARO,0,0,0,0,0
2020-03-08,MM,Myanmar,SEARO,0,0,0,0,0
2020-03-15,MM,Myanmar,SEARO,0,0,0,0,0
2020-03-22,MM,Myanmar,SEARO,0,0,0,0,0
2020-03-29,MM,Myanmar,SEARO,8,8,0,0,8
2020-04-05,MM,Myanmar,SEARO,13,21,1,1,20
2020-04-12,MM,Myanmar,SEARO,17,38,2,3,35
2020-04-19,MM,Myanmar,SEARO,69,107,2,5,102
2020-04-26,MM,Myanmar,SEARO,39,146,0,5,141
2020-05-03,MM,Myanmar,SEARO,5,151,1,6,145
2020-05-10,MM,Myanmar,SEARO,27,178,0,6,172
2020-05-17,MM,Myanmar,SEARO,6,184,0,6,178
2020-05-24,MM,Myanmar,SEARO,17,201,0,6,195
2020-05-31,MM,Myanmar,SEARO,23,224,0,6,218
2020-06-07,MM,Myanmar,SEARO,18,242,0,6,236
2020-06-14,MM,Myanmar,SEARO,19,261,0,6,255
2020-06-21,MM,Myanmar,SEARO,29,290,0,6,284
2020-06-28,MM,Myanmar,SEARO,9,299,0,6,293
2020-07-05,MM,Myanmar,SEARO,14,313,0,6,307
2020-07-12,MM,Myanmar,SEARO,18,331,0,6,325
2020-07-19,MM,Myanmar,SEARO,10,341,0,6,335
2020-07-26,MM,Myanmar,SEARO,9,350,0,6,344
2020-08-02,MM,Myanmar,SEARO,3,353,0,6,347
2020-08-09,MM,Myanmar,SEARO,7,360,0,6,354
2020-08-16,MM,Myanmar,SEARO,14,374,0,6,368
2020-08-23,MM,Myanmar,SEARO,70,444,0,6,438
2020-08-30,MM,Myanmar,SEARO,331,775,0,6,769
2020-09-06,MM,Myanmar,SEARO,644,1419,2,8,1411
2020-09-13,MM,Myanmar,SEARO,1513,2932,12,20,2912
2020-09-20,MM,Myanmar,SEARO,2331,5263,69,89,5174
2020-09-27,MM,Myanmar,SEARO,4728,9991,109,198,9793
2020-10-04,MM,Myanmar,SEARO,6512,16503,173,371,16132
2020-10-11,MM,Myanmar,SEARO,9561,26064,227,598,25466
2020-10-18,MM,Myanmar,SEARO,8811,34875,240,838,34037
2020-10-25,MM,Myanmar,SEARO,8913,43788,228,1066,42722
2020-11-01,MM,Myanmar,SEARO,8918,52706,171,1237,51469
2020-11-08,MM,Myanmar,SEARO,7642,60348,159,1396,58952
2020-11-15,MM,Myanmar,SEARO,7530,67878,156,1552,66326
2020-11-22,MM,Myanmar,SEARO,9970,77848,170,1722,76126
2020-11-29,MM,Myanmar,SEARO,10129,87977,165,1887,86090
2020-12-06,MM,Myanmar,SEARO,10070,98047,194,2081,95966
2020-12-13,MM,Myanmar,SEARO,9168,107215,164,2245,104970
2020-12-20,MM,Myanmar,SEARO,7972,115187,179,2424,112763
2020-12-27,MM,Myanmar,SEARO,6699,121886,177,2601,119285
2021-01-03,MM,Myanmar,SEARO,4459,126345,127,2728,123617
2021-01-10,MM,Myanmar,SEARO,4259,130604,118,2846,127758
2021-01-17,MM,Myanmar,SEARO,3714,134318,109,2955,131363
2021-01-24,MM,Myanmar,SEARO,3256,137574,107,3062,134512
2021-01-31,MM,Myanmar,SEARO,2571,140145,69,3131,137014
2021-02-07,MM,Myanmar,SEARO,1159,141304,37,3168,138136
2021-02-14,MM,Myanmar,SEARO,297,141601,21,3189,138412
2021-02-21,MM,Myanmar,SEARO,149,141750,7,3196,138554
2021-02-28,MM,Myanmar,SEARO,146,141896,3,3199,138697
2021-03-07,MM,Myanmar,SEARO,138,142034,1,3200,138834
2021-03-14,MM,Myanmar,SEARO,113,142147,2,3202,138945
2021-03-21,MM,Myanmar,SEARO,65,142212,2,3204,139008
2021-03-28,MM,Myanmar,SEARO,173,142385,2,3206,139179
2021-04-04,MM,Myanmar,SEARO,126,142511,0,3206,139305
2021-04-11,MM,Myanmar,SEARO,76,142587,0,3206,139381
2021-04-18,MM,Myanmar,SEARO,57,142644,0,3206,139438
2021-04-25,MM,Myanmar,SEARO,78,142722,1,3207,139515
2021-05-02,MM,Myanmar,SEARO,116,142838,2,3209,139629
2021-05-09,MM,Myanmar,SEARO,116,142954,1,3210,139744
2021-05-16,MM,Myanmar,SEARO,111,143065,2,3212,139853
2021-05-23,MM,Myanmar,SEARO,169,143234,4,3216,140018
2021-05-30,MM,Myanmar,SEARO,337,143571,0,3216,140355
2021-06-06,MM,Myanmar,SEARO,746,144317,9,3225,141092
2021-06-13,MM,Myanmar,SEARO,1286,145603,19,3244,142359
2021-06-20,MM,Myanmar,SEARO,2419,148022,18,3262,144760
2021-06-27,MM,Myanmar,SEARO,5138,153160,35,3297,149863
2021-07-04,MM,Myanmar,SEARO,12245,165405,122,3419,161986
2021-07-11,MM,Myanmar,SEARO,26808,192213,419,3838,188375
2021-07-18,MM,Myanmar,SEARO,37308,229521,1162,5000,224521
2021-07-25,MM,Myanmar,SEARO,40004,269525,2111,7111,262414
2021-08-01,MM,Myanmar,SEARO,33140,302665,2620,9731,292934
2021-08-08,MM,Myanmar,SEARO,26851,329516,2045,11776,317740
2021-08-15,MM,Myanmar,SEARO,24763,354279,1487,13263,341016
2021-08-22,MM,Myanmar,SEARO,19406,373685,1111,14374,359311
2021-08-29,MM,Myanmar,SEARO,18615,392300,809,15183,377117
2021-09-05,MM,Myanmar,SEARO,23116,415416,708,15891,399525
2021-09-12,MM,Myanmar,SEARO,16417,431833,639,16530,415303
2021-09-19,MM,Myanmar,SEARO,14740,446573,543,17073,429500
2021-09-26,MM,Myanmar,SEARO,11581,458154,454,17527,440627
2021-10-03,MM,Myanmar,SEARO,10309,468463,356,17883,450580
2021-10-10,MM,Myanmar,SEARO,10188,478651,251,18134,460517
2021-10-17,MM,Myanmar,SEARO,9202,487853,225,18359,469494
2021-10-24,MM,Myanmar,SEARO,6410,494263,179,18538,475725
2021-10-31,MM,Myanmar,SEARO,5810,500073,159,18697,481376
2021-11-07,MM,Myanmar,SEARO,6743,506816,124,18821,487995
2021-11-14,MM,Myanmar,SEARO,6446,513262,108,18929,494333
2021-11-21,MM,Myanmar,SEARO,4660,517922,96,19025,498897
2021-11-28,MM,Myanmar,SEARO,3639,521561,63,19088,502473
2021-12-05,MM,Myanmar,SEARO,2846,524407,53,19141,505266
2021-12-12,MM,Myanmar,SEARO,2254,526661,42,19183,507478
2021-12-19,MM,Myanmar,SEARO,1592,528253,37,19220,509033
2021-12-26,MM,Myanmar,SEARO,1360,529613,34,19254,510359
2022-01-02,MM,Myanmar,SEARO,1412,531025,20,19274,511751
2022-01-09,MM,Myanmar,SEARO,1037,532062,17,19291,512771
2022-01-16,MM,Myanmar,SEARO,1082,533144,11,19302,513842
2022-01-23,MM,Myanmar,SEARO,927,534071,8,19310,514761
2022-01-30,MM,Myanmar,SEARO,1183,535254,0,19310,515944
2022-02-06,MM,Myanmar,SEARO,2647,537901,0,19310,518591
2022-02-13,MM,Myanmar,SEARO,8870,546771,0,19310,527461
2022-02-20,MM,Myanmar,SEARO,18896,565667,21,19331,546336
2022-02-27,MM,Myanmar,SEARO,20531,586198,34,19365,566833
2022-03-06,MM,Myanmar,SEARO,12248,598446,24,19389,579057
2022-03-13,MM,Myanmar,SEARO,6901,605347,20,19409,585938
2022-03-20,MM,Myanmar,SEARO,3643,608990,16,19425,589565
2022-03-27,MM,Myanmar,SEARO,1868,610858,5,19430,591428
2022-04-03,MM,Myanmar,SEARO,1017,611875,3,19433,592442
2022-04-10,MM,Myanmar,SEARO,466,612341,1,19434,592907
2022-04-17,MM,Myanmar,SEARO,224,612565,0,19434,593131
2022-04-24,MM,Myanmar,SEARO,184,612749,0,19434,593315
2022-05-01,MM,Myanmar,SEARO,151,612900,0,19434,593466
2022-05-08,MM,Myanmar,SEARO,153,613053,0,19434,593619
2022-05-15,MM,Myanmar,SEARO,87,613140,0,19434,593706
2022-05-22,MM,Myanmar,SEARO,82,613222,0,19434,593788
2022-05-29,MM,Myanmar,SEARO,93,613315,0,19434,593881
2022-06-05,MM,Myanmar,SEARO,67,613382,0,19434,593948
2022-06-12,MM,Myanmar,SEARO,61,613443,0,19434,594009
2022-06-19,MM,Myanmar,SEARO,47,613490,0,19434,594056
2022-06-26,MM,Myanmar,SEARO,66,613556,0,19434,594122
2022-07-03,MM,Myanmar,SEARO,92,613648,0,19434,594214
2022-07-10,MM,Myanmar,SEARO,88,613736,0,19434,594302
2022-07-17,MM,Myanmar,SEARO,80,613816,0,19434,594382
2022-07-24,MM,Myanmar,SEARO,135,613951,0,19434,594517
2022-07-31,MM,Myanmar,SEARO,141,614092,0,19434,594658
2022-08-07,MM,Myanmar,SEARO,106,614198,0,19434,594764
2022-08-14,MM,Myanmar,SEARO,191,614389,1,19435,594954
2022-08-21,MM,Myanmar,SEARO,265,614654,2,19437,595217
2022-08-28,MM,Myanmar,SEARO,308,614962,0,19437,595525
2022-09-04,MM,Myanmar,SEARO,597,615559,3,19440,596119
2022-09-11,MM,Myanmar,SEARO,1293,616852,2,19442,597410
2022-09-18,MM,Myanmar,SEARO,2046,618898,4,19446,599452
2022-09-25,MM,Myanmar,SEARO,2504,621402,9,19455,601947
2022-10-02,MM,Myanmar,SEARO,2512,623914,6,19461,604453
2022-10-09,MM,Myanmar,SEARO,2544,626458,6,19467,606991
2022-10-16,MM,Myanmar,SEARO,2119,628577,3,19470,609107
2022-10-23,MM,Myanmar,SEARO,2026,630603,6,19476,611127
2022-10-30,MM,Myanmar,SEARO,1022,631625,6,19482,612143
2022-11-06,MM,Myanmar,SEARO,649,632274,3,19485,612789
2022-11-13,MM,Myanmar,SEARO,405,632679,1,19486,613193
2022-11-20,MM,Myanmar,SEARO,326,633005,1,19487,613518
2022-11-27,MM,Myanmar,SEARO,162,633167,1,19488,613679
2022-12-04,MM,Myanmar,SEARO,151,633318,0,19488,613830
2022-12-11,MM,Myanmar,SEARO,139,633457,0,19488,613969
2022-12-18,MM,Myanmar,SEARO,98,633555,0,19488,614067
2022-12-25,MM,Myanmar,SEARO,57,633612,2,19490,614122
2023-01-01,MM,Myanmar,SEARO,73,633685,0,19490,614195
2023-01-08,MM,Myanmar,SEARO,32,633717,0,19490,614227
2023-01-15,MM,Myanmar,SEARO,33,633750,0,19490,614260
2023-01-22,MM,Myanmar,SEARO,51,633801,0,19490,614311
2023-01-29,MM,Myanmar,SEARO,18,633819,0,19490,614329
2023-02-05,MM,Myanmar,SEARO,23,633842,0,19490,614352
2023-02-12,MM,Myanmar,SEARO,24,633866,0,19490,614376
2023-02-19,MM,Myanmar,SEARO,35,633901,0,19490,614411
2023-02-26,MM,Myanmar,SEARO,10,633911,0,19490,614421
2023-03-05,MM,Myanmar,SEARO,35,633946,0,19490,614456
2023-03-12,MM,Myanmar,SEARO,9,633955,0,19490,614465
2023-03-19,MM,Myanmar,SEARO,37,633992,0,19490,614502
2023-03-26,MM,Myanmar,SEARO,81,634073,0,19490,614583
2023-04-02,MM,Myanmar,SEARO,12,634085,0,19490,614595
2023-04-09,MM,Myanmar,SEARO,13,634098,0,19490,614608
2023-04-16,MM,Myanmar,SEARO,62,634160,0,19490,614670
2023-04-23,MM,Myanmar,SEARO,189,634349,0,19490,614859
2023-04-30,MM,Myanmar,SEARO,528,634877,2,19492,615385
2023-05-07,MM,Myanmar,SEARO,1154,636031,0,19492,616539
2023-05-14,MM,Myanmar,SEARO,1218,637249,2,19494,617755
2023-05-21,MM,Myanmar,SEARO,785,638034,0,19494,618540
2023-05-28,MM,Myanmar,SEARO,634,638668,0,19494,619174
2023-06-04,MM,Myanmar,SEARO,507,639175,0,19494,619681
2023-06-11,MM,Myanmar,SEARO,487,639662,0,19494,620168
2023-06-18,MM,Myanmar,SEARO,387,640049,0,19494,620555
2023-06-25,MM,Myanmar,SEARO,253,640302,0,19494,620808
2023-07-02,MM,Myanmar,SEARO,194,640496,0,19494,621002
2023-07-09,MM,Myanmar,SEARO,263,640759,0,19494,621265
2023-07-16,MM,Myanmar,SEARO,127,640886,0,19494,621392
2023-07-23,MM,Myanmar,SEARO,91,640977,0,19494,621483
2023-07-30,MM,Myanmar,SEARO,79,641056,0,19494,621562
2023-08-06,MM,Myanmar,SEARO,34,641090,0,19494,621596
2023-08-13,MM,Myanmar,SEARO,41,641131,0,19494,621637
2023-08-20,MM,Myanmar,SEARO,17,641148,0,19494,621654
2023-08-27,MM,Myanmar,SEARO,19,641167,0,19494,621673
2023-09-03,MM,Myanmar,SEARO,21,641188,0,19494,621694
2023-09-10,MM,Myanmar,SEARO,26,641214,0,19494,621720
2023-09-17,MM,Myanmar,SEARO,11,641225,0,19494,621731
2023-09-24,MM,Myanmar,SEARO,28,641253,0,19494,621759
2023-10-01,MM,Myanmar,SEARO,27,641280,0,19494,621786
2023-10-08,MM,Myanmar,SEARO,27,641307,0,19494,621813
2023-10-15,MM,Myanmar,SEARO,17,641324,0,19494,621830
2023-10-22,MM,Myanmar,SEARO,11,641335,0,19494,621841
2023-10-29,MM,Myanmar,SEARO,6,641341,0,19494,621847
2023-11-05,MM,Myanmar,SEARO,15,641356,0,19494,621862
2023-11-12,MM,Myanmar,SEARO,10,641366,0,19494,621872
2023-11-19,MM,Myanmar,SEARO,8,641374,0,19494,621880
2023-11-26,MM,Myanmar,SEARO,2,641376,0,19494,621882
2023-12-03,MM,Myanmar,SEARO,7,641383,0,19494,621889
2023-12-10,MM,Myanmar,SEARO,3,641386,0,19494,621892
2023-12-17,MM,Myanmar,SEARO,7,641393,0,19494,621899
2023-12-24,MM,Myanmar,SEARO,29,641422,0,19494,621928
2023-12-31,MM,Myanmar,SEARO,26,641448,0,19494,621954
2024-01-07,MM,Myanmar,SEARO,48,641496,0,19494,622002
2024-01-14,MM,Myanmar,SEARO,54,641550,0,19494,622056
2024-01-21,MM,Myanmar,SEARO,64,641614,0,19494,622120
2024-01-28,MM,Myanmar,SEARO,73,641687,0,19494,622193
2024-02-04,MM,Myanmar,SEARO,43,641730,0,19494,622236
2024-02-11,MM,Myanmar,SEARO,26,641756,0,19494,622262
2024-02-18,MM,Myanmar,SEARO,19,641775,0,19494,622281
2024-02-25,MM,Myanmar,SEARO,31,641806,0,19494,622312
2024-03-03,MM,Myanmar,SEARO,31,641837,0,19494,622343
2024-03-10,MM,Myanmar,SEARO,36,641873,0,19494,622379
2024-03-17,MM,Myanmar,SEARO,22,641895,0,19494,622401
2024-03-24,MM,Myanmar,SEARO,28,641923,0,19494,622429
2024-03-31,MM,Myanmar,SEARO,28,641951,0,19494,622457
2024-04-07,MM,Myanmar,SEARO,39,641990,0,19494,622496
2024-04-14,MM,Myanmar,SEARO,23,642013,0,19494,622519
2024-04-21,MM,Myanmar,SEARO,31,642044,0,19494,622550
2024-04-28,MM,Myanmar,SEARO,48,642092,0,19494,622598
2024-05-05,MM,Myanmar,SEARO,46,642138,0,19494,622644
2024-05-12,MM,Myanmar,SEARO,91,642229,0,19494,622735
2024-05-19,MM,Myanmar,SEARO,110,642339,0,19494,622845
2024-05-26,MM,Myanmar,SEARO,74,642413,0,19494,622919
2024-06-02,MM,Myanmar,SEARO,69,642482,0,19494,622988
2024-06-09,MM,Myanmar,SEARO,63,642545,0,19494,623051
2024-06-16,MM,Myanmar,SEARO,73,642618,0,19494,623124
2024-06-23,MM,Myanmar,SEARO,66,642684,0,19494,623190
2024-06-30,MM,Myanmar,SEARO,49,642733,0,19494,623239
2024-07-07,MM,Myanmar,SEARO,45,642778,0,19494,623284
2024-07-14,MM,Myanmar,SEARO,41,642819,0,19494,623325
2024-07-21,MM,Myanmar,SEARO,20,642839,0,19494,623345
2024-07-28,MM,Myanmar,SEARO,20,642859,0,19494,623365
2024-08-04,MM,Myanmar,SEARO,26,642885,0,19494,623391
2024-08-11,MM,Myanmar,SEARO,17,642902,0,19494,623408
2024-08-18,MM,Myanmar,SEARO,22,642924,0,19494,623430
2024-08-25,MM,Myanmar,SEARO,38,642962,0,19494,623468
2024-09-01,MM,Myanmar,SEARO,28,642990,0,19494,623496
2024-09-08,MM,Myanmar,SEARO,59,643049,0,19494,623555
2024-09-15,MM,Myanmar,SEARO,44,643093,0,19494,623599
2024-09-22,MM,Myanmar,SEARO,40,643133,0,19494,623639
2024-09-29,MM,Myanmar,SEARO,22,643155,0,19494,623661
2024-10-06,MM,Myanmar,SEARO,25,643180,0,19494,623686
2024-10-13,MM,Myanmar,SEARO,16,643196,0,19494,623702
2024-10-20,MM,Myanmar,SEARO,13,643209,0,19494,623715
2024-10-27,MM,Myanmar,SEARO,6,643215,0,19494,623721
2024-11-03,MM,Myanmar,SEARO,6,643221,0,19494,623727
2024-11-10,MM,Myanmar,SEARO,10,643231,0,19494,623737
2024-11-17,MM,Myanmar,SEARO,1,643232,0,19494,623738
2020-01-05,,Namibia,AFRO,0,0,0,0,0
2020-01-12,,Namibia,AFRO,0,0,0,0,0
2020-01-19,,Namibia,AFRO,0,0,0,0,0
2020-01-26,,Namibia,AFRO,0,0,0,0,0
2020-02-02,,Namibia,AFRO,0,0,0,0,0
2020-02-09,,Namibia,AFRO,0,0,0,0,0
2020-02-16,,Namibia,AFRO,0,0,0,0,0
2020-02-23,,Namibia,AFRO,0,0,0,0,0
2020-03-01,,Namibia,AFRO,0,0,0,0,0
2020-03-08,,Namibia,AFRO,0,0,0,0,0
2020-03-15,,Namibia,AFRO,2,2,0,0,2
2020-03-22,,Namibia,AFRO,1,3,0,0,3
2020-03-29,,Namibia,AFRO,8,11,0,0,11
2020-04-05,,Namibia,AFRO,5,16,0,0,16
2020-04-12,,Namibia,AFRO,0,16,0,0,16
2020-04-19,,Namibia,AFRO,0,16,0,0,16
2020-04-26,,Namibia,AFRO,0,16,0,0,16
2020-05-03,,Namibia,AFRO,0,16,0,0,16
2020-05-10,,Namibia,AFRO,0,16,0,0,16
2020-05-17,,Namibia,AFRO,0,16,0,0,16
2020-05-24,,Namibia,AFRO,4,20,0,0,20
2020-05-31,,Namibia,AFRO,3,23,0,0,23
2020-06-07,,Namibia,AFRO,6,29,0,0,29
2020-06-14,,Namibia,AFRO,3,32,0,0,32
2020-06-21,,Namibia,AFRO,13,45,0,0,45
2020-06-28,,Namibia,AFRO,91,136,0,0,136
2020-07-05,,Namibia,AFRO,276,412,0,0,412
2020-07-12,,Namibia,AFRO,373,785,1,1,784
2020-07-19,,Namibia,AFRO,558,1343,3,4,1339
2020-07-26,,Namibia,AFRO,431,1774,3,7,1767
2020-08-02,,Namibia,AFRO,520,2294,3,10,2284
2020-08-09,,Namibia,AFRO,655,2949,8,18,2931
2020-08-16,,Namibia,AFRO,1205,4154,18,36,4118
2020-08-23,,Namibia,AFRO,1700,5854,18,54,5800
2020-08-30,,Namibia,AFRO,1511,7365,24,78,7287
2020-09-06,,Namibia,AFRO,1320,8685,12,90,8595
2020-09-13,,Namibia,AFRO,1034,9719,17,107,9612
2020-09-20,,Namibia,AFRO,658,10377,20,127,10250
2020-09-27,,Namibia,AFRO,656,11033,3,130,10903
2020-10-04,,Namibia,AFRO,593,11626,5,135,11491
2020-10-11,,Namibia,AFRO,310,11936,3,138,11798
2020-10-18,,Namibia,AFRO,357,12293,3,141,12152
2020-10-25,,Namibia,AFRO,367,12660,1,142,12518
2020-11-01,,Namibia,AFRO,328,12988,0,142,12846
2020-11-08,,Namibia,AFRO,223,13211,2,144,13067
2020-11-15,,Namibia,AFRO,297,13508,4,148,13360
2020-11-22,,Namibia,AFRO,357,13865,6,154,13711
2020-11-29,,Namibia,AFRO,480,14345,7,161,14184
2020-12-06,,Namibia,AFRO,733,15078,3,164,14914
2020-12-13,,Namibia,AFRO,1458,16536,7,171,16365
2020-12-20,,Namibia,AFRO,2178,18714,9,180,18534
2020-12-27,,Namibia,AFRO,3209,21923,15,195,21728
2021-01-03,,Namibia,AFRO,3184,25107,21,216,24891
2021-01-10,,Namibia,AFRO,3152,28259,40,256,28003
2021-01-17,,Namibia,AFRO,1939,30198,28,284,29914
2021-01-24,,Namibia,AFRO,2213,32411,47,331,32080
2021-01-31,,Namibia,AFRO,1529,33940,27,358,33582
2021-02-07,,Namibia,AFRO,1034,34974,21,379,34595
2021-02-14,,Namibia,AFRO,978,35952,16,395,35557
2021-02-21,,Namibia,AFRO,1531,37483,14,409,37074
2021-02-28,,Namibia,AFRO,1364,38847,13,422,38425
2021-03-07,,Namibia,AFRO,1183,40030,34,456,39574
2021-03-14,,Namibia,AFRO,1170,41200,15,471,40729
2021-03-21,,Namibia,AFRO,1277,42477,28,499,41978
2021-03-28,,Namibia,AFRO,1155,43632,13,512,43120
2021-04-04,,Namibia,AFRO,1158,44790,25,537,44253
2021-04-11,,Namibia,AFRO,737,45527,33,570,44957
2021-04-18,,Namibia,AFRO,1128,46655,34,604,46051
2021-04-25,,Namibia,AFRO,1121,47776,21,625,47151
2021-05-02,,Namibia,AFRO,1223,48999,27,652,48347
2021-05-09,,Namibia,AFRO,1071,50070,37,689,49381
2021-05-16,,Namibia,AFRO,1148,51218,29,718,50500
2021-05-23,,Namibia,AFRO,1728,52946,47,765,52181
2021-05-30,,Namibia,AFRO,2195,55141,59,824,54317
2021-06-06,,Namibia,AFRO,3566,58707,88,912,57795
2021-06-13,,Namibia,AFRO,6382,65089,83,995,64094
2021-06-20,,Namibia,AFRO,9593,74682,169,1164,73518
2021-06-27,,Namibia,AFRO,11967,86649,281,1445,85204
2021-07-04,,Namibia,AFRO,10438,97087,217,1662,95425
2021-07-11,,Namibia,AFRO,9792,106879,357,2019,104860
2021-07-18,,Namibia,AFRO,5945,112824,513,2532,110292
2021-07-25,,Namibia,AFRO,4140,116964,302,2834,114130
2021-08-01,,Namibia,AFRO,2478,119442,230,3064,116378
2021-08-08,,Namibia,AFRO,1761,121203,132,3196,118007
2021-08-15,,Namibia,AFRO,1342,122545,89,3285,119260
2021-08-22,,Namibia,AFRO,1316,123861,60,3345,120516
2021-08-29,,Namibia,AFRO,1039,124900,27,3372,121528
2021-09-05,,Namibia,AFRO,759,125659,40,3412,122247
2021-09-12,,Namibia,AFRO,682,126341,24,3436,122905
2021-09-19,,Namibia,AFRO,559,126900,35,3471,123429
2021-09-26,,Namibia,AFRO,473,127373,23,3494,123879
2021-10-03,,Namibia,AFRO,489,127862,23,3517,124345
2021-10-10,,Namibia,AFRO,267,128129,10,3527,124602
2021-10-17,,Namibia,AFRO,224,128353,13,3540,124813
2021-10-24,,Namibia,AFRO,496,128849,10,3550,125299
2021-10-31,,Namibia,AFRO,89,128938,4,3554,125384
2021-11-07,,Namibia,AFRO,76,129014,9,3563,125451
2021-11-14,,Namibia,AFRO,46,129060,1,3564,125496
2021-11-21,,Namibia,AFRO,45,129105,5,3569,125536
2021-11-28,,Namibia,AFRO,55,129160,4,3573,125587
2021-12-05,,Namibia,AFRO,778,129938,1,3574,126364
2021-12-12,,Namibia,AFRO,3152,133090,3,3577,129513
2021-12-19,,Namibia,AFRO,6428,139518,6,3583,135935
2021-12-26,,Namibia,AFRO,6579,146097,28,3611,142486
2022-01-02,,Namibia,AFRO,3644,149741,45,3656,146085
2022-01-09,,Namibia,AFRO,3085,152826,70,3726,149100
2022-01-16,,Namibia,AFRO,1710,154536,97,3823,150713
2022-01-23,,Namibia,AFRO,821,155357,97,3920,151437
2022-01-30,,Namibia,AFRO,483,155840,47,3967,151873
2022-02-06,,Namibia,AFRO,531,156371,13,3980,152391
2022-02-13,,Namibia,AFRO,418,156789,15,3995,152794
2022-02-20,,Namibia,AFRO,221,157010,7,4002,153008
2022-02-27,,Namibia,AFRO,200,157210,5,4007,153203
2022-03-06,,Namibia,AFRO,128,157338,6,4013,153325
2022-03-13,,Namibia,AFRO,100,157438,1,4014,153424
2022-03-20,,Namibia,AFRO,85,157523,2,4016,153507
2022-03-27,,Namibia,AFRO,88,157611,3,4019,153592
2022-04-03,,Namibia,AFRO,146,157757,0,4019,153738
2022-04-10,,Namibia,AFRO,139,157896,2,4021,153875
2022-04-17,,Namibia,AFRO,190,158086,1,4022,154064
2022-04-24,,Namibia,AFRO,272,158358,3,4025,154333
2022-05-01,,Namibia,AFRO,453,158811,0,4025,154786
2022-05-08,,Namibia,AFRO,408,159219,2,4027,155192
2022-05-15,,Namibia,AFRO,966,160185,3,4030,156155
2022-05-22,,Namibia,AFRO,2036,162221,2,4032,158189
2022-05-29,,Namibia,AFRO,1167,163388,5,4037,159351
2022-06-05,,Namibia,AFRO,1257,164645,3,4040,160605
2022-06-12,,Namibia,AFRO,820,165465,9,4049,161416
2022-06-19,,Namibia,AFRO,318,165783,5,4054,161729
2022-06-26,,Namibia,AFRO,298,166081,7,4061,162020
2022-07-03,,Namibia,AFRO,126,166207,4,4065,162142
2022-07-10,,Namibia,AFRO,17,166224,3,4068,162156
2022-07-17,,Namibia,AFRO,159,166383,1,4069,162314
2022-07-24,,Namibia,AFRO,52,166435,2,4071,162364
2022-07-31,,Namibia,AFRO,69,166504,2,4073,162431
2022-08-07,,Namibia,AFRO,38,166542,0,4073,162469
2022-08-14,,Namibia,AFRO,56,166598,1,4074,162524
2022-08-21,,Namibia,AFRO,37,166635,3,4077,162558
2022-08-28,,Namibia,AFRO,21,166656,0,4077,162579
2022-09-04,,Namibia,AFRO,27,166683,0,4077,162606
2022-09-11,,Namibia,AFRO,5,166688,0,4077,162611
2022-09-18,,Namibia,AFRO,68,166756,3,4080,162676
2022-09-25,,Namibia,AFRO,16,166772,0,4080,162692
2022-10-02,,Namibia,AFRO,6,166778,0,4080,162698
2022-10-09,,Namibia,AFRO,16,166794,0,4080,162714
2022-10-16,,Namibia,AFRO,3088,169882,0,4080,165802
2022-10-23,,Namibia,AFRO,9,169891,0,4080,165811
2022-10-30,,Namibia,AFRO,43,169934,0,4080,165854
2022-11-06,,Namibia,AFRO,11,169945,0,4080,165865
2022-11-13,,Namibia,AFRO,16,169961,0,4080,165881
2022-11-20,,Namibia,AFRO,33,169994,0,4080,165914
2022-11-27,,Namibia,AFRO,40,170034,0,4080,165954
2022-12-04,,Namibia,AFRO,66,170100,0,4080,166020
2022-12-11,,Namibia,AFRO,64,170164,0,4080,166084
2022-12-18,,Namibia,AFRO,53,170217,2,4082,166135
2022-12-25,,Namibia,AFRO,61,170278,0,4082,166196
2023-01-01,,Namibia,AFRO,74,170352,0,4082,166270
2023-01-08,,Namibia,AFRO,61,170413,0,4082,166331
2023-01-15,,Namibia,AFRO,66,170479,1,4083,166396
2023-01-22,,Namibia,AFRO,119,170598,3,4086,166512
2023-01-29,,Namibia,AFRO,126,170724,2,4088,166636
2023-02-05,,Namibia,AFRO,149,170873,2,4090,166783
2023-02-12,,Namibia,AFRO,186,171059,0,4090,166969
2023-02-19,,Namibia,AFRO,62,171121,0,4090,167031
2023-02-26,,Namibia,AFRO,35,171156,0,4090,167066
2023-03-05,,Namibia,AFRO,26,171182,0,4090,167092
2023-03-12,,Namibia,AFRO,26,171208,0,4090,167118
2023-03-19,,Namibia,AFRO,14,171222,0,4090,167132
2023-03-26,,Namibia,AFRO,0,171222,0,4090,167132
2023-04-02,,Namibia,AFRO,0,171222,0,4090,167132
2023-04-09,,Namibia,AFRO,0,171222,0,4090,167132
2023-04-16,,Namibia,AFRO,0,171222,0,4090,167132
2023-04-23,,Namibia,AFRO,0,171222,0,4090,167132
2023-04-30,,Namibia,AFRO,88,171310,1,4091,167219
2023-05-07,,Namibia,AFRO,0,171310,0,4091,167219
2023-05-14,,Namibia,AFRO,0,171310,0,4091,167219
2023-05-21,,Namibia,AFRO,0,171310,0,4091,167219
2023-05-28,,Namibia,AFRO,0,171310,0,4091,167219
2023-06-04,,Namibia,AFRO,0,171310,0,4091,167219
2023-06-11,,Namibia,AFRO,0,171310,0,4091,167219
2023-06-18,,Namibia,AFRO,507,171817,3,4094,167723
2023-06-25,,Namibia,AFRO,77,171894,2,4096,167798
2023-07-02,,Namibia,AFRO,37,171931,1,4097,167834
2023-07-09,,Namibia,AFRO,35,171966,1,4098,167868
2023-07-16,,Namibia,AFRO,32,171998,0,4098,167900
2023-07-23,,Namibia,AFRO,0,171998,0,4098,167900
2023-07-30,,Namibia,AFRO,0,171998,0,4098,167900
2023-08-06,,Namibia,AFRO,0,171998,0,4098,167900
2023-08-13,,Namibia,AFRO,0,171998,0,4098,167900
2023-08-20,,Namibia,AFRO,0,171998,0,4098,167900
2023-08-27,,Namibia,AFRO,0,171998,0,4098,167900
2023-09-03,,Namibia,AFRO,0,171998,0,4098,167900
2023-09-10,,Namibia,AFRO,0,171998,0,4098,167900
2023-09-17,,Namibia,AFRO,113,172111,2,4100,168011
2023-09-24,,Namibia,AFRO,5,172116,0,4100,168016
2023-10-01,,Namibia,AFRO,0,172116,0,4100,168016
2023-10-08,,Namibia,AFRO,2,172118,0,4100,168018
2023-10-15,,Namibia,AFRO,3,172121,0,4100,168021
2023-10-22,,Namibia,AFRO,2,172123,0,4100,168023
2023-10-29,,Namibia,AFRO,9,172132,0,4100,168032
2023-11-05,,Namibia,AFRO,6,172138,0,4100,168038
2023-11-12,,Namibia,AFRO,13,172151,0,4100,168051
2023-11-19,,Namibia,AFRO,19,172170,2,4102,168068
2023-11-26,,Namibia,AFRO,19,172189,0,4102,168087
2023-12-03,,Namibia,AFRO,19,172208,1,4103,168105
2023-12-10,,Namibia,AFRO,13,172221,0,4103,168118
2023-12-17,,Namibia,AFRO,18,172239,0,4103,168136
2023-12-24,,Namibia,AFRO,0,172239,0,4103,168136
2023-12-31,,Namibia,AFRO,10,172249,0,4103,168146
2024-01-07,,Namibia,AFRO,3,172252,0,4103,168149
2024-01-14,,Namibia,AFRO,4,172256,0,4103,168153
2024-01-21,,Namibia,AFRO,10,172266,0,4103,168163
2024-01-28,,Namibia,AFRO,8,172274,0,4103,168171
2024-02-04,,Namibia,AFRO,6,172280,0,4103,168177
2024-02-11,,Namibia,AFRO,8,172288,0,4103,168185
2024-02-18,,Namibia,AFRO,35,172323,0,4103,168220
2024-02-25,,Namibia,AFRO,56,172379,2,4105,168274
2024-03-03,,Namibia,AFRO,10,172389,1,4106,168283
2024-03-10,,Namibia,AFRO,1,172390,0,4106,168284
2024-03-17,,Namibia,AFRO,9,172399,0,4106,168293
2024-03-24,,Namibia,AFRO,0,172399,0,4106,168293
2024-03-31,,Namibia,AFRO,1,172400,1,4107,168293
2024-04-07,,Namibia,AFRO,0,172400,0,4107,168293
2024-04-14,,Namibia,AFRO,3,172403,1,4108,168295
2024-04-21,,Namibia,AFRO,1,172404,0,4108,168296
2024-04-28,,Namibia,AFRO,0,172404,0,4108,168296
2024-05-05,,Namibia,AFRO,1,172405,0,4108,168297
2024-05-12,,Namibia,AFRO,1,172406,0,4108,168298
2024-05-19,,Namibia,AFRO,2,172408,0,4108,168300
2024-05-26,,Namibia,AFRO,3,172411,0,4108,168303
2024-06-02,,Namibia,AFRO,7,172418,0,4108,168310
2024-06-09,,Namibia,AFRO,39,172457,0,4108,168349
2024-06-16,,Namibia,AFRO,23,172480,0,4108,168372
2024-06-23,,Namibia,AFRO,20,172500,0,4108,168392
2024-06-30,,Namibia,AFRO,0,172500,0,4108,168392
2024-07-07,,Namibia,AFRO,0,172500,0,4108,168392
2024-07-14,,Namibia,AFRO,13,172513,0,4108,168405
2024-07-21,,Namibia,AFRO,13,172526,0,4108,168418
2024-07-28,,Namibia,AFRO,6,172532,0,4108,168424
2024-08-04,,Namibia,AFRO,1,172533,0,4108,168425
2024-08-11,,Namibia,AFRO,7,172540,0,4108,168432
2024-08-18,,Namibia,AFRO,9,172549,0,4108,168441
2024-08-25,,Namibia,AFRO,0,172549,2,4110,168439
2024-09-01,,Namibia,AFRO,6,172555,0,4110,168445
2024-09-08,,Namibia,AFRO,1,172556,0,4110,168446
2024-09-15,,Namibia,AFRO,0,172556,0,4110,168446
2024-09-22,,Namibia,AFRO,0,172556,0,4110,168446
2024-09-29,,Namibia,AFRO,0,172556,0,4110,168446
2024-10-06,,Namibia,AFRO,0,172556,0,4110,168446
2024-10-13,,Namibia,AFRO,0,172556,0,4110,168446
2024-10-20,,Namibia,AFRO,0,172556,0,4110,168446
2024-10-27,,Namibia,AFRO,0,172556,0,4110,168446
2024-11-03,,Namibia,AFRO,0,172556,0,4110,168446
2024-11-10,,Namibia,AFRO,0,172556,0,4110,168446
2024-11-17,,Namibia,AFRO,0,172556,0,4110,168446
2020-01-05,NR,Nauru,WPRO,0,0,0,0,0
2020-01-12,NR,Nauru,WPRO,0,0,0,0,0
2020-01-19,NR,Nauru,WPRO,0,0,0,0,0
2020-01-26,NR,Nauru,WPRO,0,0,0,0,0
2020-02-02,NR,Nauru,WPRO,0,0,0,0,0
2020-02-09,NR,Nauru,WPRO,0,0,0,0,0
2020-02-16,NR,Nauru,WPRO,0,0,0,0,0
2020-02-23,NR,Nauru,WPRO,0,0,0,0,0
2020-03-01,NR,Nauru,WPRO,0,0,0,0,0
2020-03-08,NR,Nauru,WPRO,0,0,0,0,0
2020-03-15,NR,Nauru,WPRO,0,0,0,0,0
2020-03-22,NR,Nauru,WPRO,0,0,0,0,0
2020-03-29,NR,Nauru,WPRO,0,0,0,0,0
2020-04-05,NR,Nauru,WPRO,0,0,0,0,0
2020-04-12,NR,Nauru,WPRO,0,0,0,0,0
2020-04-19,NR,Nauru,WPRO,0,0,0,0,0
2020-04-26,NR,Nauru,WPRO,0,0,0,0,0
2020-05-03,NR,Nauru,WPRO,0,0,0,0,0
2020-05-10,NR,Nauru,WPRO,0,0,0,0,0
2020-05-17,NR,Nauru,WPRO,0,0,0,0,0
2020-05-24,NR,Nauru,WPRO,0,0,0,0,0
2020-05-31,NR,Nauru,WPRO,0,0,0,0,0
2020-06-07,NR,Nauru,WPRO,0,0,0,0,0
2020-06-14,NR,Nauru,WPRO,0,0,0,0,0
2020-06-21,NR,Nauru,WPRO,0,0,0,0,0
2020-06-28,NR,Nauru,WPRO,0,0,0,0,0
2020-07-05,NR,Nauru,WPRO,0,0,0,0,0
2020-07-12,NR,Nauru,WPRO,0,0,0,0,0
2020-07-19,NR,Nauru,WPRO,0,0,0,0,0
2020-07-26,NR,Nauru,WPRO,0,0,0,0,0
2020-08-02,NR,Nauru,WPRO,0,0,0,0,0
2020-08-09,NR,Nauru,WPRO,0,0,0,0,0
2020-08-16,NR,Nauru,WPRO,0,0,0,0,0
2020-08-23,NR,Nauru,WPRO,0,0,0,0,0
2020-08-30,NR,Nauru,WPRO,0,0,0,0,0
2020-09-06,NR,Nauru,WPRO,0,0,0,0,0
2020-09-13,NR,Nauru,WPRO,0,0,0,0,0
2020-09-20,NR,Nauru,WPRO,0,0,0,0,0
2020-09-27,NR,Nauru,WPRO,0,0,0,0,0
2020-10-04,NR,Nauru,WPRO,0,0,0,0,0
2020-10-11,NR,Nauru,WPRO,0,0,0,0,0
2020-10-18,NR,Nauru,WPRO,0,0,0,0,0
2020-10-25,NR,Nauru,WPRO,0,0,0,0,0
2020-11-01,NR,Nauru,WPRO,0,0,0,0,0
2020-11-08,NR,Nauru,WPRO,0,0,0,0,0
2020-11-15,NR,Nauru,WPRO,0,0,0,0,0
2020-11-22,NR,Nauru,WPRO,0,0,0,0,0
2020-11-29,NR,Nauru,WPRO,0,0,0,0,0
2020-12-06,NR,Nauru,WPRO,0,0,0,0,0
2020-12-13,NR,Nauru,WPRO,0,0,0,0,0
2020-12-20,NR,Nauru,WPRO,0,0,0,0,0
2020-12-27,NR,Nauru,WPRO,0,0,0,0,0
2021-01-03,NR,Nauru,WPRO,0,0,0,0,0
2021-01-10,NR,Nauru,WPRO,0,0,0,0,0
2021-01-17,NR,Nauru,WPRO,0,0,0,0,0
2021-01-24,NR,Nauru,WPRO,0,0,0,0,0
2021-01-31,NR,Nauru,WPRO,0,0,0,0,0
2021-02-07,NR,Nauru,WPRO,0,0,0,0,0
2021-02-14,NR,Nauru,WPRO,0,0,0,0,0
2021-02-21,NR,Nauru,WPRO,0,0,0,0,0
2021-02-28,NR,Nauru,WPRO,0,0,0,0,0
2021-03-07,NR,Nauru,WPRO,0,0,0,0,0
2021-03-14,NR,Nauru,WPRO,0,0,0,0,0
2021-03-21,NR,Nauru,WPRO,0,0,0,0,0
2021-03-28,NR,Nauru,WPRO,0,0,0,0,0
2021-04-04,NR,Nauru,WPRO,0,0,0,0,0
2021-04-11,NR,Nauru,WPRO,0,0,0,0,0
2021-04-18,NR,Nauru,WPRO,0,0,0,0,0
2021-04-25,NR,Nauru,WPRO,0,0,0,0,0
2021-05-02,NR,Nauru,WPRO,0,0,0,0,0
2021-05-09,NR,Nauru,WPRO,0,0,0,0,0
2021-05-16,NR,Nauru,WPRO,0,0,0,0,0
2021-05-23,NR,Nauru,WPRO,0,0,0,0,0
2021-05-30,NR,Nauru,WPRO,0,0,0,0,0
2021-06-06,NR,Nauru,WPRO,0,0,0,0,0
2021-06-13,NR,Nauru,WPRO,0,0,0,0,0
2021-06-20,NR,Nauru,WPRO,0,0,0,0,0
2021-06-27,NR,Nauru,WPRO,0,0,0,0,0
2021-07-04,NR,Nauru,WPRO,0,0,0,0,0
2021-07-11,NR,Nauru,WPRO,0,0,0,0,0
2021-07-18,NR,Nauru,WPRO,0,0,0,0,0
2021-07-25,NR,Nauru,WPRO,0,0,0,0,0
2021-08-01,NR,Nauru,WPRO,0,0,0,0,0
2021-08-08,NR,Nauru,WPRO,0,0,0,0,0
2021-08-15,NR,Nauru,WPRO,0,0,0,0,0
2021-08-22,NR,Nauru,WPRO,0,0,0,0,0
2021-08-29,NR,Nauru,WPRO,0,0,0,0,0
2021-09-05,NR,Nauru,WPRO,0,0,0,0,0
2021-09-12,NR,Nauru,WPRO,0,0,0,0,0
2021-09-19,NR,Nauru,WPRO,0,0,0,0,0
2021-09-26,NR,Nauru,WPRO,0,0,0,0,0
2021-10-03,NR,Nauru,WPRO,0,0,0,0,0
2021-10-10,NR,Nauru,WPRO,0,0,0,0,0
2021-10-17,NR,Nauru,WPRO,0,0,0,0,0
2021-10-24,NR,Nauru,WPRO,0,0,0,0,0
2021-10-31,NR,Nauru,WPRO,0,0,0,0,0
2021-11-07,NR,Nauru,WPRO,0,0,0,0,0
2021-11-14,NR,Nauru,WPRO,0,0,0,0,0
2021-11-21,NR,Nauru,WPRO,0,0,0,0,0
2021-11-28,NR,Nauru,WPRO,0,0,0,0,0
2021-12-05,NR,Nauru,WPRO,0,0,0,0,0
2021-12-12,NR,Nauru,WPRO,0,0,0,0,0
2021-12-19,NR,Nauru,WPRO,0,0,0,0,0
2021-12-26,NR,Nauru,WPRO,0,0,0,0,0
2022-01-02,NR,Nauru,WPRO,0,0,0,0,0
2022-01-09,NR,Nauru,WPRO,0,0,0,0,0
2022-01-16,NR,Nauru,WPRO,0,0,0,0,0
2022-01-23,NR,Nauru,WPRO,0,0,0,0,0
2022-01-30,NR,Nauru,WPRO,0,0,0,0,0
2022-02-06,NR,Nauru,WPRO,0,0,0,0,0
2022-02-13,NR,Nauru,WPRO,0,0,0,0,0
2022-02-20,NR,Nauru,WPRO,0,0,0,0,0
2022-02-27,NR,Nauru,WPRO,0,0,0,0,0
2022-03-06,NR,Nauru,WPRO,0,0,0,0,0
2022-03-13,NR,Nauru,WPRO,0,0,0,0,0
2022-03-20,NR,Nauru,WPRO,0,0,0,0,0
2022-03-27,NR,Nauru,WPRO,0,0,0,0,0
2022-04-03,NR,Nauru,WPRO,2,2,0,0,2
2022-04-10,NR,Nauru,WPRO,1,3,0,0,3
2022-04-17,NR,Nauru,WPRO,0,3,0,0,3
2022-04-24,NR,Nauru,WPRO,0,3,0,0,3
2022-05-01,NR,Nauru,WPRO,0,3,0,0,3
2022-05-08,NR,Nauru,WPRO,0,3,0,0,3
2022-05-15,NR,Nauru,WPRO,0,3,0,0,3
2022-05-22,NR,Nauru,WPRO,0,3,0,0,3
2022-05-29,NR,Nauru,WPRO,0,3,0,0,3
2022-06-05,NR,Nauru,WPRO,0,3,0,0,3
2022-06-12,NR,Nauru,WPRO,0,3,0,0,3
2022-06-19,NR,Nauru,WPRO,347,350,0,0,350
2022-06-26,NR,Nauru,WPRO,2055,2405,0,0,2405
2022-07-03,NR,Nauru,WPRO,1565,3970,1,1,3969
2022-07-10,NR,Nauru,WPRO,365,4335,0,1,4334
2022-07-17,NR,Nauru,WPRO,0,4335,0,1,4334
2022-07-24,NR,Nauru,WPRO,67,4402,0,1,4401
2022-07-31,NR,Nauru,WPRO,5,4407,0,1,4406
2022-08-07,NR,Nauru,WPRO,2,4409,0,1,4408
2022-08-14,NR,Nauru,WPRO,196,4605,0,1,4604
2022-08-21,NR,Nauru,WPRO,5,4610,0,1,4609
2022-08-28,NR,Nauru,WPRO,0,4610,0,1,4609
2022-09-04,NR,Nauru,WPRO,0,4610,0,1,4609
2022-09-11,NR,Nauru,WPRO,0,4610,0,1,4609
2022-09-18,NR,Nauru,WPRO,0,4610,0,1,4609
2022-09-25,NR,Nauru,WPRO,0,4610,0,1,4609
2022-10-02,NR,Nauru,WPRO,0,4610,0,1,4609
2022-10-09,NR,Nauru,WPRO,0,4610,0,1,4609
2022-10-16,NR,Nauru,WPRO,0,4610,0,1,4609
2022-10-23,NR,Nauru,WPRO,0,4610,0,1,4609
2022-10-30,NR,Nauru,WPRO,0,4610,0,1,4609
2022-11-06,NR,Nauru,WPRO,0,4610,0,1,4609
2022-11-13,NR,Nauru,WPRO,8,4618,0,1,4617
2022-11-20,NR,Nauru,WPRO,3,4621,0,1,4620
2022-11-27,NR,Nauru,WPRO,0,4621,0,1,4620
2022-12-04,NR,Nauru,WPRO,0,4621,0,1,4620
2022-12-11,NR,Nauru,WPRO,0,4621,0,1,4620
2022-12-18,NR,Nauru,WPRO,0,4621,0,1,4620
2022-12-25,NR,Nauru,WPRO,0,4621,0,1,4620
2023-01-01,NR,Nauru,WPRO,0,4621,0,1,4620
2023-01-08,NR,Nauru,WPRO,0,4621,0,1,4620
2023-01-15,NR,Nauru,WPRO,0,4621,0,1,4620
2023-01-22,NR,Nauru,WPRO,0,4621,0,1,4620
2023-01-29,NR,Nauru,WPRO,67,4688,0,1,4687
2023-02-05,NR,Nauru,WPRO,0,4688,0,1,4687
2023-02-12,NR,Nauru,WPRO,127,4815,0,1,4814
2023-02-19,NR,Nauru,WPRO,306,5121,0,1,5120
2023-02-26,NR,Nauru,WPRO,126,5247,0,1,5246
2023-03-05,NR,Nauru,WPRO,37,5284,0,1,5283
2023-03-12,NR,Nauru,WPRO,72,5356,0,1,5355
2023-03-19,NR,Nauru,WPRO,37,5393,0,1,5392
2023-03-26,NR,Nauru,WPRO,0,5393,0,1,5392
2023-04-02,NR,Nauru,WPRO,0,5393,0,1,5392
2023-04-09,NR,Nauru,WPRO,0,5393,0,1,5392
2023-04-16,NR,Nauru,WPRO,0,5393,0,1,5392
2023-04-23,NR,Nauru,WPRO,0,5393,0,1,5392
2023-04-30,NR,Nauru,WPRO,0,5393,0,1,5392
2023-05-07,NR,Nauru,WPRO,0,5393,0,1,5392
2023-05-14,NR,Nauru,WPRO,0,5393,0,1,5392
2023-05-21,NR,Nauru,WPRO,0,5393,0,1,5392
2023-05-28,NR,Nauru,WPRO,0,5393,0,1,5392
2023-06-04,NR,Nauru,WPRO,0,5393,0,1,5392
2023-06-11,NR,Nauru,WPRO,0,5393,0,1,5392
2023-06-18,NR,Nauru,WPRO,0,5393,0,1,5392
2023-06-25,NR,Nauru,WPRO,0,5393,0,1,5392
2023-07-02,NR,Nauru,WPRO,0,5393,0,1,5392
2023-07-09,NR,Nauru,WPRO,0,5393,0,1,5392
2023-07-16,NR,Nauru,WPRO,0,5393,0,1,5392
2023-07-23,NR,Nauru,WPRO,0,5393,0,1,5392
2023-07-30,NR,Nauru,WPRO,0,5393,0,1,5392
2023-08-06,NR,Nauru,WPRO,0,5393,0,1,5392
2023-08-13,NR,Nauru,WPRO,0,5393,0,1,5392
2023-08-20,NR,Nauru,WPRO,0,5393,0,1,5392
2023-08-27,NR,Nauru,WPRO,0,5393,0,1,5392
2023-09-03,NR,Nauru,WPRO,0,5393,0,1,5392
2023-09-10,NR,Nauru,WPRO,0,5393,0,1,5392
2023-09-17,NR,Nauru,WPRO,0,5393,0,1,5392
2023-09-24,NR,Nauru,WPRO,0,5393,0,1,5392
2023-10-01,NR,Nauru,WPRO,0,5393,0,1,5392
2023-10-08,NR,Nauru,WPRO,0,5393,0,1,5392
2023-10-15,NR,Nauru,WPRO,0,5393,0,1,5392
2023-10-22,NR,Nauru,WPRO,0,5393,0,1,5392
2023-10-29,NR,Nauru,WPRO,0,5393,0,1,5392
2023-11-05,NR,Nauru,WPRO,0,5393,0,1,5392
2023-11-12,NR,Nauru,WPRO,0,5393,0,1,5392
2023-11-19,NR,Nauru,WPRO,0,5393,0,1,5392
2023-11-26,NR,Nauru,WPRO,0,5393,0,1,5392
2023-12-03,NR,Nauru,WPRO,0,5393,0,1,5392
2023-12-10,NR,Nauru,WPRO,0,5393,0,1,5392
2023-12-17,NR,Nauru,WPRO,0,5393,0,1,5392
2023-12-24,NR,Nauru,WPRO,0,5393,0,1,5392
2023-12-31,NR,Nauru,WPRO,0,5393,0,1,5392
2024-01-07,NR,Nauru,WPRO,0,5393,0,1,5392
2024-01-14,NR,Nauru,WPRO,0,5393,0,1,5392
2024-01-21,NR,Nauru,WPRO,0,5393,0,1,5392
2024-01-28,NR,Nauru,WPRO,0,5393,0,1,5392
2024-02-04,NR,Nauru,WPRO,0,5393,0,1,5392
2024-02-11,NR,Nauru,WPRO,0,5393,0,1,5392
2024-02-18,NR,Nauru,WPRO,0,5393,0,1,5392
2024-02-25,NR,Nauru,WPRO,0,5393,0,1,5392
2024-03-03,NR,Nauru,WPRO,0,5393,0,1,5392
2024-03-10,NR,Nauru,WPRO,0,5393,0,1,5392
2024-03-17,NR,Nauru,WPRO,0,5393,0,1,5392
2024-03-24,NR,Nauru,WPRO,0,5393,0,1,5392
2024-03-31,NR,Nauru,WPRO,0,5393,0,1,5392
2024-04-07,NR,Nauru,WPRO,0,5393,0,1,5392
2024-04-14,NR,Nauru,WPRO,0,5393,0,1,5392
2024-04-21,NR,Nauru,WPRO,0,5393,0,1,5392
2024-04-28,NR,Nauru,WPRO,0,5393,0,1,5392
2024-05-05,NR,Nauru,WPRO,0,5393,0,1,5392
2024-05-12,NR,Nauru,WPRO,0,5393,0,1,5392
2024-05-19,NR,Nauru,WPRO,0,5393,0,1,5392
2024-05-26,NR,Nauru,WPRO,0,5393,0,1,5392
2024-06-02,NR,Nauru,WPRO,0,5393,0,1,5392
2024-06-09,NR,Nauru,WPRO,0,5393,0,1,5392
2024-06-16,NR,Nauru,WPRO,0,5393,0,1,5392
2024-06-23,NR,Nauru,WPRO,0,5393,0,1,5392
2024-06-30,NR,Nauru,WPRO,0,5393,0,1,5392
2024-07-07,NR,Nauru,WPRO,0,5393,0,1,5392
2024-07-14,NR,Nauru,WPRO,0,5393,0,1,5392
2024-07-21,NR,Nauru,WPRO,0,5393,0,1,5392
2024-07-28,NR,Nauru,WPRO,0,5393,0,1,5392
2024-08-04,NR,Nauru,WPRO,0,5393,0,1,5392
2024-08-11,NR,Nauru,WPRO,0,5393,0,1,5392
2024-08-18,NR,Nauru,WPRO,0,5393,0,1,5392
2024-08-25,NR,Nauru,WPRO,0,5393,0,1,5392
2024-09-01,NR,Nauru,WPRO,0,5393,0,1,5392
2024-09-08,NR,Nauru,WPRO,0,5393,0,1,5392
2024-09-15,NR,Nauru,WPRO,0,5393,0,1,5392
2024-09-22,NR,Nauru,WPRO,0,5393,0,1,5392
2024-09-29,NR,Nauru,WPRO,0,5393,0,1,5392
2024-10-06,NR,Nauru,WPRO,0,5393,0,1,5392
2024-10-13,NR,Nauru,WPRO,0,5393,0,1,5392
2024-10-20,NR,Nauru,WPRO,0,5393,0,1,5392
2024-10-27,NR,Nauru,WPRO,0,5393,0,1,5392
2024-11-03,NR,Nauru,WPRO,0,5393,0,1,5392
2024-11-10,NR,Nauru,WPRO,0,5393,0,1,5392
2024-11-17,NR,Nauru,WPRO,0,5393,0,1,5392
2020-01-05,NP,Nepal,SEARO,0,0,0,0,0
2020-01-12,NP,Nepal,SEARO,0,0,0,0,0
2020-01-19,NP,Nepal,SEARO,0,0,0,0,0
2020-01-26,NP,Nepal,SEARO,5,5,0,0,5
2020-02-02,NP,Nepal,SEARO,0,5,0,0,5
2020-02-09,NP,Nepal,SEARO,0,5,0,0,5
2020-02-16,NP,Nepal,SEARO,0,5,0,0,5
2020-02-23,NP,Nepal,SEARO,0,5,0,0,5
2020-03-01,NP,Nepal,SEARO,0,5,0,0,5
2020-03-08,NP,Nepal,SEARO,0,5,0,0,5
2020-03-15,NP,Nepal,SEARO,0,5,0,0,5
2020-03-22,NP,Nepal,SEARO,0,5,0,0,5
2020-03-29,NP,Nepal,SEARO,0,5,0,0,5
2020-04-05,NP,Nepal,SEARO,4,9,0,0,9
2020-04-12,NP,Nepal,SEARO,3,12,0,0,12
2020-04-19,NP,Nepal,SEARO,19,31,0,0,31
2020-04-26,NP,Nepal,SEARO,20,51,0,0,51
2020-05-03,NP,Nepal,SEARO,24,75,0,0,75
2020-05-10,NP,Nepal,SEARO,35,110,0,0,110
2020-05-17,NP,Nepal,SEARO,185,295,2,2,293
2020-05-24,NP,Nepal,SEARO,308,603,1,3,600
2020-05-31,NP,Nepal,SEARO,969,1572,5,8,1564
2020-06-07,NP,Nepal,SEARO,1876,3448,6,14,3434
2020-06-14,NP,Nepal,SEARO,2312,5760,6,20,5740
2020-06-21,NP,Nepal,SEARO,3266,9026,4,24,9002
2020-06-28,NP,Nepal,SEARO,3746,12772,5,29,12743
2020-07-05,NP,Nepal,SEARO,3012,15784,7,36,15748
2020-07-12,NP,Nepal,SEARO,1017,16801,5,41,16760
2020-07-19,NP,Nepal,SEARO,857,17658,2,43,17615
2020-07-26,NP,Nepal,SEARO,955,18613,5,48,18565
2020-08-02,NP,Nepal,SEARO,1719,20332,13,61,20271
2020-08-09,NP,Nepal,SEARO,2640,22972,19,80,22892
2020-08-16,NP,Nepal,SEARO,3688,26660,34,114,26546
2020-08-23,NP,Nepal,SEARO,5275,31935,50,164,31771
2020-08-30,NP,Nepal,SEARO,6626,38561,80,244,38317
2020-09-06,NP,Nepal,SEARO,7696,46257,83,327,45930
2020-09-13,NP,Nepal,SEARO,7902,54159,63,390,53769
2020-09-20,NP,Nepal,SEARO,9963,64122,82,472,63650
2020-09-27,NP,Nepal,SEARO,9272,73394,89,561,72833
2020-10-04,NP,Nepal,SEARO,13429,86823,98,659,86164
2020-10-11,NP,Nepal,SEARO,20932,107755,157,816,106939
2020-10-18,NP,Nepal,SEARO,24491,132246,176,992,131254
2020-10-25,NP,Nepal,SEARO,25843,158089,219,1211,156878
2020-11-01,NP,Nepal,SEARO,15478,173567,221,1432,172135
2020-11-08,NP,Nepal,SEARO,20886,194453,230,1662,192791
2020-11-15,NP,Nepal,SEARO,15323,209776,207,1869,207907
2020-11-22,NP,Nepal,SEARO,10532,220308,166,2035,218273
2020-11-29,NP,Nepal,SEARO,11670,231978,216,2251,229727
2020-12-06,NP,Nepal,SEARO,9003,240981,168,2419,238562
2020-12-13,NP,Nepal,SEARO,7442,248423,140,2559,245864
2020-12-20,NP,Nepal,SEARO,5349,253772,104,2663,251109
2020-12-27,NP,Nepal,SEARO,4409,258181,57,2720,255461
2021-01-03,NP,Nepal,SEARO,3678,261859,65,2785,259074
2021-01-10,NP,Nepal,SEARO,2921,264780,56,2841,261939
2021-01-17,NP,Nepal,SEARO,2542,267322,51,2892,264430
2021-01-24,NP,Nepal,SEARO,2128,269450,42,2934,266516
2021-01-31,NP,Nepal,SEARO,1509,270959,28,2962,267997
2021-02-07,NP,Nepal,SEARO,966,271925,9,2971,268954
2021-02-14,NP,Nepal,SEARO,793,272718,16,2987,269731
2021-02-21,NP,Nepal,SEARO,713,273431,7,2994,270437
2021-02-28,NP,Nepal,SEARO,712,274143,13,3007,271136
2021-03-07,NP,Nepal,SEARO,578,274721,3,3010,271711
2021-03-14,NP,Nepal,SEARO,510,275231,4,3014,272217
2021-03-21,NP,Nepal,SEARO,675,275906,2,3016,272890
2021-03-28,NP,Nepal,SEARO,933,276839,11,3027,273812
2021-04-04,NP,Nepal,SEARO,1105,277944,5,3032,274912
2021-04-11,NP,Nepal,SEARO,2084,280028,8,3040,276988
2021-04-18,NP,Nepal,SEARO,4645,284673,43,3083,281590
2021-04-25,NP,Nepal,SEARO,15446,300119,81,3164,296955
2021-05-02,NP,Nepal,SEARO,35911,336030,161,3325,332705
2021-05-09,NP,Nepal,SEARO,58637,394667,395,3720,390947
2021-05-16,NP,Nepal,SEARO,60353,455020,1281,5001,450019
2021-05-23,NP,Nepal,SEARO,58221,513241,1345,6346,506895
2021-05-30,NP,Nepal,SEARO,43883,557124,926,7272,549852
2021-06-06,NP,Nepal,SEARO,31000,588124,626,7898,580226
2021-06-13,NP,Nepal,SEARO,20348,608472,514,8412,600060
2021-06-20,NP,Nepal,SEARO,12584,621056,314,8726,612330
2021-06-27,NP,Nepal,SEARO,12623,633679,283,9009,624670
2021-07-04,NP,Nepal,SEARO,10943,644622,216,9225,635397
2021-07-11,NP,Nepal,SEARO,10827,655449,157,9382,646067
2021-07-18,NP,Nepal,SEARO,11660,667109,168,9550,657559
2021-07-25,NP,Nepal,SEARO,13447,680556,163,9713,670843
2021-08-01,NP,Nepal,SEARO,16814,697370,162,9875,687495
2021-08-08,NP,Nepal,SEARO,17507,714877,218,10093,704784
2021-08-15,NP,Nepal,SEARO,17395,732272,199,10292,721980
2021-08-22,NP,Nepal,SEARO,15161,747433,217,10509,736924
2021-08-29,NP,Nepal,SEARO,11789,759222,205,10714,748508
2021-09-05,NP,Nepal,SEARO,10049,769271,124,10838,758433
2021-09-12,NP,Nepal,SEARO,7892,777163,111,10949,766214
2021-09-19,NP,Nepal,SEARO,7403,784566,91,11040,773526
2021-09-26,NP,Nepal,SEARO,6826,791392,56,11096,780296
2021-10-03,NP,Nepal,SEARO,5800,797192,68,11164,786028
2021-10-10,NP,Nepal,SEARO,5006,802198,67,11231,790967
2021-10-17,NP,Nepal,SEARO,2839,805037,53,11284,793753
2021-10-24,NP,Nepal,SEARO,4019,809056,64,11348,797708
2021-10-31,NP,Nepal,SEARO,3514,812570,59,11407,801163
2021-11-07,NP,Nepal,SEARO,1988,814558,41,11448,803110
2021-11-14,NP,Nepal,SEARO,2408,816966,29,11477,805489
2021-11-21,NP,Nepal,SEARO,2053,819019,19,11496,807523
2021-11-28,NP,Nepal,SEARO,1859,820878,27,11523,809355
2021-12-05,NP,Nepal,SEARO,1714,822592,18,11541,811051
2021-12-12,NP,Nepal,SEARO,1630,824222,13,11554,812668
2021-12-19,NP,Nepal,SEARO,1514,825736,19,11573,814163
2021-12-26,NP,Nepal,SEARO,1535,827271,12,11585,815686
2022-01-02,NP,Nepal,SEARO,1715,828986,11,11596,817390
2022-01-09,NP,Nepal,SEARO,3603,832589,8,11604,820985
2022-01-16,NP,Nepal,SEARO,21149,853738,16,11620,842118
2022-01-23,NP,Nepal,SEARO,56656,910394,35,11655,898739
2022-01-30,NP,Nepal,SEARO,40047,950441,80,11735,938706
2022-02-06,NP,Nepal,SEARO,15964,966405,79,11814,954591
2022-02-13,NP,Nepal,SEARO,6654,973059,78,11892,961167
2022-02-20,NP,Nepal,SEARO,2500,975559,29,11921,963638
2022-02-27,NP,Nepal,SEARO,1306,976865,14,11935,964930
2022-03-06,NP,Nepal,SEARO,636,977501,12,11947,965554
2022-03-13,NP,Nepal,SEARO,436,977937,3,11950,965987
2022-03-20,NP,Nepal,SEARO,218,978155,0,11950,966205
2022-03-27,NP,Nepal,SEARO,177,978332,1,11951,966381
2022-04-03,NP,Nepal,SEARO,143,978475,0,11951,966524
2022-04-10,NP,Nepal,SEARO,96,978571,0,11951,966620
2022-04-17,NP,Nepal,SEARO,94,978665,0,11951,966714
2022-04-24,NP,Nepal,SEARO,78,978743,0,11951,966792
2022-05-01,NP,Nepal,SEARO,85,978828,0,11951,966877
2022-05-08,NP,Nepal,SEARO,114,978942,1,11952,966990
2022-05-15,NP,Nepal,SEARO,56,978998,0,11952,967046
2022-05-22,NP,Nepal,SEARO,70,979068,0,11952,967116
2022-05-29,NP,Nepal,SEARO,59,979127,0,11952,967175
2022-06-05,NP,Nepal,SEARO,72,979199,0,11952,967247
2022-06-12,NP,Nepal,SEARO,63,979262,0,11952,967310
2022-06-19,NP,Nepal,SEARO,100,979362,0,11952,967410
2022-06-26,NP,Nepal,SEARO,171,979533,0,11952,967581
2022-07-03,NP,Nepal,SEARO,268,979801,0,11952,967849
2022-07-10,NP,Nepal,SEARO,516,980317,0,11952,968365
2022-07-17,NP,Nepal,SEARO,1091,981408,1,11953,969455
2022-07-24,NP,Nepal,SEARO,2214,983622,3,11956,971666
2022-07-31,NP,Nepal,SEARO,2974,986596,11,11967,974629
2022-08-07,NP,Nepal,SEARO,3531,990127,4,11971,978156
2022-08-14,NP,Nepal,SEARO,2905,993032,17,11988,981044
2022-08-21,NP,Nepal,SEARO,2209,995241,4,11992,983249
2022-08-28,NP,Nepal,SEARO,1593,996834,8,12000,984834
2022-09-04,NP,Nepal,SEARO,1034,997868,7,12007,985861
2022-09-11,NP,Nepal,SEARO,875,998743,7,12014,986729
2022-09-18,NP,Nepal,SEARO,498,999241,2,12016,987225
2022-09-25,NP,Nepal,SEARO,334,999575,1,12017,987558
2022-10-02,NP,Nepal,SEARO,214,999789,1,12018,987771
2022-10-09,NP,Nepal,SEARO,97,999886,0,12018,987868
2022-10-16,NP,Nepal,SEARO,265,1000151,0,12018,988133
2022-10-23,NP,Nepal,SEARO,304,1000455,0,12018,988437
2022-10-30,NP,Nepal,SEARO,95,1000550,1,12019,988531
2022-11-06,NP,Nepal,SEARO,184,1000734,0,12019,988715
2022-11-13,NP,Nepal,SEARO,72,1000806,0,12019,988787
2022-11-20,NP,Nepal,SEARO,45,1000851,0,12019,988832
2022-11-27,NP,Nepal,SEARO,27,1000878,0,12019,988859
2022-12-04,NP,Nepal,SEARO,31,1000909,0,12019,988890
2022-12-11,NP,Nepal,SEARO,23,1000932,0,12019,988913
2022-12-18,NP,Nepal,SEARO,14,1000946,0,12019,988927
2022-12-25,NP,Nepal,SEARO,20,1000966,0,12019,988947
2023-01-01,NP,Nepal,SEARO,36,1001002,0,12019,988983
2023-01-08,NP,Nepal,SEARO,20,1001022,1,12020,989002
2023-01-15,NP,Nepal,SEARO,29,1001051,0,12020,989031
2023-01-22,NP,Nepal,SEARO,25,1001076,0,12020,989056
2023-01-29,NP,Nepal,SEARO,20,1001096,0,12020,989076
2023-02-05,NP,Nepal,SEARO,10,1001106,0,12020,989086
2023-02-12,NP,Nepal,SEARO,9,1001115,0,12020,989095
2023-02-19,NP,Nepal,SEARO,18,1001133,0,12020,989113
2023-02-26,NP,Nepal,SEARO,7,1001140,0,12020,989120
2023-03-05,NP,Nepal,SEARO,9,1001149,0,12020,989129
2023-03-12,NP,Nepal,SEARO,15,1001164,0,12020,989144
2023-03-19,NP,Nepal,SEARO,18,1001182,0,12020,989162
2023-03-26,NP,Nepal,SEARO,41,1001223,0,12020,989203
2023-04-02,NP,Nepal,SEARO,198,1001421,0,12020,989401
2023-04-09,NP,Nepal,SEARO,379,1001800,0,12020,989780
2023-04-16,NP,Nepal,SEARO,378,1002178,2,12022,990156
2023-04-23,NP,Nepal,SEARO,420,1002598,5,12027,990571
2023-04-30,NP,Nepal,SEARO,365,1002963,3,12030,990933
2023-05-07,NP,Nepal,SEARO,127,1003090,1,12031,991059
2023-05-14,NP,Nepal,SEARO,132,1003222,0,12031,991191
2023-05-21,NP,Nepal,SEARO,72,1003294,0,12031,991263
2023-05-28,NP,Nepal,SEARO,33,1003327,0,12031,991296
2023-06-04,NP,Nepal,SEARO,16,1003343,0,12031,991312
2023-06-11,NP,Nepal,SEARO,10,1003353,0,12031,991322
2023-06-18,NP,Nepal,SEARO,8,1003361,0,12031,991330
2023-06-25,NP,Nepal,SEARO,4,1003365,0,12031,991334
2023-07-02,NP,Nepal,SEARO,3,1003368,0,12031,991337
2023-07-09,NP,Nepal,SEARO,1,1003369,0,12031,991338
2023-07-16,NP,Nepal,SEARO,1,1003370,0,12031,991339
2023-07-23,NP,Nepal,SEARO,3,1003373,0,12031,991342
2023-07-30,NP,Nepal,SEARO,9,1003382,0,12031,991351
2023-08-06,NP,Nepal,SEARO,6,1003388,0,12031,991357
2023-08-13,NP,Nepal,SEARO,6,1003394,0,12031,991363
2023-08-20,NP,Nepal,SEARO,12,1003406,0,12031,991375
2023-08-27,NP,Nepal,SEARO,10,1003416,0,12031,991385
2023-09-03,NP,Nepal,SEARO,5,1003421,0,12031,991390
2023-09-10,NP,Nepal,SEARO,3,1003424,0,12031,991393
2023-09-17,NP,Nepal,SEARO,7,1003431,0,12031,991400
2023-09-24,NP,Nepal,SEARO,7,1003438,0,12031,991407
2023-10-01,NP,Nepal,SEARO,3,1003441,0,12031,991410
2023-10-08,NP,Nepal,SEARO,3,1003444,0,12031,991413
2023-10-15,NP,Nepal,SEARO,3,1003447,0,12031,991416
2023-10-22,NP,Nepal,SEARO,3,1003450,0,12031,991419
2023-10-29,NP,Nepal,SEARO,0,1003450,0,12031,991419
2023-11-05,NP,Nepal,SEARO,0,1003450,0,12031,991419
2023-11-12,NP,Nepal,SEARO,0,1003450,0,12031,991419
2023-11-19,NP,Nepal,SEARO,0,1003450,0,12031,991419
2023-11-26,NP,Nepal,SEARO,0,1003450,0,12031,991419
2023-12-03,NP,Nepal,SEARO,0,1003450,0,12031,991419
2023-12-10,NP,Nepal,SEARO,0,1003450,0,12031,991419
2023-12-17,NP,Nepal,SEARO,0,1003450,0,12031,991419
2023-12-24,NP,Nepal,SEARO,0,1003450,0,12031,991419
2023-12-31,NP,Nepal,SEARO,0,1003450,0,12031,991419
2024-01-07,NP,Nepal,SEARO,0,1003450,0,12031,991419
2024-01-14,NP,Nepal,SEARO,0,1003450,0,12031,991419
2024-01-21,NP,Nepal,SEARO,0,1003450,0,12031,991419
2024-01-28,NP,Nepal,SEARO,0,1003450,0,12031,991419
2024-02-04,NP,Nepal,SEARO,0,1003450,0,12031,991419
2024-02-11,NP,Nepal,SEARO,0,1003450,0,12031,991419
2024-02-18,NP,Nepal,SEARO,0,1003450,0,12031,991419
2024-02-25,NP,Nepal,SEARO,0,1003450,0,12031,991419
2024-03-03,NP,Nepal,SEARO,0,1003450,0,12031,991419
2024-03-10,NP,Nepal,SEARO,0,1003450,0,12031,991419
2024-03-17,NP,Nepal,SEARO,0,1003450,0,12031,991419
2024-03-24,NP,Nepal,SEARO,0,1003450,0,12031,991419
2024-03-31,NP,Nepal,SEARO,0,1003450,0,12031,991419
2024-04-07,NP,Nepal,SEARO,0,1003450,0,12031,991419
2024-04-14,NP,Nepal,SEARO,0,1003450,0,12031,991419
2024-04-21,NP,Nepal,SEARO,0,1003450,0,12031,991419
2024-04-28,NP,Nepal,SEARO,0,1003450,0,12031,991419
2024-05-05,NP,Nepal,SEARO,0,1003450,0,12031,991419
2024-05-12,NP,Nepal,SEARO,0,1003450,0,12031,991419
2024-05-19,NP,Nepal,SEARO,0,1003450,0,12031,991419
2024-05-26,NP,Nepal,SEARO,0,1003450,0,12031,991419
2024-06-02,NP,Nepal,SEARO,0,1003450,0,12031,991419
2024-06-09,NP,Nepal,SEARO,0,1003450,0,12031,991419
2024-06-16,NP,Nepal,SEARO,0,1003450,0,12031,991419
2024-06-23,NP,Nepal,SEARO,0,1003450,0,12031,991419
2024-06-30,NP,Nepal,SEARO,0,1003450,0,12031,991419
2024-07-07,NP,Nepal,SEARO,0,1003450,0,12031,991419
2024-07-14,NP,Nepal,SEARO,0,1003450,0,12031,991419
2024-07-21,NP,Nepal,SEARO,0,1003450,0,12031,991419
2024-07-28,NP,Nepal,SEARO,0,1003450,0,12031,991419
2024-08-04,NP,Nepal,SEARO,0,1003450,0,12031,991419
2024-08-11,NP,Nepal,SEARO,0,1003450,0,12031,991419
2024-08-18,NP,Nepal,SEARO,0,1003450,0,12031,991419
2024-08-25,NP,Nepal,SEARO,0,1003450,0,12031,991419
2024-09-01,NP,Nepal,SEARO,0,1003450,0,12031,991419
2024-09-08,NP,Nepal,SEARO,0,1003450,0,12031,991419
2024-09-15,NP,Nepal,SEARO,0,1003450,0,12031,991419
2024-09-22,NP,Nepal,SEARO,0,1003450,0,12031,991419
2024-09-29,NP,Nepal,SEARO,0,1003450,0,12031,991419
2024-10-06,NP,Nepal,SEARO,0,1003450,0,12031,991419
2024-10-13,NP,Nepal,SEARO,0,1003450,0,12031,991419
2024-10-20,NP,Nepal,SEARO,0,1003450,0,12031,991419
2024-10-27,NP,Nepal,SEARO,0,1003450,0,12031,991419
2024-11-03,NP,Nepal,SEARO,0,1003450,0,12031,991419
2024-11-10,NP,Nepal,SEARO,0,1003450,0,12031,991419
2024-11-17,NP,Nepal,SEARO,0,1003450,0,12031,991419
2020-01-05,NL,Netherlands (Kingdom of the),EURO,0,0,0,0,0
2020-01-12,NL,Netherlands (Kingdom of the),EURO,0,0,0,0,0
2020-01-19,NL,Netherlands (Kingdom of the),EURO,0,0,0,0,0
2020-01-26,NL,Netherlands (Kingdom of the),EURO,0,0,0,0,0
2020-02-02,NL,Netherlands (Kingdom of the),EURO,0,0,0,0,0
2020-02-09,NL,Netherlands (Kingdom of the),EURO,0,0,0,0,0
2020-02-16,NL,Netherlands (Kingdom of the),EURO,0,0,0,0,0
2020-02-23,NL,Netherlands (Kingdom of the),EURO,0,0,0,0,0
2020-03-01,NL,Netherlands (Kingdom of the),EURO,19,19,0,0,19
2020-03-08,NL,Netherlands (Kingdom of the),EURO,311,330,4,4,326
2020-03-15,NL,Netherlands (Kingdom of the),EURO,1276,1606,36,40,1566
2020-03-22,NL,Netherlands (Kingdom of the),EURO,3775,5381,295,335,5046
2020-03-29,NL,Netherlands (Kingdom of the),EURO,6747,12128,797,1132,10996
2020-04-05,NL,Netherlands (Kingdom of the),EURO,7161,19289,1185,2317,16972
2020-04-12,NL,Netherlands (Kingdom of the),EURO,7951,27240,1040,3357,23883
2020-04-19,NL,Netherlands (Kingdom of the),EURO,6671,33911,886,4243,29668
2020-04-26,NL,Netherlands (Kingdom of the),EURO,4549,38460,705,4948,33512
2020-05-03,NL,Netherlands (Kingdom of the),EURO,2495,40955,426,5374,35581
2020-05-10,NL,Netherlands (Kingdom of the),EURO,1772,42727,295,5669,37058
2020-05-17,NL,Netherlands (Kingdom of the),EURO,1327,44054,174,5843,38211
2020-05-24,NL,Netherlands (Kingdom of the),EURO,1311,45365,120,5963,39402
2020-05-31,NL,Netherlands (Kingdom of the),EURO,1123,46488,91,6054,40434
2020-06-07,NL,Netherlands (Kingdom of the),EURO,1226,47714,56,6110,41604
2020-06-14,NL,Netherlands (Kingdom of the),EURO,1105,48819,35,6145,42674
2020-06-21,NL,Netherlands (Kingdom of the),EURO,697,49516,25,6170,43346
2020-06-28,NL,Netherlands (Kingdom of the),EURO,539,50055,12,6182,43873
2020-07-05,NL,Netherlands (Kingdom of the),EURO,435,50490,12,6194,44296
2020-07-12,NL,Netherlands (Kingdom of the),EURO,502,50992,6,6200,44792
2020-07-19,NL,Netherlands (Kingdom of the),EURO,961,51953,7,6207,45746
2020-07-26,NL,Netherlands (Kingdom of the),EURO,1298,53251,7,6214,47037
2020-08-02,NL,Netherlands (Kingdom of the),EURO,2557,55808,9,6223,49585
2020-08-09,NL,Netherlands (Kingdom of the),EURO,3861,59669,5,6228,53441
2020-08-16,NL,Netherlands (Kingdom of the),EURO,4023,63692,26,6254,57438
2020-08-23,NL,Netherlands (Kingdom of the),EURO,3656,67348,27,6281,61067
2020-08-30,NL,Netherlands (Kingdom of the),EURO,3650,70998,23,6304,64694
2020-09-06,NL,Netherlands (Kingdom of the),EURO,5319,76317,18,6322,69995
2020-09-13,NL,Netherlands (Kingdom of the),EURO,8280,84597,20,6342,78255
2020-09-20,NL,Netherlands (Kingdom of the),EURO,13807,98404,37,6379,92025
2020-09-27,NL,Netherlands (Kingdom of the),EURO,18823,117227,91,6470,110757
2020-10-04,NL,Netherlands (Kingdom of the),EURO,27048,144275,128,6598,137677
2020-10-11,NL,Netherlands (Kingdom of the),EURO,42790,187065,172,6770,180295
2020-10-18,NL,Netherlands (Kingdom of the),EURO,55977,243042,269,7039,236003
2020-10-25,NL,Netherlands (Kingdom of the),EURO,67368,310410,370,7409,303001
2020-11-01,NL,Netherlands (Kingdom of the),EURO,62785,373195,513,7922,365273
2020-11-08,NL,Netherlands (Kingdom of the),EURO,43944,417139,559,8481,408658
2020-11-15,NL,Netherlands (Kingdom of the),EURO,37914,455053,458,8939,446114
2020-11-22,NL,Netherlands (Kingdom of the),EURO,36568,491621,368,9307,482314
2020-11-29,NL,Netherlands (Kingdom of the),EURO,33608,525229,357,9664,515565
2020-12-06,NL,Netherlands (Kingdom of the),EURO,42202,567431,322,9986,557445
2020-12-13,NL,Netherlands (Kingdom of the),EURO,60890,628321,398,10384,617937
2020-12-20,NL,Netherlands (Kingdom of the),EURO,78088,706409,529,10913,695496
2020-12-27,NL,Netherlands (Kingdom of the),EURO,66789,773198,626,11539,761659
2021-01-03,NL,Netherlands (Kingdom of the),EURO,55955,829153,666,12205,816948
2021-01-10,NL,Netherlands (Kingdom of the),EURO,50250,879403,642,12847,866556
2021-01-17,NL,Netherlands (Kingdom of the),EURO,39229,918632,550,13397,905235
2021-01-24,NL,Netherlands (Kingdom of the),EURO,35329,953961,531,13928,940033
2021-01-31,NL,Netherlands (Kingdom of the),EURO,28980,982941,420,14348,968593
2021-02-07,NL,Netherlands (Kingdom of the),EURO,25891,1008832,406,14754,994078
2021-02-14,NL,Netherlands (Kingdom of the),EURO,24411,1033243,398,15152,1018091
2021-02-21,NL,Netherlands (Kingdom of the),EURO,28835,1062078,404,15556,1046522
2021-02-28,NL,Netherlands (Kingdom of the),EURO,31441,1093519,277,15833,1077686
2021-03-07,NL,Netherlands (Kingdom of the),EURO,31590,1125109,240,16073,1109036
2021-03-14,NL,Netherlands (Kingdom of the),EURO,38711,1163820,186,16259,1147561
2021-03-21,NL,Netherlands (Kingdom of the),EURO,45398,1209218,176,16435,1192783
2021-03-28,NL,Netherlands (Kingdom of the),EURO,51427,1260645,151,16586,1244059
2021-04-04,NL,Netherlands (Kingdom of the),EURO,48090,1308735,150,16736,1291999
2021-04-11,NL,Netherlands (Kingdom of the),EURO,50219,1358954,140,16876,1342078
2021-04-18,NL,Netherlands (Kingdom of the),EURO,53662,1412616,147,17023,1395593
2021-04-25,NL,Netherlands (Kingdom of the),EURO,56111,1468727,139,17162,1451565
2021-05-02,NL,Netherlands (Kingdom of the),EURO,51258,1519985,140,17302,1502683
2021-05-09,NL,Netherlands (Kingdom of the),EURO,47001,1566986,136,17438,1549548
2021-05-16,NL,Netherlands (Kingdom of the),EURO,35849,1602835,92,17530,1585305
2021-05-23,NL,Netherlands (Kingdom of the),EURO,26533,1629368,83,17613,1611755
2021-05-30,NL,Netherlands (Kingdom of the),EURO,20487,1649855,50,17663,1632192
2021-06-06,NL,Netherlands (Kingdom of the),EURO,15121,1664976,56,17719,1647257
2021-06-13,NL,Netherlands (Kingdom of the),EURO,9149,1674125,24,17743,1656382
2021-06-20,NL,Netherlands (Kingdom of the),EURO,5970,1680095,13,17756,1662339
2021-06-27,NL,Netherlands (Kingdom of the),EURO,4254,1684349,8,17764,1666585
2021-07-04,NL,Netherlands (Kingdom of the),EURO,7171,1691520,8,17772,1673748
2021-07-11,NL,Netherlands (Kingdom of the),EURO,49557,1741077,12,17784,1723293
2021-07-18,NL,Netherlands (Kingdom of the),EURO,69451,1810528,12,17796,1792732
2021-07-25,NL,Netherlands (Kingdom of the),EURO,38748,1849276,27,17823,1831453
2021-08-01,NL,Netherlands (Kingdom of the),EURO,22349,1871625,36,17859,1853766
2021-08-08,NL,Netherlands (Kingdom of the),EURO,17261,1888886,50,17909,1870977
2021-08-15,NL,Netherlands (Kingdom of the),EURO,16599,1905485,44,17953,1887532
2021-08-22,NL,Netherlands (Kingdom of the),EURO,16882,1922367,34,17987,1904380
2021-08-29,NL,Netherlands (Kingdom of the),EURO,17582,1939949,50,18037,1921912
2021-09-05,NL,Netherlands (Kingdom of the),EURO,17515,1957464,42,18079,1939385
2021-09-12,NL,Netherlands (Kingdom of the),EURO,16189,1973653,37,18116,1955537
2021-09-19,NL,Netherlands (Kingdom of the),EURO,13635,1987288,43,18159,1969129
2021-09-26,NL,Netherlands (Kingdom of the),EURO,11633,1998921,24,18183,1980738
2021-10-03,NL,Netherlands (Kingdom of the),EURO,11871,2010792,27,18210,1992582
2021-10-10,NL,Netherlands (Kingdom of the),EURO,17281,2028073,23,18233,2009840
2021-10-17,NL,Netherlands (Kingdom of the),EURO,25310,2053383,49,18282,2035101
2021-10-24,NL,Netherlands (Kingdom of the),EURO,37779,2091162,82,18364,2072798
2021-10-31,NL,Netherlands (Kingdom of the),EURO,53511,2144673,142,18506,2126167
2021-11-07,NL,Netherlands (Kingdom of the),EURO,75856,2220529,174,18680,2201849
2021-11-14,NL,Netherlands (Kingdom of the),EURO,114696,2335225,202,18882,2316343
2021-11-21,NL,Netherlands (Kingdom of the),EURO,154065,2489290,347,19229,2470061
2021-11-28,NL,Netherlands (Kingdom of the),EURO,154548,2643838,419,19648,2624190
2021-12-05,NL,Netherlands (Kingdom of the),EURO,144887,2788725,433,20081,2768644
2021-12-12,NL,Netherlands (Kingdom of the),EURO,116172,2904897,414,20495,2884402
2021-12-19,NL,Netherlands (Kingdom of the),EURO,95619,3000516,292,20787,2979729
2021-12-26,NL,Netherlands (Kingdom of the),EURO,84986,3085502,173,20960,3064542
2022-01-02,NL,Netherlands (Kingdom of the),EURO,109523,3195025,132,21092,3173933
2022-01-09,NL,Netherlands (Kingdom of the),EURO,201891,3396916,85,21177,3375739
2022-01-16,NL,Netherlands (Kingdom of the),EURO,251885,3648801,59,21236,3627565
2022-01-23,NL,Netherlands (Kingdom of the),EURO,423932,4072733,63,21299,4051434
2022-01-30,NL,Netherlands (Kingdom of the),EURO,582545,4655278,53,21352,4633926
2022-02-06,NL,Netherlands (Kingdom of the),EURO,626302,5281580,72,21424,5260156
2022-02-13,NL,Netherlands (Kingdom of the),EURO,513691,5795271,90,21514,5773757
2022-02-20,NL,Netherlands (Kingdom of the),EURO,326724,6121995,95,21609,6100386
2022-02-27,NL,Netherlands (Kingdom of the),EURO,243445,6365440,59,21668,6343772
2022-03-06,NL,Netherlands (Kingdom of the),EURO,408462,6773902,70,21738,6752164
2022-03-13,NL,Netherlands (Kingdom of the),EURO,448158,7222060,78,21816,7200244
2022-03-20,NL,Netherlands (Kingdom of the),EURO,324075,7546135,97,21913,7524222
2022-03-27,NL,Netherlands (Kingdom of the),EURO,231665,7777800,107,22020,7755780
2022-04-03,NL,Netherlands (Kingdom of the),EURO,145200,7923000,82,22102,7900898
2022-04-10,NL,Netherlands (Kingdom of the),EURO,73707,7996707,63,22165,7974542
2022-04-17,NL,Netherlands (Kingdom of the),EURO,28273,8024980,44,22209,8002771
2022-04-24,NL,Netherlands (Kingdom of the),EURO,16529,8041509,29,22238,8019271
2022-05-01,NL,Netherlands (Kingdom of the),EURO,10341,8051850,34,22272,8029578
2022-05-08,NL,Netherlands (Kingdom of the),EURO,10185,8062035,13,22285,8039750
2022-05-15,NL,Netherlands (Kingdom of the),EURO,8434,8070469,12,22297,8048172
2022-05-22,NL,Netherlands (Kingdom of the),EURO,7561,8078030,13,22310,8055720
2022-05-29,NL,Netherlands (Kingdom of the),EURO,6840,8084870,11,22321,8062549
2022-06-05,NL,Netherlands (Kingdom of the),EURO,9368,8094238,4,22325,8071913
2022-06-12,NL,Netherlands (Kingdom of the),EURO,14164,8108402,10,22335,8086067
2022-06-19,NL,Netherlands (Kingdom of the),EURO,24704,8133106,14,22349,8110757
2022-06-26,NL,Netherlands (Kingdom of the),EURO,33507,8166613,16,22365,8144248
2022-07-03,NL,Netherlands (Kingdom of the),EURO,38387,8205000,28,22393,8182607
2022-07-10,NL,Netherlands (Kingdom of the),EURO,42753,8247753,20,22413,8225340
2022-07-17,NL,Netherlands (Kingdom of the),EURO,40744,8288497,35,22448,8266049
2022-07-24,NL,Netherlands (Kingdom of the),EURO,28294,8316791,32,22480,8294311
2022-07-31,NL,Netherlands (Kingdom of the),EURO,22692,8339483,32,22512,8316971
2022-08-07,NL,Netherlands (Kingdom of the),EURO,15856,8355339,31,22543,8332796
2022-08-14,NL,Netherlands (Kingdom of the),EURO,11780,8367119,28,22571,8344548
2022-08-21,NL,Netherlands (Kingdom of the),EURO,9302,8376421,25,22596,8353825
2022-08-28,NL,Netherlands (Kingdom of the),EURO,7762,8384183,12,22608,8361575
2022-09-04,NL,Netherlands (Kingdom of the),EURO,7678,8391861,8,22616,8369245
2022-09-11,NL,Netherlands (Kingdom of the),EURO,8345,8400206,15,22631,8377575
2022-09-18,NL,Netherlands (Kingdom of the),EURO,8646,8408852,13,22644,8386208
2022-09-25,NL,Netherlands (Kingdom of the),EURO,11537,8420389,11,22655,8397734
2022-10-02,NL,Netherlands (Kingdom of the),EURO,18296,8438685,28,22683,8416002
2022-10-09,NL,Netherlands (Kingdom of the),EURO,23937,8462622,36,22719,8439903
2022-10-16,NL,Netherlands (Kingdom of the),EURO,22656,8485278,50,22769,8462509
2022-10-23,NL,Netherlands (Kingdom of the),EURO,18412,8503690,38,22807,8480883
2022-10-30,NL,Netherlands (Kingdom of the),EURO,12726,8516416,32,22839,8493577
2022-11-06,NL,Netherlands (Kingdom of the),EURO,8230,8524646,26,22865,8501781
2022-11-13,NL,Netherlands (Kingdom of the),EURO,6146,8530792,24,22889,8507903
2022-11-20,NL,Netherlands (Kingdom of the),EURO,5482,8536274,10,22899,8513375
2022-11-27,NL,Netherlands (Kingdom of the),EURO,5131,8541405,11,22910,8518495
2022-12-04,NL,Netherlands (Kingdom of the),EURO,5533,8546938,14,22924,8524014
2022-12-11,NL,Netherlands (Kingdom of the),EURO,5707,8552645,16,22940,8529705
2022-12-18,NL,Netherlands (Kingdom of the),EURO,6093,8558738,15,22955,8535783
2022-12-25,NL,Netherlands (Kingdom of the),EURO,7329,8566067,21,22976,8543091
2023-01-01,NL,Netherlands (Kingdom of the),EURO,5805,8571872,10,22986,8548886
2023-01-08,NL,Netherlands (Kingdom of the),EURO,4389,8576261,0,22986,8553275
2023-01-15,NL,Netherlands (Kingdom of the),EURO,2434,8578695,0,22986,8555709
2023-01-22,NL,Netherlands (Kingdom of the),EURO,1754,8580449,0,22986,8557463
2023-01-29,NL,Netherlands (Kingdom of the),EURO,1892,8582341,0,22986,8559355
2023-02-05,NL,Netherlands (Kingdom of the),EURO,2455,8584796,0,22986,8561810
2023-02-12,NL,Netherlands (Kingdom of the),EURO,2851,8587647,0,22986,8564661
2023-02-19,NL,Netherlands (Kingdom of the),EURO,3949,8591596,0,22986,8568610
2023-02-26,NL,Netherlands (Kingdom of the),EURO,4627,8596223,0,22986,8573237
2023-03-05,NL,Netherlands (Kingdom of the),EURO,4153,8600376,0,22986,8577390
2023-03-12,NL,Netherlands (Kingdom of the),EURO,3860,8604236,0,22986,8581250
2023-03-19,NL,Netherlands (Kingdom of the),EURO,2819,8607055,0,22986,8584069
2023-03-26,NL,Netherlands (Kingdom of the),EURO,1864,8608919,0,22986,8585933
2023-04-02,NL,Netherlands (Kingdom of the),EURO,1469,8610388,0,22986,8587402
2023-04-09,NL,Netherlands (Kingdom of the),EURO,1089,8611477,0,22986,8588491
2023-04-16,NL,Netherlands (Kingdom of the),EURO,946,8612423,0,22986,8589437
2023-04-23,NL,Netherlands (Kingdom of the),EURO,836,8613259,0,22986,8590273
2023-04-30,NL,Netherlands (Kingdom of the),EURO,622,8613881,0,22986,8590895
2023-05-07,NL,Netherlands (Kingdom of the),EURO,591,8614472,0,22986,8591486
2023-05-14,NL,Netherlands (Kingdom of the),EURO,446,8614918,0,22986,8591932
2023-05-21,NL,Netherlands (Kingdom of the),EURO,296,8615214,0,22986,8592228
2023-05-28,NL,Netherlands (Kingdom of the),EURO,270,8615484,0,22986,8592498
2023-06-04,NL,Netherlands (Kingdom of the),EURO,286,8615770,0,22986,8592784
2023-06-11,NL,Netherlands (Kingdom of the),EURO,195,8615965,0,22986,8592979
2023-06-18,NL,Netherlands (Kingdom of the),EURO,164,8616129,0,22986,8593143
2023-06-25,NL,Netherlands (Kingdom of the),EURO,114,8616243,0,22986,8593257
2023-07-02,NL,Netherlands (Kingdom of the),EURO,126,8616369,0,22986,8593383
2023-07-09,NL,Netherlands (Kingdom of the),EURO,74,8616443,0,22986,8593457
2023-07-16,NL,Netherlands (Kingdom of the),EURO,83,8616526,0,22986,8593540
2023-07-23,NL,Netherlands (Kingdom of the),EURO,106,8616632,0,22986,8593646
2023-07-30,NL,Netherlands (Kingdom of the),EURO,88,8616720,0,22986,8593734
2023-08-06,NL,Netherlands (Kingdom of the),EURO,128,8616848,0,22986,8593862
2023-08-13,NL,Netherlands (Kingdom of the),EURO,178,8617026,0,22986,8594040
2023-08-20,NL,Netherlands (Kingdom of the),EURO,200,8617226,0,22986,8594240
2023-08-27,NL,Netherlands (Kingdom of the),EURO,287,8617513,0,22986,8594527
2023-09-03,NL,Netherlands (Kingdom of the),EURO,259,8617772,0,22986,8594786
2023-09-10,NL,Netherlands (Kingdom of the),EURO,354,8618126,0,22986,8595140
2023-09-17,NL,Netherlands (Kingdom of the),EURO,393,8618519,0,22986,8595533
2023-09-24,NL,Netherlands (Kingdom of the),EURO,403,8618922,0,22986,8595936
2023-10-01,NL,Netherlands (Kingdom of the),EURO,345,8619267,0,22986,8596281
2023-10-08,NL,Netherlands (Kingdom of the),EURO,438,8619705,0,22986,8596719
2023-10-15,NL,Netherlands (Kingdom of the),EURO,346,8620051,0,22986,8597065
2023-10-22,NL,Netherlands (Kingdom of the),EURO,0,8620051,0,22986,8597065
2023-10-29,NL,Netherlands (Kingdom of the),EURO,0,8620051,0,22986,8597065
2023-11-05,NL,Netherlands (Kingdom of the),EURO,0,8620051,0,22986,8597065
2023-11-12,NL,Netherlands (Kingdom of the),EURO,0,8620051,0,22986,8597065
2023-11-19,NL,Netherlands (Kingdom of the),EURO,0,8620051,0,22986,8597065
2023-11-26,NL,Netherlands (Kingdom of the),EURO,917,8620968,0,22986,8597982
2023-12-03,NL,Netherlands (Kingdom of the),EURO,1105,8622073,0,22986,8599087
2023-12-10,NL,Netherlands (Kingdom of the),EURO,1556,8623629,0,22986,8600643
2023-12-17,NL,Netherlands (Kingdom of the),EURO,1793,8625422,0,22986,8602436
2023-12-24,NL,Netherlands (Kingdom of the),EURO,1629,8627051,0,22986,8604065
2023-12-31,NL,Netherlands (Kingdom of the),EURO,1265,8628316,0,22986,8605330
2024-01-07,NL,Netherlands (Kingdom of the),EURO,1034,8629350,0,22986,8606364
2024-01-14,NL,Netherlands (Kingdom of the),EURO,781,8630131,0,22986,8607145
2024-01-21,NL,Netherlands (Kingdom of the),EURO,619,8630750,0,22986,8607764
2024-01-28,NL,Netherlands (Kingdom of the),EURO,589,8631339,0,22986,8608353
2024-02-04,NL,Netherlands (Kingdom of the),EURO,511,8631850,0,22986,8608864
2024-02-11,NL,Netherlands (Kingdom of the),EURO,368,8632218,0,22986,8609232
2024-02-18,NL,Netherlands (Kingdom of the),EURO,316,8632534,0,22986,8609548
2024-02-25,NL,Netherlands (Kingdom of the),EURO,247,8632781,0,22986,8609795
2024-03-03,NL,Netherlands (Kingdom of the),EURO,192,8632973,0,22986,8609987
2024-03-10,NL,Netherlands (Kingdom of the),EURO,142,8633115,0,22986,8610129
2024-03-17,NL,Netherlands (Kingdom of the),EURO,112,8633227,0,22986,8610241
2024-03-24,NL,Netherlands (Kingdom of the),EURO,90,8633317,0,22986,8610331
2024-03-31,NL,Netherlands (Kingdom of the),EURO,123,8633440,0,22986,8610454
2024-04-07,NL,Netherlands (Kingdom of the),EURO,76,8633516,0,22986,8610530
2024-04-14,NL,Netherlands (Kingdom of the),EURO,62,8633578,0,22986,8610592
2024-04-21,NL,Netherlands (Kingdom of the),EURO,59,8633637,0,22986,8610651
2024-04-28,NL,Netherlands (Kingdom of the),EURO,72,8633709,0,22986,8610723
2024-05-05,NL,Netherlands (Kingdom of the),EURO,68,8633777,0,22986,8610791
2024-05-12,NL,Netherlands (Kingdom of the),EURO,78,8633855,0,22986,8610869
2024-05-19,NL,Netherlands (Kingdom of the),EURO,56,8633911,0,22986,8610925
2024-05-26,NL,Netherlands (Kingdom of the),EURO,69,8633980,0,22986,8610994
2024-06-02,NL,Netherlands (Kingdom of the),EURO,90,8634070,0,22986,8611084
2024-06-09,NL,Netherlands (Kingdom of the),EURO,101,8634171,0,22986,8611185
2024-06-16,NL,Netherlands (Kingdom of the),EURO,190,8634361,0,22986,8611375
2024-06-23,NL,Netherlands (Kingdom of the),EURO,328,8634689,0,22986,8611703
2024-06-30,NL,Netherlands (Kingdom of the),EURO,395,8635084,0,22986,8612098
2024-07-07,NL,Netherlands (Kingdom of the),EURO,349,8635433,0,22986,8612447
2024-07-14,NL,Netherlands (Kingdom of the),EURO,540,8635973,0,22986,8612987
2024-07-21,NL,Netherlands (Kingdom of the),EURO,520,8636493,0,22986,8613507
2024-07-28,NL,Netherlands (Kingdom of the),EURO,513,8637006,0,22986,8614020
2024-08-04,NL,Netherlands (Kingdom of the),EURO,448,8637454,0,22986,8614468
2024-08-11,NL,Netherlands (Kingdom of the),EURO,387,8637841,0,22986,8614855
2024-08-18,NL,Netherlands (Kingdom of the),EURO,281,8638122,0,22986,8615136
2024-08-25,NL,Netherlands (Kingdom of the),EURO,270,8638392,0,22986,8615406
2024-09-01,NL,Netherlands (Kingdom of the),EURO,286,8638678,0,22986,8615692
2024-09-08,NL,Netherlands (Kingdom of the),EURO,346,8639024,0,22986,8616038
2024-09-15,NL,Netherlands (Kingdom of the),EURO,308,8639332,0,22986,8616346
2024-09-22,NL,Netherlands (Kingdom of the),EURO,416,8639748,0,22986,8616762
2024-09-29,NL,Netherlands (Kingdom of the),EURO,274,8640022,0,22986,8617036
2024-10-06,NL,Netherlands (Kingdom of the),EURO,474,8640496,0,22986,8617510
2024-10-13,NL,Netherlands (Kingdom of the),EURO,585,8641081,0,22986,8618095
2024-10-20,NL,Netherlands (Kingdom of the),EURO,503,8641584,0,22986,8618598
2024-10-27,NL,Netherlands (Kingdom of the),EURO,452,8642036,0,22986,8619050
2024-11-03,NL,Netherlands (Kingdom of the),EURO,401,8642437,0,22986,8619451
2024-11-10,NL,Netherlands (Kingdom of the),EURO,269,8642706,0,22986,8619720
2024-11-17,NL,Netherlands (Kingdom of the),EURO,304,8643010,0,22986,8620024
2020-01-05,NC,New Caledonia,WPRO,0,0,0,0,0
2020-01-12,NC,New Caledonia,WPRO,0,0,0,0,0
2020-01-19,NC,New Caledonia,WPRO,0,0,0,0,0
2020-01-26,NC,New Caledonia,WPRO,0,0,0,0,0
2020-02-02,NC,New Caledonia,WPRO,0,0,0,0,0
2020-02-09,NC,New Caledonia,WPRO,0,0,0,0,0
2020-02-16,NC,New Caledonia,WPRO,0,0,0,0,0
2020-02-23,NC,New Caledonia,WPRO,0,0,0,0,0
2020-03-01,NC,New Caledonia,WPRO,0,0,0,0,0
2020-03-08,NC,New Caledonia,WPRO,0,0,0,0,0
2020-03-15,NC,New Caledonia,WPRO,0,0,0,0,0
2020-03-22,NC,New Caledonia,WPRO,4,4,0,0,4
2020-03-29,NC,New Caledonia,WPRO,11,15,0,0,15
2020-04-05,NC,New Caledonia,WPRO,3,18,0,0,18
2020-04-12,NC,New Caledonia,WPRO,0,18,0,0,18
2020-04-19,NC,New Caledonia,WPRO,0,18,0,0,18
2020-04-26,NC,New Caledonia,WPRO,0,18,0,0,18
2020-05-03,NC,New Caledonia,WPRO,0,18,0,0,18
2020-05-10,NC,New Caledonia,WPRO,0,18,0,0,18
2020-05-17,NC,New Caledonia,WPRO,0,18,0,0,18
2020-05-24,NC,New Caledonia,WPRO,0,18,0,0,18
2020-05-31,NC,New Caledonia,WPRO,1,19,0,0,19
2020-06-07,NC,New Caledonia,WPRO,1,20,0,0,20
2020-06-14,NC,New Caledonia,WPRO,1,21,0,0,21
2020-06-21,NC,New Caledonia,WPRO,0,21,0,0,21
2020-06-28,NC,New Caledonia,WPRO,0,21,0,0,21
2020-07-05,NC,New Caledonia,WPRO,0,21,0,0,21
2020-07-12,NC,New Caledonia,WPRO,0,21,0,0,21
2020-07-19,NC,New Caledonia,WPRO,1,22,0,0,22
2020-07-26,NC,New Caledonia,WPRO,0,22,0,0,22
2020-08-02,NC,New Caledonia,WPRO,0,22,0,0,22
2020-08-09,NC,New Caledonia,WPRO,1,23,0,0,23
2020-08-16,NC,New Caledonia,WPRO,0,23,0,0,23
2020-08-23,NC,New Caledonia,WPRO,0,23,0,0,23
2020-08-30,NC,New Caledonia,WPRO,0,23,0,0,23
2020-09-06,NC,New Caledonia,WPRO,3,26,0,0,26
2020-09-13,NC,New Caledonia,WPRO,0,26,0,0,26
2020-09-20,NC,New Caledonia,WPRO,0,26,0,0,26
2020-09-27,NC,New Caledonia,WPRO,1,27,0,0,27
2020-10-04,NC,New Caledonia,WPRO,0,27,0,0,27
2020-10-11,NC,New Caledonia,WPRO,0,27,0,0,27
2020-10-18,NC,New Caledonia,WPRO,0,27,0,0,27
2020-10-25,NC,New Caledonia,WPRO,0,27,0,0,27
2020-11-01,NC,New Caledonia,WPRO,1,28,0,0,28
2020-11-08,NC,New Caledonia,WPRO,1,29,0,0,29
2020-11-15,NC,New Caledonia,WPRO,1,30,0,0,30
2020-11-22,NC,New Caledonia,WPRO,2,32,0,0,32
2020-11-29,NC,New Caledonia,WPRO,0,32,0,0,32
2020-12-06,NC,New Caledonia,WPRO,3,35,0,0,35
2020-12-13,NC,New Caledonia,WPRO,1,36,0,0,36
2020-12-20,NC,New Caledonia,WPRO,1,37,0,0,37
2020-12-27,NC,New Caledonia,WPRO,1,38,0,0,38
2021-01-03,NC,New Caledonia,WPRO,2,40,0,0,40
2021-01-10,NC,New Caledonia,WPRO,0,40,0,0,40
2021-01-17,NC,New Caledonia,WPRO,4,44,0,0,44
2021-01-24,NC,New Caledonia,WPRO,0,44,0,0,44
2021-01-31,NC,New Caledonia,WPRO,3,47,0,0,47
2021-02-07,NC,New Caledonia,WPRO,2,49,0,0,49
2021-02-14,NC,New Caledonia,WPRO,3,52,0,0,52
2021-02-21,NC,New Caledonia,WPRO,3,55,0,0,55
2021-02-28,NC,New Caledonia,WPRO,3,58,0,0,58
2021-03-07,NC,New Caledonia,WPRO,9,67,0,0,67
2021-03-14,NC,New Caledonia,WPRO,26,93,0,0,93
2021-03-21,NC,New Caledonia,WPRO,23,116,0,0,116
2021-03-28,NC,New Caledonia,WPRO,5,121,0,0,121
2021-04-04,NC,New Caledonia,WPRO,0,121,0,0,121
2021-04-11,NC,New Caledonia,WPRO,0,121,0,0,121
2021-04-18,NC,New Caledonia,WPRO,3,124,0,0,124
2021-04-25,NC,New Caledonia,WPRO,0,124,0,0,124
2021-05-02,NC,New Caledonia,WPRO,0,124,0,0,124
2021-05-09,NC,New Caledonia,WPRO,0,124,0,0,124
2021-05-16,NC,New Caledonia,WPRO,0,124,0,0,124
2021-05-23,NC,New Caledonia,WPRO,1,125,0,0,125
2021-05-30,NC,New Caledonia,WPRO,3,128,0,0,128
2021-06-06,NC,New Caledonia,WPRO,0,128,0,0,128
2021-06-13,NC,New Caledonia,WPRO,0,128,0,0,128
2021-06-20,NC,New Caledonia,WPRO,1,129,0,0,129
2021-06-27,NC,New Caledonia,WPRO,0,129,0,0,129
2021-07-04,NC,New Caledonia,WPRO,0,129,0,0,129
2021-07-11,NC,New Caledonia,WPRO,0,129,0,0,129
2021-07-18,NC,New Caledonia,WPRO,0,129,0,0,129
2021-07-25,NC,New Caledonia,WPRO,2,131,0,0,131
2021-08-01,NC,New Caledonia,WPRO,3,134,0,0,134
2021-08-08,NC,New Caledonia,WPRO,0,134,0,0,134
2021-08-15,NC,New Caledonia,WPRO,0,134,0,0,134
2021-08-22,NC,New Caledonia,WPRO,1,135,0,0,135
2021-08-29,NC,New Caledonia,WPRO,1,136,0,0,136
2021-09-05,NC,New Caledonia,WPRO,0,136,0,0,136
2021-09-12,NC,New Caledonia,WPRO,821,957,1,1,956
2021-09-19,NC,New Caledonia,WPRO,2574,3531,21,22,3509
2021-09-26,NC,New Caledonia,WPRO,2654,6185,61,83,6102
2021-10-03,NC,New Caledonia,WPRO,1804,7989,67,150,7839
2021-10-10,NC,New Caledonia,WPRO,1177,9166,50,200,8966
2021-10-17,NC,New Caledonia,WPRO,811,9977,41,241,9736
2021-10-24,NC,New Caledonia,WPRO,505,10482,16,257,10225
2021-10-31,NC,New Caledonia,WPRO,486,10968,8,265,10703
2021-11-07,NC,New Caledonia,WPRO,338,11306,3,268,11038
2021-11-14,NC,New Caledonia,WPRO,267,11573,4,272,11301
2021-11-21,NC,New Caledonia,WPRO,298,11871,4,276,11595
2021-11-28,NC,New Caledonia,WPRO,234,12105,0,276,11829
2021-12-05,NC,New Caledonia,WPRO,280,12385,3,279,12106
2021-12-12,NC,New Caledonia,WPRO,130,12515,1,280,12235
2021-12-19,NC,New Caledonia,WPRO,123,12638,0,280,12358
2021-12-26,NC,New Caledonia,WPRO,79,12717,0,280,12437
2022-01-02,NC,New Caledonia,WPRO,273,12990,1,281,12709
2022-01-09,NC,New Caledonia,WPRO,164,13154,0,281,12873
2022-01-16,NC,New Caledonia,WPRO,518,13672,0,281,13391
2022-01-23,NC,New Caledonia,WPRO,1659,15331,1,282,15049
2022-01-30,NC,New Caledonia,WPRO,3448,18779,1,283,18496
2022-02-06,NC,New Caledonia,WPRO,7137,25916,1,284,25632
2022-02-13,NC,New Caledonia,WPRO,9263,35179,0,284,34895
2022-02-20,NC,New Caledonia,WPRO,8842,44021,3,287,43734
2022-02-27,NC,New Caledonia,WPRO,9122,53143,12,299,52844
2022-03-06,NC,New Caledonia,WPRO,3826,56969,3,302,56667
2022-03-13,NC,New Caledonia,WPRO,2424,59393,3,305,59088
2022-03-20,NC,New Caledonia,WPRO,618,60011,1,306,59705
2022-03-27,NC,New Caledonia,WPRO,260,60271,4,310,59961
2022-04-03,NC,New Caledonia,WPRO,159,60430,1,311,60119
2022-04-10,NC,New Caledonia,WPRO,68,60498,1,312,60186
2022-04-17,NC,New Caledonia,WPRO,23,60521,0,312,60209
2022-04-24,NC,New Caledonia,WPRO,36,60557,0,312,60245
2022-05-01,NC,New Caledonia,WPRO,96,60653,0,312,60341
2022-05-08,NC,New Caledonia,WPRO,232,60885,0,312,60573
2022-05-15,NC,New Caledonia,WPRO,300,61185,0,312,60873
2022-05-22,NC,New Caledonia,WPRO,465,61650,0,312,61338
2022-05-29,NC,New Caledonia,WPRO,358,62008,1,313,61695
2022-06-05,NC,New Caledonia,WPRO,321,62329,0,313,62016
2022-06-12,NC,New Caledonia,WPRO,294,62623,0,313,62310
2022-06-19,NC,New Caledonia,WPRO,379,63002,0,313,62689
2022-06-26,NC,New Caledonia,WPRO,513,63515,0,313,63202
2022-07-03,NC,New Caledonia,WPRO,822,64337,0,313,64024
2022-07-10,NC,New Caledonia,WPRO,1070,65407,0,313,65094
2022-07-17,NC,New Caledonia,WPRO,1365,66772,1,314,66458
2022-07-24,NC,New Caledonia,WPRO,1363,68135,0,314,67821
2022-07-31,NC,New Caledonia,WPRO,1661,69796,0,314,69482
2022-08-07,NC,New Caledonia,WPRO,1222,71018,0,314,70704
2022-08-14,NC,New Caledonia,WPRO,1344,72362,0,314,72048
2022-08-21,NC,New Caledonia,WPRO,710,73072,0,314,72758
2022-08-28,NC,New Caledonia,WPRO,561,73633,0,314,73319
2022-09-04,NC,New Caledonia,WPRO,469,74102,0,314,73788
2022-09-11,NC,New Caledonia,WPRO,23,74125,0,314,73811
2022-09-18,NC,New Caledonia,WPRO,93,74218,0,314,73904
2022-09-25,NC,New Caledonia,WPRO,39,74257,0,314,73943
2022-10-02,NC,New Caledonia,WPRO,58,74315,0,314,74001
2022-10-09,NC,New Caledonia,WPRO,31,74346,0,314,74032
2022-10-16,NC,New Caledonia,WPRO,1,74347,0,314,74033
2022-10-23,NC,New Caledonia,WPRO,0,74347,0,314,74033
2022-10-30,NC,New Caledonia,WPRO,59,74406,0,314,74092
2022-11-06,NC,New Caledonia,WPRO,44,74450,0,314,74136
2022-11-13,NC,New Caledonia,WPRO,368,74818,0,314,74504
2022-11-20,NC,New Caledonia,WPRO,440,75258,0,314,74944
2022-11-27,NC,New Caledonia,WPRO,0,75258,0,314,74944
2022-12-04,NC,New Caledonia,WPRO,929,76187,0,314,75873
2022-12-11,NC,New Caledonia,WPRO,2151,78338,0,314,78024
2022-12-18,NC,New Caledonia,WPRO,0,78338,0,314,78024
2022-12-25,NC,New Caledonia,WPRO,824,79162,0,314,78848
2023-01-01,NC,New Caledonia,WPRO,415,79577,0,314,79263
2023-01-08,NC,New Caledonia,WPRO,165,79742,0,314,79428
2023-01-15,NC,New Caledonia,WPRO,118,79860,0,314,79546
2023-01-22,NC,New Caledonia,WPRO,59,79919,0,314,79605
2023-01-29,NC,New Caledonia,WPRO,37,79956,0,314,79642
2023-02-05,NC,New Caledonia,WPRO,25,79981,0,314,79667
2023-02-12,NC,New Caledonia,WPRO,16,79997,0,314,79683
2023-02-19,NC,New Caledonia,WPRO,10,80007,0,314,79693
2023-02-26,NC,New Caledonia,WPRO,0,80007,0,314,79693
2023-03-05,NC,New Caledonia,WPRO,10,80017,0,314,79703
2023-03-12,NC,New Caledonia,WPRO,0,80017,0,314,79703
2023-03-19,NC,New Caledonia,WPRO,15,80032,0,314,79718
2023-03-26,NC,New Caledonia,WPRO,0,80032,0,314,79718
2023-04-02,NC,New Caledonia,WPRO,16,80048,0,314,79734
2023-04-09,NC,New Caledonia,WPRO,4,80052,0,314,79738
2023-04-16,NC,New Caledonia,WPRO,1,80053,0,314,79739
2023-04-23,NC,New Caledonia,WPRO,4,80057,0,314,79743
2023-04-30,NC,New Caledonia,WPRO,1,80058,0,314,79744
2023-05-07,NC,New Caledonia,WPRO,0,80058,0,314,79744
2023-05-14,NC,New Caledonia,WPRO,0,80058,0,314,79744
2023-05-21,NC,New Caledonia,WPRO,0,80058,0,314,79744
2023-05-28,NC,New Caledonia,WPRO,0,80058,0,314,79744
2023-06-04,NC,New Caledonia,WPRO,6,80064,0,314,79750
2023-06-11,NC,New Caledonia,WPRO,0,80064,0,314,79750
2023-06-18,NC,New Caledonia,WPRO,0,80064,0,314,79750
2023-06-25,NC,New Caledonia,WPRO,0,80064,0,314,79750
2023-07-02,NC,New Caledonia,WPRO,0,80064,0,314,79750
2023-07-09,NC,New Caledonia,WPRO,0,80064,0,314,79750
2023-07-16,NC,New Caledonia,WPRO,0,80064,0,314,79750
2023-07-23,NC,New Caledonia,WPRO,0,80064,0,314,79750
2023-07-30,NC,New Caledonia,WPRO,0,80064,0,314,79750
2023-08-06,NC,New Caledonia,WPRO,0,80064,0,314,79750
2023-08-13,NC,New Caledonia,WPRO,0,80064,0,314,79750
2023-08-20,NC,New Caledonia,WPRO,0,80064,0,314,79750
2023-08-27,NC,New Caledonia,WPRO,0,80064,0,314,79750
2023-09-03,NC,New Caledonia,WPRO,0,80064,0,314,79750
2023-09-10,NC,New Caledonia,WPRO,0,80064,0,314,79750
2023-09-17,NC,New Caledonia,WPRO,0,80064,0,314,79750
2023-09-24,NC,New Caledonia,WPRO,0,80064,0,314,79750
2023-10-01,NC,New Caledonia,WPRO,0,80064,0,314,79750
2023-10-08,NC,New Caledonia,WPRO,0,80064,0,314,79750
2023-10-15,NC,New Caledonia,WPRO,0,80064,0,314,79750
2023-10-22,NC,New Caledonia,WPRO,0,80064,0,314,79750
2023-10-29,NC,New Caledonia,WPRO,0,80064,0,314,79750
2023-11-05,NC,New Caledonia,WPRO,0,80064,0,314,79750
2023-11-12,NC,New Caledonia,WPRO,0,80064,0,314,79750
2023-11-19,NC,New Caledonia,WPRO,0,80064,0,314,79750
2023-11-26,NC,New Caledonia,WPRO,0,80064,0,314,79750
2023-12-03,NC,New Caledonia,WPRO,0,80064,0,314,79750
2023-12-10,NC,New Caledonia,WPRO,0,80064,0,314,79750
2023-12-17,NC,New Caledonia,WPRO,0,80064,0,314,79750
2023-12-24,NC,New Caledonia,WPRO,0,80064,0,314,79750
2023-12-31,NC,New Caledonia,WPRO,0,80064,0,314,79750
2024-01-07,NC,New Caledonia,WPRO,0,80064,0,314,79750
2024-01-14,NC,New Caledonia,WPRO,0,80064,0,314,79750
2024-01-21,NC,New Caledonia,WPRO,0,80064,0,314,79750
2024-01-28,NC,New Caledonia,WPRO,0,80064,0,314,79750
2024-02-04,NC,New Caledonia,WPRO,0,80064,0,314,79750
2024-02-11,NC,New Caledonia,WPRO,0,80064,0,314,79750
2024-02-18,NC,New Caledonia,WPRO,0,80064,0,314,79750
2024-02-25,NC,New Caledonia,WPRO,0,80064,0,314,79750
2024-03-03,NC,New Caledonia,WPRO,0,80064,0,314,79750
2024-03-10,NC,New Caledonia,WPRO,0,80064,0,314,79750
2024-03-17,NC,New Caledonia,WPRO,0,80064,0,314,79750
2024-03-24,NC,New Caledonia,WPRO,0,80064,0,314,79750
2024-03-31,NC,New Caledonia,WPRO,0,80064,0,314,79750
2024-04-07,NC,New Caledonia,WPRO,0,80064,0,314,79750
2024-04-14,NC,New Caledonia,WPRO,0,80064,0,314,79750
2024-04-21,NC,New Caledonia,WPRO,0,80064,0,314,79750
2024-04-28,NC,New Caledonia,WPRO,99,80163,0,314,79849
2024-05-05,NC,New Caledonia,WPRO,0,80163,0,314,79849
2024-05-12,NC,New Caledonia,WPRO,0,80163,0,314,79849
2024-05-19,NC,New Caledonia,WPRO,0,80163,0,314,79849
2024-05-26,NC,New Caledonia,WPRO,0,80163,0,314,79849
2024-06-02,NC,New Caledonia,WPRO,0,80163,0,314,79849
2024-06-09,NC,New Caledonia,WPRO,0,80163,0,314,79849
2024-06-16,NC,New Caledonia,WPRO,0,80163,0,314,79849
2024-06-23,NC,New Caledonia,WPRO,0,80163,0,314,79849
2024-06-30,NC,New Caledonia,WPRO,0,80163,0,314,79849
2024-07-07,NC,New Caledonia,WPRO,0,80163,0,314,79849
2024-07-14,NC,New Caledonia,WPRO,0,80163,0,314,79849
2024-07-21,NC,New Caledonia,WPRO,0,80163,0,314,79849
2024-07-28,NC,New Caledonia,WPRO,0,80163,0,314,79849
2024-08-04,NC,New Caledonia,WPRO,0,80163,0,314,79849
2024-08-11,NC,New Caledonia,WPRO,0,80163,0,314,79849
2024-08-18,NC,New Caledonia,WPRO,0,80163,0,314,79849
2024-08-25,NC,New Caledonia,WPRO,0,80163,0,314,79849
2024-09-01,NC,New Caledonia,WPRO,0,80163,0,314,79849
2024-09-08,NC,New Caledonia,WPRO,40,80203,0,314,79889
2024-09-15,NC,New Caledonia,WPRO,0,80203,0,314,79889
2024-09-22,NC,New Caledonia,WPRO,0,80203,0,314,79889
2024-09-29,NC,New Caledonia,WPRO,0,80203,0,314,79889
2024-10-06,NC,New Caledonia,WPRO,0,80203,0,314,79889
2024-10-13,NC,New Caledonia,WPRO,0,80203,0,314,79889
2024-10-20,NC,New Caledonia,WPRO,0,80203,0,314,79889
2024-10-27,NC,New Caledonia,WPRO,0,80203,0,314,79889
2024-11-03,NC,New Caledonia,WPRO,0,80203,0,314,79889
2024-11-10,NC,New Caledonia,WPRO,0,80203,0,314,79889
2024-11-17,NC,New Caledonia,WPRO,0,80203,0,314,79889
2020-01-05,NZ,New Zealand,WPRO,0,0,0,0,0
2020-01-12,NZ,New Zealand,WPRO,0,0,0,0,0
2020-01-19,NZ,New Zealand,WPRO,0,0,0,0,0
2020-01-26,NZ,New Zealand,WPRO,0,0,0,0,0
2020-02-02,NZ,New Zealand,WPRO,0,0,0,0,0
2020-02-09,NZ,New Zealand,WPRO,0,0,0,0,0
2020-02-16,NZ,New Zealand,WPRO,0,0,0,0,0
2020-02-23,NZ,New Zealand,WPRO,0,0,0,0,0
2020-03-01,NZ,New Zealand,WPRO,1,1,0,0,1
2020-03-08,NZ,New Zealand,WPRO,4,5,0,0,5
2020-03-15,NZ,New Zealand,WPRO,3,8,0,0,8
2020-03-22,NZ,New Zealand,WPRO,58,66,0,0,66
2020-03-29,NZ,New Zealand,WPRO,410,476,1,1,475
2020-04-05,NZ,New Zealand,WPRO,396,872,0,1,871
2020-04-12,NZ,New Zealand,WPRO,177,1049,3,4,1045
2020-04-19,NZ,New Zealand,WPRO,49,1098,7,11,1087
2020-04-26,NZ,New Zealand,WPRO,23,1121,7,18,1103
2020-05-03,NZ,New Zealand,WPRO,15,1136,2,20,1116
2020-05-10,NZ,New Zealand,WPRO,8,1144,1,21,1123
2020-05-17,NZ,New Zealand,WPRO,5,1149,0,21,1128
2020-05-24,NZ,New Zealand,WPRO,5,1154,0,21,1133
2020-05-31,NZ,New Zealand,WPRO,0,1154,1,22,1132
2020-06-07,NZ,New Zealand,WPRO,0,1154,0,22,1132
2020-06-14,NZ,New Zealand,WPRO,0,1154,0,22,1132
2020-06-21,NZ,New Zealand,WPRO,5,1159,0,22,1137
2020-06-28,NZ,New Zealand,WPRO,17,1176,0,22,1154
2020-07-05,NZ,New Zealand,WPRO,7,1183,0,22,1161
2020-07-12,NZ,New Zealand,WPRO,11,1194,0,22,1172
2020-07-19,NZ,New Zealand,WPRO,9,1203,0,22,1181
2020-07-26,NZ,New Zealand,WPRO,3,1206,0,22,1184
2020-08-02,NZ,New Zealand,WPRO,9,1215,0,22,1193
2020-08-09,NZ,New Zealand,WPRO,4,1219,0,22,1197
2020-08-16,NZ,New Zealand,WPRO,52,1271,0,22,1249
2020-08-23,NZ,New Zealand,WPRO,53,1324,0,22,1302
2020-08-30,NZ,New Zealand,WPRO,54,1378,0,22,1356
2020-09-06,NZ,New Zealand,WPRO,43,1421,2,24,1397
2020-09-13,NZ,New Zealand,WPRO,25,1446,0,24,1422
2020-09-20,NZ,New Zealand,WPRO,18,1464,1,25,1439
2020-09-27,NZ,New Zealand,WPRO,13,1477,0,25,1452
2020-10-04,NZ,New Zealand,WPRO,21,1498,0,25,1473
2020-10-11,NZ,New Zealand,WPRO,17,1515,0,25,1490
2020-10-18,NZ,New Zealand,WPRO,15,1530,0,25,1505
2020-10-25,NZ,New Zealand,WPRO,49,1579,0,25,1554
2020-11-01,NZ,New Zealand,WPRO,25,1604,0,25,1579
2020-11-08,NZ,New Zealand,WPRO,23,1627,0,25,1602
2020-11-15,NZ,New Zealand,WPRO,18,1645,0,25,1620
2020-11-22,NZ,New Zealand,WPRO,28,1673,0,25,1648
2020-11-29,NZ,New Zealand,WPRO,24,1697,0,25,1672
2020-12-06,NZ,New Zealand,WPRO,26,1723,0,25,1698
2020-12-13,NZ,New Zealand,WPRO,18,1741,0,25,1716
2020-12-20,NZ,New Zealand,WPRO,20,1761,0,25,1736
2020-12-27,NZ,New Zealand,WPRO,28,1789,0,25,1764
2021-01-03,NZ,New Zealand,WPRO,37,1826,0,25,1801
2021-01-10,NZ,New Zealand,WPRO,40,1866,0,25,1841
2021-01-17,NZ,New Zealand,WPRO,40,1906,0,25,1881
2021-01-24,NZ,New Zealand,WPRO,27,1933,0,25,1908
2021-01-31,NZ,New Zealand,WPRO,15,1948,0,25,1923
2021-02-07,NZ,New Zealand,WPRO,17,1965,0,25,1940
2021-02-14,NZ,New Zealand,WPRO,16,1981,0,25,1956
2021-02-21,NZ,New Zealand,WPRO,21,2002,1,26,1976
2021-02-28,NZ,New Zealand,WPRO,21,2023,0,26,1997
2021-03-07,NZ,New Zealand,WPRO,27,2050,0,26,2024
2021-03-14,NZ,New Zealand,WPRO,25,2075,0,26,2049
2021-03-21,NZ,New Zealand,WPRO,32,2107,0,26,2081
2021-03-28,NZ,New Zealand,WPRO,31,2138,0,26,2112
2021-04-04,NZ,New Zealand,WPRO,14,2152,0,26,2126
2021-04-11,NZ,New Zealand,WPRO,76,2228,0,26,2202
2021-04-18,NZ,New Zealand,WPRO,13,2241,0,26,2215
2021-04-25,NZ,New Zealand,WPRO,5,2246,0,26,2220
2021-05-02,NZ,New Zealand,WPRO,21,2267,0,26,2241
2021-05-09,NZ,New Zealand,WPRO,20,2287,0,26,2261
2021-05-16,NZ,New Zealand,WPRO,9,2296,0,26,2270
2021-05-23,NZ,New Zealand,WPRO,16,2312,0,26,2286
2021-05-30,NZ,New Zealand,WPRO,6,2318,0,26,2292
2021-06-06,NZ,New Zealand,WPRO,9,2327,0,26,2301
2021-06-13,NZ,New Zealand,WPRO,26,2353,0,26,2327
2021-06-20,NZ,New Zealand,WPRO,11,2364,0,26,2338
2021-06-27,NZ,New Zealand,WPRO,18,2382,0,26,2356
2021-07-04,NZ,New Zealand,WPRO,20,2402,0,26,2376
2021-07-11,NZ,New Zealand,WPRO,11,2413,0,26,2387
2021-07-18,NZ,New Zealand,WPRO,48,2461,0,26,2435
2021-07-25,NZ,New Zealand,WPRO,46,2507,0,26,2481
2021-08-01,NZ,New Zealand,WPRO,14,2521,0,26,2495
2021-08-08,NZ,New Zealand,WPRO,11,2532,0,26,2506
2021-08-15,NZ,New Zealand,WPRO,38,2570,0,26,2544
2021-08-22,NZ,New Zealand,WPRO,128,2698,0,26,2672
2021-08-29,NZ,New Zealand,WPRO,465,3163,0,26,3137
2021-09-05,NZ,New Zealand,WPRO,272,3435,1,27,3408
2021-09-12,NZ,New Zealand,WPRO,158,3593,0,27,3566
2021-09-19,NZ,New Zealand,WPRO,131,3724,0,27,3697
2021-09-26,NZ,New Zealand,WPRO,112,3836,0,27,3809
2021-10-03,NZ,New Zealand,WPRO,188,4024,0,27,3997
2021-10-10,NZ,New Zealand,WPRO,275,4299,1,28,4271
2021-10-17,NZ,New Zealand,WPRO,396,4695,0,28,4667
2021-10-24,NZ,New Zealand,WPRO,687,5382,0,28,5354
2021-10-31,NZ,New Zealand,WPRO,851,6233,0,28,6205
2021-11-07,NZ,New Zealand,WPRO,1053,7286,4,32,7254
2021-11-14,NZ,New Zealand,WPRO,1218,8504,1,33,8471
2021-11-21,NZ,New Zealand,WPRO,1302,9806,7,40,9766
2021-11-28,NZ,New Zealand,WPRO,1265,11071,3,43,11028
2021-12-05,NZ,New Zealand,WPRO,888,11959,1,44,11915
2021-12-12,NZ,New Zealand,WPRO,657,12616,3,47,12569
2021-12-19,NZ,New Zealand,WPRO,512,13128,2,49,13079
2021-12-26,NZ,New Zealand,WPRO,401,13529,1,50,13479
2022-01-02,NZ,New Zealand,WPRO,403,13932,1,51,13881
2022-01-09,NZ,New Zealand,WPRO,426,14358,0,51,14307
2022-01-16,NZ,New Zealand,WPRO,392,14750,1,52,14698
2022-01-23,NZ,New Zealand,WPRO,500,15250,0,52,15198
2022-01-30,NZ,New Zealand,WPRO,790,16040,0,52,15988
2022-02-06,NZ,New Zealand,WPRO,1571,17611,1,53,17558
2022-02-13,NZ,New Zealand,WPRO,3575,21186,0,53,21133
2022-02-20,NZ,New Zealand,WPRO,11724,32910,0,53,32857
2022-02-27,NZ,New Zealand,WPRO,65839,98749,3,56,98693
2022-03-06,NZ,New Zealand,WPRO,140787,239536,9,65,239471
2022-03-13,NZ,New Zealand,WPRO,137160,376696,37,102,376594
2022-03-20,NZ,New Zealand,WPRO,119858,496554,61,163,496391
2022-03-27,NZ,New Zealand,WPRO,112755,609309,68,231,609078
2022-04-03,NZ,New Zealand,WPRO,92674,701983,132,363,701620
2022-04-10,NZ,New Zealand,WPRO,71244,773227,106,469,772758
2022-04-17,NZ,New Zealand,WPRO,55640,828867,95,564,828303
2022-04-24,NZ,New Zealand,WPRO,58325,887192,80,644,886548
2022-05-01,NZ,New Zealand,WPRO,52916,940108,69,713,939395
2022-05-08,NZ,New Zealand,WPRO,52539,992647,99,812,991835
2022-05-15,NZ,New Zealand,WPRO,58157,1050804,117,929,1049875
2022-05-22,NZ,New Zealand,WPRO,49841,1100645,88,1017,1099628
2022-05-29,NZ,New Zealand,WPRO,48148,1148793,95,1112,1147681
2022-06-05,NZ,New Zealand,WPRO,46082,1194875,82,1194,1193681
2022-06-12,NZ,New Zealand,WPRO,47762,1242637,92,1286,1241351
2022-06-19,NZ,New Zealand,WPRO,28175,1270812,64,1350,1269462
2022-06-26,NZ,New Zealand,WPRO,43542,1314354,87,1437,1312917
2022-07-03,NZ,New Zealand,WPRO,36180,1350534,97,1534,1349000
2022-07-10,NZ,New Zealand,WPRO,70398,1420932,111,1645,1419287
2022-07-17,NZ,New Zealand,WPRO,69674,1490606,158,1803,1488803
2022-07-24,NZ,New Zealand,WPRO,61169,1551775,236,2039,1549736
2022-07-31,NZ,New Zealand,WPRO,51603,1603378,56,2095,1601283
2022-08-07,NZ,New Zealand,WPRO,39002,1642380,0,2095,1640285
2022-08-14,NZ,New Zealand,WPRO,30700,1673080,0,2095,1670985
2022-08-21,NZ,New Zealand,WPRO,26682,1699762,0,2095,1697667
2022-08-28,NZ,New Zealand,WPRO,18411,1718173,0,2095,1716078
2022-09-04,NZ,New Zealand,WPRO,13074,1731247,0,2095,1729152
2022-09-11,NZ,New Zealand,WPRO,10756,1742003,0,2095,1739908
2022-09-18,NZ,New Zealand,WPRO,3178,1745181,0,2095,1743086
2022-09-25,NZ,New Zealand,WPRO,7219,1752400,0,2095,1750305
2022-10-02,NZ,New Zealand,WPRO,19616,1772016,0,2095,1769921
2022-10-09,NZ,New Zealand,WPRO,0,1772016,0,2095,1769921
2022-10-16,NZ,New Zealand,WPRO,25047,1797063,0,2095,1794968
2022-10-23,NZ,New Zealand,WPRO,14489,1811552,0,2095,1809457
2022-10-30,NZ,New Zealand,WPRO,41043,1852595,24,2119,1850476
2022-11-06,NZ,New Zealand,WPRO,0,1852595,0,2119,1850476
2022-11-13,NZ,New Zealand,WPRO,19678,1872273,63,2182,1870091
2022-11-20,NZ,New Zealand,WPRO,21885,1894158,0,2182,1891976
2022-11-27,NZ,New Zealand,WPRO,24759,1918917,30,2212,1916705
2022-12-04,NZ,New Zealand,WPRO,31859,1950776,23,2235,1948541
2022-12-11,NZ,New Zealand,WPRO,37483,1988259,22,2257,1986002
2022-12-18,NZ,New Zealand,WPRO,39722,2027981,31,2288,2025693
2022-12-25,NZ,New Zealand,WPRO,0,2027981,0,2288,2025693
2023-01-01,NZ,New Zealand,WPRO,29469,2057450,43,2331,2055119
2023-01-08,NZ,New Zealand,WPRO,0,2057450,0,2331,2055119
2023-01-15,NZ,New Zealand,WPRO,40236,2097686,0,2331,2095355
2023-01-22,NZ,New Zealand,WPRO,17311,2114997,0,2331,2112666
2023-01-29,NZ,New Zealand,WPRO,12278,2127275,0,2331,2124944
2023-02-05,NZ,New Zealand,WPRO,9387,2136662,146,2477,2134185
2023-02-12,NZ,New Zealand,WPRO,7604,2144266,36,2513,2141753
2023-02-19,NZ,New Zealand,WPRO,7272,2151538,21,2534,2149004
2023-02-26,NZ,New Zealand,WPRO,7100,2158638,8,2542,2156096
2023-03-05,NZ,New Zealand,WPRO,7832,2166470,6,2548,2163922
2023-03-12,NZ,New Zealand,WPRO,10029,2176499,12,2560,2173939
2023-03-19,NZ,New Zealand,WPRO,10133,2186632,26,2586,2184046
2023-03-26,NZ,New Zealand,WPRO,9923,2196555,76,2662,2193893
2023-04-02,NZ,New Zealand,WPRO,9839,2206394,25,2687,2203707
2023-04-09,NZ,New Zealand,WPRO,10653,2217047,0,2687,2214360
2023-04-16,NZ,New Zealand,WPRO,10595,2227642,29,2716,2224926
2023-04-23,NZ,New Zealand,WPRO,12799,2240441,0,2716,2237725
2023-04-30,NZ,New Zealand,WPRO,10999,2251440,20,2736,2248704
2023-05-07,NZ,New Zealand,WPRO,9686,2261126,56,2792,2258334
2023-05-14,NZ,New Zealand,WPRO,11103,2272229,0,2792,2269437
2023-05-21,NZ,New Zealand,WPRO,10632,2282861,101,2893,2279968
2023-05-28,NZ,New Zealand,WPRO,12698,2295559,49,2942,2292617
2023-06-04,NZ,New Zealand,WPRO,11384,2306943,0,2942,2304001
2023-06-11,NZ,New Zealand,WPRO,0,2306943,96,3038,2303905
2023-06-18,NZ,New Zealand,WPRO,19446,2326389,39,3077,2323312
2023-06-25,NZ,New Zealand,WPRO,7524,2333913,0,3077,2330836
2023-07-02,NZ,New Zealand,WPRO,0,2333913,0,3077,2330836
2023-07-09,NZ,New Zealand,WPRO,11979,2345892,61,3138,2342754
2023-07-16,NZ,New Zealand,WPRO,4609,2350501,21,3159,2347342
2023-07-23,NZ,New Zealand,WPRO,3741,2354242,13,3172,2351070
2023-07-30,NZ,New Zealand,WPRO,3114,2357356,16,3188,2354168
2023-08-06,NZ,New Zealand,WPRO,3079,2360435,41,3229,2357206
2023-08-13,NZ,New Zealand,WPRO,3869,2364304,20,3249,2361055
2023-08-20,NZ,New Zealand,WPRO,4527,2368831,0,3249,2365582
2023-08-27,NZ,New Zealand,WPRO,3287,2372118,34,3283,2368835
2023-09-03,NZ,New Zealand,WPRO,2804,2374922,0,3283,2371639
2023-09-10,NZ,New Zealand,WPRO,2899,2377821,11,3294,2374527
2023-09-17,NZ,New Zealand,WPRO,2767,2380588,15,3309,2377279
2023-09-24,NZ,New Zealand,WPRO,2478,2383066,20,3329,2379737
2023-10-01,NZ,New Zealand,WPRO,2372,2385438,18,3347,2382091
2023-10-08,NZ,New Zealand,WPRO,2420,2387858,14,3361,2384497
2023-10-15,NZ,New Zealand,WPRO,2919,2390777,15,3376,2387401
2023-10-22,NZ,New Zealand,WPRO,3200,2393977,40,3416,2390561
2023-10-29,NZ,New Zealand,WPRO,3460,2397437,0,3416,2394021
2023-11-05,NZ,New Zealand,WPRO,3530,2400967,29,3445,2397522
2023-11-12,NZ,New Zealand,WPRO,4508,2405475,19,3464,2402011
2023-11-19,NZ,New Zealand,WPRO,4897,2410372,38,3502,2406870
2023-11-26,NZ,New Zealand,WPRO,6405,2416777,20,3522,2413255
2023-12-03,NZ,New Zealand,WPRO,5615,2422392,27,3549,2418843
2023-12-10,NZ,New Zealand,WPRO,5524,2427916,20,3569,2424347
2023-12-17,NZ,New Zealand,WPRO,6136,2434052,27,3596,2430456
2023-12-24,NZ,New Zealand,WPRO,6323,2440375,27,3623,2436752
2023-12-31,NZ,New Zealand,WPRO,0,2440375,0,3623,2436752
2024-01-07,NZ,New Zealand,WPRO,11861,2452236,0,3623,2448613
2024-01-14,NZ,New Zealand,WPRO,5733,2457969,22,3645,2454324
2024-01-21,NZ,New Zealand,WPRO,6788,2464757,77,3722,2461035
2024-01-28,NZ,New Zealand,WPRO,5933,2470690,26,3748,2466942
2024-02-04,NZ,New Zealand,WPRO,4856,2475546,20,3768,2471778
2024-02-11,NZ,New Zealand,WPRO,4704,2480250,20,3788,2476462
2024-02-18,NZ,New Zealand,WPRO,4516,2484766,15,3803,2480963
2024-02-25,NZ,New Zealand,WPRO,5312,2490078,14,3817,2486261
2024-03-03,NZ,New Zealand,WPRO,5100,2495178,20,3837,2491341
2024-03-10,NZ,New Zealand,WPRO,3709,2498887,21,3858,2495029
2024-03-17,NZ,New Zealand,WPRO,928,2499815,24,3882,2495933
2024-03-24,NZ,New Zealand,WPRO,800,2500615,20,3902,2496713
2024-03-31,NZ,New Zealand,WPRO,73357,2573972,14,3916,2570056
2024-04-07,NZ,New Zealand,WPRO,3185,2577157,7,3923,2573234
2024-04-14,NZ,New Zealand,WPRO,5735,2582892,21,3944,2578948
2024-04-21,NZ,New Zealand,WPRO,0,2582892,0,3944,2578948
2024-04-28,NZ,New Zealand,WPRO,2260,2585152,21,3965,2581187
2024-05-05,NZ,New Zealand,WPRO,2026,2587178,11,3976,2583202
2024-05-12,NZ,New Zealand,WPRO,2353,2589531,19,3995,2585536
2024-05-19,NZ,New Zealand,WPRO,3738,2593269,13,4008,2589261
2024-05-26,NZ,New Zealand,WPRO,5128,2598397,19,4027,2594370
2024-06-02,NZ,New Zealand,WPRO,6427,2604824,7,4034,2600790
2024-06-09,NZ,New Zealand,WPRO,5029,2609853,29,4063,2605790
2024-06-16,NZ,New Zealand,WPRO,4870,2614723,20,4083,2610640
2024-06-23,NZ,New Zealand,WPRO,3667,2618390,37,4120,2614270
2024-06-30,NZ,New Zealand,WPRO,8231,2626621,25,4145,2622476
2024-07-07,NZ,New Zealand,WPRO,3195,2629816,40,4185,2625631
2024-07-14,NZ,New Zealand,WPRO,3170,2632986,31,4216,2628770
2024-07-21,NZ,New Zealand,WPRO,2261,2635247,30,4246,2631001
2024-07-28,NZ,New Zealand,WPRO,2071,2637318,22,4268,2633050
2024-08-04,NZ,New Zealand,WPRO,1730,2639048,16,4284,2634764
2024-08-11,NZ,New Zealand,WPRO,1481,2640529,15,4299,2636230
2024-08-18,NZ,New Zealand,WPRO,1661,2642190,26,4325,2637865
2024-08-25,NZ,New Zealand,WPRO,1469,2643659,28,4353,2639306
2024-09-01,NZ,New Zealand,WPRO,1285,2644944,31,4384,2640560
2024-09-08,NZ,New Zealand,WPRO,1187,2646131,19,4403,2641728
2024-09-15,NZ,New Zealand,WPRO,881,2647012,18,4421,2642591
2024-09-22,NZ,New Zealand,WPRO,725,2647737,3,4424,2643313
2024-09-29,NZ,New Zealand,WPRO,771,2648508,2,4426,2644082
2024-10-06,NZ,New Zealand,WPRO,905,2649413,4,4430,2644983
2024-10-13,NZ,New Zealand,WPRO,881,2650294,5,4435,2645859
2024-10-20,NZ,New Zealand,WPRO,0,2650294,0,4435,2645859
2024-10-27,NZ,New Zealand,WPRO,1802,2652096,7,4442,2647654
2024-11-03,NZ,New Zealand,WPRO,1070,2653166,7,4449,2648717
2024-11-10,NZ,New Zealand,WPRO,1245,2654411,12,4461,2649950
2024-11-17,NZ,New Zealand,WPRO,1422,2655833,7,4468,2651365
2020-01-05,NI,Nicaragua,AMRO,0,0,0,0,0
2020-01-12,NI,Nicaragua,AMRO,0,0,0,0,0
2020-01-19,NI,Nicaragua,AMRO,0,0,0,0,0
2020-01-26,NI,Nicaragua,AMRO,0,0,0,0,0
2020-02-02,NI,Nicaragua,AMRO,0,0,0,0,0
2020-02-09,NI,Nicaragua,AMRO,0,0,0,0,0
2020-02-16,NI,Nicaragua,AMRO,0,0,0,0,0
2020-02-23,NI,Nicaragua,AMRO,0,0,0,0,0
2020-03-01,NI,Nicaragua,AMRO,0,0,0,0,0
2020-03-08,NI,Nicaragua,AMRO,0,0,0,0,0
2020-03-15,NI,Nicaragua,AMRO,0,0,0,0,0
2020-03-22,NI,Nicaragua,AMRO,2,2,0,0,2
2020-03-29,NI,Nicaragua,AMRO,0,2,1,1,1
2020-04-05,NI,Nicaragua,AMRO,3,5,0,1,4
2020-04-12,NI,Nicaragua,AMRO,2,7,0,1,6
2020-04-19,NI,Nicaragua,AMRO,2,9,0,1,8
2020-04-26,NI,Nicaragua,AMRO,2,11,2,3,8
2020-05-03,NI,Nicaragua,AMRO,3,14,1,4,10
2020-05-10,NI,Nicaragua,AMRO,2,16,1,5,11
2020-05-17,NI,Nicaragua,AMRO,9,25,3,8,17
2020-05-24,NI,Nicaragua,AMRO,254,279,9,17,262
2020-05-31,NI,Nicaragua,AMRO,606,885,18,35,850
2020-06-07,NI,Nicaragua,AMRO,424,1309,11,46,1263
2020-06-14,NI,Nicaragua,AMRO,346,1655,9,55,1600
2020-06-21,NI,Nicaragua,AMRO,359,2014,9,64,1950
2020-06-28,NI,Nicaragua,AMRO,0,2014,10,74,1940
2020-07-05,NI,Nicaragua,AMRO,168,2182,9,83,2099
2020-07-12,NI,Nicaragua,AMRO,229,2411,8,91,2320
2020-07-19,NI,Nicaragua,AMRO,301,2712,8,99,2613
2020-07-26,NI,Nicaragua,AMRO,292,3004,9,108,2896
2020-08-02,NI,Nicaragua,AMRO,76,3080,8,116,2964
2020-08-09,NI,Nicaragua,AMRO,186,3266,7,123,3143
2020-08-16,NI,Nicaragua,AMRO,147,3413,5,128,3285
2020-08-23,NI,Nicaragua,AMRO,127,3540,5,133,3407
2020-08-30,NI,Nicaragua,AMRO,119,3659,4,137,3522
2020-09-06,NI,Nicaragua,AMRO,114,3773,4,141,3632
2020-09-13,NI,Nicaragua,AMRO,104,3877,3,144,3733
2020-09-20,NI,Nicaragua,AMRO,102,3979,3,147,3832
2020-09-27,NI,Nicaragua,AMRO,86,4065,2,149,3916
2020-10-04,NI,Nicaragua,AMRO,81,4146,2,151,3995
2020-10-11,NI,Nicaragua,AMRO,79,4225,2,153,4072
2020-10-18,NI,Nicaragua,AMRO,72,4297,1,154,4143
2020-10-25,NI,Nicaragua,AMRO,65,4362,1,155,4207
2020-11-01,NI,Nicaragua,AMRO,62,4424,1,156,4268
2020-11-08,NI,Nicaragua,AMRO,56,4480,1,157,4323
2020-11-15,NI,Nicaragua,AMRO,53,4533,1,158,4375
2020-11-22,NI,Nicaragua,AMRO,50,4583,1,159,4424
2020-11-29,NI,Nicaragua,AMRO,46,4629,1,160,4469
2020-12-06,NI,Nicaragua,AMRO,42,4671,1,161,4510
2020-12-13,NI,Nicaragua,AMRO,38,4709,1,162,4547
2020-12-20,NI,Nicaragua,AMRO,39,4748,1,163,4585
2020-12-27,NI,Nicaragua,AMRO,42,4790,1,164,4626
2021-01-03,NI,Nicaragua,AMRO,39,4829,1,165,4664
2021-01-10,NI,Nicaragua,AMRO,38,4867,1,166,4701
2021-01-17,NI,Nicaragua,AMRO,49,4916,1,167,4749
2021-01-24,NI,Nicaragua,AMRO,37,4953,1,168,4785
2021-01-31,NI,Nicaragua,AMRO,39,4992,1,169,4823
2021-02-07,NI,Nicaragua,AMRO,35,5027,1,170,4857
2021-02-14,NI,Nicaragua,AMRO,37,5064,1,171,4893
2021-02-21,NI,Nicaragua,AMRO,42,5106,1,172,4934
2021-02-28,NI,Nicaragua,AMRO,36,5142,1,173,4969
2021-03-07,NI,Nicaragua,AMRO,34,5176,1,174,5002
2021-03-14,NI,Nicaragua,AMRO,40,5216,1,175,5041
2021-03-21,NI,Nicaragua,AMRO,35,5251,1,176,5075
2021-03-28,NI,Nicaragua,AMRO,37,5288,1,177,5111
2021-04-04,NI,Nicaragua,AMRO,38,5326,1,178,5148
2021-04-11,NI,Nicaragua,AMRO,40,5366,1,179,5187
2021-04-18,NI,Nicaragua,AMRO,41,5407,1,180,5227
2021-04-25,NI,Nicaragua,AMRO,43,5450,1,181,5269
2021-05-02,NI,Nicaragua,AMRO,48,5498,1,182,5316
2021-05-09,NI,Nicaragua,AMRO,77,5575,1,183,5392
2021-05-16,NI,Nicaragua,AMRO,74,5649,1,184,5465
2021-05-23,NI,Nicaragua,AMRO,82,5731,1,185,5546
2021-05-30,NI,Nicaragua,AMRO,102,5833,1,186,5647
2021-06-06,NI,Nicaragua,AMRO,116,5949,1,187,5762
2021-06-13,NI,Nicaragua,AMRO,136,6085,1,188,5897
2021-06-20,NI,Nicaragua,AMRO,158,6243,1,189,6054
2021-06-27,NI,Nicaragua,AMRO,159,6402,1,190,6212
2021-07-04,NI,Nicaragua,AMRO,202,6604,1,191,6413
2021-07-11,NI,Nicaragua,AMRO,215,6819,1,192,6627
2021-07-18,NI,Nicaragua,AMRO,225,7044,1,193,6851
2021-07-25,NI,Nicaragua,AMRO,269,7313,1,194,7119
2021-08-01,NI,Nicaragua,AMRO,279,7592,1,195,7397
2021-08-08,NI,Nicaragua,AMRO,298,7890,1,196,7694
2021-08-15,NI,Nicaragua,AMRO,303,8193,1,197,7996
2021-08-22,NI,Nicaragua,AMRO,303,8496,1,198,8298
2021-08-29,NI,Nicaragua,AMRO,371,8867,1,199,8668
2021-09-05,NI,Nicaragua,AMRO,416,9283,1,200,9083
2021-09-12,NI,Nicaragua,AMRO,449,9732,1,201,9531
2021-09-19,NI,Nicaragua,AMRO,513,10245,1,202,10043
2021-09-26,NI,Nicaragua,AMRO,512,10757,1,203,10554
2021-10-03,NI,Nicaragua,AMRO,516,11273,1,204,11069
2021-10-10,NI,Nicaragua,AMRO,466,11739,1,205,11534
2021-10-17,NI,Nicaragua,AMRO,430,12169,1,206,11963
2021-10-24,NI,Nicaragua,AMRO,380,12549,1,207,12342
2021-10-31,NI,Nicaragua,AMRO,317,12866,1,208,12658
2021-11-07,NI,Nicaragua,AMRO,181,13047,1,209,12838
2021-11-14,NI,Nicaragua,AMRO,103,13150,1,210,12940
2021-11-21,NI,Nicaragua,AMRO,92,13242,1,211,13031
2021-11-28,NI,Nicaragua,AMRO,88,13330,1,212,13118
2021-12-05,NI,Nicaragua,AMRO,67,13397,1,213,13184
2021-12-12,NI,Nicaragua,AMRO,52,13449,1,214,13235
2021-12-19,NI,Nicaragua,AMRO,44,13493,1,215,13278
2021-12-26,NI,Nicaragua,AMRO,38,13531,1,216,13315
2022-01-02,NI,Nicaragua,AMRO,32,13563,1,217,13346
2022-01-09,NI,Nicaragua,AMRO,26,13589,1,218,13371
2022-01-16,NI,Nicaragua,AMRO,0,13589,0,218,13371
2022-01-23,NI,Nicaragua,AMRO,57,13646,1,219,13427
2022-01-30,NI,Nicaragua,AMRO,35,13681,1,220,13461
2022-02-06,NI,Nicaragua,AMRO,46,13727,1,221,13506
2022-02-13,NI,Nicaragua,AMRO,65,13792,1,222,13570
2022-02-20,NI,Nicaragua,AMRO,85,13877,1,223,13654
2022-02-27,NI,Nicaragua,AMRO,81,13958,1,224,13734
2022-03-06,NI,Nicaragua,AMRO,77,14035,1,225,13810
2022-03-13,NI,Nicaragua,AMRO,73,14108,1,226,13882
2022-03-20,NI,Nicaragua,AMRO,62,14170,2,228,13942
2022-03-27,NI,Nicaragua,AMRO,52,14222,1,229,13993
2022-04-03,NI,Nicaragua,AMRO,47,14269,1,230,14039
2022-04-10,NI,Nicaragua,AMRO,37,14306,1,231,14075
2022-04-17,NI,Nicaragua,AMRO,33,14339,1,232,14107
2022-04-24,NI,Nicaragua,AMRO,32,14371,1,233,14138
2022-05-01,NI,Nicaragua,AMRO,24,14395,1,234,14161
2022-05-08,NI,Nicaragua,AMRO,27,14422,1,235,14187
2022-05-15,NI,Nicaragua,AMRO,25,14447,1,236,14211
2022-05-22,NI,Nicaragua,AMRO,26,14473,1,237,14236
2022-05-29,NI,Nicaragua,AMRO,35,14508,1,238,14270
2022-06-05,NI,Nicaragua,AMRO,30,14538,1,239,14299
2022-06-12,NI,Nicaragua,AMRO,39,14577,1,240,14337
2022-06-19,NI,Nicaragua,AMRO,42,14619,1,241,14378
2022-06-26,NI,Nicaragua,AMRO,0,14619,0,241,14378
2022-07-03,NI,Nicaragua,AMRO,71,14690,1,242,14448
2022-07-10,NI,Nicaragua,AMRO,31,14721,1,243,14478
2022-07-17,NI,Nicaragua,AMRO,30,14751,1,244,14507
2022-07-24,NI,Nicaragua,AMRO,26,14777,0,244,14533
2022-07-31,NI,Nicaragua,AMRO,30,14807,0,244,14563
2022-08-07,NI,Nicaragua,AMRO,0,14807,0,244,14563
2022-08-14,NI,Nicaragua,AMRO,65,14872,0,244,14628
2022-08-21,NI,Nicaragua,AMRO,27,14899,0,244,14655
2022-08-28,NI,Nicaragua,AMRO,32,14931,0,244,14687
2022-09-04,NI,Nicaragua,AMRO,0,14931,0,244,14687
2022-09-11,NI,Nicaragua,AMRO,59,14990,0,244,14746
2022-09-18,NI,Nicaragua,AMRO,0,14990,0,244,14746
2022-09-25,NI,Nicaragua,AMRO,55,15045,1,245,14800
2022-10-02,NI,Nicaragua,AMRO,25,15070,0,245,14825
2022-10-09,NI,Nicaragua,AMRO,22,15092,0,245,14847
2022-10-16,NI,Nicaragua,AMRO,28,15120,0,245,14875
2022-10-23,NI,Nicaragua,AMRO,25,15145,0,245,14900
2022-10-30,NI,Nicaragua,AMRO,21,15166,0,245,14921
2022-11-06,NI,Nicaragua,AMRO,20,15186,0,245,14941
2022-11-13,NI,Nicaragua,AMRO,17,15203,0,245,14958
2022-11-20,NI,Nicaragua,AMRO,16,15219,0,245,14974
2022-11-27,NI,Nicaragua,AMRO,13,15232,0,245,14987
2022-12-04,NI,Nicaragua,AMRO,18,15250,0,245,15005
2022-12-11,NI,Nicaragua,AMRO,13,15263,0,245,15018
2022-12-18,NI,Nicaragua,AMRO,45,15308,0,245,15063
2022-12-25,NI,Nicaragua,AMRO,57,15365,0,245,15120
2023-01-01,NI,Nicaragua,AMRO,0,15365,0,245,15120
2023-01-08,NI,Nicaragua,AMRO,101,15466,0,245,15221
2023-01-15,NI,Nicaragua,AMRO,41,15507,0,245,15262
2023-01-22,NI,Nicaragua,AMRO,34,15541,0,245,15296
2023-01-29,NI,Nicaragua,AMRO,28,15569,0,245,15324
2023-02-05,NI,Nicaragua,AMRO,23,15592,0,245,15347
2023-02-12,NI,Nicaragua,AMRO,20,15612,0,245,15367
2023-02-19,NI,Nicaragua,AMRO,15,15627,0,245,15382
2023-02-26,NI,Nicaragua,AMRO,11,15638,0,245,15393
2023-03-05,NI,Nicaragua,AMRO,17,15655,0,245,15410
2023-03-12,NI,Nicaragua,AMRO,2,15657,0,245,15412
2023-03-19,NI,Nicaragua,AMRO,15,15672,0,245,15427
2023-03-26,NI,Nicaragua,AMRO,3,15675,0,245,15430
2023-04-02,NI,Nicaragua,AMRO,7,15682,0,245,15437
2023-04-09,NI,Nicaragua,AMRO,0,15682,0,245,15437
2023-04-16,NI,Nicaragua,AMRO,6,15688,0,245,15443
2023-04-23,NI,Nicaragua,AMRO,3,15691,0,245,15446
2023-04-30,NI,Nicaragua,AMRO,6,15697,0,245,15452
2023-05-07,NI,Nicaragua,AMRO,7,15704,0,245,15459
2023-05-14,NI,Nicaragua,AMRO,9,15713,0,245,15468
2023-05-21,NI,Nicaragua,AMRO,9,15722,0,245,15477
2023-05-28,NI,Nicaragua,AMRO,10,15732,0,245,15487
2023-06-04,NI,Nicaragua,AMRO,13,15745,0,245,15500
2023-06-11,NI,Nicaragua,AMRO,22,15767,0,245,15522
2023-06-18,NI,Nicaragua,AMRO,47,15814,0,245,15569
2023-06-25,NI,Nicaragua,AMRO,59,15873,0,245,15628
2023-07-02,NI,Nicaragua,AMRO,40,15913,0,245,15668
2023-07-09,NI,Nicaragua,AMRO,31,15944,0,245,15699
2023-07-16,NI,Nicaragua,AMRO,24,15968,0,245,15723
2023-07-23,NI,Nicaragua,AMRO,9,15977,0,245,15732
2023-07-30,NI,Nicaragua,AMRO,12,15989,0,245,15744
2023-08-06,NI,Nicaragua,AMRO,8,15997,0,245,15752
2023-08-13,NI,Nicaragua,AMRO,11,16008,0,245,15763
2023-08-20,NI,Nicaragua,AMRO,12,16020,0,245,15775
2023-08-27,NI,Nicaragua,AMRO,6,16026,0,245,15781
2023-09-03,NI,Nicaragua,AMRO,5,16031,0,245,15786
2023-09-10,NI,Nicaragua,AMRO,8,16039,0,245,15794
2023-09-17,NI,Nicaragua,AMRO,12,16051,0,245,15806
2023-09-24,NI,Nicaragua,AMRO,5,16056,0,245,15811
2023-10-01,NI,Nicaragua,AMRO,4,16060,0,245,15815
2023-10-08,NI,Nicaragua,AMRO,3,16063,0,245,15818
2023-10-15,NI,Nicaragua,AMRO,3,16066,0,245,15821
2023-10-22,NI,Nicaragua,AMRO,5,16071,0,245,15826
2023-10-29,NI,Nicaragua,AMRO,3,16074,0,245,15829
2023-11-05,NI,Nicaragua,AMRO,1,16075,0,245,15830
2023-11-12,NI,Nicaragua,AMRO,4,16079,0,245,15834
2023-11-19,NI,Nicaragua,AMRO,3,16082,0,245,15837
2023-11-26,NI,Nicaragua,AMRO,4,16086,0,245,15841
2023-12-03,NI,Nicaragua,AMRO,7,16093,0,245,15848
2023-12-10,NI,Nicaragua,AMRO,4,16097,0,245,15852
2023-12-17,NI,Nicaragua,AMRO,9,16106,0,245,15861
2023-12-24,NI,Nicaragua,AMRO,5,16111,0,245,15866
2023-12-31,NI,Nicaragua,AMRO,4,16115,0,245,15870
2024-01-07,NI,Nicaragua,AMRO,3,16118,0,245,15873
2024-01-14,NI,Nicaragua,AMRO,3,16121,0,245,15876
2024-01-21,NI,Nicaragua,AMRO,2,16123,0,245,15878
2024-01-28,NI,Nicaragua,AMRO,2,16125,0,245,15880
2024-02-04,NI,Nicaragua,AMRO,5,16130,0,245,15885
2024-02-11,NI,Nicaragua,AMRO,1,16131,0,245,15886
2024-02-18,NI,Nicaragua,AMRO,0,16131,0,245,15886
2024-02-25,NI,Nicaragua,AMRO,1,16132,0,245,15887
2024-03-03,NI,Nicaragua,AMRO,1,16133,0,245,15888
2024-03-10,NI,Nicaragua,AMRO,1,16134,0,245,15889
2024-03-17,NI,Nicaragua,AMRO,1,16135,0,245,15890
2024-03-24,NI,Nicaragua,AMRO,1,16136,0,245,15891
2024-03-31,NI,Nicaragua,AMRO,1,16137,0,245,15892
2024-04-07,NI,Nicaragua,AMRO,1,16138,0,245,15893
2024-04-14,NI,Nicaragua,AMRO,2,16140,0,245,15895
2024-04-21,NI,Nicaragua,AMRO,1,16141,0,245,15896
2024-04-28,NI,Nicaragua,AMRO,1,16142,0,245,15897
2024-05-05,NI,Nicaragua,AMRO,1,16143,0,245,15898
2024-05-12,NI,Nicaragua,AMRO,2,16145,0,245,15900
2024-05-19,NI,Nicaragua,AMRO,1,16146,0,245,15901
2024-05-26,NI,Nicaragua,AMRO,1,16147,0,245,15902
2024-06-02,NI,Nicaragua,AMRO,1,16148,0,245,15903
2024-06-09,NI,Nicaragua,AMRO,2,16150,0,245,15905
2024-06-16,NI,Nicaragua,AMRO,2,16152,0,245,15907
2024-06-23,NI,Nicaragua,AMRO,7,16159,0,245,15914
2024-06-30,NI,Nicaragua,AMRO,6,16165,0,245,15920
2024-07-07,NI,Nicaragua,AMRO,6,16171,0,245,15926
2024-07-14,NI,Nicaragua,AMRO,4,16175,0,245,15930
2024-07-21,NI,Nicaragua,AMRO,4,16179,0,245,15934
2024-07-28,NI,Nicaragua,AMRO,4,16183,0,245,15938
2024-08-04,NI,Nicaragua,AMRO,2,16185,0,245,15940
2024-08-11,NI,Nicaragua,AMRO,3,16188,0,245,15943
2024-08-18,NI,Nicaragua,AMRO,1,16189,0,245,15944
2024-08-25,NI,Nicaragua,AMRO,1,16190,0,245,15945
2024-09-01,NI,Nicaragua,AMRO,1,16191,0,245,15946
2024-09-08,NI,Nicaragua,AMRO,0,16191,0,245,15946
2024-09-15,NI,Nicaragua,AMRO,1,16192,0,245,15947
2024-09-22,NI,Nicaragua,AMRO,1,16193,0,245,15948
2024-09-29,NI,Nicaragua,AMRO,1,16194,0,245,15949
2024-10-06,NI,Nicaragua,AMRO,0,16194,0,245,15949
2024-10-13,NI,Nicaragua,AMRO,0,16194,0,245,15949
2024-10-20,NI,Nicaragua,AMRO,0,16194,0,245,15949
2024-10-27,NI,Nicaragua,AMRO,0,16194,0,245,15949
2024-11-03,NI,Nicaragua,AMRO,0,16194,0,245,15949
2024-11-10,NI,Nicaragua,AMRO,0,16194,0,245,15949
2024-11-17,NI,Nicaragua,AMRO,0,16194,0,245,15949
2020-01-05,NE,Niger,AFRO,0,0,0,0,0
2020-01-12,NE,Niger,AFRO,0,0,0,0,0
2020-01-19,NE,Niger,AFRO,0,0,0,0,0
2020-01-26,NE,Niger,AFRO,0,0,0,0,0
2020-02-02,NE,Niger,AFRO,0,0,0,0,0
2020-02-09,NE,Niger,AFRO,0,0,0,0,0
2020-02-16,NE,Niger,AFRO,0,0,0,0,0
2020-02-23,NE,Niger,AFRO,0,0,0,0,0
2020-03-01,NE,Niger,AFRO,0,0,0,0,0
2020-03-08,NE,Niger,AFRO,0,0,0,0,0
2020-03-15,NE,Niger,AFRO,0,0,0,0,0
2020-03-22,NE,Niger,AFRO,2,2,0,0,2
2020-03-29,NE,Niger,AFRO,18,20,0,0,20
2020-04-05,NE,Niger,AFRO,124,144,57,57,87
2020-04-12,NE,Niger,AFRO,385,529,1,58,471
2020-04-19,NE,Niger,AFRO,119,648,0,58,590
2020-04-26,NE,Niger,AFRO,36,684,0,58,626
2020-05-03,NE,Niger,AFRO,52,736,2,60,676
2020-05-10,NE,Niger,AFRO,79,815,10,70,745
2020-05-17,NE,Niger,AFRO,74,889,5,75,814
2020-05-24,NE,Niger,AFRO,54,943,10,85,858
2020-05-31,NE,Niger,AFRO,13,956,3,88,868
2020-06-07,NE,Niger,AFRO,14,970,1,89,881
2020-06-14,NE,Niger,AFRO,10,980,1,90,890
2020-06-21,NE,Niger,AFRO,55,1035,1,91,944
2020-06-28,NE,Niger,AFRO,33,1068,0,91,977
2020-07-05,NE,Niger,AFRO,20,1088,1,92,996
2020-07-12,NE,Niger,AFRO,11,1099,0,92,1007
2020-07-19,NE,Niger,AFRO,5,1104,1,93,1011
2020-07-26,NE,Niger,AFRO,20,1124,0,93,1031
2020-08-02,NE,Niger,AFRO,14,1138,0,93,1045
2020-08-09,NE,Niger,AFRO,19,1157,0,93,1064
2020-08-16,NE,Niger,AFRO,9,1166,0,93,1073
2020-08-23,NE,Niger,AFRO,6,1172,0,93,1079
2020-08-30,NE,Niger,AFRO,3,1175,0,93,1082
2020-09-06,NE,Niger,AFRO,2,1177,0,93,1084
2020-09-13,NE,Niger,AFRO,1,1178,0,93,1085
2020-09-20,NE,Niger,AFRO,4,1182,0,93,1089
2020-09-27,NE,Niger,AFRO,12,1194,0,93,1101
2020-10-04,NE,Niger,AFRO,6,1200,0,93,1107
2020-10-11,NE,Niger,AFRO,0,1200,0,93,1107
2020-10-18,NE,Niger,AFRO,9,1209,0,93,1116
2020-10-25,NE,Niger,AFRO,6,1215,0,93,1122
2020-11-01,NE,Niger,AFRO,6,1221,0,93,1128
2020-11-08,NE,Niger,AFRO,21,1242,0,93,1149
2020-11-15,NE,Niger,AFRO,59,1301,1,94,1207
2020-11-22,NE,Niger,AFRO,50,1351,0,94,1257
2020-11-29,NE,Niger,AFRO,133,1484,0,94,1390
2020-12-06,NE,Niger,AFRO,305,1789,7,101,1688
2020-12-13,NE,Niger,AFRO,427,2216,0,101,2115
2020-12-20,NE,Niger,AFRO,398,2614,0,101,2513
2020-12-27,NE,Niger,AFRO,495,3109,0,101,3008
2021-01-03,NE,Niger,AFRO,328,3437,9,110,3327
2021-01-10,NE,Niger,AFRO,382,3819,18,128,3691
2021-01-17,NE,Niger,AFRO,313,4132,12,140,3992
2021-01-24,NE,Niger,AFRO,189,4321,13,153,4168
2021-01-31,NE,Niger,AFRO,195,4516,8,161,4355
2021-02-07,NE,Niger,AFRO,82,4598,4,165,4433
2021-02-14,NE,Niger,AFRO,92,4690,4,169,4521
2021-02-21,NE,Niger,AFRO,43,4733,1,170,4563
2021-02-28,NE,Niger,AFRO,39,4772,5,175,4597
2021-03-07,NE,Niger,AFRO,50,4822,2,177,4645
2021-03-14,NE,Niger,AFRO,35,4857,4,181,4676
2021-03-21,NE,Niger,AFRO,61,4918,4,185,4733
2021-03-28,NE,Niger,AFRO,69,4987,0,185,4802
2021-04-04,NE,Niger,AFRO,46,5033,3,188,4845
2021-04-11,NE,Niger,AFRO,39,5072,0,188,4884
2021-04-18,NE,Niger,AFRO,55,5127,2,190,4937
2021-04-25,NE,Niger,AFRO,31,5158,1,191,4967
2021-05-02,NE,Niger,AFRO,71,5229,0,191,5038
2021-05-09,NE,Niger,AFRO,90,5319,1,192,5127
2021-05-16,NE,Niger,AFRO,11,5330,0,192,5138
2021-05-23,NE,Niger,AFRO,39,5369,0,192,5177
2021-05-30,NE,Niger,AFRO,41,5410,0,192,5218
2021-06-06,NE,Niger,AFRO,28,5438,0,192,5246
2021-06-13,NE,Niger,AFRO,8,5446,0,192,5254
2021-06-20,NE,Niger,AFRO,23,5469,1,193,5276
2021-06-27,NE,Niger,AFRO,9,5478,0,193,5285
2021-07-04,NE,Niger,AFRO,28,5506,1,194,5312
2021-07-11,NE,Niger,AFRO,32,5538,0,194,5344
2021-07-18,NE,Niger,AFRO,35,5573,0,194,5379
2021-07-25,NE,Niger,AFRO,25,5598,1,195,5403
2021-08-01,NE,Niger,AFRO,25,5623,0,195,5428
2021-08-08,NE,Niger,AFRO,59,5682,1,196,5486
2021-08-15,NE,Niger,AFRO,40,5722,0,196,5526
2021-08-22,NE,Niger,AFRO,45,5767,0,196,5571
2021-08-29,NE,Niger,AFRO,72,5839,2,198,5641
2021-09-05,NE,Niger,AFRO,41,5880,1,199,5681
2021-09-12,NE,Niger,AFRO,39,5919,0,199,5720
2021-09-19,NE,Niger,AFRO,38,5957,2,201,5756
2021-09-26,NE,Niger,AFRO,17,5974,0,201,5773
2021-10-03,NE,Niger,AFRO,61,6035,2,203,5832
2021-10-10,NE,Niger,AFRO,58,6093,1,204,5889
2021-10-17,NE,Niger,AFRO,67,6160,0,204,5956
2021-10-24,NE,Niger,AFRO,88,6248,3,207,6041
2021-10-31,NE,Niger,AFRO,91,6339,5,212,6127
2021-11-07,NE,Niger,AFRO,151,6490,8,220,6270
2021-11-14,NE,Niger,AFRO,179,6669,11,231,6438
2021-11-21,NE,Niger,AFRO,124,6793,7,238,6555
2021-11-28,NE,Niger,AFRO,165,6958,16,254,6704
2021-12-05,NE,Niger,AFRO,103,7061,7,261,6800
2021-12-12,NE,Niger,AFRO,93,7154,7,268,6886
2021-12-19,NE,Niger,AFRO,45,7199,4,272,6927
2021-12-26,NE,Niger,AFRO,69,7268,2,274,6994
2022-01-02,NE,Niger,AFRO,170,7438,2,276,7162
2022-01-09,NE,Niger,AFRO,523,7961,4,280,7681
2022-01-16,NE,Niger,AFRO,405,8366,8,288,8078
2022-01-23,NE,Niger,AFRO,176,8542,7,295,8247
2022-01-30,NE,Niger,AFRO,106,8648,3,298,8350
2022-02-06,NE,Niger,AFRO,34,8682,4,302,8380
2022-02-13,NE,Niger,AFRO,27,8709,1,303,8406
2022-02-20,NE,Niger,AFRO,25,8734,0,303,8431
2022-02-27,NE,Niger,AFRO,12,8746,3,306,8440
2022-03-06,NE,Niger,AFRO,16,8762,1,307,8455
2022-03-13,NE,Niger,AFRO,19,8781,1,308,8473
2022-03-20,NE,Niger,AFRO,7,8788,0,308,8480
2022-03-27,NE,Niger,AFRO,13,8801,0,308,8493
2022-04-03,NE,Niger,AFRO,9,8810,0,308,8502
2022-04-10,NE,Niger,AFRO,13,8823,0,308,8515
2022-04-17,NE,Niger,AFRO,48,8871,0,308,8563
2022-04-24,NE,Niger,AFRO,43,8914,1,309,8605
2022-05-01,NE,Niger,AFRO,27,8941,0,309,8632
2022-05-08,NE,Niger,AFRO,45,8986,0,309,8677
2022-05-15,NE,Niger,AFRO,27,9013,1,310,8703
2022-05-22,NE,Niger,AFRO,21,9034,0,310,8724
2022-05-29,NE,Niger,AFRO,12,9046,0,310,8736
2022-06-05,NE,Niger,AFRO,10,9056,0,310,8746
2022-06-12,NE,Niger,AFRO,14,9070,0,310,8760
2022-06-19,NE,Niger,AFRO,8,9078,0,310,8768
2022-06-26,NE,Niger,AFRO,10,9088,1,311,8777
2022-07-03,NE,Niger,AFRO,2,9090,0,311,8779
2022-07-10,NE,Niger,AFRO,7,9097,0,311,8786
2022-07-17,NE,Niger,AFRO,7,9104,0,311,8793
2022-07-24,NE,Niger,AFRO,4,9108,0,311,8797
2022-07-31,NE,Niger,AFRO,6,9114,0,311,8803
2022-08-07,NE,Niger,AFRO,6,9120,0,311,8809
2022-08-14,NE,Niger,AFRO,18,9138,0,311,8827
2022-08-21,NE,Niger,AFRO,55,9193,1,312,8881
2022-08-28,NE,Niger,AFRO,127,9320,0,312,9008
2022-09-04,NE,Niger,AFRO,37,9357,0,312,9045
2022-09-11,NE,Niger,AFRO,20,9377,0,312,9065
2022-09-18,NE,Niger,AFRO,18,9395,1,313,9082
2022-09-25,NE,Niger,AFRO,10,9405,0,313,9092
2022-10-02,NE,Niger,AFRO,6,9411,0,313,9098
2022-10-09,NE,Niger,AFRO,4,9415,1,314,9101
2022-10-16,NE,Niger,AFRO,1,9416,0,314,9102
2022-10-23,NE,Niger,AFRO,9,9425,0,314,9111
2022-10-30,NE,Niger,AFRO,3,9428,0,314,9114
2022-11-06,NE,Niger,AFRO,2,9430,0,314,9116
2022-11-13,NE,Niger,AFRO,2,9432,0,314,9118
2022-11-20,NE,Niger,AFRO,2,9434,0,314,9120
2022-11-27,NE,Niger,AFRO,0,9434,0,314,9120
2022-12-04,NE,Niger,AFRO,11,9445,0,314,9131
2022-12-11,NE,Niger,AFRO,12,9457,0,314,9143
2022-12-18,NE,Niger,AFRO,16,9473,0,314,9159
2022-12-25,NE,Niger,AFRO,13,9486,0,314,9172
2023-01-01,NE,Niger,AFRO,18,9504,1,315,9189
2023-01-08,NE,Niger,AFRO,2,9506,0,315,9191
2023-01-15,NE,Niger,AFRO,1,9507,0,315,9192
2023-01-22,NE,Niger,AFRO,2,9509,0,315,9194
2023-01-29,NE,Niger,AFRO,1,9510,0,315,9195
2023-02-05,NE,Niger,AFRO,0,9510,0,315,9195
2023-02-12,NE,Niger,AFRO,2,9512,0,315,9197
2023-02-19,NE,Niger,AFRO,0,9512,0,315,9197
2023-02-26,NE,Niger,AFRO,1,9513,0,315,9198
2023-03-05,NE,Niger,AFRO,0,9513,0,315,9198
2023-03-12,NE,Niger,AFRO,0,9513,0,315,9198
2023-03-19,NE,Niger,AFRO,0,9513,0,315,9198
2023-03-26,NE,Niger,AFRO,0,9513,0,315,9198
2023-04-02,NE,Niger,AFRO,0,9513,0,315,9198
2023-04-09,NE,Niger,AFRO,0,9513,0,315,9198
2023-04-16,NE,Niger,AFRO,0,9513,0,315,9198
2023-04-23,NE,Niger,AFRO,0,9513,0,315,9198
2023-04-30,NE,Niger,AFRO,0,9513,0,315,9198
2023-05-07,NE,Niger,AFRO,0,9513,0,315,9198
2023-05-14,NE,Niger,AFRO,0,9513,0,315,9198
2023-05-21,NE,Niger,AFRO,1,9514,0,315,9199
2023-05-28,NE,Niger,AFRO,0,9514,0,315,9199
2023-06-04,NE,Niger,AFRO,0,9514,0,315,9199
2023-06-11,NE,Niger,AFRO,0,9514,0,315,9199
2023-06-18,NE,Niger,AFRO,0,9514,0,315,9199
2023-06-25,NE,Niger,AFRO,0,9514,0,315,9199
2023-07-02,NE,Niger,AFRO,1,9515,0,315,9200
2023-07-09,NE,Niger,AFRO,0,9515,0,315,9200
2023-07-16,NE,Niger,AFRO,0,9515,0,315,9200
2023-07-23,NE,Niger,AFRO,0,9515,0,315,9200
2023-07-30,NE,Niger,AFRO,0,9515,0,315,9200
2023-08-06,NE,Niger,AFRO,0,9515,0,315,9200
2023-08-13,NE,Niger,AFRO,0,9515,0,315,9200
2023-08-20,NE,Niger,AFRO,0,9515,0,315,9200
2023-08-27,NE,Niger,AFRO,0,9515,0,315,9200
2023-09-03,NE,Niger,AFRO,0,9515,0,315,9200
2023-09-10,NE,Niger,AFRO,0,9515,0,315,9200
2023-09-17,NE,Niger,AFRO,0,9515,0,315,9200
2023-09-24,NE,Niger,AFRO,0,9515,0,315,9200
2023-10-01,NE,Niger,AFRO,0,9515,0,315,9200
2023-10-08,NE,Niger,AFRO,0,9515,0,315,9200
2023-10-15,NE,Niger,AFRO,0,9515,0,315,9200
2023-10-22,NE,Niger,AFRO,0,9515,0,315,9200
2023-10-29,NE,Niger,AFRO,0,9515,0,315,9200
2023-11-05,NE,Niger,AFRO,0,9515,0,315,9200
2023-11-12,NE,Niger,AFRO,0,9515,0,315,9200
2023-11-19,NE,Niger,AFRO,0,9515,0,315,9200
2023-11-26,NE,Niger,AFRO,0,9515,0,315,9200
2023-12-03,NE,Niger,AFRO,0,9515,0,315,9200
2023-12-10,NE,Niger,AFRO,0,9515,0,315,9200
2023-12-17,NE,Niger,AFRO,0,9515,0,315,9200
2023-12-24,NE,Niger,AFRO,0,9515,0,315,9200
2023-12-31,NE,Niger,AFRO,0,9515,0,315,9200
2024-01-07,NE,Niger,AFRO,0,9515,0,315,9200
2024-01-14,NE,Niger,AFRO,0,9515,0,315,9200
2024-01-21,NE,Niger,AFRO,0,9515,0,315,9200
2024-01-28,NE,Niger,AFRO,0,9515,0,315,9200
2024-02-04,NE,Niger,AFRO,0,9515,0,315,9200
2024-02-11,NE,Niger,AFRO,0,9515,0,315,9200
2024-02-18,NE,Niger,AFRO,0,9515,0,315,9200
2024-02-25,NE,Niger,AFRO,0,9515,0,315,9200
2024-03-03,NE,Niger,AFRO,0,9515,0,315,9200
2024-03-10,NE,Niger,AFRO,0,9515,0,315,9200
2024-03-17,NE,Niger,AFRO,0,9515,0,315,9200
2024-03-24,NE,Niger,AFRO,0,9515,0,315,9200
2024-03-31,NE,Niger,AFRO,0,9515,0,315,9200
2024-04-07,NE,Niger,AFRO,0,9515,0,315,9200
2024-04-14,NE,Niger,AFRO,0,9515,0,315,9200
2024-04-21,NE,Niger,AFRO,0,9515,0,315,9200
2024-04-28,NE,Niger,AFRO,0,9515,0,315,9200
2024-05-05,NE,Niger,AFRO,0,9515,0,315,9200
2024-05-12,NE,Niger,AFRO,0,9515,0,315,9200
2024-05-19,NE,Niger,AFRO,0,9515,0,315,9200
2024-05-26,NE,Niger,AFRO,2,9517,0,315,9202
2024-06-02,NE,Niger,AFRO,0,9517,0,315,9202
2024-06-09,NE,Niger,AFRO,1,9518,0,315,9203
2024-06-16,NE,Niger,AFRO,0,9518,0,315,9203
2024-06-23,NE,Niger,AFRO,0,9518,0,315,9203
2024-06-30,NE,Niger,AFRO,0,9518,0,315,9203
2024-07-07,NE,Niger,AFRO,0,9518,0,315,9203
2024-07-14,NE,Niger,AFRO,0,9518,0,315,9203
2024-07-21,NE,Niger,AFRO,0,9518,0,315,9203
2024-07-28,NE,Niger,AFRO,0,9518,0,315,9203
2024-08-04,NE,Niger,AFRO,0,9518,0,315,9203
2024-08-11,NE,Niger,AFRO,0,9518,0,315,9203
2024-08-18,NE,Niger,AFRO,0,9518,0,315,9203
2024-08-25,NE,Niger,AFRO,0,9518,0,315,9203
2024-09-01,NE,Niger,AFRO,0,9518,0,315,9203
2024-09-08,NE,Niger,AFRO,2,9520,0,315,9205
2024-09-15,NE,Niger,AFRO,3,9523,0,315,9208
2024-09-22,NE,Niger,AFRO,2,9525,0,315,9210
2024-09-29,NE,Niger,AFRO,2,9527,0,315,9212
2024-10-06,NE,Niger,AFRO,1,9528,0,315,9213
2024-10-13,NE,Niger,AFRO,0,9528,0,315,9213
2024-10-20,NE,Niger,AFRO,0,9528,0,315,9213
2024-10-27,NE,Niger,AFRO,0,9528,0,315,9213
2024-11-03,NE,Niger,AFRO,0,9528,0,315,9213
2024-11-10,NE,Niger,AFRO,0,9528,0,315,9213
2024-11-17,NE,Niger,AFRO,0,9528,0,315,9213
2020-01-05,NG,Nigeria,AFRO,0,0,0,0,0
2020-01-12,NG,Nigeria,AFRO,0,0,0,0,0
2020-01-19,NG,Nigeria,AFRO,0,0,0,0,0
2020-01-26,NG,Nigeria,AFRO,0,0,0,0,0
2020-02-02,NG,Nigeria,AFRO,0,0,0,0,0
2020-02-09,NG,Nigeria,AFRO,0,0,0,0,0
2020-02-16,NG,Nigeria,AFRO,0,0,0,0,0
2020-02-23,NG,Nigeria,AFRO,0,0,0,0,0
2020-03-01,NG,Nigeria,AFRO,1,1,0,0,1
2020-03-08,NG,Nigeria,AFRO,0,1,0,0,1
2020-03-15,NG,Nigeria,AFRO,1,2,0,0,2
2020-03-22,NG,Nigeria,AFRO,24,26,0,0,26
2020-03-29,NG,Nigeria,AFRO,71,97,3,3,94
2020-04-05,NG,Nigeria,AFRO,117,214,4,7,207
2020-04-12,NG,Nigeria,AFRO,104,318,5,12,306
2020-04-19,NG,Nigeria,AFRO,223,541,9,21,520
2020-04-26,NG,Nigeria,AFRO,641,1182,16,37,1145
2020-05-03,NG,Nigeria,AFRO,1206,2388,50,87,2301
2020-05-10,NG,Nigeria,AFRO,1763,4151,41,128,4023
2020-05-17,NG,Nigeria,AFRO,1470,5621,48,176,5445
2020-05-24,NG,Nigeria,AFRO,1905,7526,45,221,7305
2020-05-31,NG,Nigeria,AFRO,2329,9855,52,273,9582
2020-06-07,NG,Nigeria,AFRO,2378,12233,69,342,11891
2020-06-14,NG,Nigeria,AFRO,3449,15682,64,406,15276
2020-06-21,NG,Nigeria,AFRO,4126,19808,100,506,19302
2020-06-28,NG,Nigeria,AFRO,4269,24077,52,558,23519
2020-07-05,NG,Nigeria,AFRO,4090,28167,76,634,27533
2020-07-12,NG,Nigeria,AFRO,3820,31987,90,724,31263
2020-07-19,NG,Nigeria,AFRO,4120,36107,54,778,35329
2020-07-26,NG,Nigeria,AFRO,3870,39977,78,856,39121
2020-08-02,NG,Nigeria,AFRO,3560,43537,27,883,42654
2020-08-09,NG,Nigeria,AFRO,2603,46140,59,942,45198
2020-08-16,NG,Nigeria,AFRO,2630,48770,32,974,47796
2020-08-23,NG,Nigeria,AFRO,3135,51905,23,997,50908
2020-08-30,NG,Nigeria,AFRO,1822,53727,14,1011,52716
2020-09-06,NG,Nigeria,AFRO,1178,54905,43,1054,53851
2020-09-13,NG,Nigeria,AFRO,1272,56177,24,1078,55099
2020-09-20,NG,Nigeria,AFRO,968,57145,17,1095,56050
2020-09-27,NG,Nigeria,AFRO,1053,58198,11,1106,57092
2020-10-04,NG,Nigeria,AFRO,1089,59287,7,1113,58174
2020-10-11,NG,Nigeria,AFRO,816,60103,2,1115,58988
2020-10-18,NG,Nigeria,AFRO,1204,61307,8,1123,60184
2020-10-25,NG,Nigeria,AFRO,623,61930,6,1129,60801
2020-11-01,NG,Nigeria,AFRO,923,62853,15,1144,61709
2020-11-08,NG,Nigeria,AFRO,937,63790,10,1154,62636
2020-11-15,NG,Nigeria,AFRO,1206,64996,9,1163,63833
2020-11-22,NG,Nigeria,AFRO,1232,66228,3,1166,65062
2020-11-29,NG,Nigeria,AFRO,1102,67330,5,1171,66159
2020-12-06,NG,Nigeria,AFRO,1607,68937,9,1180,67757
2020-12-13,NG,Nigeria,AFRO,3820,72757,14,1194,71563
2020-12-20,NG,Nigeria,AFRO,5176,77933,24,1218,76715
2020-12-27,NG,Nigeria,AFRO,5643,83576,29,1247,82329
2021-01-03,NG,Nigeria,AFRO,5587,89163,55,1302,87861
2021-01-10,NG,Nigeria,AFRO,9900,99063,48,1350,97713
2021-01-17,NG,Nigeria,AFRO,9880,108943,70,1420,107523
2021-01-24,NG,Nigeria,AFRO,11659,120602,75,1495,119107
2021-01-31,NG,Nigeria,AFRO,9955,130557,83,1578,128979
2021-02-07,NG,Nigeria,AFRO,8685,139242,69,1647,137595
2021-02-14,NG,Nigeria,AFRO,6422,145664,100,1747,143917
2021-02-21,NG,Nigeria,AFRO,5889,151553,84,1831,149722
2021-02-28,NG,Nigeria,AFRO,3864,155417,74,1905,153512
2021-03-07,NG,Nigeria,AFRO,2820,158237,59,1964,156273
2021-03-14,NG,Nigeria,AFRO,2300,160537,49,2013,158524
2021-03-21,NG,Nigeria,AFRO,1114,161651,17,2030,159621
2021-03-28,NG,Nigeria,AFRO,838,162489,11,2041,160448
2021-04-04,NG,Nigeria,AFRO,624,163113,17,2058,161055
2021-04-11,NG,Nigeria,AFRO,623,163736,2,2060,161676
2021-04-18,NG,Nigeria,AFRO,471,164207,1,2061,162146
2021-04-25,NG,Nigeria,AFRO,477,164684,0,2061,162623
2021-05-02,NG,Nigeria,AFRO,469,165153,2,2063,163090
2021-05-09,NG,Nigeria,AFRO,229,165382,2,2065,163317
2021-05-16,NG,Nigeria,AFRO,320,165702,1,2066,163636
2021-05-23,NG,Nigeria,AFRO,277,165979,1,2067,163912
2021-05-30,NG,Nigeria,AFRO,306,166285,4,2071,164214
2021-06-06,NG,Nigeria,AFRO,471,166756,46,2117,164639
2021-06-13,NG,Nigeria,AFRO,303,167059,0,2117,164942
2021-06-20,NG,Nigeria,AFRO,96,167155,0,2117,165038
2021-06-27,NG,Nigeria,AFRO,310,167465,2,2119,165346
2021-07-04,NG,Nigeria,AFRO,338,167803,2,2121,165682
2021-07-11,NG,Nigeria,AFRO,737,168540,1,2122,166418
2021-07-18,NG,Nigeria,AFRO,789,169329,4,2126,167203
2021-07-25,NG,Nigeria,AFRO,1566,170895,6,2132,168763
2021-08-01,NG,Nigeria,AFRO,3013,173908,17,2149,171759
2021-08-08,NG,Nigeria,AFRO,3707,177615,36,2185,175430
2021-08-15,NG,Nigeria,AFRO,4347,181962,34,2219,179743
2021-08-22,NG,Nigeria,AFRO,4673,186635,41,2260,184375
2021-08-29,NG,Nigeria,AFRO,4348,190983,101,2361,188622
2021-09-05,NG,Nigeria,AFRO,4069,195052,161,2522,192530
2021-09-12,NG,Nigeria,AFRO,3734,198786,68,2590,196196
2021-09-19,NG,Nigeria,AFRO,2844,201630,64,2654,198976
2021-09-26,NG,Nigeria,AFRO,2571,204201,20,2674,201527
2021-10-03,NG,Nigeria,AFRO,1863,206064,49,2723,203341
2021-10-10,NG,Nigeria,AFRO,1554,207618,22,2745,204873
2021-10-17,NG,Nigeria,AFRO,1555,209173,59,2804,206369
2021-10-24,NG,Nigeria,AFRO,1122,210295,52,2856,207439
2021-10-31,NG,Nigeria,AFRO,1592,211887,39,2895,208992
2021-11-07,NG,Nigeria,AFRO,740,212627,10,2905,209722
2021-11-14,NG,Nigeria,AFRO,500,213127,55,2960,210167
2021-11-21,NG,Nigeria,AFRO,405,213532,13,2973,210559
2021-11-28,NG,Nigeria,AFRO,450,213982,2,2975,211007
2021-12-05,NG,Nigeria,AFRO,585,214567,5,2980,211587
2021-12-12,NG,Nigeria,AFRO,2496,217063,1,2981,214082
2021-12-19,NG,Nigeria,AFRO,6420,223483,3,2984,220499
2021-12-26,NG,Nigeria,AFRO,12531,236014,30,3014,233000
2022-01-02,NG,Nigeria,AFRO,6863,242877,19,3033,239844
2022-01-09,NG,Nigeria,AFRO,4898,247775,38,3071,244704
2022-01-16,NG,Nigeria,AFRO,2853,250628,24,3095,247533
2022-01-23,NG,Nigeria,AFRO,1331,251959,29,3124,248835
2022-01-30,NG,Nigeria,AFRO,1061,253020,11,3135,249885
2022-02-06,NG,Nigeria,AFRO,665,253685,1,3136,250549
2022-02-13,NG,Nigeria,AFRO,285,253970,4,3140,250830
2022-02-20,NG,Nigeria,AFRO,273,254243,2,3142,251101
2022-02-27,NG,Nigeria,AFRO,258,254501,0,3142,251359
2022-03-06,NG,Nigeria,AFRO,136,254637,0,3142,251495
2022-03-13,NG,Nigeria,AFRO,308,254945,0,3142,251803
2022-03-20,NG,Nigeria,AFRO,158,255103,0,3142,251961
2022-03-27,NG,Nigeria,AFRO,193,255296,0,3142,252154
2022-04-03,NG,Nigeria,AFRO,172,255468,0,3142,252326
2022-04-10,NG,Nigeria,AFRO,138,255606,0,3142,252464
2022-04-17,NG,Nigeria,AFRO,42,255648,1,3143,252505
2022-04-24,NG,Nigeria,AFRO,37,255685,0,3143,252542
2022-05-01,NG,Nigeria,AFRO,31,255716,0,3143,252573
2022-05-08,NG,Nigeria,AFRO,50,255766,0,3143,252623
2022-05-15,NG,Nigeria,AFRO,93,255859,0,3143,252716
2022-05-22,NG,Nigeria,AFRO,78,255937,0,3143,252794
2022-05-29,NG,Nigeria,AFRO,91,256028,0,3143,252885
2022-06-05,NG,Nigeria,AFRO,120,256148,0,3143,253005
2022-06-12,NG,Nigeria,AFRO,204,256352,1,3144,253208
2022-06-19,NG,Nigeria,AFRO,221,256573,0,3144,253429
2022-06-26,NG,Nigeria,AFRO,385,256958,0,3144,253814
2022-07-03,NG,Nigeria,AFRO,679,257637,0,3144,254493
2022-07-10,NG,Nigeria,AFRO,880,258517,0,3144,255373
2022-07-17,NG,Nigeria,AFRO,490,259007,0,3144,255863
2022-07-24,NG,Nigeria,AFRO,478,259485,2,3146,256339
2022-07-31,NG,Nigeria,AFRO,1492,260977,1,3147,257830
2022-08-07,NG,Nigeria,AFRO,908,261885,0,3147,258738
2022-08-14,NG,Nigeria,AFRO,635,262520,0,3147,259373
2022-08-21,NG,Nigeria,AFRO,392,262912,0,3147,259765
2022-08-28,NG,Nigeria,AFRO,495,263407,1,3148,260259
2022-09-04,NG,Nigeria,AFRO,460,263867,0,3148,260719
2022-09-11,NG,Nigeria,AFRO,583,264450,6,3154,261296
2022-09-18,NG,Nigeria,AFRO,483,264933,1,3155,261778
2022-09-25,NG,Nigeria,AFRO,253,265186,0,3155,262031
2022-10-02,NG,Nigeria,AFRO,245,265431,0,3155,262276
2022-10-09,NG,Nigeria,AFRO,385,265816,0,3155,262661
2022-10-16,NG,Nigeria,AFRO,121,265937,0,3155,262782
2022-10-23,NG,Nigeria,AFRO,106,266043,0,3155,262888
2022-10-30,NG,Nigeria,AFRO,95,266138,0,3155,262983
2022-11-06,NG,Nigeria,AFRO,54,266192,0,3155,263037
2022-11-13,NG,Nigeria,AFRO,50,266242,0,3155,263087
2022-11-20,NG,Nigeria,AFRO,41,266283,0,3155,263128
2022-11-27,NG,Nigeria,AFRO,30,266313,0,3155,263158
2022-12-04,NG,Nigeria,AFRO,37,266350,0,3155,263195
2022-12-11,NG,Nigeria,AFRO,31,266381,0,3155,263226
2022-12-18,NG,Nigeria,AFRO,17,266398,0,3155,263243
2022-12-25,NG,Nigeria,AFRO,17,266415,0,3155,263260
2023-01-01,NG,Nigeria,AFRO,35,266450,0,3155,263295
2023-01-08,NG,Nigeria,AFRO,13,266463,0,3155,263308
2023-01-15,NG,Nigeria,AFRO,0,266463,0,3155,263308
2023-01-22,NG,Nigeria,AFRO,0,266463,0,3155,263308
2023-01-29,NG,Nigeria,AFRO,0,266463,0,3155,263308
2023-02-05,NG,Nigeria,AFRO,0,266463,0,3155,263308
2023-02-12,NG,Nigeria,AFRO,0,266463,0,3155,263308
2023-02-19,NG,Nigeria,AFRO,130,266593,0,3155,263438
2023-02-26,NG,Nigeria,AFRO,5,266598,0,3155,263443
2023-03-05,NG,Nigeria,AFRO,30,266628,0,3155,263473
2023-03-12,NG,Nigeria,AFRO,13,266641,0,3155,263486
2023-03-19,NG,Nigeria,AFRO,11,266652,0,3155,263497
2023-03-26,NG,Nigeria,AFRO,8,266660,0,3155,263505
2023-04-02,NG,Nigeria,AFRO,5,266665,0,3155,263510
2023-04-09,NG,Nigeria,AFRO,10,266675,0,3155,263520
2023-04-16,NG,Nigeria,AFRO,0,266675,0,3155,263520
2023-04-23,NG,Nigeria,AFRO,0,266675,0,3155,263520
2023-04-30,NG,Nigeria,AFRO,0,266675,0,3155,263520
2023-05-07,NG,Nigeria,AFRO,0,266675,0,3155,263520
2023-05-14,NG,Nigeria,AFRO,0,266675,0,3155,263520
2023-05-21,NG,Nigeria,AFRO,0,266675,0,3155,263520
2023-05-28,NG,Nigeria,AFRO,0,266675,0,3155,263520
2023-06-04,NG,Nigeria,AFRO,0,266675,0,3155,263520
2023-06-11,NG,Nigeria,AFRO,0,266675,0,3155,263520
2023-06-18,NG,Nigeria,AFRO,0,266675,0,3155,263520
2023-06-25,NG,Nigeria,AFRO,0,266675,0,3155,263520
2023-07-02,NG,Nigeria,AFRO,0,266675,0,3155,263520
2023-07-09,NG,Nigeria,AFRO,0,266675,0,3155,263520
2023-07-16,NG,Nigeria,AFRO,0,266675,0,3155,263520
2023-07-23,NG,Nigeria,AFRO,0,266675,0,3155,263520
2023-07-30,NG,Nigeria,AFRO,0,266675,0,3155,263520
2023-08-06,NG,Nigeria,AFRO,0,266675,0,3155,263520
2023-08-13,NG,Nigeria,AFRO,361,267036,0,3155,263881
2023-08-20,NG,Nigeria,AFRO,5,267041,0,3155,263886
2023-08-27,NG,Nigeria,AFRO,10,267051,0,3155,263896
2023-09-03,NG,Nigeria,AFRO,42,267093,0,3155,263938
2023-09-10,NG,Nigeria,AFRO,25,267118,0,3155,263963
2023-09-17,NG,Nigeria,AFRO,15,267133,0,3155,263978
2023-09-24,NG,Nigeria,AFRO,5,267138,0,3155,263983
2023-10-01,NG,Nigeria,AFRO,8,267146,0,3155,263991
2023-10-08,NG,Nigeria,AFRO,9,267155,0,3155,264000
2023-10-15,NG,Nigeria,AFRO,1,267156,0,3155,264001
2023-10-22,NG,Nigeria,AFRO,10,267166,0,3155,264011
2023-10-29,NG,Nigeria,AFRO,7,267173,0,3155,264018
2023-11-05,NG,Nigeria,AFRO,0,267173,0,3155,264018
2023-11-12,NG,Nigeria,AFRO,0,267173,0,3155,264018
2023-11-19,NG,Nigeria,AFRO,0,267173,0,3155,264018
2023-11-26,NG,Nigeria,AFRO,0,267173,0,3155,264018
2023-12-03,NG,Nigeria,AFRO,0,267173,0,3155,264018
2023-12-10,NG,Nigeria,AFRO,0,267173,0,3155,264018
2023-12-17,NG,Nigeria,AFRO,0,267173,0,3155,264018
2023-12-24,NG,Nigeria,AFRO,0,267173,0,3155,264018
2023-12-31,NG,Nigeria,AFRO,15,267188,0,3155,264033
2024-01-07,NG,Nigeria,AFRO,0,267188,0,3155,264033
2024-01-14,NG,Nigeria,AFRO,0,267188,0,3155,264033
2024-01-21,NG,Nigeria,AFRO,0,267188,0,3155,264033
2024-01-28,NG,Nigeria,AFRO,0,267188,0,3155,264033
2024-02-04,NG,Nigeria,AFRO,0,267188,0,3155,264033
2024-02-11,NG,Nigeria,AFRO,0,267188,0,3155,264033
2024-02-18,NG,Nigeria,AFRO,0,267188,0,3155,264033
2024-02-25,NG,Nigeria,AFRO,0,267188,0,3155,264033
2024-03-03,NG,Nigeria,AFRO,0,267188,0,3155,264033
2024-03-10,NG,Nigeria,AFRO,0,267188,0,3155,264033
2024-03-17,NG,Nigeria,AFRO,0,267188,0,3155,264033
2024-03-24,NG,Nigeria,AFRO,0,267188,0,3155,264033
2024-03-31,NG,Nigeria,AFRO,0,267188,0,3155,264033
2024-04-07,NG,Nigeria,AFRO,0,267188,0,3155,264033
2024-04-14,NG,Nigeria,AFRO,0,267188,0,3155,264033
2024-04-21,NG,Nigeria,AFRO,0,267188,0,3155,264033
2024-04-28,NG,Nigeria,AFRO,0,267188,0,3155,264033
2024-05-05,NG,Nigeria,AFRO,0,267188,0,3155,264033
2024-05-12,NG,Nigeria,AFRO,0,267188,0,3155,264033
2024-05-19,NG,Nigeria,AFRO,0,267188,0,3155,264033
2024-05-26,NG,Nigeria,AFRO,0,267188,0,3155,264033
2024-06-02,NG,Nigeria,AFRO,0,267188,0,3155,264033
2024-06-09,NG,Nigeria,AFRO,0,267188,0,3155,264033
2024-06-16,NG,Nigeria,AFRO,0,267188,0,3155,264033
2024-06-23,NG,Nigeria,AFRO,0,267188,0,3155,264033
2024-06-30,NG,Nigeria,AFRO,0,267188,0,3155,264033
2024-07-07,NG,Nigeria,AFRO,0,267188,0,3155,264033
2024-07-14,NG,Nigeria,AFRO,0,267188,0,3155,264033
2024-07-21,NG,Nigeria,AFRO,0,267188,0,3155,264033
2024-07-28,NG,Nigeria,AFRO,0,267188,0,3155,264033
2024-08-04,NG,Nigeria,AFRO,1,267189,0,3155,264034
2024-08-11,NG,Nigeria,AFRO,0,267189,0,3155,264034
2024-08-18,NG,Nigeria,AFRO,0,267189,0,3155,264034
2024-08-25,NG,Nigeria,AFRO,0,267189,0,3155,264034
2024-09-01,NG,Nigeria,AFRO,0,267189,0,3155,264034
2024-09-08,NG,Nigeria,AFRO,0,267189,0,3155,264034
2024-09-15,NG,Nigeria,AFRO,0,267189,0,3155,264034
2024-09-22,NG,Nigeria,AFRO,0,267189,0,3155,264034
2024-09-29,NG,Nigeria,AFRO,0,267189,0,3155,264034
2024-10-06,NG,Nigeria,AFRO,0,267189,0,3155,264034
2024-10-13,NG,Nigeria,AFRO,0,267189,0,3155,264034
2024-10-20,NG,Nigeria,AFRO,0,267189,0,3155,264034
2024-10-27,NG,Nigeria,AFRO,0,267189,0,3155,264034
2024-11-03,NG,Nigeria,AFRO,0,267189,0,3155,264034
2024-11-10,NG,Nigeria,AFRO,0,267189,0,3155,264034
2024-11-17,NG,Nigeria,AFRO,0,267189,0,3155,264034
2020-01-05,NU,Niue,WPRO,0,0,0,0,0
2020-01-12,NU,Niue,WPRO,0,0,0,0,0
2020-01-19,NU,Niue,WPRO,0,0,0,0,0
2020-01-26,NU,Niue,WPRO,0,0,0,0,0
2020-02-02,NU,Niue,WPRO,0,0,0,0,0
2020-02-09,NU,Niue,WPRO,0,0,0,0,0
2020-02-16,NU,Niue,WPRO,0,0,0,0,0
2020-02-23,NU,Niue,WPRO,0,0,0,0,0
2020-03-01,NU,Niue,WPRO,0,0,0,0,0
2020-03-08,NU,Niue,WPRO,0,0,0,0,0
2020-03-15,NU,Niue,WPRO,0,0,0,0,0
2020-03-22,NU,Niue,WPRO,0,0,0,0,0
2020-03-29,NU,Niue,WPRO,0,0,0,0,0
2020-04-05,NU,Niue,WPRO,0,0,0,0,0
2020-04-12,NU,Niue,WPRO,0,0,0,0,0
2020-04-19,NU,Niue,WPRO,0,0,0,0,0
2020-04-26,NU,Niue,WPRO,0,0,0,0,0
2020-05-03,NU,Niue,WPRO,0,0,0,0,0
2020-05-10,NU,Niue,WPRO,0,0,0,0,0
2020-05-17,NU,Niue,WPRO,0,0,0,0,0
2020-05-24,NU,Niue,WPRO,0,0,0,0,0
2020-05-31,NU,Niue,WPRO,0,0,0,0,0
2020-06-07,NU,Niue,WPRO,0,0,0,0,0
2020-06-14,NU,Niue,WPRO,0,0,0,0,0
2020-06-21,NU,Niue,WPRO,0,0,0,0,0
2020-06-28,NU,Niue,WPRO,0,0,0,0,0
2020-07-05,NU,Niue,WPRO,0,0,0,0,0
2020-07-12,NU,Niue,WPRO,0,0,0,0,0
2020-07-19,NU,Niue,WPRO,0,0,0,0,0
2020-07-26,NU,Niue,WPRO,0,0,0,0,0
2020-08-02,NU,Niue,WPRO,0,0,0,0,0
2020-08-09,NU,Niue,WPRO,0,0,0,0,0
2020-08-16,NU,Niue,WPRO,0,0,0,0,0
2020-08-23,NU,Niue,WPRO,0,0,0,0,0
2020-08-30,NU,Niue,WPRO,0,0,0,0,0
2020-09-06,NU,Niue,WPRO,0,0,0,0,0
2020-09-13,NU,Niue,WPRO,0,0,0,0,0
2020-09-20,NU,Niue,WPRO,0,0,0,0,0
2020-09-27,NU,Niue,WPRO,0,0,0,0,0
2020-10-04,NU,Niue,WPRO,0,0,0,0,0
2020-10-11,NU,Niue,WPRO,0,0,0,0,0
2020-10-18,NU,Niue,WPRO,0,0,0,0,0
2020-10-25,NU,Niue,WPRO,0,0,0,0,0
2020-11-01,NU,Niue,WPRO,0,0,0,0,0
2020-11-08,NU,Niue,WPRO,0,0,0,0,0
2020-11-15,NU,Niue,WPRO,0,0,0,0,0
2020-11-22,NU,Niue,WPRO,0,0,0,0,0
2020-11-29,NU,Niue,WPRO,0,0,0,0,0
2020-12-06,NU,Niue,WPRO,0,0,0,0,0
2020-12-13,NU,Niue,WPRO,0,0,0,0,0
2020-12-20,NU,Niue,WPRO,0,0,0,0,0
2020-12-27,NU,Niue,WPRO,0,0,0,0,0
2021-01-03,NU,Niue,WPRO,0,0,0,0,0
2021-01-10,NU,Niue,WPRO,0,0,0,0,0
2021-01-17,NU,Niue,WPRO,0,0,0,0,0
2021-01-24,NU,Niue,WPRO,0,0,0,0,0
2021-01-31,NU,Niue,WPRO,0,0,0,0,0
2021-02-07,NU,Niue,WPRO,0,0,0,0,0
2021-02-14,NU,Niue,WPRO,0,0,0,0,0
2021-02-21,NU,Niue,WPRO,0,0,0,0,0
2021-02-28,NU,Niue,WPRO,0,0,0,0,0
2021-03-07,NU,Niue,WPRO,0,0,0,0,0
2021-03-14,NU,Niue,WPRO,0,0,0,0,0
2021-03-21,NU,Niue,WPRO,0,0,0,0,0
2021-03-28,NU,Niue,WPRO,0,0,0,0,0
2021-04-04,NU,Niue,WPRO,0,0,0,0,0
2021-04-11,NU,Niue,WPRO,0,0,0,0,0
2021-04-18,NU,Niue,WPRO,0,0,0,0,0
2021-04-25,NU,Niue,WPRO,0,0,0,0,0
2021-05-02,NU,Niue,WPRO,0,0,0,0,0
2021-05-09,NU,Niue,WPRO,0,0,0,0,0
2021-05-16,NU,Niue,WPRO,0,0,0,0,0
2021-05-23,NU,Niue,WPRO,0,0,0,0,0
2021-05-30,NU,Niue,WPRO,0,0,0,0,0
2021-06-06,NU,Niue,WPRO,0,0,0,0,0
2021-06-13,NU,Niue,WPRO,0,0,0,0,0
2021-06-20,NU,Niue,WPRO,0,0,0,0,0
2021-06-27,NU,Niue,WPRO,0,0,0,0,0
2021-07-04,NU,Niue,WPRO,0,0,0,0,0
2021-07-11,NU,Niue,WPRO,0,0,0,0,0
2021-07-18,NU,Niue,WPRO,0,0,0,0,0
2021-07-25,NU,Niue,WPRO,0,0,0,0,0
2021-08-01,NU,Niue,WPRO,0,0,0,0,0
2021-08-08,NU,Niue,WPRO,0,0,0,0,0
2021-08-15,NU,Niue,WPRO,0,0,0,0,0
2021-08-22,NU,Niue,WPRO,0,0,0,0,0
2021-08-29,NU,Niue,WPRO,0,0,0,0,0
2021-09-05,NU,Niue,WPRO,0,0,0,0,0
2021-09-12,NU,Niue,WPRO,0,0,0,0,0
2021-09-19,NU,Niue,WPRO,0,0,0,0,0
2021-09-26,NU,Niue,WPRO,0,0,0,0,0
2021-10-03,NU,Niue,WPRO,0,0,0,0,0
2021-10-10,NU,Niue,WPRO,0,0,0,0,0
2021-10-17,NU,Niue,WPRO,0,0,0,0,0
2021-10-24,NU,Niue,WPRO,0,0,0,0,0
2021-10-31,NU,Niue,WPRO,0,0,0,0,0
2021-11-07,NU,Niue,WPRO,0,0,0,0,0
2021-11-14,NU,Niue,WPRO,0,0,0,0,0
2021-11-21,NU,Niue,WPRO,0,0,0,0,0
2021-11-28,NU,Niue,WPRO,0,0,0,0,0
2021-12-05,NU,Niue,WPRO,0,0,0,0,0
2021-12-12,NU,Niue,WPRO,0,0,0,0,0
2021-12-19,NU,Niue,WPRO,0,0,0,0,0
2021-12-26,NU,Niue,WPRO,0,0,0,0,0
2022-01-02,NU,Niue,WPRO,0,0,0,0,0
2022-01-09,NU,Niue,WPRO,0,0,0,0,0
2022-01-16,NU,Niue,WPRO,0,0,0,0,0
2022-01-23,NU,Niue,WPRO,0,0,0,0,0
2022-01-30,NU,Niue,WPRO,0,0,0,0,0
2022-02-06,NU,Niue,WPRO,0,0,0,0,0
2022-02-13,NU,Niue,WPRO,0,0,0,0,0
2022-02-20,NU,Niue,WPRO,0,0,0,0,0
2022-02-27,NU,Niue,WPRO,0,0,0,0,0
2022-03-06,NU,Niue,WPRO,0,0,0,0,0
2022-03-13,NU,Niue,WPRO,1,1,0,0,1
2022-03-20,NU,Niue,WPRO,0,1,0,0,1
2022-03-27,NU,Niue,WPRO,4,5,0,0,5
2022-04-03,NU,Niue,WPRO,2,7,0,0,7
2022-04-10,NU,Niue,WPRO,0,7,0,0,7
2022-04-17,NU,Niue,WPRO,0,7,0,0,7
2022-04-24,NU,Niue,WPRO,1,8,0,0,8
2022-05-01,NU,Niue,WPRO,1,9,0,0,9
2022-05-08,NU,Niue,WPRO,0,9,0,0,9
2022-05-15,NU,Niue,WPRO,0,9,0,0,9
2022-05-22,NU,Niue,WPRO,0,9,0,0,9
2022-05-29,NU,Niue,WPRO,0,9,0,0,9
2022-06-05,NU,Niue,WPRO,0,9,0,0,9
2022-06-12,NU,Niue,WPRO,0,9,0,0,9
2022-06-19,NU,Niue,WPRO,1,10,0,0,10
2022-06-26,NU,Niue,WPRO,0,10,0,0,10
2022-07-03,NU,Niue,WPRO,10,20,0,0,20
2022-07-10,NU,Niue,WPRO,4,24,0,0,24
2022-07-17,NU,Niue,WPRO,5,29,0,0,29
2022-07-24,NU,Niue,WPRO,0,29,0,0,29
2022-07-31,NU,Niue,WPRO,18,47,0,0,47
2022-08-07,NU,Niue,WPRO,11,58,0,0,58
2022-08-14,NU,Niue,WPRO,2,60,0,0,60
2022-08-21,NU,Niue,WPRO,0,60,0,0,60
2022-08-28,NU,Niue,WPRO,0,60,0,0,60
2022-09-04,NU,Niue,WPRO,13,73,0,0,73
2022-09-11,NU,Niue,WPRO,4,77,0,0,77
2022-09-18,NU,Niue,WPRO,2,79,0,0,79
2022-09-25,NU,Niue,WPRO,1,80,0,0,80
2022-10-02,NU,Niue,WPRO,0,80,0,0,80
2022-10-09,NU,Niue,WPRO,1,81,0,0,81
2022-10-16,NU,Niue,WPRO,2,83,0,0,83
2022-10-23,NU,Niue,WPRO,2,85,0,0,85
2022-10-30,NU,Niue,WPRO,0,85,0,0,85
2022-11-06,NU,Niue,WPRO,0,85,0,0,85
2022-11-13,NU,Niue,WPRO,2,87,0,0,87
2022-11-20,NU,Niue,WPRO,13,100,0,0,100
2022-11-27,NU,Niue,WPRO,11,111,0,0,111
2022-12-04,NU,Niue,WPRO,58,169,0,0,169
2022-12-11,NU,Niue,WPRO,18,187,0,0,187
2022-12-18,NU,Niue,WPRO,76,263,0,0,263
2022-12-25,NU,Niue,WPRO,72,335,0,0,335
2023-01-01,NU,Niue,WPRO,123,458,0,0,458
2023-01-08,NU,Niue,WPRO,155,613,0,0,613
2023-01-15,NU,Niue,WPRO,101,714,0,0,714
2023-01-22,NU,Niue,WPRO,16,730,0,0,730
2023-01-29,NU,Niue,WPRO,11,741,0,0,741
2023-02-05,NU,Niue,WPRO,6,747,0,0,747
2023-02-12,NU,Niue,WPRO,0,747,0,0,747
2023-02-19,NU,Niue,WPRO,0,747,0,0,747
2023-02-26,NU,Niue,WPRO,0,747,0,0,747
2023-03-05,NU,Niue,WPRO,0,747,0,0,747
2023-03-12,NU,Niue,WPRO,0,747,0,0,747
2023-03-19,NU,Niue,WPRO,0,747,0,0,747
2023-03-26,NU,Niue,WPRO,0,747,0,0,747
2023-04-02,NU,Niue,WPRO,0,747,0,0,747
2023-04-09,NU,Niue,WPRO,0,747,0,0,747
2023-04-16,NU,Niue,WPRO,0,747,0,0,747
2023-04-23,NU,Niue,WPRO,0,747,0,0,747
2023-04-30,NU,Niue,WPRO,0,747,0,0,747
2023-05-07,NU,Niue,WPRO,0,747,0,0,747
2023-05-14,NU,Niue,WPRO,54,801,0,0,801
2023-05-21,NU,Niue,WPRO,1,802,0,0,802
2023-05-28,NU,Niue,WPRO,5,807,0,0,807
2023-06-04,NU,Niue,WPRO,10,817,0,0,817
2023-06-11,NU,Niue,WPRO,3,820,0,0,820
2023-06-18,NU,Niue,WPRO,0,820,0,0,820
2023-06-25,NU,Niue,WPRO,0,820,0,0,820
2023-07-02,NU,Niue,WPRO,0,820,0,0,820
2023-07-09,NU,Niue,WPRO,1,821,0,0,821
2023-07-16,NU,Niue,WPRO,1,822,0,0,822
2023-07-23,NU,Niue,WPRO,0,822,0,0,822
2023-07-30,NU,Niue,WPRO,0,822,0,0,822
2023-08-06,NU,Niue,WPRO,3,825,0,0,825
2023-08-13,NU,Niue,WPRO,5,830,0,0,830
2023-08-20,NU,Niue,WPRO,1,831,0,0,831
2023-08-27,NU,Niue,WPRO,27,858,0,0,858
2023-09-03,NU,Niue,WPRO,10,868,0,0,868
2023-09-10,NU,Niue,WPRO,19,887,0,0,887
2023-09-17,NU,Niue,WPRO,0,887,0,0,887
2023-09-24,NU,Niue,WPRO,0,887,0,0,887
2023-10-01,NU,Niue,WPRO,0,887,0,0,887
2023-10-08,NU,Niue,WPRO,0,887,0,0,887
2023-10-15,NU,Niue,WPRO,0,887,0,0,887
2023-10-22,NU,Niue,WPRO,0,887,0,0,887
2023-10-29,NU,Niue,WPRO,0,887,0,0,887
2023-11-05,NU,Niue,WPRO,2,889,0,0,889
2023-11-12,NU,Niue,WPRO,0,889,0,0,889
2023-11-19,NU,Niue,WPRO,0,889,0,0,889
2023-11-26,NU,Niue,WPRO,6,895,0,0,895
2023-12-03,NU,Niue,WPRO,0,895,0,0,895
2023-12-10,NU,Niue,WPRO,0,895,0,0,895
2023-12-17,NU,Niue,WPRO,0,895,0,0,895
2023-12-24,NU,Niue,WPRO,42,937,0,0,937
2023-12-31,NU,Niue,WPRO,56,993,0,0,993
2024-01-07,NU,Niue,WPRO,0,993,0,0,993
2024-01-14,NU,Niue,WPRO,0,993,0,0,993
2024-01-21,NU,Niue,WPRO,0,993,0,0,993
2024-01-28,NU,Niue,WPRO,0,993,0,0,993
2024-02-04,NU,Niue,WPRO,0,993,0,0,993
2024-02-11,NU,Niue,WPRO,0,993,0,0,993
2024-02-18,NU,Niue,WPRO,0,993,0,0,993
2024-02-25,NU,Niue,WPRO,66,1059,0,0,1059
2024-03-03,NU,Niue,WPRO,0,1059,0,0,1059
2024-03-10,NU,Niue,WPRO,0,1059,0,0,1059
2024-03-17,NU,Niue,WPRO,0,1059,0,0,1059
2024-03-24,NU,Niue,WPRO,0,1059,0,0,1059
2024-03-31,NU,Niue,WPRO,0,1059,0,0,1059
2024-04-07,NU,Niue,WPRO,0,1059,0,0,1059
2024-04-14,NU,Niue,WPRO,0,1059,0,0,1059
2024-04-21,NU,Niue,WPRO,0,1059,0,0,1059
2024-04-28,NU,Niue,WPRO,8,1067,0,0,1067
2024-05-05,NU,Niue,WPRO,7,1074,0,0,1074
2024-05-12,NU,Niue,WPRO,0,1074,0,0,1074
2024-05-19,NU,Niue,WPRO,0,1074,0,0,1074
2024-05-26,NU,Niue,WPRO,0,1074,0,0,1074
2024-06-02,NU,Niue,WPRO,0,1074,0,0,1074
2024-06-09,NU,Niue,WPRO,0,1074,0,0,1074
2024-06-16,NU,Niue,WPRO,0,1074,0,0,1074
2024-06-23,NU,Niue,WPRO,0,1074,0,0,1074
2024-06-30,NU,Niue,WPRO,0,1074,0,0,1074
2024-07-07,NU,Niue,WPRO,0,1074,0,0,1074
2024-07-14,NU,Niue,WPRO,0,1074,0,0,1074
2024-07-21,NU,Niue,WPRO,0,1074,0,0,1074
2024-07-28,NU,Niue,WPRO,0,1074,0,0,1074
2024-08-04,NU,Niue,WPRO,13,1087,0,0,1087
2024-08-11,NU,Niue,WPRO,0,1087,0,0,1087
2024-08-18,NU,Niue,WPRO,0,1087,0,0,1087
2024-08-25,NU,Niue,WPRO,0,1087,0,0,1087
2024-09-01,NU,Niue,WPRO,0,1087,0,0,1087
2024-09-08,NU,Niue,WPRO,5,1092,0,0,1092
2024-09-15,NU,Niue,WPRO,0,1092,0,0,1092
2024-09-22,NU,Niue,WPRO,0,1092,0,0,1092
2024-09-29,NU,Niue,WPRO,0,1092,0,0,1092
2024-10-06,NU,Niue,WPRO,0,1092,0,0,1092
2024-10-13,NU,Niue,WPRO,0,1092,0,0,1092
2024-10-20,NU,Niue,WPRO,0,1092,0,0,1092
2024-10-27,NU,Niue,WPRO,0,1092,0,0,1092
2024-11-03,NU,Niue,WPRO,0,1092,0,0,1092
2024-11-10,NU,Niue,WPRO,0,1092,0,0,1092
2024-11-17,NU,Niue,WPRO,0,1092,0,0,1092
2020-01-05,MK,North Macedonia,EURO,0,0,0,0,0
2020-01-12,MK,North Macedonia,EURO,0,0,0,0,0
2020-01-19,MK,North Macedonia,EURO,0,0,0,0,0
2020-01-26,MK,North Macedonia,EURO,0,0,0,0,0
2020-02-02,MK,North Macedonia,EURO,0,0,0,0,0
2020-02-09,MK,North Macedonia,EURO,0,0,0,0,0
2020-02-16,MK,North Macedonia,EURO,0,0,0,0,0
2020-02-23,MK,North Macedonia,EURO,0,0,0,0,0
2020-03-01,MK,North Macedonia,EURO,1,1,0,0,1
2020-03-08,MK,North Macedonia,EURO,3,4,0,0,4
2020-03-15,MK,North Macedonia,EURO,15,19,0,0,19
2020-03-22,MK,North Macedonia,EURO,117,136,1,1,135
2020-03-29,MK,North Macedonia,EURO,149,285,5,6,279
2020-04-05,MK,North Macedonia,EURO,287,572,17,23,549
2020-04-12,MK,North Macedonia,EURO,286,858,15,38,820
2020-04-19,MK,North Macedonia,EURO,370,1228,18,56,1172
2020-04-26,MK,North Macedonia,EURO,170,1398,13,69,1329
2020-05-03,MK,North Macedonia,EURO,120,1518,18,87,1431
2020-05-10,MK,North Macedonia,EURO,146,1664,6,93,1571
2020-05-17,MK,North Macedonia,EURO,153,1817,14,107,1710
2020-05-24,MK,North Macedonia,EURO,181,1998,9,116,1882
2020-05-31,MK,North Macedonia,EURO,317,2315,23,139,2176
2020-06-07,MK,North Macedonia,EURO,839,3154,20,159,2995
2020-06-14,MK,North Macedonia,EURO,1009,4163,41,200,3963
2020-06-21,MK,North Macedonia,EURO,1035,5198,54,254,4944
2020-06-28,MK,North Macedonia,EURO,1014,6212,53,307,5905
2020-07-05,MK,North Macedonia,EURO,928,7140,50,357,6783
2020-07-12,MK,North Macedonia,EURO,1073,8213,39,396,7817
2020-07-19,MK,North Macedonia,EURO,1044,9257,48,444,8813
2020-07-26,MK,North Macedonia,EURO,953,10210,36,480,9730
2020-08-02,MK,North Macedonia,EURO,910,11120,31,511,10609
2020-08-09,MK,North Macedonia,EURO,814,11934,26,537,11397
2020-08-16,MK,North Macedonia,EURO,897,12831,21,558,12273
2020-08-23,MK,North Macedonia,EURO,838,13669,22,580,13089
2020-08-30,MK,North Macedonia,EURO,661,14330,36,616,13714
2020-09-06,MK,North Macedonia,EURO,790,15120,26,642,14478
2020-09-13,MK,North Macedonia,EURO,703,15823,28,670,15153
2020-09-20,MK,North Macedonia,EURO,955,16778,49,719,16059
2020-09-27,MK,North Macedonia,EURO,888,17666,29,748,16918
2020-10-04,MK,North Macedonia,EURO,1204,18870,33,781,18089
2020-10-11,MK,North Macedonia,EURO,2243,21113,34,815,20298
2020-10-18,MK,North Macedonia,EURO,2676,23789,55,870,22919
2020-10-25,MK,North Macedonia,EURO,3405,27194,100,970,26224
2020-11-01,MK,North Macedonia,EURO,5801,32995,115,1085,31910
2020-11-08,MK,North Macedonia,EURO,7287,40282,191,1276,39006
2020-11-15,MK,North Macedonia,EURO,7362,47644,242,1518,46126
2020-11-22,MK,North Macedonia,EURO,7483,55127,267,1785,53342
2020-11-29,MK,North Macedonia,EURO,6741,61868,273,2058,59810
2020-12-06,MK,North Macedonia,EURO,6460,68328,257,2315,66013
2020-12-13,MK,North Macedonia,EURO,5514,73842,212,2527,71315
2020-12-20,MK,North Macedonia,EURO,4585,78427,204,2731,75696
2020-12-27,MK,North Macedonia,EURO,3369,81796,165,2896,78900
2021-01-03,MK,North Macedonia,EURO,2325,84121,124,3020,81101
2021-01-10,MK,North Macedonia,EURO,2463,86584,84,3104,83480
2021-01-17,MK,North Macedonia,EURO,2387,88971,100,3204,85767
2021-01-24,MK,North Macedonia,EURO,1724,90695,91,3295,87400
2021-01-31,MK,North Macedonia,EURO,2031,92726,81,3376,89350
2021-02-07,MK,North Macedonia,EURO,2113,94839,70,3446,91393
2021-02-14,MK,North Macedonia,EURO,2220,97059,49,3495,93564
2021-02-21,MK,North Macedonia,EURO,2318,99377,80,3575,95802
2021-02-28,MK,North Macedonia,EURO,3626,103003,87,3662,99341
2021-03-07,MK,North Macedonia,EURO,4454,107457,80,3742,103715
2021-03-14,MK,North Macedonia,EURO,5451,112908,148,3890,109018
2021-03-21,MK,North Macedonia,EURO,6888,119796,182,4072,115724
2021-03-28,MK,North Macedonia,EURO,7403,127199,242,4314,122885
2021-04-04,MK,North Macedonia,EURO,7922,135121,304,4618,130503
2021-04-11,MK,North Macedonia,EURO,6858,141979,324,4942,137037
2021-04-18,MK,North Macedonia,EURO,5199,147178,246,5188,141990
2021-04-25,MK,North Macedonia,EURO,3438,150616,226,5414,145202
2021-05-02,MK,North Macedonia,EURO,2075,152691,195,5609,147082
2021-05-09,MK,North Macedonia,EURO,1304,153995,124,5733,148262
2021-05-16,MK,North Macedonia,EURO,671,154666,69,5802,148864
2021-05-23,MK,North Macedonia,EURO,369,155035,40,5842,149193
2021-05-30,MK,North Macedonia,EURO,219,155254,29,5871,149383
2021-06-06,MK,North Macedonia,EURO,155,155409,18,5889,149520
2021-06-13,MK,North Macedonia,EURO,122,155531,10,5899,149632
2021-06-20,MK,North Macedonia,EURO,88,155619,4,5903,149716
2021-06-27,MK,North Macedonia,EURO,48,155667,7,5910,149757
2021-07-04,MK,North Macedonia,EURO,39,155706,0,5910,149796
2021-07-11,MK,North Macedonia,EURO,85,155791,1,5911,149880
2021-07-18,MK,North Macedonia,EURO,126,155917,0,5911,150006
2021-07-25,MK,North Macedonia,EURO,159,156076,4,5915,150161
2021-08-01,MK,North Macedonia,EURO,418,156494,7,5922,150572
2021-08-08,MK,North Macedonia,EURO,1639,158133,20,5942,152191
2021-08-15,MK,North Macedonia,EURO,4306,162439,59,6001,156438
2021-08-22,MK,North Macedonia,EURO,6826,169265,183,6184,163081
2021-08-29,MK,North Macedonia,EURO,6347,175612,237,6421,169191
2021-09-05,MK,North Macedonia,EURO,4621,180233,245,6666,173567
2021-09-12,MK,North Macedonia,EURO,3469,183702,176,6842,176860
2021-09-19,MK,North Macedonia,EURO,3338,187040,187,7029,180011
2021-09-26,MK,North Macedonia,EURO,2935,189975,144,7173,182802
2021-10-03,MK,North Macedonia,EURO,2670,192645,110,7283,185362
2021-10-10,MK,North Macedonia,EURO,2351,194996,102,7385,187611
2021-10-17,MK,North Macedonia,EURO,2206,197202,93,7478,189724
2021-10-24,MK,North Macedonia,EURO,2704,199906,94,7572,192334
2021-10-31,MK,North Macedonia,EURO,2804,202710,88,7660,195050
2021-11-07,MK,North Macedonia,EURO,3503,206213,95,7755,198458
2021-11-14,MK,North Macedonia,EURO,3212,209425,94,7849,201576
2021-11-21,MK,North Macedonia,EURO,2928,212353,102,7951,204402
2021-11-28,MK,North Macedonia,EURO,2751,215104,111,8062,207042
2021-12-05,MK,North Macedonia,EURO,2274,217378,81,8143,209235
2021-12-12,MK,North Macedonia,EURO,2089,219467,76,8219,211248
2021-12-19,MK,North Macedonia,EURO,1921,221388,83,8302,213086
2021-12-26,MK,North Macedonia,EURO,1921,223309,50,8352,214957
2022-01-02,MK,North Macedonia,EURO,2641,225950,63,8415,217535
2022-01-09,MK,North Macedonia,EURO,8303,234253,60,8475,225778
2022-01-16,MK,North Macedonia,EURO,11094,245347,66,8541,236806
2022-01-23,MK,North Macedonia,EURO,11561,256908,116,8657,248251
2022-01-30,MK,North Macedonia,EURO,11881,268789,178,8835,259954
2022-02-06,MK,North Macedonia,EURO,9967,278756,202,9037,269719
2022-02-13,MK,North Macedonia,EURO,8624,287380,161,9198,278182
2022-02-20,MK,North Macedonia,EURO,6111,293491,141,9339,284152
2022-02-27,MK,North Macedonia,EURO,3692,297183,100,9439,287744
2022-03-06,MK,North Macedonia,EURO,2496,299679,60,9499,290180
2022-03-13,MK,North Macedonia,EURO,1810,301489,40,9539,291950
2022-03-20,MK,North Macedonia,EURO,1831,303320,24,9563,293757
2022-03-27,MK,North Macedonia,EURO,1694,305014,25,9588,295426
2022-04-03,MK,North Macedonia,EURO,1602,306616,14,9602,297014
2022-04-10,MK,North Macedonia,EURO,1101,307717,12,9614,298103
2022-04-17,MK,North Macedonia,EURO,800,308517,8,9622,298895
2022-04-24,MK,North Macedonia,EURO,590,309107,7,9629,299478
2022-05-01,MK,North Macedonia,EURO,580,309687,7,9636,300051
2022-05-08,MK,North Macedonia,EURO,531,310218,4,9640,300578
2022-05-15,MK,North Macedonia,EURO,562,310780,2,9642,301138
2022-05-22,MK,North Macedonia,EURO,491,311271,1,9643,301628
2022-05-29,MK,North Macedonia,EURO,501,311772,3,9646,302126
2022-06-05,MK,North Macedonia,EURO,455,312227,2,9648,302579
2022-06-12,MK,North Macedonia,EURO,314,312541,4,9652,302889
2022-06-19,MK,North Macedonia,EURO,352,312893,1,9653,303240
2022-06-26,MK,North Macedonia,EURO,580,313473,1,9654,303819
2022-07-03,MK,North Macedonia,EURO,961,314434,3,9657,304777
2022-07-10,MK,North Macedonia,EURO,1728,316162,3,9660,306502
2022-07-17,MK,North Macedonia,EURO,2811,318973,1,9661,309312
2022-07-24,MK,North Macedonia,EURO,4382,323355,17,9678,313677
2022-07-31,MK,North Macedonia,EURO,4746,328101,18,9696,318405
2022-08-07,MK,North Macedonia,EURO,3806,331907,27,9723,322184
2022-08-14,MK,North Macedonia,EURO,3474,335381,30,9753,325628
2022-08-21,MK,North Macedonia,EURO,2684,338065,37,9790,328275
2022-08-28,MK,North Macedonia,EURO,1760,339825,22,9812,330013
2022-09-04,MK,North Macedonia,EURO,1069,340894,12,9824,331070
2022-09-11,MK,North Macedonia,EURO,635,341529,9,9833,331696
2022-09-18,MK,North Macedonia,EURO,664,342193,7,9840,332353
2022-09-25,MK,North Macedonia,EURO,377,342570,1,9841,332729
2022-10-02,MK,North Macedonia,EURO,469,343039,6,9847,333192
2022-10-09,MK,North Macedonia,EURO,323,343362,5,9852,333510
2022-10-16,MK,North Macedonia,EURO,273,343635,5,9857,333778
2022-10-23,MK,North Macedonia,EURO,251,343886,1,9858,334028
2022-10-30,MK,North Macedonia,EURO,230,344116,0,9858,334258
2022-11-06,MK,North Macedonia,EURO,195,344311,1,9859,334452
2022-11-13,MK,North Macedonia,EURO,188,344499,5,9864,334635
2022-11-20,MK,North Macedonia,EURO,179,344678,1,9865,334813
2022-11-27,MK,North Macedonia,EURO,174,344852,2,9867,334985
2022-12-04,MK,North Macedonia,EURO,195,345047,3,9870,335177
2022-12-11,MK,North Macedonia,EURO,129,345176,0,9870,335306
2022-12-18,MK,North Macedonia,EURO,207,345383,3,9873,335510
2022-12-25,MK,North Macedonia,EURO,205,345588,3,9876,335712
2023-01-01,MK,North Macedonia,EURO,254,345842,2,9878,335964
2023-01-08,MK,North Macedonia,EURO,239,346081,4,9882,336199
2023-01-15,MK,North Macedonia,EURO,203,346284,4,9886,336398
2023-01-22,MK,North Macedonia,EURO,130,346414,10,9896,336518
2023-01-29,MK,North Macedonia,EURO,103,346517,3,9899,336618
2023-02-05,MK,North Macedonia,EURO,102,346619,2,9901,336718
2023-02-12,MK,North Macedonia,EURO,101,346720,3,9904,336816
2023-02-19,MK,North Macedonia,EURO,118,346838,1,9905,336933
2023-02-26,MK,North Macedonia,EURO,156,346994,3,9908,337086
2023-03-05,MK,North Macedonia,EURO,171,347165,2,9910,337255
2023-03-12,MK,North Macedonia,EURO,144,347309,2,9912,337397
2023-03-19,MK,North Macedonia,EURO,169,347478,2,9914,337564
2023-03-26,MK,North Macedonia,EURO,179,347657,3,9917,337740
2023-04-02,MK,North Macedonia,EURO,153,347810,5,9922,337888
2023-04-09,MK,North Macedonia,EURO,140,347950,2,9924,338026
2023-04-16,MK,North Macedonia,EURO,92,348042,3,9927,338115
2023-04-23,MK,North Macedonia,EURO,85,348127,7,9934,338193
2023-04-30,MK,North Macedonia,EURO,82,348209,3,9937,338272
2023-05-07,MK,North Macedonia,EURO,66,348275,2,9939,338336
2023-05-14,MK,North Macedonia,EURO,19,348294,0,9939,338355
2023-05-21,MK,North Macedonia,EURO,16,348310,0,9939,338371
2023-05-28,MK,North Macedonia,EURO,12,348322,0,9939,338383
2023-06-04,MK,North Macedonia,EURO,5,348327,0,9939,338388
2023-06-11,MK,North Macedonia,EURO,9,348336,0,9939,338397
2023-06-18,MK,North Macedonia,EURO,5,348341,1,9940,338401
2023-06-25,MK,North Macedonia,EURO,8,348349,1,9941,338408
2023-07-02,MK,North Macedonia,EURO,7,348356,0,9941,338415
2023-07-09,MK,North Macedonia,EURO,7,348363,0,9941,338422
2023-07-16,MK,North Macedonia,EURO,5,348368,0,9941,338427
2023-07-23,MK,North Macedonia,EURO,6,348374,0,9941,338433
2023-07-30,MK,North Macedonia,EURO,3,348377,0,9941,338436
2023-08-06,MK,North Macedonia,EURO,3,348380,0,9941,338439
2023-08-13,MK,North Macedonia,EURO,9,348389,0,9941,338448
2023-08-20,MK,North Macedonia,EURO,22,348411,0,9941,338470
2023-08-27,MK,North Macedonia,EURO,40,348451,1,9942,338509
2023-09-03,MK,North Macedonia,EURO,65,348516,0,9942,338574
2023-09-10,MK,North Macedonia,EURO,96,348612,0,9942,338670
2023-09-17,MK,North Macedonia,EURO,210,348822,3,9945,338877
2023-09-24,MK,North Macedonia,EURO,282,349104,1,9946,339158
2023-10-01,MK,North Macedonia,EURO,249,349353,1,9947,339406
2023-10-08,MK,North Macedonia,EURO,140,349493,2,9949,339544
2023-10-15,MK,North Macedonia,EURO,125,349618,4,9953,339665
2023-10-22,MK,North Macedonia,EURO,150,349768,4,9957,339811
2023-10-29,MK,North Macedonia,EURO,100,349868,1,9958,339910
2023-11-05,MK,North Macedonia,EURO,46,349914,1,9959,339955
2023-11-12,MK,North Macedonia,EURO,57,349971,1,9960,340011
2023-11-19,MK,North Macedonia,EURO,43,350014,1,9961,340053
2023-11-26,MK,North Macedonia,EURO,55,350069,2,9963,340106
2023-12-03,MK,North Macedonia,EURO,51,350120,0,9963,340157
2023-12-10,MK,North Macedonia,EURO,38,350158,0,9963,340195
2023-12-17,MK,North Macedonia,EURO,39,350197,0,9963,340234
2023-12-24,MK,North Macedonia,EURO,47,350244,0,9963,340281
2023-12-31,MK,North Macedonia,EURO,72,350316,2,9965,340351
2024-01-07,MK,North Macedonia,EURO,71,350387,0,9965,340422
2024-01-14,MK,North Macedonia,EURO,38,350425,1,9966,340459
2024-01-21,MK,North Macedonia,EURO,43,350468,4,9970,340498
2024-01-28,MK,North Macedonia,EURO,31,350499,1,9971,340528
2024-02-04,MK,North Macedonia,EURO,10,350509,1,9972,340537
2024-02-11,MK,North Macedonia,EURO,11,350520,2,9974,340546
2024-02-18,MK,North Macedonia,EURO,13,350533,1,9975,340558
2024-02-25,MK,North Macedonia,EURO,13,350546,1,9976,340570
2024-03-03,MK,North Macedonia,EURO,9,350555,0,9976,340579
2024-03-10,MK,North Macedonia,EURO,12,350567,1,9977,340590
2024-03-17,MK,North Macedonia,EURO,6,350573,0,9977,340596
2024-03-24,MK,North Macedonia,EURO,4,350577,0,9977,340600
2024-03-31,MK,North Macedonia,EURO,2,350579,0,9977,340602
2024-04-07,MK,North Macedonia,EURO,1,350580,0,9977,340603
2024-04-14,MK,North Macedonia,EURO,0,350580,0,9977,340603
2024-04-21,MK,North Macedonia,EURO,3,350583,0,9977,340606
2024-04-28,MK,North Macedonia,EURO,5,350588,0,9977,340611
2024-05-05,MK,North Macedonia,EURO,1,350589,0,9977,340612
2024-05-12,MK,North Macedonia,EURO,2,350591,0,9977,340614
2024-05-19,MK,North Macedonia,EURO,0,350591,0,9977,340614
2024-05-26,MK,North Macedonia,EURO,5,350596,0,9977,340619
2024-06-02,MK,North Macedonia,EURO,6,350602,0,9977,340625
2024-06-09,MK,North Macedonia,EURO,4,350606,0,9977,340629
2024-06-16,MK,North Macedonia,EURO,3,350609,0,9977,340632
2024-06-23,MK,North Macedonia,EURO,7,350616,0,9977,340639
2024-06-30,MK,North Macedonia,EURO,9,350625,0,9977,340648
2024-07-07,MK,North Macedonia,EURO,15,350640,0,9977,340663
2024-07-14,MK,North Macedonia,EURO,29,350669,0,9977,340692
2024-07-21,MK,North Macedonia,EURO,61,350730,0,9977,340753
2024-07-28,MK,North Macedonia,EURO,78,350808,1,9978,340830
2024-08-04,MK,North Macedonia,EURO,116,350924,0,9978,340946
2024-08-11,MK,North Macedonia,EURO,169,351093,1,9979,341114
2024-08-18,MK,North Macedonia,EURO,271,351364,1,9980,341384
2024-08-25,MK,North Macedonia,EURO,213,351577,2,9982,341595
2024-09-01,MK,North Macedonia,EURO,131,351708,1,9983,341725
2024-09-08,MK,North Macedonia,EURO,111,351819,3,9986,341833
2024-09-15,MK,North Macedonia,EURO,57,351876,0,9986,341890
2024-09-22,MK,North Macedonia,EURO,64,351940,1,9987,341953
2024-09-29,MK,North Macedonia,EURO,45,351985,2,9989,341996
2024-10-06,MK,North Macedonia,EURO,20,352005,0,9989,342016
2024-10-13,MK,North Macedonia,EURO,12,352017,1,9990,342027
2024-10-20,MK,North Macedonia,EURO,15,352032,0,9990,342042
2024-10-27,MK,North Macedonia,EURO,11,352043,0,9990,342053
2024-11-03,MK,North Macedonia,EURO,6,352049,0,9990,342059
2024-11-10,MK,North Macedonia,EURO,4,352053,0,9990,342063
2024-11-17,MK,North Macedonia,EURO,2,352055,0,9990,342065
2020-01-05,MP,Northern Mariana Islands,WPRO,0,0,0,0,0
2020-01-12,MP,Northern Mariana Islands,WPRO,0,0,0,0,0
2020-01-19,MP,Northern Mariana Islands,WPRO,0,0,0,0,0
2020-01-26,MP,Northern Mariana Islands,WPRO,0,0,0,0,0
2020-02-02,MP,Northern Mariana Islands,WPRO,0,0,0,0,0
2020-02-09,MP,Northern Mariana Islands,WPRO,0,0,0,0,0
2020-02-16,MP,Northern Mariana Islands,WPRO,0,0,0,0,0
2020-02-23,MP,Northern Mariana Islands,WPRO,0,0,0,0,0
2020-03-01,MP,Northern Mariana Islands,WPRO,0,0,0,0,0
2020-03-08,MP,Northern Mariana Islands,WPRO,0,0,0,0,0
2020-03-15,MP,Northern Mariana Islands,WPRO,0,0,0,0,0
2020-03-22,MP,Northern Mariana Islands,WPRO,0,0,0,0,0
2020-03-29,MP,Northern Mariana Islands,WPRO,0,0,0,0,0
2020-04-05,MP,Northern Mariana Islands,WPRO,8,8,1,1,7
2020-04-12,MP,Northern Mariana Islands,WPRO,3,11,1,2,9
2020-04-19,MP,Northern Mariana Islands,WPRO,3,14,0,2,12
2020-04-26,MP,Northern Mariana Islands,WPRO,0,14,0,2,12
2020-05-03,MP,Northern Mariana Islands,WPRO,0,14,0,2,12
2020-05-10,MP,Northern Mariana Islands,WPRO,2,16,0,2,14
2020-05-17,MP,Northern Mariana Islands,WPRO,5,21,0,2,19
2020-05-24,MP,Northern Mariana Islands,WPRO,1,22,0,2,20
2020-05-31,MP,Northern Mariana Islands,WPRO,0,22,0,2,20
2020-06-07,MP,Northern Mariana Islands,WPRO,4,26,0,2,24
2020-06-14,MP,Northern Mariana Islands,WPRO,4,30,0,2,28
2020-06-21,MP,Northern Mariana Islands,WPRO,0,30,0,2,28
2020-06-28,MP,Northern Mariana Islands,WPRO,0,30,0,2,28
2020-07-05,MP,Northern Mariana Islands,WPRO,1,31,0,2,29
2020-07-12,MP,Northern Mariana Islands,WPRO,2,33,0,2,31
2020-07-19,MP,Northern Mariana Islands,WPRO,4,37,0,2,35
2020-07-26,MP,Northern Mariana Islands,WPRO,2,39,0,2,37
2020-08-02,MP,Northern Mariana Islands,WPRO,5,44,0,2,42
2020-08-09,MP,Northern Mariana Islands,WPRO,4,48,0,2,46
2020-08-16,MP,Northern Mariana Islands,WPRO,2,50,0,2,48
2020-08-23,MP,Northern Mariana Islands,WPRO,4,54,0,2,52
2020-08-30,MP,Northern Mariana Islands,WPRO,2,56,0,2,54
2020-09-06,MP,Northern Mariana Islands,WPRO,2,58,0,2,56
2020-09-13,MP,Northern Mariana Islands,WPRO,2,60,0,2,58
2020-09-20,MP,Northern Mariana Islands,WPRO,8,68,0,2,66
2020-09-27,MP,Northern Mariana Islands,WPRO,2,70,0,2,68
2020-10-04,MP,Northern Mariana Islands,WPRO,3,73,0,2,71
2020-10-11,MP,Northern Mariana Islands,WPRO,4,77,0,2,75
2020-10-18,MP,Northern Mariana Islands,WPRO,9,86,0,2,84
2020-10-25,MP,Northern Mariana Islands,WPRO,2,88,0,2,86
2020-11-01,MP,Northern Mariana Islands,WPRO,8,96,0,2,94
2020-11-08,MP,Northern Mariana Islands,WPRO,2,98,0,2,96
2020-11-15,MP,Northern Mariana Islands,WPRO,4,102,0,2,100
2020-11-22,MP,Northern Mariana Islands,WPRO,2,104,0,2,102
2020-11-29,MP,Northern Mariana Islands,WPRO,1,105,0,2,103
2020-12-06,MP,Northern Mariana Islands,WPRO,4,109,0,2,107
2020-12-13,MP,Northern Mariana Islands,WPRO,4,113,0,2,111
2020-12-20,MP,Northern Mariana Islands,WPRO,3,116,0,2,114
2020-12-27,MP,Northern Mariana Islands,WPRO,6,122,0,2,120
2021-01-03,MP,Northern Mariana Islands,WPRO,2,124,0,2,122
2021-01-10,MP,Northern Mariana Islands,WPRO,1,125,0,2,123
2021-01-17,MP,Northern Mariana Islands,WPRO,4,129,0,2,127
2021-01-24,MP,Northern Mariana Islands,WPRO,3,132,0,2,130
2021-01-31,MP,Northern Mariana Islands,WPRO,0,132,0,2,130
2021-02-07,MP,Northern Mariana Islands,WPRO,1,133,0,2,131
2021-02-14,MP,Northern Mariana Islands,WPRO,1,134,0,2,132
2021-02-21,MP,Northern Mariana Islands,WPRO,9,143,0,2,141
2021-02-28,MP,Northern Mariana Islands,WPRO,0,143,0,2,141
2021-03-07,MP,Northern Mariana Islands,WPRO,2,145,0,2,143
2021-03-14,MP,Northern Mariana Islands,WPRO,9,154,0,2,152
2021-03-21,MP,Northern Mariana Islands,WPRO,3,157,0,2,155
2021-03-28,MP,Northern Mariana Islands,WPRO,2,159,0,2,157
2021-04-04,MP,Northern Mariana Islands,WPRO,0,159,0,2,157
2021-04-11,MP,Northern Mariana Islands,WPRO,1,160,0,2,158
2021-04-18,MP,Northern Mariana Islands,WPRO,2,162,0,2,160
2021-04-25,MP,Northern Mariana Islands,WPRO,2,164,0,2,162
2021-05-02,MP,Northern Mariana Islands,WPRO,4,168,0,2,166
2021-05-09,MP,Northern Mariana Islands,WPRO,2,170,0,2,168
2021-05-16,MP,Northern Mariana Islands,WPRO,3,173,0,2,171
2021-05-23,MP,Northern Mariana Islands,WPRO,8,181,0,2,179
2021-05-30,MP,Northern Mariana Islands,WPRO,2,183,0,2,181
2021-06-06,MP,Northern Mariana Islands,WPRO,0,183,0,2,181
2021-06-13,MP,Northern Mariana Islands,WPRO,0,183,0,2,181
2021-06-20,MP,Northern Mariana Islands,WPRO,0,183,0,2,181
2021-06-27,MP,Northern Mariana Islands,WPRO,0,183,0,2,181
2021-07-04,MP,Northern Mariana Islands,WPRO,0,183,0,2,181
2021-07-11,MP,Northern Mariana Islands,WPRO,2,185,0,2,183
2021-07-18,MP,Northern Mariana Islands,WPRO,2,187,0,2,185
2021-07-25,MP,Northern Mariana Islands,WPRO,3,190,0,2,188
2021-08-01,MP,Northern Mariana Islands,WPRO,6,196,0,2,194
2021-08-08,MP,Northern Mariana Islands,WPRO,10,206,0,2,204
2021-08-15,MP,Northern Mariana Islands,WPRO,8,214,0,2,212
2021-08-22,MP,Northern Mariana Islands,WPRO,10,224,0,2,222
2021-08-29,MP,Northern Mariana Islands,WPRO,17,241,0,2,239
2021-09-05,MP,Northern Mariana Islands,WPRO,7,248,0,2,246
2021-09-12,MP,Northern Mariana Islands,WPRO,3,251,0,2,249
2021-09-19,MP,Northern Mariana Islands,WPRO,12,263,0,2,261
2021-09-26,MP,Northern Mariana Islands,WPRO,3,266,0,2,264
2021-10-03,MP,Northern Mariana Islands,WPRO,6,272,0,2,270
2021-10-10,MP,Northern Mariana Islands,WPRO,5,277,1,3,274
2021-10-17,MP,Northern Mariana Islands,WPRO,11,288,0,3,285
2021-10-24,MP,Northern Mariana Islands,WPRO,3,291,0,3,288
2021-10-31,MP,Northern Mariana Islands,WPRO,21,312,0,3,309
2021-11-07,MP,Northern Mariana Islands,WPRO,39,351,0,3,348
2021-11-14,MP,Northern Mariana Islands,WPRO,38,389,0,3,386
2021-11-21,MP,Northern Mariana Islands,WPRO,75,464,0,3,461
2021-11-28,MP,Northern Mariana Islands,WPRO,323,787,0,3,784
2021-12-05,MP,Northern Mariana Islands,WPRO,317,1104,2,5,1099
2021-12-12,MP,Northern Mariana Islands,WPRO,804,1908,1,6,1902
2021-12-19,MP,Northern Mariana Islands,WPRO,514,2422,2,8,2414
2021-12-26,MP,Northern Mariana Islands,WPRO,471,2893,3,11,2882
2022-01-02,MP,Northern Mariana Islands,WPRO,404,3297,6,17,3280
2022-01-09,MP,Northern Mariana Islands,WPRO,350,3647,3,20,3627
2022-01-16,MP,Northern Mariana Islands,WPRO,299,3946,1,21,3925
2022-01-23,MP,Northern Mariana Islands,WPRO,300,4246,1,22,4224
2022-01-30,MP,Northern Mariana Islands,WPRO,618,4864,1,23,4841
2022-02-06,MP,Northern Mariana Islands,WPRO,1238,6102,0,23,6079
2022-02-13,MP,Northern Mariana Islands,WPRO,1428,7530,0,23,7507
2022-02-20,MP,Northern Mariana Islands,WPRO,1114,8644,3,26,8618
2022-02-27,MP,Northern Mariana Islands,WPRO,870,9514,4,30,9484
2022-03-06,MP,Northern Mariana Islands,WPRO,612,10126,0,30,10096
2022-03-13,MP,Northern Mariana Islands,WPRO,253,10379,0,30,10349
2022-03-20,MP,Northern Mariana Islands,WPRO,310,10689,1,31,10658
2022-03-27,MP,Northern Mariana Islands,WPRO,333,11022,2,33,10989
2022-04-03,MP,Northern Mariana Islands,WPRO,43,11065,0,33,11032
2022-04-10,MP,Northern Mariana Islands,WPRO,93,11158,0,33,11125
2022-04-17,MP,Northern Mariana Islands,WPRO,44,11202,1,34,11168
2022-04-24,MP,Northern Mariana Islands,WPRO,19,11221,0,34,11187
2022-05-01,MP,Northern Mariana Islands,WPRO,42,11263,0,34,11229
2022-05-08,MP,Northern Mariana Islands,WPRO,18,11281,0,34,11247
2022-05-15,MP,Northern Mariana Islands,WPRO,24,11305,0,34,11271
2022-05-22,MP,Northern Mariana Islands,WPRO,10,11315,0,34,11281
2022-05-29,MP,Northern Mariana Islands,WPRO,18,11333,0,34,11299
2022-06-05,MP,Northern Mariana Islands,WPRO,33,11366,0,34,11332
2022-06-12,MP,Northern Mariana Islands,WPRO,39,11405,0,34,11371
2022-06-19,MP,Northern Mariana Islands,WPRO,77,11482,0,34,11448
2022-06-26,MP,Northern Mariana Islands,WPRO,87,11569,0,34,11535
2022-07-03,MP,Northern Mariana Islands,WPRO,190,11759,1,35,11724
2022-07-10,MP,Northern Mariana Islands,WPRO,0,11759,0,35,11724
2022-07-17,MP,Northern Mariana Islands,WPRO,434,12193,0,35,12158
2022-07-24,MP,Northern Mariana Islands,WPRO,380,12573,2,37,12536
2022-07-31,MP,Northern Mariana Islands,WPRO,159,12732,1,38,12694
2022-08-07,MP,Northern Mariana Islands,WPRO,1,12733,0,38,12695
2022-08-14,MP,Northern Mariana Islands,WPRO,215,12948,1,39,12909
2022-08-21,MP,Northern Mariana Islands,WPRO,0,12948,1,40,12908
2022-08-28,MP,Northern Mariana Islands,WPRO,175,13123,0,40,13083
2022-09-04,MP,Northern Mariana Islands,WPRO,24,13147,0,40,13107
2022-09-11,MP,Northern Mariana Islands,WPRO,7,13154,0,40,13114
2022-09-18,MP,Northern Mariana Islands,WPRO,1,13155,0,40,13115
2022-09-25,MP,Northern Mariana Islands,WPRO,16,13171,0,40,13131
2022-10-02,MP,Northern Mariana Islands,WPRO,0,13171,0,40,13131
2022-10-09,MP,Northern Mariana Islands,WPRO,0,13171,0,40,13131
2022-10-16,MP,Northern Mariana Islands,WPRO,0,13171,0,40,13131
2022-10-23,MP,Northern Mariana Islands,WPRO,0,13171,0,40,13131
2022-10-30,MP,Northern Mariana Islands,WPRO,0,13171,0,40,13131
2022-11-06,MP,Northern Mariana Islands,WPRO,0,13171,0,40,13131
2022-11-13,MP,Northern Mariana Islands,WPRO,0,13171,0,40,13131
2022-11-20,MP,Northern Mariana Islands,WPRO,0,13171,0,40,13131
2022-11-27,MP,Northern Mariana Islands,WPRO,0,13171,0,40,13131
2022-12-04,MP,Northern Mariana Islands,WPRO,0,13171,0,40,13131
2022-12-11,MP,Northern Mariana Islands,WPRO,0,13171,1,41,13130
2022-12-18,MP,Northern Mariana Islands,WPRO,65,13236,0,41,13195
2022-12-25,MP,Northern Mariana Islands,WPRO,0,13236,0,41,13195
2023-01-01,MP,Northern Mariana Islands,WPRO,159,13395,0,41,13354
2023-01-08,MP,Northern Mariana Islands,WPRO,0,13395,0,41,13354
2023-01-15,MP,Northern Mariana Islands,WPRO,0,13395,0,41,13354
2023-01-22,MP,Northern Mariana Islands,WPRO,0,13395,0,41,13354
2023-01-29,MP,Northern Mariana Islands,WPRO,0,13395,0,41,13354
2023-02-05,MP,Northern Mariana Islands,WPRO,0,13395,0,41,13354
2023-02-12,MP,Northern Mariana Islands,WPRO,0,13395,0,41,13354
2023-02-19,MP,Northern Mariana Islands,WPRO,0,13395,0,41,13354
2023-02-26,MP,Northern Mariana Islands,WPRO,254,13649,0,41,13608
2023-03-05,MP,Northern Mariana Islands,WPRO,0,13649,0,41,13608
2023-03-12,MP,Northern Mariana Islands,WPRO,73,13722,0,41,13681
2023-03-19,MP,Northern Mariana Islands,WPRO,26,13748,0,41,13707
2023-03-26,MP,Northern Mariana Islands,WPRO,25,13773,0,41,13732
2023-04-02,MP,Northern Mariana Islands,WPRO,13,13786,0,41,13745
2023-04-09,MP,Northern Mariana Islands,WPRO,0,13786,0,41,13745
2023-04-16,MP,Northern Mariana Islands,WPRO,28,13814,0,41,13773
2023-04-23,MP,Northern Mariana Islands,WPRO,25,13839,0,41,13798
2023-04-30,MP,Northern Mariana Islands,WPRO,10,13849,0,41,13808
2023-05-07,MP,Northern Mariana Islands,WPRO,23,13872,0,41,13831
2023-05-14,MP,Northern Mariana Islands,WPRO,24,13896,0,41,13855
2023-05-21,MP,Northern Mariana Islands,WPRO,21,13917,0,41,13876
2023-05-28,MP,Northern Mariana Islands,WPRO,18,13935,0,41,13894
2023-06-04,MP,Northern Mariana Islands,WPRO,13,13948,0,41,13907
2023-06-11,MP,Northern Mariana Islands,WPRO,24,13972,0,41,13931
2023-06-18,MP,Northern Mariana Islands,WPRO,28,14000,0,41,13959
2023-06-25,MP,Northern Mariana Islands,WPRO,0,14000,0,41,13959
2023-07-02,MP,Northern Mariana Islands,WPRO,13,14013,0,41,13972
2023-07-09,MP,Northern Mariana Islands,WPRO,50,14063,0,41,14022
2023-07-16,MP,Northern Mariana Islands,WPRO,15,14078,0,41,14037
2023-07-23,MP,Northern Mariana Islands,WPRO,18,14096,0,41,14055
2023-07-30,MP,Northern Mariana Islands,WPRO,0,14096,0,41,14055
2023-08-06,MP,Northern Mariana Islands,WPRO,53,14149,0,41,14108
2023-08-13,MP,Northern Mariana Islands,WPRO,3,14152,0,41,14111
2023-08-20,MP,Northern Mariana Islands,WPRO,15,14167,0,41,14126
2023-08-27,MP,Northern Mariana Islands,WPRO,0,14167,0,41,14126
2023-09-03,MP,Northern Mariana Islands,WPRO,31,14198,0,41,14157
2023-09-10,MP,Northern Mariana Islands,WPRO,40,14238,0,41,14197
2023-09-17,MP,Northern Mariana Islands,WPRO,36,14274,0,41,14233
2023-09-24,MP,Northern Mariana Islands,WPRO,2,14276,0,41,14235
2023-10-01,MP,Northern Mariana Islands,WPRO,23,14299,0,41,14258
2023-10-08,MP,Northern Mariana Islands,WPRO,0,14299,0,41,14258
2023-10-15,MP,Northern Mariana Islands,WPRO,7,14306,0,41,14265
2023-10-22,MP,Northern Mariana Islands,WPRO,3,14309,0,41,14268
2023-10-29,MP,Northern Mariana Islands,WPRO,9,14318,0,41,14277
2023-11-05,MP,Northern Mariana Islands,WPRO,4,14322,0,41,14281
2023-11-12,MP,Northern Mariana Islands,WPRO,0,14322,0,41,14281
2023-11-19,MP,Northern Mariana Islands,WPRO,8,14330,0,41,14289
2023-11-26,MP,Northern Mariana Islands,WPRO,4,14334,0,41,14293
2023-12-03,MP,Northern Mariana Islands,WPRO,0,14334,0,41,14293
2023-12-10,MP,Northern Mariana Islands,WPRO,0,14334,0,41,14293
2023-12-17,MP,Northern Mariana Islands,WPRO,3,14337,0,41,14296
2023-12-24,MP,Northern Mariana Islands,WPRO,0,14337,0,41,14296
2023-12-31,MP,Northern Mariana Islands,WPRO,4,14341,0,41,14300
2024-01-07,MP,Northern Mariana Islands,WPRO,5,14346,0,41,14305
2024-01-14,MP,Northern Mariana Islands,WPRO,9,14355,0,41,14314
2024-01-21,MP,Northern Mariana Islands,WPRO,6,14361,0,41,14320
2024-01-28,MP,Northern Mariana Islands,WPRO,8,14369,0,41,14328
2024-02-04,MP,Northern Mariana Islands,WPRO,30,14399,0,41,14358
2024-02-11,MP,Northern Mariana Islands,WPRO,32,14431,0,41,14390
2024-02-18,MP,Northern Mariana Islands,WPRO,20,14451,0,41,14410
2024-02-25,MP,Northern Mariana Islands,WPRO,37,14488,0,41,14447
2024-03-03,MP,Northern Mariana Islands,WPRO,24,14512,0,41,14471
2024-03-10,MP,Northern Mariana Islands,WPRO,24,14536,0,41,14495
2024-03-17,MP,Northern Mariana Islands,WPRO,31,14567,0,41,14526
2024-03-24,MP,Northern Mariana Islands,WPRO,27,14594,0,41,14553
2024-03-31,MP,Northern Mariana Islands,WPRO,16,14610,0,41,14569
2024-04-07,MP,Northern Mariana Islands,WPRO,19,14629,0,41,14588
2024-04-14,MP,Northern Mariana Islands,WPRO,19,14648,0,41,14607
2024-04-21,MP,Northern Mariana Islands,WPRO,5,14653,0,41,14612
2024-04-28,MP,Northern Mariana Islands,WPRO,8,14661,0,41,14620
2024-05-05,MP,Northern Mariana Islands,WPRO,14,14675,0,41,14634
2024-05-12,MP,Northern Mariana Islands,WPRO,9,14684,0,41,14643
2024-05-19,MP,Northern Mariana Islands,WPRO,5,14689,0,41,14648
2024-05-26,MP,Northern Mariana Islands,WPRO,5,14694,0,41,14653
2024-06-02,MP,Northern Mariana Islands,WPRO,3,14697,0,41,14656
2024-06-09,MP,Northern Mariana Islands,WPRO,5,14702,0,41,14661
2024-06-16,MP,Northern Mariana Islands,WPRO,9,14711,0,41,14670
2024-06-23,MP,Northern Mariana Islands,WPRO,11,14722,0,41,14681
2024-06-30,MP,Northern Mariana Islands,WPRO,11,14733,0,41,14692
2024-07-07,MP,Northern Mariana Islands,WPRO,17,14750,0,41,14709
2024-07-14,MP,Northern Mariana Islands,WPRO,29,14779,0,41,14738
2024-07-21,MP,Northern Mariana Islands,WPRO,58,14837,0,41,14796
2024-07-28,MP,Northern Mariana Islands,WPRO,44,14881,0,41,14840
2024-08-04,MP,Northern Mariana Islands,WPRO,31,14912,0,41,14871
2024-08-11,MP,Northern Mariana Islands,WPRO,19,14931,0,41,14890
2024-08-18,MP,Northern Mariana Islands,WPRO,11,14942,0,41,14901
2024-08-25,MP,Northern Mariana Islands,WPRO,18,14960,0,41,14919
2024-09-01,MP,Northern Mariana Islands,WPRO,4,14964,0,41,14923
2024-09-08,MP,Northern Mariana Islands,WPRO,8,14972,0,41,14931
2024-09-15,MP,Northern Mariana Islands,WPRO,6,14978,0,41,14937
2024-09-22,MP,Northern Mariana Islands,WPRO,4,14982,0,41,14941
2024-09-29,MP,Northern Mariana Islands,WPRO,3,14985,0,41,14944
2024-10-06,MP,Northern Mariana Islands,WPRO,0,14985,0,41,14944
2024-10-13,MP,Northern Mariana Islands,WPRO,0,14985,0,41,14944
2024-10-20,MP,Northern Mariana Islands,WPRO,0,14985,0,41,14944
2024-10-27,MP,Northern Mariana Islands,WPRO,0,14985,0,41,14944
2024-11-03,MP,Northern Mariana Islands,WPRO,0,14985,0,41,14944
2024-11-10,MP,Northern Mariana Islands,WPRO,0,14985,0,41,14944
2024-11-17,MP,Northern Mariana Islands,WPRO,0,14985,0,41,14944
2020-01-05,NO,Norway,EURO,0,0,0,0,0
2020-01-12,NO,Norway,EURO,0,0,0,0,0
2020-01-19,NO,Norway,EURO,0,0,0,0,0
2020-01-26,NO,Norway,EURO,0,0,0,0,0
2020-02-02,NO,Norway,EURO,0,0,0,0,0
2020-02-09,NO,Norway,EURO,0,0,0,0,0
2020-02-16,NO,Norway,EURO,0,0,0,0,0
2020-02-23,NO,Norway,EURO,1,1,0,0,1
2020-03-01,NO,Norway,EURO,20,21,0,0,21
2020-03-08,NO,Norway,EURO,162,183,0,0,183
2020-03-15,NO,Norway,EURO,1181,1364,1,1,1363
2020-03-22,NO,Norway,EURO,1390,2754,6,7,2747
2020-03-29,NO,Norway,EURO,1775,4529,13,20,4509
2020-04-05,NO,Norway,EURO,1226,5755,30,50,5705
2020-04-12,NO,Norway,EURO,758,6513,48,98,6415
2020-04-19,NO,Norway,EURO,616,7129,50,148,6981
2020-04-26,NO,Norway,EURO,422,7551,45,193,7358
2020-05-03,NO,Norway,EURO,302,7853,11,204,7649
2020-05-10,NO,Norway,EURO,254,8107,9,213,7894
2020-05-17,NO,Norway,EURO,135,8242,19,232,8010
2020-05-24,NO,Norway,EURO,106,8348,3,235,8113
2020-05-31,NO,Norway,EURO,86,8434,1,236,8198
2020-06-07,NO,Norway,EURO,111,8545,2,238,8307
2020-06-14,NO,Norway,EURO,86,8631,4,242,8389
2020-06-21,NO,Norway,EURO,112,8743,2,244,8499
2020-06-28,NO,Norway,EURO,115,8858,5,249,8609
2020-07-05,NO,Norway,EURO,67,8925,2,251,8674
2020-07-12,NO,Norway,EURO,61,8986,1,252,8734
2020-07-19,NO,Norway,EURO,55,9041,3,255,8786
2020-07-26,NO,Norway,EURO,88,9129,0,255,8874
2020-08-02,NO,Norway,EURO,195,9324,0,255,9069
2020-08-09,NO,Norway,EURO,351,9675,1,256,9419
2020-08-16,NO,Norway,EURO,377,10052,5,261,9791
2020-08-23,NO,Norway,EURO,368,10420,3,264,10156
2020-08-30,NO,Norway,EURO,346,10766,0,264,10502
2020-09-06,NO,Norway,EURO,731,11497,0,264,11233
2020-09-13,NO,Norway,EURO,747,12244,1,265,11979
2020-09-20,NO,Norway,EURO,721,12965,2,267,12698
2020-09-27,NO,Norway,EURO,810,13775,3,270,13505
2020-10-04,NO,Norway,EURO,783,14558,5,275,14283
2020-10-11,NO,Norway,EURO,1069,15627,0,275,15352
2020-10-18,NO,Norway,EURO,929,16556,3,278,16278
2020-10-25,NO,Norway,EURO,1600,18156,1,279,17877
2020-11-01,NO,Norway,EURO,3028,21184,3,282,20902
2020-11-08,NO,Norway,EURO,3983,25167,3,285,24882
2020-11-15,NO,Norway,EURO,4070,29237,9,294,28943
2020-11-22,NO,Norway,EURO,3785,33022,12,306,32716
2020-11-29,NO,Norway,EURO,2977,35999,22,328,35671
2020-12-06,NO,Norway,EURO,2492,38491,26,354,38137
2020-12-13,NO,Norway,EURO,2701,41192,33,387,40805
2020-12-20,NO,Norway,EURO,2934,44126,17,404,43722
2020-12-27,NO,Norway,EURO,3118,47244,17,421,46823
2021-01-03,NO,Norway,EURO,3847,51091,15,436,50655
2021-01-10,NO,Norway,EURO,4694,55785,42,478,55307
2021-01-17,NO,Norway,EURO,3218,59003,39,517,58486
2021-01-24,NO,Norway,EURO,2259,61262,27,544,60718
2021-01-31,NO,Norway,EURO,1951,63213,19,563,62650
2021-02-07,NO,Norway,EURO,1860,65073,19,582,64491
2021-02-14,NO,Norway,EURO,1742,66815,10,592,66223
2021-02-21,NO,Norway,EURO,1973,68788,15,607,68181
2021-02-28,NO,Norway,EURO,2940,71728,15,622,71106
2021-03-07,NO,Norway,EURO,4010,75738,10,632,75106
2021-03-14,NO,Norway,EURO,5539,81277,7,639,80638
2021-03-21,NO,Norway,EURO,6625,87902,9,648,87254
2021-03-28,NO,Norway,EURO,6092,93994,8,656,93338
2021-04-04,NO,Norway,EURO,4933,98927,17,673,98254
2021-04-11,NO,Norway,EURO,5082,104009,11,684,103325
2021-04-18,NO,Norway,EURO,3789,107798,24,708,107090
2021-04-25,NO,Norway,EURO,3251,111049,28,736,110313
2021-05-02,NO,Norway,EURO,2825,113874,20,756,113118
2021-05-09,NO,Norway,EURO,3064,116938,11,767,116171
2021-05-16,NO,Norway,EURO,2636,119574,7,774,118800
2021-05-23,NO,Norway,EURO,3169,122743,7,781,121962
2021-05-30,NO,Norway,EURO,2442,125185,2,783,124402
2021-06-06,NO,Norway,EURO,1898,127083,1,784,126299
2021-06-13,NO,Norway,EURO,1260,128343,5,789,127554
2021-06-20,NO,Norway,EURO,1250,129593,1,790,128803
2021-06-27,NO,Norway,EURO,1280,130873,2,792,130081
2021-07-04,NO,Norway,EURO,1288,132161,3,795,131366
2021-07-11,NO,Norway,EURO,1200,133361,3,798,132563
2021-07-18,NO,Norway,EURO,1141,134502,2,800,133702
2021-07-25,NO,Norway,EURO,1448,135950,3,803,135147
2021-08-01,NO,Norway,EURO,2236,138186,10,813,137373
2021-08-08,NO,Norway,EURO,2912,141098,10,823,140275
2021-08-15,NO,Norway,EURO,3706,144804,5,828,143976
2021-08-22,NO,Norway,EURO,4330,149134,4,832,148302
2021-08-29,NO,Norway,EURO,8312,157446,10,842,156604
2021-09-05,NO,Norway,EURO,10109,167555,11,853,166702
2021-09-12,NO,Norway,EURO,8732,176287,21,874,175413
2021-09-19,NO,Norway,EURO,6028,182315,11,885,181430
2021-09-26,NO,Norway,EURO,4710,187025,12,897,186128
2021-10-03,NO,Norway,EURO,3614,190639,7,904,189735
2021-10-10,NO,Norway,EURO,3024,193663,8,912,192751
2021-10-17,NO,Norway,EURO,2817,196480,6,918,195562
2021-10-24,NO,Norway,EURO,4160,200640,11,929,199711
2021-10-31,NO,Norway,EURO,6821,207461,20,949,206512
2021-11-07,NO,Norway,EURO,9569,217030,39,988,216042
2021-11-14,NO,Norway,EURO,11720,228750,47,1035,227715
2021-11-21,NO,Norway,EURO,14431,243181,53,1088,242093
2021-11-28,NO,Norway,EURO,17970,261151,56,1144,260007
2021-12-05,NO,Norway,EURO,25554,286705,53,1197,285508
2021-12-12,NO,Norway,EURO,33849,320554,74,1271,319283
2021-12-19,NO,Norway,EURO,31740,352294,43,1314,350980
2021-12-26,NO,Norway,EURO,22996,375290,21,1335,373955
2022-01-02,NO,Norway,EURO,25064,400354,59,1394,398960
2022-01-09,NO,Norway,EURO,45479,445833,49,1443,444390
2022-01-16,NO,Norway,EURO,69632,515465,31,1474,513991
2022-01-23,NO,Norway,EURO,115307,630772,29,1503,629269
2022-01-30,NO,Norway,EURO,136796,767568,29,1532,766036
2022-02-06,NO,Norway,EURO,129168,896736,33,1565,895171
2022-02-13,NO,Norway,EURO,141784,1038520,54,1619,1036901
2022-02-20,NO,Norway,EURO,101190,1139710,61,1680,1138030
2022-02-27,NO,Norway,EURO,102327,1242037,86,1766,1240271
2022-03-06,NO,Norway,EURO,68214,1310251,114,1880,1308371
2022-03-13,NO,Norway,EURO,43203,1353454,156,2036,1351418
2022-03-20,NO,Norway,EURO,27649,1381103,189,2225,1378878
2022-03-27,NO,Norway,EURO,18009,1399112,203,2428,1396684
2022-04-03,NO,Norway,EURO,10821,1409933,172,2600,1407333
2022-04-10,NO,Norway,EURO,7074,1417007,130,2730,1414277
2022-04-17,NO,Norway,EURO,3757,1420764,125,2855,1417909
2022-04-24,NO,Norway,EURO,3862,1424626,81,2936,1421690
2022-05-01,NO,Norway,EURO,2306,1426932,64,3000,1423932
2022-05-08,NO,Norway,EURO,1880,1428812,72,3072,1425740
2022-05-15,NO,Norway,EURO,1799,1430611,46,3118,1427493
2022-05-22,NO,Norway,EURO,1545,1432156,26,3144,1429012
2022-05-29,NO,Norway,EURO,1579,1433735,38,3182,1430553
2022-06-05,NO,Norway,EURO,1875,1435610,36,3218,1432392
2022-06-12,NO,Norway,EURO,2060,1437670,39,3257,1434413
2022-06-19,NO,Norway,EURO,3023,1440693,33,3290,1437403
2022-06-26,NO,Norway,EURO,4554,1445247,40,3330,1441917
2022-07-03,NO,Norway,EURO,3907,1449154,68,3398,1445756
2022-07-10,NO,Norway,EURO,2378,1451532,72,3470,1448062
2022-07-17,NO,Norway,EURO,1990,1453522,96,3566,1449956
2022-07-24,NO,Norway,EURO,1644,1455166,103,3669,1451497
2022-07-31,NO,Norway,EURO,1325,1456491,91,3760,1452731
2022-08-07,NO,Norway,EURO,1149,1457640,75,3835,1453805
2022-08-14,NO,Norway,EURO,1121,1458761,66,3901,1454860
2022-08-21,NO,Norway,EURO,865,1459626,57,3958,1455668
2022-08-28,NO,Norway,EURO,743,1460369,56,4014,1456355
2022-09-04,NO,Norway,EURO,672,1461041,33,4047,1456994
2022-09-11,NO,Norway,EURO,547,1461588,25,4072,1457516
2022-09-18,NO,Norway,EURO,511,1462099,40,4112,1457987
2022-09-25,NO,Norway,EURO,457,1462556,24,4136,1458420
2022-10-02,NO,Norway,EURO,500,1463056,28,4164,1458892
2022-10-09,NO,Norway,EURO,504,1463560,24,4188,1459372
2022-10-16,NO,Norway,EURO,500,1464060,31,4219,1459841
2022-10-23,NO,Norway,EURO,534,1464594,29,4248,1460346
2022-10-30,NO,Norway,EURO,785,1465379,25,4273,1461106
2022-11-06,NO,Norway,EURO,891,1466270,23,4296,1461974
2022-11-13,NO,Norway,EURO,912,1467182,52,4348,1462834
2022-11-20,NO,Norway,EURO,917,1468099,46,4394,1463705
2022-11-27,NO,Norway,EURO,1007,1469106,50,4444,1464662
2022-12-04,NO,Norway,EURO,1082,1470188,56,4500,1465688
2022-12-11,NO,Norway,EURO,1295,1471483,70,4570,1466913
2022-12-18,NO,Norway,EURO,1477,1472960,80,4650,1468310
2022-12-25,NO,Norway,EURO,1564,1474524,95,4745,1469779
2023-01-01,NO,Norway,EURO,1261,1475785,91,4836,1470949
2023-01-08,NO,Norway,EURO,1068,1476853,97,4933,1471920
2023-01-15,NO,Norway,EURO,660,1477513,111,5044,1472469
2023-01-22,NO,Norway,EURO,428,1477941,71,5115,1472826
2023-01-29,NO,Norway,EURO,343,1478284,47,5162,1473122
2023-02-05,NO,Norway,EURO,300,1478584,27,5189,1473395
2023-02-12,NO,Norway,EURO,288,1478872,14,5203,1473669
2023-02-19,NO,Norway,EURO,296,1479168,17,5220,1473948
2023-02-26,NO,Norway,EURO,286,1479454,18,5238,1474216
2023-03-05,NO,Norway,EURO,348,1479802,10,5248,1474554
2023-03-12,NO,Norway,EURO,358,1480160,17,5265,1474895
2023-03-19,NO,Norway,EURO,439,1480599,19,5284,1475315
2023-03-26,NO,Norway,EURO,531,1481130,21,5305,1475825
2023-04-02,NO,Norway,EURO,643,1481773,18,5323,1476450
2023-04-09,NO,Norway,EURO,504,1482277,25,5348,1476929
2023-04-16,NO,Norway,EURO,557,1482834,31,5379,1477455
2023-04-23,NO,Norway,EURO,477,1483311,28,5407,1477904
2023-04-30,NO,Norway,EURO,423,1483734,39,5446,1478288
2023-05-07,NO,Norway,EURO,398,1484132,32,5478,1478654
2023-05-14,NO,Norway,EURO,339,1484471,21,5499,1478972
2023-05-21,NO,Norway,EURO,255,1484726,16,5515,1479211
2023-05-28,NO,Norway,EURO,240,1484966,17,5532,1479434
2023-06-04,NO,Norway,EURO,173,1485139,13,5545,1479594
2023-06-11,NO,Norway,EURO,196,1485335,14,5559,1479776
2023-06-18,NO,Norway,EURO,159,1485494,7,5566,1479928
2023-06-25,NO,Norway,EURO,21,1485515,0,5566,1479949
2023-07-02,NO,Norway,EURO,184,1485699,6,5572,1480127
2023-07-09,NO,Norway,EURO,184,1485883,20,5592,1480291
2023-07-16,NO,Norway,EURO,92,1485975,8,5600,1480375
2023-07-23,NO,Norway,EURO,73,1486048,6,5606,1480442
2023-07-30,NO,Norway,EURO,119,1486167,5,5611,1480556
2023-08-06,NO,Norway,EURO,134,1486301,2,5613,1480688
2023-08-13,NO,Norway,EURO,182,1486483,7,5620,1480863
2023-08-20,NO,Norway,EURO,212,1486695,1,5621,1481074
2023-08-27,NO,Norway,EURO,263,1486958,5,5626,1481332
2023-09-03,NO,Norway,EURO,428,1487386,5,5631,1481755
2023-09-10,NO,Norway,EURO,459,1487845,10,5641,1482204
2023-09-17,NO,Norway,EURO,409,1488254,12,5653,1482601
2023-09-24,NO,Norway,EURO,438,1488692,19,5672,1483020
2023-10-01,NO,Norway,EURO,384,1489076,33,5705,1483371
2023-10-08,NO,Norway,EURO,383,1489459,27,5732,1483727
2023-10-15,NO,Norway,EURO,0,1489459,0,5732,1483727
2023-10-22,NO,Norway,EURO,0,1489459,0,5732,1483727
2023-10-29,NO,Norway,EURO,0,1489459,0,5732,1483727
2023-11-05,NO,Norway,EURO,1181,1490640,0,5732,1484908
2023-11-12,NO,Norway,EURO,1422,1492062,0,5732,1486330
2023-11-19,NO,Norway,EURO,1612,1493674,0,5732,1487942
2023-11-26,NO,Norway,EURO,1806,1495480,0,5732,1489748
2023-12-03,NO,Norway,EURO,1855,1497335,0,5732,1491603
2023-12-10,NO,Norway,EURO,1958,1499293,0,5732,1493561
2023-12-17,NO,Norway,EURO,2046,1501339,0,5732,1495607
2023-12-24,NO,Norway,EURO,1578,1502917,0,5732,1497185
2023-12-31,NO,Norway,EURO,1012,1503929,0,5732,1498197
2024-01-07,NO,Norway,EURO,903,1504832,0,5732,1499100
2024-01-14,NO,Norway,EURO,617,1505449,0,5732,1499717
2024-01-21,NO,Norway,EURO,404,1505853,0,5732,1500121
2024-01-28,NO,Norway,EURO,303,1506156,0,5732,1500424
2024-02-04,NO,Norway,EURO,239,1506395,0,5732,1500663
2024-02-11,NO,Norway,EURO,167,1506562,0,5732,1500830
2024-02-18,NO,Norway,EURO,145,1506707,0,5732,1500975
2024-02-25,NO,Norway,EURO,125,1506832,0,5732,1501100
2024-03-03,NO,Norway,EURO,103,1506935,0,5732,1501203
2024-03-10,NO,Norway,EURO,80,1507015,0,5732,1501283
2024-03-17,NO,Norway,EURO,81,1507096,0,5732,1501364
2024-03-24,NO,Norway,EURO,57,1507153,0,5732,1501421
2024-03-31,NO,Norway,EURO,42,1507195,0,5732,1501463
2024-04-07,NO,Norway,EURO,73,1507268,0,5732,1501536
2024-04-14,NO,Norway,EURO,64,1507332,0,5732,1501600
2024-04-21,NO,Norway,EURO,54,1507386,0,5732,1501654
2024-04-28,NO,Norway,EURO,93,1507479,0,5732,1501747
2024-05-05,NO,Norway,EURO,87,1507566,0,5732,1501834
2024-05-12,NO,Norway,EURO,107,1507673,0,5732,1501941
2024-05-19,NO,Norway,EURO,96,1507769,0,5732,1502037
2024-05-26,NO,Norway,EURO,127,1507896,0,5732,1502164
2024-06-02,NO,Norway,EURO,150,1508046,0,5732,1502314
2024-06-09,NO,Norway,EURO,183,1508229,0,5732,1502497
2024-06-16,NO,Norway,EURO,263,1508492,0,5732,1502760
2024-06-23,NO,Norway,EURO,372,1508864,0,5732,1503132
2024-06-30,NO,Norway,EURO,500,1509364,0,5732,1503632
2024-07-07,NO,Norway,EURO,516,1509880,0,5732,1504148
2024-07-14,NO,Norway,EURO,678,1510558,0,5732,1504826
2024-07-21,NO,Norway,EURO,659,1511217,0,5732,1505485
2024-07-28,NO,Norway,EURO,682,1511899,0,5732,1506167
2024-08-04,NO,Norway,EURO,747,1512646,0,5732,1506914
2024-08-11,NO,Norway,EURO,729,1513375,0,5732,1507643
2024-08-18,NO,Norway,EURO,827,1514202,0,5732,1508470
2024-08-25,NO,Norway,EURO,1048,1515250,0,5732,1509518
2024-09-01,NO,Norway,EURO,1312,1516562,0,5732,1510830
2024-09-08,NO,Norway,EURO,1240,1517802,0,5732,1512070
2024-09-15,NO,Norway,EURO,1039,1518841,0,5732,1513109
2024-09-22,NO,Norway,EURO,905,1519746,0,5732,1514014
2024-09-29,NO,Norway,EURO,910,1520656,0,5732,1514924
2024-10-06,NO,Norway,EURO,925,1521581,0,5732,1515849
2024-10-13,NO,Norway,EURO,988,1522569,0,5732,1516837
2024-10-20,NO,Norway,EURO,919,1523488,0,5732,1517756
2024-10-27,NO,Norway,EURO,888,1524376,0,5732,1518644
2024-11-03,NO,Norway,EURO,851,1525227,0,5732,1519495
2024-11-10,NO,Norway,EURO,979,1526206,0,5732,1520474
2024-11-17,NO,Norway,EURO,909,1527115,0,5732,1521383
2020-01-05,PS,"occupied Palestinian territory, including east Jerusalem",EMRO,0,0,0,0,0
2020-01-12,PS,"occupied Palestinian territory, including east Jerusalem",EMRO,0,0,0,0,0
2020-01-19,PS,"occupied Palestinian territory, including east Jerusalem",EMRO,0,0,0,0,0
2020-01-26,PS,"occupied Palestinian territory, including east Jerusalem",EMRO,0,0,0,0,0
2020-02-02,PS,"occupied Palestinian territory, including east Jerusalem",EMRO,0,0,0,0,0
2020-02-09,PS,"occupied Palestinian territory, including east Jerusalem",EMRO,0,0,0,0,0
2020-02-16,PS,"occupied Palestinian territory, including east Jerusalem",EMRO,0,0,0,0,0
2020-02-23,PS,"occupied Palestinian territory, including east Jerusalem",EMRO,0,0,0,0,0
2020-03-01,PS,"occupied Palestinian territory, including east Jerusalem",EMRO,0,0,0,0,0
2020-03-08,PS,"occupied Palestinian territory, including east Jerusalem",EMRO,19,19,0,0,19
2020-03-15,PS,"occupied Palestinian territory, including east Jerusalem",EMRO,19,38,0,0,38
2020-03-22,PS,"occupied Palestinian territory, including east Jerusalem",EMRO,15,53,0,0,53
2020-03-29,PS,"occupied Palestinian territory, including east Jerusalem",EMRO,44,97,1,1,96
2020-04-05,PS,"occupied Palestinian territory, including east Jerusalem",EMRO,120,217,0,1,216
2020-04-12,PS,"occupied Palestinian territory, including east Jerusalem",EMRO,51,268,1,2,266
2020-04-19,PS,"occupied Palestinian territory, including east Jerusalem",EMRO,45,313,0,2,311
2020-04-26,PS,"occupied Palestinian territory, including east Jerusalem",EMRO,29,342,0,2,340
2020-05-03,PS,"occupied Palestinian territory, including east Jerusalem",EMRO,11,353,0,2,351
2020-05-10,PS,"occupied Palestinian territory, including east Jerusalem",EMRO,194,547,2,4,543
2020-05-17,PS,"occupied Palestinian territory, including east Jerusalem",EMRO,8,555,0,4,551
2020-05-24,PS,"occupied Palestinian territory, including east Jerusalem",EMRO,47,602,1,5,597
2020-05-31,PS,"occupied Palestinian territory, including east Jerusalem",EMRO,24,626,0,5,621
2020-06-07,PS,"occupied Palestinian territory, including east Jerusalem",EMRO,17,643,0,5,638
2020-06-14,PS,"occupied Palestinian territory, including east Jerusalem",EMRO,30,673,0,5,668
2020-06-21,PS,"occupied Palestinian territory, including east Jerusalem",EMRO,306,979,0,5,974
2020-06-28,PS,"occupied Palestinian territory, including east Jerusalem",EMRO,1074,2053,2,7,2046
2020-07-05,PS,"occupied Palestinian territory, including east Jerusalem",EMRO,2197,4250,12,19,4231
2020-07-12,PS,"occupied Palestinian territory, including east Jerusalem",EMRO,2438,6688,13,32,6656
2020-07-19,PS,"occupied Palestinian territory, including east Jerusalem",EMRO,2899,9587,30,62,9525
2020-07-26,PS,"occupied Palestinian territory, including east Jerusalem",EMRO,3208,12795,16,78,12717
2020-08-02,PS,"occupied Palestinian territory, including east Jerusalem",EMRO,2760,15555,8,86,15469
2020-08-09,PS,"occupied Palestinian territory, including east Jerusalem",EMRO,2819,18374,17,103,18271
2020-08-16,PS,"occupied Palestinian territory, including east Jerusalem",EMRO,3180,21554,16,119,21435
2020-08-23,PS,"occupied Palestinian territory, including east Jerusalem",EMRO,3144,24698,19,138,24560
2020-08-30,PS,"occupied Palestinian territory, including east Jerusalem",EMRO,3829,28527,26,164,28363
2020-09-06,PS,"occupied Palestinian territory, including east Jerusalem",EMRO,4723,33250,35,199,33051
2020-09-13,PS,"occupied Palestinian territory, including east Jerusalem",EMRO,5266,38516,39,238,38278
2020-09-20,PS,"occupied Palestinian territory, including east Jerusalem",EMRO,6247,44763,53,291,44472
2020-09-27,PS,"occupied Palestinian territory, including east Jerusalem",EMRO,3809,48572,43,334,48238
2020-10-04,PS,"occupied Palestinian territory, including east Jerusalem",EMRO,3441,52013,56,390,51623
2020-10-11,PS,"occupied Palestinian territory, including east Jerusalem",EMRO,3121,55134,52,442,54692
2020-10-18,PS,"occupied Palestinian territory, including east Jerusalem",EMRO,3016,58150,30,472,57678
2020-10-25,PS,"occupied Palestinian territory, including east Jerusalem",EMRO,3443,61593,42,514,61079
2020-11-01,PS,"occupied Palestinian territory, including east Jerusalem",EMRO,3669,65262,41,555,64707
2020-11-08,PS,"occupied Palestinian territory, including east Jerusalem",EMRO,4350,69612,29,584,69028
2020-11-15,PS,"occupied Palestinian territory, including east Jerusalem",EMRO,4738,74350,49,633,73717
2020-11-22,PS,"occupied Palestinian territory, including east Jerusalem",EMRO,8430,82780,65,698,82082
2020-11-29,PS,"occupied Palestinian territory, including east Jerusalem",EMRO,12081,94861,93,791,94070
2020-12-06,PS,"occupied Palestinian territory, including east Jerusalem",EMRO,14841,109702,114,905,108797
2020-12-13,PS,"occupied Palestinian territory, including east Jerusalem",EMRO,13300,123002,157,1062,121940
2020-12-20,PS,"occupied Palestinian territory, including east Jerusalem",EMRO,14104,137106,170,1232,135874
2020-12-27,PS,"occupied Palestinian territory, including east Jerusalem",EMRO,11434,148540,174,1406,147134
2021-01-03,PS,"occupied Palestinian territory, including east Jerusalem",EMRO,9339,157879,172,1578,156301
2021-01-10,PS,"occupied Palestinian territory, including east Jerusalem",EMRO,7371,165250,157,1735,163515
2021-01-17,PS,"occupied Palestinian territory, including east Jerusalem",EMRO,5387,170637,126,1861,168776
2021-01-24,PS,"occupied Palestinian territory, including east Jerusalem",EMRO,3776,174413,90,1951,172462
2021-01-31,PS,"occupied Palestinian territory, including east Jerusalem",EMRO,4103,178516,59,2010,176506
2021-02-07,PS,"occupied Palestinian territory, including east Jerusalem",EMRO,4025,182541,48,2058,180483
2021-02-14,PS,"occupied Palestinian territory, including east Jerusalem",EMRO,5923,188464,67,2125,186339
2021-02-21,PS,"occupied Palestinian territory, including east Jerusalem",EMRO,6411,194875,47,2172,192703
2021-02-28,PS,"occupied Palestinian territory, including east Jerusalem",EMRO,11563,206438,64,2236,204202
2021-03-07,PS,"occupied Palestinian territory, including east Jerusalem",EMRO,14201,220639,116,2352,218287
2021-03-14,PS,"occupied Palestinian territory, including east Jerusalem",EMRO,13810,234449,142,2494,231955
2021-03-21,PS,"occupied Palestinian territory, including east Jerusalem",EMRO,14972,249421,162,2656,246765
2021-03-28,PS,"occupied Palestinian territory, including east Jerusalem",EMRO,13799,263220,154,2810,260410
2021-04-04,PS,"occupied Palestinian territory, including east Jerusalem",EMRO,13910,277130,131,2941,274189
2021-04-11,PS,"occupied Palestinian territory, including east Jerusalem",EMRO,17509,294639,161,3102,291537
2021-04-18,PS,"occupied Palestinian territory, including east Jerusalem",EMRO,13940,308579,149,3251,305328
2021-04-25,PS,"occupied Palestinian territory, including east Jerusalem",EMRO,10521,319100,168,3419,315681
2021-05-02,PS,"occupied Palestinian territory, including east Jerusalem",EMRO,6867,325967,106,3525,322442
2021-05-09,PS,"occupied Palestinian territory, including east Jerusalem",EMRO,4311,330278,94,3619,326659
2021-05-16,PS,"occupied Palestinian territory, including east Jerusalem",EMRO,2221,332499,72,3691,328808
2021-05-23,PS,"occupied Palestinian territory, including east Jerusalem",EMRO,1543,334042,36,3727,330315
2021-05-30,PS,"occupied Palestinian territory, including east Jerusalem",EMRO,2637,336679,33,3760,332919
2021-06-06,PS,"occupied Palestinian territory, including east Jerusalem",EMRO,2015,338694,24,3784,334910
2021-06-13,PS,"occupied Palestinian territory, including east Jerusalem",EMRO,1559,340253,14,3798,336455
2021-06-20,PS,"occupied Palestinian territory, including east Jerusalem",EMRO,1193,341446,20,3818,337628
2021-06-27,PS,"occupied Palestinian territory, including east Jerusalem",EMRO,1035,342481,8,3826,338655
2021-07-04,PS,"occupied Palestinian territory, including east Jerusalem",EMRO,852,343333,12,3838,339495
2021-07-11,PS,"occupied Palestinian territory, including east Jerusalem",EMRO,615,343948,10,3848,340100
2021-07-18,PS,"occupied Palestinian territory, including east Jerusalem",EMRO,534,344482,7,3855,340627
2021-07-25,PS,"occupied Palestinian territory, including east Jerusalem",EMRO,390,344872,10,3865,341007
2021-08-01,PS,"occupied Palestinian territory, including east Jerusalem",EMRO,830,345702,7,3872,341830
2021-08-08,PS,"occupied Palestinian territory, including east Jerusalem",EMRO,1010,346712,7,3879,342833
2021-08-15,PS,"occupied Palestinian territory, including east Jerusalem",EMRO,2396,349108,12,3891,345217
2021-08-22,PS,"occupied Palestinian territory, including east Jerusalem",EMRO,5495,354603,9,3900,350703
2021-08-29,PS,"occupied Palestinian territory, including east Jerusalem",EMRO,10406,365009,37,3937,361072
2021-09-05,PS,"occupied Palestinian territory, including east Jerusalem",EMRO,16213,381222,51,3988,377234
2021-09-12,PS,"occupied Palestinian territory, including east Jerusalem",EMRO,16351,397573,79,4067,393506
2021-09-19,PS,"occupied Palestinian territory, including east Jerusalem",EMRO,14869,412442,110,4177,408265
2021-09-26,PS,"occupied Palestinian territory, including east Jerusalem",EMRO,13591,426033,109,4286,421747
2021-10-03,PS,"occupied Palestinian territory, including east Jerusalem",EMRO,10103,436136,114,4400,431736
2021-10-10,PS,"occupied Palestinian territory, including east Jerusalem",EMRO,7080,443216,95,4495,438721
2021-10-17,PS,"occupied Palestinian territory, including east Jerusalem",EMRO,4666,447882,81,4576,443306
2021-10-24,PS,"occupied Palestinian territory, including east Jerusalem",EMRO,3307,451189,50,4626,446563
2021-10-31,PS,"occupied Palestinian territory, including east Jerusalem",EMRO,2358,453547,50,4676,448871
2021-11-07,PS,"occupied Palestinian territory, including east Jerusalem",EMRO,1944,455491,40,4716,450775
2021-11-14,PS,"occupied Palestinian territory, including east Jerusalem",EMRO,1478,456969,35,4751,452218
2021-11-21,PS,"occupied Palestinian territory, including east Jerusalem",EMRO,1304,458273,23,4774,453499
2021-11-28,PS,"occupied Palestinian territory, including east Jerusalem",EMRO,1416,459689,18,4792,454897
2021-12-05,PS,"occupied Palestinian territory, including east Jerusalem",EMRO,2255,461944,22,4814,457130
2021-12-12,PS,"occupied Palestinian territory, including east Jerusalem",EMRO,2092,464036,23,4837,459199
2021-12-19,PS,"occupied Palestinian territory, including east Jerusalem",EMRO,2291,466327,30,4867,461460
2021-12-26,PS,"occupied Palestinian territory, including east Jerusalem",EMRO,2116,468443,33,4900,463543
2022-01-02,PS,"occupied Palestinian territory, including east Jerusalem",EMRO,2215,470658,42,4942,465716
2022-01-09,PS,"occupied Palestinian territory, including east Jerusalem",EMRO,1988,472646,36,4978,467668
2022-01-16,PS,"occupied Palestinian territory, including east Jerusalem",EMRO,3040,475686,38,5016,470670
2022-01-23,PS,"occupied Palestinian territory, including east Jerusalem",EMRO,7293,482979,33,5049,477930
2022-01-30,PS,"occupied Palestinian territory, including east Jerusalem",EMRO,33080,516059,38,5087,510972
2022-02-06,PS,"occupied Palestinian territory, including east Jerusalem",EMRO,58046,574105,65,5152,568953
2022-02-13,PS,"occupied Palestinian territory, including east Jerusalem",EMRO,37153,611258,113,5265,605993
2022-02-20,PS,"occupied Palestinian territory, including east Jerusalem",EMRO,20498,631756,126,5391,626365
2022-02-27,PS,"occupied Palestinian territory, including east Jerusalem",EMRO,12881,644637,105,5496,639141
2022-03-06,PS,"occupied Palestinian territory, including east Jerusalem",EMRO,6488,651125,81,5577,645548
2022-03-13,PS,"occupied Palestinian territory, including east Jerusalem",EMRO,2537,653662,35,5612,648050
2022-03-20,PS,"occupied Palestinian territory, including east Jerusalem",EMRO,1292,654954,29,5641,649313
2022-03-27,PS,"occupied Palestinian territory, including east Jerusalem",EMRO,796,655750,14,5655,650095
2022-04-03,PS,"occupied Palestinian territory, including east Jerusalem",EMRO,537,656287,0,5655,650632
2022-04-10,PS,"occupied Palestinian territory, including east Jerusalem",EMRO,330,656617,1,5656,650961
2022-04-17,PS,"occupied Palestinian territory, including east Jerusalem",EMRO,259,656876,1,5657,651219
2022-04-24,PS,"occupied Palestinian territory, including east Jerusalem",EMRO,184,657060,0,5657,651403
2022-05-01,PS,"occupied Palestinian territory, including east Jerusalem",EMRO,0,657060,0,5657,651403
2022-05-08,PS,"occupied Palestinian territory, including east Jerusalem",EMRO,133,657193,0,5657,651536
2022-05-15,PS,"occupied Palestinian territory, including east Jerusalem",EMRO,263,657456,2,5659,651797
2022-05-22,PS,"occupied Palestinian territory, including east Jerusalem",EMRO,117,657573,1,5660,651913
2022-05-29,PS,"occupied Palestinian territory, including east Jerusalem",EMRO,132,657705,0,5660,652045
2022-06-05,PS,"occupied Palestinian territory, including east Jerusalem",EMRO,174,657879,0,5660,652219
2022-06-12,PS,"occupied Palestinian territory, including east Jerusalem",EMRO,221,658100,0,5660,652440
2022-06-19,PS,"occupied Palestinian territory, including east Jerusalem",EMRO,403,658503,0,5660,652843
2022-06-26,PS,"occupied Palestinian territory, including east Jerusalem",EMRO,1350,659853,0,5660,654193
2022-07-03,PS,"occupied Palestinian territory, including east Jerusalem",EMRO,2637,662490,2,5662,656828
2022-07-10,PS,"occupied Palestinian territory, including east Jerusalem",EMRO,2595,665085,1,5663,659422
2022-07-17,PS,"occupied Palestinian territory, including east Jerusalem",EMRO,6954,672039,1,5664,666375
2022-07-24,PS,"occupied Palestinian territory, including east Jerusalem",EMRO,10057,682096,14,5678,676418
2022-07-31,PS,"occupied Palestinian territory, including east Jerusalem",EMRO,8969,691065,10,5688,685377
2022-08-07,PS,"occupied Palestinian territory, including east Jerusalem",EMRO,6382,697447,3,5691,691756
2022-08-14,PS,"occupied Palestinian territory, including east Jerusalem",EMRO,937,698384,3,5694,692690
2022-08-21,PS,"occupied Palestinian territory, including east Jerusalem",EMRO,0,698384,0,5694,692690
2022-08-28,PS,"occupied Palestinian territory, including east Jerusalem",EMRO,3355,701739,6,5700,696039
2022-09-04,PS,"occupied Palestinian territory, including east Jerusalem",EMRO,852,702591,6,5706,696885
2022-09-11,PS,"occupied Palestinian territory, including east Jerusalem",EMRO,177,702768,1,5707,697061
2022-09-18,PS,"occupied Palestinian territory, including east Jerusalem",EMRO,0,702768,0,5707,697061
2022-09-25,PS,"occupied Palestinian territory, including east Jerusalem",EMRO,102,702870,1,5708,697162
2022-10-02,PS,"occupied Palestinian territory, including east Jerusalem",EMRO,70,702940,0,5708,697232
2022-10-09,PS,"occupied Palestinian territory, including east Jerusalem",EMRO,37,702977,0,5708,697269
2022-10-16,PS,"occupied Palestinian territory, including east Jerusalem",EMRO,37,703014,0,5708,697306
2022-10-23,PS,"occupied Palestinian territory, including east Jerusalem",EMRO,0,703014,0,5708,697306
2022-10-30,PS,"occupied Palestinian territory, including east Jerusalem",EMRO,22,703036,0,5708,697328
2022-11-06,PS,"occupied Palestinian territory, including east Jerusalem",EMRO,33,703069,0,5708,697361
2022-11-13,PS,"occupied Palestinian territory, including east Jerusalem",EMRO,0,703069,0,5708,697361
2022-11-20,PS,"occupied Palestinian territory, including east Jerusalem",EMRO,0,703069,0,5708,697361
2022-11-27,PS,"occupied Palestinian territory, including east Jerusalem",EMRO,0,703069,0,5708,697361
2022-12-04,PS,"occupied Palestinian territory, including east Jerusalem",EMRO,0,703069,0,5708,697361
2022-12-11,PS,"occupied Palestinian territory, including east Jerusalem",EMRO,159,703228,0,5708,697520
2022-12-18,PS,"occupied Palestinian territory, including east Jerusalem",EMRO,0,703228,0,5708,697520
2022-12-25,PS,"occupied Palestinian territory, including east Jerusalem",EMRO,0,703228,0,5708,697520
2023-01-01,PS,"occupied Palestinian territory, including east Jerusalem",EMRO,0,703228,0,5708,697520
2023-01-08,PS,"occupied Palestinian territory, including east Jerusalem",EMRO,0,703228,0,5708,697520
2023-01-15,PS,"occupied Palestinian territory, including east Jerusalem",EMRO,0,703228,0,5708,697520
2023-01-22,PS,"occupied Palestinian territory, including east Jerusalem",EMRO,0,703228,0,5708,697520
2023-01-29,PS,"occupied Palestinian territory, including east Jerusalem",EMRO,0,703228,0,5708,697520
2023-02-05,PS,"occupied Palestinian territory, including east Jerusalem",EMRO,0,703228,0,5708,697520
2023-02-12,PS,"occupied Palestinian territory, including east Jerusalem",EMRO,0,703228,0,5708,697520
2023-02-19,PS,"occupied Palestinian territory, including east Jerusalem",EMRO,0,703228,0,5708,697520
2023-02-26,PS,"occupied Palestinian territory, including east Jerusalem",EMRO,0,703228,0,5708,697520
2023-03-05,PS,"occupied Palestinian territory, including east Jerusalem",EMRO,0,703228,0,5708,697520
2023-03-12,PS,"occupied Palestinian territory, including east Jerusalem",EMRO,0,703228,0,5708,697520
2023-03-19,PS,"occupied Palestinian territory, including east Jerusalem",EMRO,0,703228,0,5708,697520
2023-03-26,PS,"occupied Palestinian territory, including east Jerusalem",EMRO,0,703228,0,5708,697520
2023-04-02,PS,"occupied Palestinian territory, including east Jerusalem",EMRO,0,703228,0,5708,697520
2023-04-09,PS,"occupied Palestinian territory, including east Jerusalem",EMRO,0,703228,0,5708,697520
2023-04-16,PS,"occupied Palestinian territory, including east Jerusalem",EMRO,0,703228,0,5708,697520
2023-04-23,PS,"occupied Palestinian territory, including east Jerusalem",EMRO,0,703228,0,5708,697520
2023-04-30,PS,"occupied Palestinian territory, including east Jerusalem",EMRO,0,703228,0,5708,697520
2023-05-07,PS,"occupied Palestinian territory, including east Jerusalem",EMRO,0,703228,0,5708,697520
2023-05-14,PS,"occupied Palestinian territory, including east Jerusalem",EMRO,0,703228,0,5708,697520
2023-05-21,PS,"occupied Palestinian territory, including east Jerusalem",EMRO,0,703228,0,5708,697520
2023-05-28,PS,"occupied Palestinian territory, including east Jerusalem",EMRO,0,703228,0,5708,697520
2023-06-04,PS,"occupied Palestinian territory, including east Jerusalem",EMRO,0,703228,0,5708,697520
2023-06-11,PS,"occupied Palestinian territory, including east Jerusalem",EMRO,0,703228,0,5708,697520
2023-06-18,PS,"occupied Palestinian territory, including east Jerusalem",EMRO,0,703228,0,5708,697520
2023-06-25,PS,"occupied Palestinian territory, including east Jerusalem",EMRO,0,703228,0,5708,697520
2023-07-02,PS,"occupied Palestinian territory, including east Jerusalem",EMRO,0,703228,0,5708,697520
2023-07-09,PS,"occupied Palestinian territory, including east Jerusalem",EMRO,0,703228,0,5708,697520
2023-07-16,PS,"occupied Palestinian territory, including east Jerusalem",EMRO,0,703228,0,5708,697520
2023-07-23,PS,"occupied Palestinian territory, including east Jerusalem",EMRO,0,703228,0,5708,697520
2023-07-30,PS,"occupied Palestinian territory, including east Jerusalem",EMRO,0,703228,0,5708,697520
2023-08-06,PS,"occupied Palestinian territory, including east Jerusalem",EMRO,0,703228,0,5708,697520
2023-08-13,PS,"occupied Palestinian territory, including east Jerusalem",EMRO,0,703228,0,5708,697520
2023-08-20,PS,"occupied Palestinian territory, including east Jerusalem",EMRO,0,703228,0,5708,697520
2023-08-27,PS,"occupied Palestinian territory, including east Jerusalem",EMRO,0,703228,0,5708,697520
2023-09-03,PS,"occupied Palestinian territory, including east Jerusalem",EMRO,0,703228,0,5708,697520
2023-09-10,PS,"occupied Palestinian territory, including east Jerusalem",EMRO,0,703228,0,5708,697520
2023-09-17,PS,"occupied Palestinian territory, including east Jerusalem",EMRO,0,703228,0,5708,697520
2023-09-24,PS,"occupied Palestinian territory, including east Jerusalem",EMRO,0,703228,0,5708,697520
2023-10-01,PS,"occupied Palestinian territory, including east Jerusalem",EMRO,0,703228,0,5708,697520
2023-10-08,PS,"occupied Palestinian territory, including east Jerusalem",EMRO,0,703228,0,5708,697520
2023-10-15,PS,"occupied Palestinian territory, including east Jerusalem",EMRO,0,703228,0,5708,697520
2023-10-22,PS,"occupied Palestinian territory, including east Jerusalem",EMRO,0,703228,0,5708,697520
2023-10-29,PS,"occupied Palestinian territory, including east Jerusalem",EMRO,0,703228,0,5708,697520
2023-11-05,PS,"occupied Palestinian territory, including east Jerusalem",EMRO,0,703228,0,5708,697520
2023-11-12,PS,"occupied Palestinian territory, including east Jerusalem",EMRO,0,703228,0,5708,697520
2023-11-19,PS,"occupied Palestinian territory, including east Jerusalem",EMRO,0,703228,0,5708,697520
2023-11-26,PS,"occupied Palestinian territory, including east Jerusalem",EMRO,0,703228,0,5708,697520
2023-12-03,PS,"occupied Palestinian territory, including east Jerusalem",EMRO,0,703228,0,5708,697520
2023-12-10,PS,"occupied Palestinian territory, including east Jerusalem",EMRO,0,703228,0,5708,697520
2023-12-17,PS,"occupied Palestinian territory, including east Jerusalem",EMRO,0,703228,0,5708,697520
2023-12-24,PS,"occupied Palestinian territory, including east Jerusalem",EMRO,0,703228,0,5708,697520
2023-12-31,PS,"occupied Palestinian territory, including east Jerusalem",EMRO,0,703228,0,5708,697520
2024-01-07,PS,"occupied Palestinian territory, including east Jerusalem",EMRO,0,703228,0,5708,697520
2024-01-14,PS,"occupied Palestinian territory, including east Jerusalem",EMRO,0,703228,0,5708,697520
2024-01-21,PS,"occupied Palestinian territory, including east Jerusalem",EMRO,0,703228,0,5708,697520
2024-01-28,PS,"occupied Palestinian territory, including east Jerusalem",EMRO,0,703228,0,5708,697520
2024-02-04,PS,"occupied Palestinian territory, including east Jerusalem",EMRO,0,703228,0,5708,697520
2024-02-11,PS,"occupied Palestinian territory, including east Jerusalem",EMRO,0,703228,0,5708,697520
2024-02-18,PS,"occupied Palestinian territory, including east Jerusalem",EMRO,0,703228,0,5708,697520
2024-02-25,PS,"occupied Palestinian territory, including east Jerusalem",EMRO,0,703228,0,5708,697520
2024-03-03,PS,"occupied Palestinian territory, including east Jerusalem",EMRO,0,703228,0,5708,697520
2024-03-10,PS,"occupied Palestinian territory, including east Jerusalem",EMRO,0,703228,0,5708,697520
2024-03-17,PS,"occupied Palestinian territory, including east Jerusalem",EMRO,0,703228,0,5708,697520
2024-03-24,PS,"occupied Palestinian territory, including east Jerusalem",EMRO,0,703228,0,5708,697520
2024-03-31,PS,"occupied Palestinian territory, including east Jerusalem",EMRO,0,703228,0,5708,697520
2024-04-07,PS,"occupied Palestinian territory, including east Jerusalem",EMRO,0,703228,0,5708,697520
2024-04-14,PS,"occupied Palestinian territory, including east Jerusalem",EMRO,0,703228,0,5708,697520
2024-04-21,PS,"occupied Palestinian territory, including east Jerusalem",EMRO,0,703228,0,5708,697520
2024-04-28,PS,"occupied Palestinian territory, including east Jerusalem",EMRO,0,703228,0,5708,697520
2024-05-05,PS,"occupied Palestinian territory, including east Jerusalem",EMRO,0,703228,0,5708,697520
2024-05-12,PS,"occupied Palestinian territory, including east Jerusalem",EMRO,0,703228,0,5708,697520
2024-05-19,PS,"occupied Palestinian territory, including east Jerusalem",EMRO,0,703228,0,5708,697520
2024-05-26,PS,"occupied Palestinian territory, including east Jerusalem",EMRO,0,703228,0,5708,697520
2024-06-02,PS,"occupied Palestinian territory, including east Jerusalem",EMRO,0,703228,0,5708,697520
2024-06-09,PS,"occupied Palestinian territory, including east Jerusalem",EMRO,0,703228,0,5708,697520
2024-06-16,PS,"occupied Palestinian territory, including east Jerusalem",EMRO,0,703228,0,5708,697520
2024-06-23,PS,"occupied Palestinian territory, including east Jerusalem",EMRO,0,703228,0,5708,697520
2024-06-30,PS,"occupied Palestinian territory, including east Jerusalem",EMRO,0,703228,0,5708,697520
2024-07-07,PS,"occupied Palestinian territory, including east Jerusalem",EMRO,0,703228,0,5708,697520
2024-07-14,PS,"occupied Palestinian territory, including east Jerusalem",EMRO,0,703228,0,5708,697520
2024-07-21,PS,"occupied Palestinian territory, including east Jerusalem",EMRO,0,703228,0,5708,697520
2024-07-28,PS,"occupied Palestinian territory, including east Jerusalem",EMRO,0,703228,0,5708,697520
2024-08-04,PS,"occupied Palestinian territory, including east Jerusalem",EMRO,0,703228,0,5708,697520
2024-08-11,PS,"occupied Palestinian territory, including east Jerusalem",EMRO,0,703228,0,5708,697520
2024-08-18,PS,"occupied Palestinian territory, including east Jerusalem",EMRO,0,703228,0,5708,697520
2024-08-25,PS,"occupied Palestinian territory, including east Jerusalem",EMRO,0,703228,0,5708,697520
2024-09-01,PS,"occupied Palestinian territory, including east Jerusalem",EMRO,0,703228,0,5708,697520
2024-09-08,PS,"occupied Palestinian territory, including east Jerusalem",EMRO,0,703228,0,5708,697520
2024-09-15,PS,"occupied Palestinian territory, including east Jerusalem",EMRO,0,703228,0,5708,697520
2024-09-22,PS,"occupied Palestinian territory, including east Jerusalem",EMRO,0,703228,0,5708,697520
2024-09-29,PS,"occupied Palestinian territory, including east Jerusalem",EMRO,0,703228,0,5708,697520
2024-10-06,PS,"occupied Palestinian territory, including east Jerusalem",EMRO,0,703228,0,5708,697520
2024-10-13,PS,"occupied Palestinian territory, including east Jerusalem",EMRO,0,703228,0,5708,697520
2024-10-20,PS,"occupied Palestinian territory, including east Jerusalem",EMRO,0,703228,0,5708,697520
2024-10-27,PS,"occupied Palestinian territory, including east Jerusalem",EMRO,0,703228,0,5708,697520
2024-11-03,PS,"occupied Palestinian territory, including east Jerusalem",EMRO,0,703228,0,5708,697520
2024-11-10,PS,"occupied Palestinian territory, including east Jerusalem",EMRO,0,703228,0,5708,697520
2024-11-17,PS,"occupied Palestinian territory, including east Jerusalem",EMRO,0,703228,0,5708,697520
2020-01-05,OM,Oman,EMRO,0,0,0,0,0
2020-01-12,OM,Oman,EMRO,0,0,0,0,0
2020-01-19,OM,Oman,EMRO,0,0,0,0,0
2020-01-26,OM,Oman,EMRO,0,0,0,0,0
2020-02-02,OM,Oman,EMRO,0,0,0,0,0
2020-02-09,OM,Oman,EMRO,0,0,0,0,0
2020-02-16,OM,Oman,EMRO,0,0,0,0,0
2020-02-23,OM,Oman,EMRO,0,0,0,0,0
2020-03-01,OM,Oman,EMRO,6,6,0,0,6
2020-03-08,OM,Oman,EMRO,10,16,0,0,16
2020-03-15,OM,Oman,EMRO,4,20,0,0,20
2020-03-22,OM,Oman,EMRO,32,52,0,0,52
2020-03-29,OM,Oman,EMRO,100,152,0,0,152
2020-04-05,OM,Oman,EMRO,125,277,2,2,275
2020-04-12,OM,Oman,EMRO,269,546,1,3,543
2020-04-19,OM,Oman,EMRO,634,1180,3,6,1174
2020-04-26,OM,Oman,EMRO,725,1905,4,10,1895
2020-05-03,OM,Oman,EMRO,578,2483,2,12,2471
2020-05-10,OM,Oman,EMRO,741,3224,5,17,3207
2020-05-17,OM,Oman,EMRO,1805,5029,4,21,5008
2020-05-24,OM,Oman,EMRO,2228,7257,15,36,7221
2020-05-31,OM,Oman,EMRO,3166,10423,6,42,10381
2020-06-07,OM,Oman,EMRO,5593,16016,30,72,15944
2020-06-14,OM,Oman,EMRO,6061,22077,27,99,21978
2020-06-21,OM,Oman,EMRO,6489,28566,29,128,28438
2020-06-28,OM,Oman,EMRO,8387,36953,31,159,36794
2020-07-05,OM,Oman,EMRO,8153,45106,44,203,44903
2020-07-12,OM,Oman,EMRO,9591,54697,45,248,54449
2020-07-19,OM,Oman,EMRO,10807,65504,60,308,65196
2020-07-26,OM,Oman,EMRO,9354,74858,63,371,74487
2020-08-02,OM,Oman,EMRO,4301,79159,50,421,78738
2020-08-09,OM,Oman,EMRO,2198,81357,88,509,80848
2020-08-16,OM,Oman,EMRO,1567,82924,53,562,82362
2020-08-23,OM,Oman,EMRO,845,83769,47,609,83160
2020-08-30,OM,Oman,EMRO,1236,85005,41,650,84355
2020-09-06,OM,Oman,EMRO,1375,86380,55,705,85675
2020-09-13,OM,Oman,EMRO,1957,88337,57,762,87575
2020-09-20,OM,Oman,EMRO,3416,91753,56,818,90935
2020-09-27,OM,Oman,EMRO,4154,95907,67,885,95022
2020-10-04,OM,Oman,EMRO,2678,98585,50,935,97650
2020-10-11,OM,Oman,EMRO,5544,104129,74,1009,103120
2020-10-18,OM,Oman,EMRO,4167,108296,62,1071,107225
2020-10-25,OM,Oman,EMRO,3541,111837,76,1147,110690
2020-11-01,OM,Oman,EMRO,2597,114434,61,1208,113226
2020-11-08,OM,Oman,EMRO,2733,117167,78,1286,115881
2020-11-15,OM,Oman,EMRO,2275,119442,40,1326,118116
2020-11-22,OM,Oman,EMRO,1918,121360,39,1365,119995
2020-11-29,OM,Oman,EMRO,1219,122579,26,1391,121188
2020-12-06,OM,Oman,EMRO,1750,124329,44,1435,122894
2020-12-13,OM,Oman,EMRO,1340,125669,28,1463,124206
2020-12-20,OM,Oman,EMRO,1350,127019,20,1483,125536
2020-12-27,OM,Oman,EMRO,1271,128290,8,1491,126799
2021-01-03,OM,Oman,EMRO,577,128867,8,1499,127368
2021-01-10,OM,Oman,EMRO,1203,130070,6,1505,128565
2021-01-17,OM,Oman,EMRO,1194,131264,4,1509,129755
2021-01-24,OM,Oman,EMRO,1222,132486,8,1517,130969
2021-01-31,OM,Oman,EMRO,1242,133728,10,1527,132201
2021-02-07,OM,Oman,EMRO,1313,135041,5,1532,133509
2021-02-14,OM,Oman,EMRO,1581,136622,7,1539,135083
2021-02-21,OM,Oman,EMRO,1872,138494,10,1549,136945
2021-02-28,OM,Oman,EMRO,2094,140588,13,1562,139026
2021-03-07,OM,Oman,EMRO,2308,142896,21,1583,141313
2021-03-14,OM,Oman,EMRO,2361,145257,17,1600,143657
2021-03-21,OM,Oman,EMRO,3878,149135,20,1620,147515
2021-03-28,OM,Oman,EMRO,4703,153838,30,1650,152188
2021-04-04,OM,Oman,EMRO,6180,160018,31,1681,158337
2021-04-11,OM,Oman,EMRO,7987,168005,66,1747,166258
2021-04-18,OM,Oman,EMRO,8663,176668,74,1821,174847
2021-04-25,OM,Oman,EMRO,8610,185278,130,1951,183327
2021-05-02,OM,Oman,EMRO,7975,193253,89,2040,191213
2021-05-09,OM,Oman,EMRO,7463,200716,123,2163,198553
2021-05-16,OM,Oman,EMRO,4197,204913,107,2270,202643
2021-05-23,OM,Oman,EMRO,5011,209924,94,2364,207560
2021-05-30,OM,Oman,EMRO,5442,215366,102,2466,212900
2021-06-06,OM,Oman,EMRO,7433,222799,92,2558,220241
2021-06-13,OM,Oman,EMRO,10353,233152,107,2665,230487
2021-06-20,OM,Oman,EMRO,13254,246406,196,2861,243545
2021-06-27,OM,Oman,EMRO,14100,260506,242,3103,257403
2021-07-04,OM,Oman,EMRO,13388,273894,313,3416,270478
2021-07-11,OM,Oman,EMRO,10091,283985,275,3691,280294
2021-07-18,OM,Oman,EMRO,6459,290444,226,3917,286527
2021-07-25,OM,Oman,EMRO,3028,293472,190,4107,289365
2021-08-01,OM,Oman,EMRO,3098,296570,96,4203,292367
2021-08-08,OM,Oman,EMRO,1934,298504,93,4296,294208
2021-08-15,OM,Oman,EMRO,1463,299967,59,4355,295612
2021-08-22,OM,Oman,EMRO,1174,301141,42,4397,296744
2021-08-29,OM,Oman,EMRO,888,302029,26,4423,297606
2021-09-05,OM,Oman,EMRO,570,302599,19,4442,298157
2021-09-12,OM,Oman,EMRO,437,303036,12,4454,298582
2021-09-19,OM,Oman,EMRO,354,303390,6,4460,298930
2021-09-26,OM,Oman,EMRO,223,303613,1,4461,299152
2021-10-03,OM,Oman,EMRO,200,303813,4,4465,299348
2021-10-10,OM,Oman,EMRO,142,303955,3,4468,299487
2021-10-17,OM,Oman,EMRO,89,304044,3,4471,299573
2021-10-24,OM,Oman,EMRO,101,304145,5,4476,299669
2021-10-31,OM,Oman,EMRO,136,304281,2,4478,299803
2021-11-07,OM,Oman,EMRO,73,304354,1,4479,299875
2021-11-14,OM,Oman,EMRO,66,304420,1,4480,299940
2021-11-21,OM,Oman,EMRO,68,304488,0,4480,300008
2021-11-28,OM,Oman,EMRO,44,304532,0,4480,300052
2021-12-05,OM,Oman,EMRO,67,304599,0,4480,300119
2021-12-12,OM,Oman,EMRO,104,304703,0,4480,300223
2021-12-19,OM,Oman,EMRO,126,304829,0,4480,300349
2021-12-26,OM,Oman,EMRO,229,305058,0,4480,300578
2022-01-02,OM,Oman,EMRO,652,305710,3,4483,301227
2022-01-09,OM,Oman,EMRO,1639,307349,1,4484,302865
2022-01-16,OM,Oman,EMRO,4349,311698,2,4486,307212
2022-01-23,OM,Oman,EMRO,9425,321123,6,4492,316631
2022-01-30,OM,Oman,EMRO,13580,334703,9,4501,330202
2022-02-06,OM,Oman,EMRO,14960,349663,24,4525,345138
2022-02-13,OM,Oman,EMRO,14695,364358,37,4562,359796
2022-02-20,OM,Oman,EMRO,10207,374565,30,4592,369973
2022-02-27,OM,Oman,EMRO,6253,380818,13,4605,376213
2022-03-06,OM,Oman,EMRO,3704,384522,10,4615,379907
2022-03-13,OM,Oman,EMRO,1803,386325,2,4617,381708
2022-03-20,OM,Oman,EMRO,1072,387397,0,4617,382780
2022-03-27,OM,Oman,EMRO,642,388039,0,4617,383422
2022-04-03,OM,Oman,EMRO,393,388432,0,4617,383815
2022-04-10,OM,Oman,EMRO,230,388662,3,4620,384042
2022-04-17,OM,Oman,EMRO,181,388843,4,4624,384219
2022-04-24,OM,Oman,EMRO,193,389036,0,4624,384412
2022-05-01,OM,Oman,EMRO,90,389126,1,4625,384501
2022-05-08,OM,Oman,EMRO,147,389273,1,4626,384647
2022-05-15,OM,Oman,EMRO,124,389397,0,4626,384771
2022-05-22,OM,Oman,EMRO,109,389506,1,4627,384879
2022-05-29,OM,Oman,EMRO,99,389605,1,4628,384977
2022-06-05,OM,Oman,EMRO,118,389723,0,4628,385095
2022-06-12,OM,Oman,EMRO,194,389917,0,4628,385289
2022-06-19,OM,Oman,EMRO,327,390244,0,4628,385616
2022-06-26,OM,Oman,EMRO,484,390728,0,4628,386100
2022-07-03,OM,Oman,EMRO,913,391641,0,4628,387013
2022-07-10,OM,Oman,EMRO,1361,393002,0,4628,388374
2022-07-17,OM,Oman,EMRO,1213,394215,0,4628,389587
2022-07-24,OM,Oman,EMRO,1522,395737,0,4628,391109
2022-07-31,OM,Oman,EMRO,985,396722,0,4628,392094
2022-08-07,OM,Oman,EMRO,509,397231,0,4628,392603
2022-08-14,OM,Oman,EMRO,343,397574,0,4628,392946
2022-08-21,OM,Oman,EMRO,272,397846,0,4628,393218
2022-08-28,OM,Oman,EMRO,147,397993,0,4628,393365
2022-09-04,OM,Oman,EMRO,144,398137,0,4628,393509
2022-09-11,OM,Oman,EMRO,97,398234,0,4628,393606
2022-09-18,OM,Oman,EMRO,92,398326,0,4628,393698
2022-09-25,OM,Oman,EMRO,98,398424,0,4628,393796
2022-10-02,OM,Oman,EMRO,96,398520,0,4628,393892
2022-10-09,OM,Oman,EMRO,65,398585,0,4628,393957
2022-10-16,OM,Oman,EMRO,104,398689,0,4628,394061
2022-10-23,OM,Oman,EMRO,86,398775,0,4628,394147
2022-10-30,OM,Oman,EMRO,74,398849,0,4628,394221
2022-11-06,OM,Oman,EMRO,92,398941,0,4628,394313
2022-11-13,OM,Oman,EMRO,86,399027,0,4628,394399
2022-11-20,OM,Oman,EMRO,92,399119,0,4628,394491
2022-11-27,OM,Oman,EMRO,58,399177,0,4628,394549
2022-12-04,OM,Oman,EMRO,26,399203,0,4628,394575
2022-12-11,OM,Oman,EMRO,56,399259,0,4628,394631
2022-12-18,OM,Oman,EMRO,25,399284,0,4628,394656
2022-12-25,OM,Oman,EMRO,24,399308,0,4628,394680
2023-01-01,OM,Oman,EMRO,35,399343,0,4628,394715
2023-01-08,OM,Oman,EMRO,32,399375,0,4628,394747
2023-01-15,OM,Oman,EMRO,29,399404,0,4628,394776
2023-01-22,OM,Oman,EMRO,17,399421,0,4628,394793
2023-01-29,OM,Oman,EMRO,28,399449,0,4628,394821
2023-02-05,OM,Oman,EMRO,0,399449,0,4628,394821
2023-02-12,OM,Oman,EMRO,0,399449,0,4628,394821
2023-02-19,OM,Oman,EMRO,0,399449,0,4628,394821
2023-02-26,OM,Oman,EMRO,0,399449,0,4628,394821
2023-03-05,OM,Oman,EMRO,0,399449,0,4628,394821
2023-03-12,OM,Oman,EMRO,0,399449,0,4628,394821
2023-03-19,OM,Oman,EMRO,0,399449,0,4628,394821
2023-03-26,OM,Oman,EMRO,0,399449,0,4628,394821
2023-04-02,OM,Oman,EMRO,0,399449,0,4628,394821
2023-04-09,OM,Oman,EMRO,0,399449,0,4628,394821
2023-04-16,OM,Oman,EMRO,0,399449,0,4628,394821
2023-04-23,OM,Oman,EMRO,0,399449,0,4628,394821
2023-04-30,OM,Oman,EMRO,0,399449,0,4628,394821
2023-05-07,OM,Oman,EMRO,0,399449,0,4628,394821
2023-05-14,OM,Oman,EMRO,0,399449,0,4628,394821
2023-05-21,OM,Oman,EMRO,0,399449,0,4628,394821
2023-05-28,OM,Oman,EMRO,0,399449,0,4628,394821
2023-06-04,OM,Oman,EMRO,0,399449,0,4628,394821
2023-06-11,OM,Oman,EMRO,0,399449,0,4628,394821
2023-06-18,OM,Oman,EMRO,0,399449,0,4628,394821
2023-06-25,OM,Oman,EMRO,0,399449,0,4628,394821
2023-07-02,OM,Oman,EMRO,0,399449,0,4628,394821
2023-07-09,OM,Oman,EMRO,0,399449,0,4628,394821
2023-07-16,OM,Oman,EMRO,0,399449,0,4628,394821
2023-07-23,OM,Oman,EMRO,0,399449,0,4628,394821
2023-07-30,OM,Oman,EMRO,0,399449,0,4628,394821
2023-08-06,OM,Oman,EMRO,0,399449,0,4628,394821
2023-08-13,OM,Oman,EMRO,0,399449,0,4628,394821
2023-08-20,OM,Oman,EMRO,0,399449,0,4628,394821
2023-08-27,OM,Oman,EMRO,0,399449,0,4628,394821
2023-09-03,OM,Oman,EMRO,0,399449,0,4628,394821
2023-09-10,OM,Oman,EMRO,0,399449,0,4628,394821
2023-09-17,OM,Oman,EMRO,0,399449,0,4628,394821
2023-09-24,OM,Oman,EMRO,0,399449,0,4628,394821
2023-10-01,OM,Oman,EMRO,0,399449,0,4628,394821
2023-10-08,OM,Oman,EMRO,0,399449,0,4628,394821
2023-10-15,OM,Oman,EMRO,0,399449,0,4628,394821
2023-10-22,OM,Oman,EMRO,0,399449,0,4628,394821
2023-10-29,OM,Oman,EMRO,0,399449,0,4628,394821
2023-11-05,OM,Oman,EMRO,0,399449,0,4628,394821
2023-11-12,OM,Oman,EMRO,0,399449,0,4628,394821
2023-11-19,OM,Oman,EMRO,0,399449,0,4628,394821
2023-11-26,OM,Oman,EMRO,0,399449,0,4628,394821
2023-12-03,OM,Oman,EMRO,0,399449,0,4628,394821
2023-12-10,OM,Oman,EMRO,0,399449,0,4628,394821
2023-12-17,OM,Oman,EMRO,0,399449,0,4628,394821
2023-12-24,OM,Oman,EMRO,0,399449,0,4628,394821
2023-12-31,OM,Oman,EMRO,0,399449,0,4628,394821
2024-01-07,OM,Oman,EMRO,0,399449,0,4628,394821
2024-01-14,OM,Oman,EMRO,0,399449,0,4628,394821
2024-01-21,OM,Oman,EMRO,0,399449,0,4628,394821
2024-01-28,OM,Oman,EMRO,0,399449,0,4628,394821
2024-02-04,OM,Oman,EMRO,0,399449,0,4628,394821
2024-02-11,OM,Oman,EMRO,0,399449,0,4628,394821
2024-02-18,OM,Oman,EMRO,0,399449,0,4628,394821
2024-02-25,OM,Oman,EMRO,0,399449,0,4628,394821
2024-03-03,OM,Oman,EMRO,0,399449,0,4628,394821
2024-03-10,OM,Oman,EMRO,0,399449,0,4628,394821
2024-03-17,OM,Oman,EMRO,0,399449,0,4628,394821
2024-03-24,OM,Oman,EMRO,0,399449,0,4628,394821
2024-03-31,OM,Oman,EMRO,0,399449,0,4628,394821
2024-04-07,OM,Oman,EMRO,0,399449,0,4628,394821
2024-04-14,OM,Oman,EMRO,0,399449,0,4628,394821
2024-04-21,OM,Oman,EMRO,0,399449,0,4628,394821
2024-04-28,OM,Oman,EMRO,0,399449,0,4628,394821
2024-05-05,OM,Oman,EMRO,0,399449,0,4628,394821
2024-05-12,OM,Oman,EMRO,0,399449,0,4628,394821
2024-05-19,OM,Oman,EMRO,0,399449,0,4628,394821
2024-05-26,OM,Oman,EMRO,0,399449,0,4628,394821
2024-06-02,OM,Oman,EMRO,0,399449,0,4628,394821
2024-06-09,OM,Oman,EMRO,0,399449,0,4628,394821
2024-06-16,OM,Oman,EMRO,0,399449,0,4628,394821
2024-06-23,OM,Oman,EMRO,0,399449,0,4628,394821
2024-06-30,OM,Oman,EMRO,0,399449,0,4628,394821
2024-07-07,OM,Oman,EMRO,0,399449,0,4628,394821
2024-07-14,OM,Oman,EMRO,0,399449,0,4628,394821
2024-07-21,OM,Oman,EMRO,0,399449,0,4628,394821
2024-07-28,OM,Oman,EMRO,0,399449,0,4628,394821
2024-08-04,OM,Oman,EMRO,0,399449,0,4628,394821
2024-08-11,OM,Oman,EMRO,0,399449,0,4628,394821
2024-08-18,OM,Oman,EMRO,0,399449,0,4628,394821
2024-08-25,OM,Oman,EMRO,0,399449,0,4628,394821
2024-09-01,OM,Oman,EMRO,0,399449,0,4628,394821
2024-09-08,OM,Oman,EMRO,0,399449,0,4628,394821
2024-09-15,OM,Oman,EMRO,0,399449,0,4628,394821
2024-09-22,OM,Oman,EMRO,0,399449,0,4628,394821
2024-09-29,OM,Oman,EMRO,0,399449,0,4628,394821
2024-10-06,OM,Oman,EMRO,0,399449,0,4628,394821
2024-10-13,OM,Oman,EMRO,0,399449,0,4628,394821
2024-10-20,OM,Oman,EMRO,0,399449,0,4628,394821
2024-10-27,OM,Oman,EMRO,0,399449,0,4628,394821
2024-11-03,OM,Oman,EMRO,0,399449,0,4628,394821
2024-11-10,OM,Oman,EMRO,0,399449,0,4628,394821
2024-11-17,OM,Oman,EMRO,0,399449,0,4628,394821
2020-01-05,PK,Pakistan,EMRO,0,0,0,0,0
2020-01-12,PK,Pakistan,EMRO,0,0,0,0,0
2020-01-19,PK,Pakistan,EMRO,0,0,0,0,0
2020-01-26,PK,Pakistan,EMRO,0,0,0,0,0
2020-02-02,PK,Pakistan,EMRO,0,0,0,0,0
2020-02-09,PK,Pakistan,EMRO,0,0,0,0,0
2020-02-16,PK,Pakistan,EMRO,0,0,0,0,0
2020-02-23,PK,Pakistan,EMRO,0,0,0,0,0
2020-03-01,PK,Pakistan,EMRO,2,2,0,0,2
2020-03-08,PK,Pakistan,EMRO,4,6,0,0,6
2020-03-15,PK,Pakistan,EMRO,15,21,0,0,21
2020-03-22,PK,Pakistan,EMRO,440,461,2,2,459
2020-03-29,PK,Pakistan,EMRO,774,1235,7,9,1226
2020-04-05,PK,Pakistan,EMRO,1215,2450,26,35,2415
2020-04-12,PK,Pakistan,EMRO,2245,4695,31,66,4629
2020-04-19,PK,Pakistan,EMRO,2330,7025,69,135,6890
2020-04-26,PK,Pakistan,EMRO,4915,11940,118,253,11687
2020-05-03,PK,Pakistan,EMRO,5759,17699,155,408,17291
2020-05-10,PK,Pakistan,EMRO,8736,26435,191,599,25836
2020-05-17,PK,Pakistan,EMRO,10783,37218,204,803,36415
2020-05-24,PK,Pakistan,EMRO,15219,52437,298,1101,51336
2020-05-31,PK,Pakistan,EMRO,14020,66457,294,1395,65062
2020-06-07,PK,Pakistan,EMRO,27526,93983,540,1935,92048
2020-06-14,PK,Pakistan,EMRO,38422,132405,616,2551,129854
2020-06-21,PK,Pakistan,EMRO,39261,171666,831,3382,168284
2020-06-28,PK,Pakistan,EMRO,27217,198883,653,4035,194848
2020-07-05,PK,Pakistan,EMRO,26400,225283,584,4619,220664
2020-07-12,PK,Pakistan,EMRO,21068,246351,504,5123,241228
2020-07-19,PK,Pakistan,EMRO,15566,261917,399,5522,256395
2020-07-26,PK,Pakistan,EMRO,9970,271887,265,5787,266100
2020-08-02,PK,Pakistan,EMRO,7259,279146,183,5970,273176
2020-08-09,PK,Pakistan,EMRO,4341,283487,104,6074,277413
2020-08-16,PK,Pakistan,EMRO,4560,288047,88,6162,281885
2020-08-23,PK,Pakistan,EMRO,4127,292174,69,6231,285943
2020-08-30,PK,Pakistan,EMRO,3198,295372,53,6284,289088
2020-09-06,PK,Pakistan,EMRO,2653,298025,56,6340,291685
2020-09-13,PK,Pakistan,EMRO,2930,300955,33,6373,294582
2020-09-20,PK,Pakistan,EMRO,4076,305031,42,6415,298616
2020-09-27,PK,Pakistan,EMRO,4550,309581,36,6451,303130
2020-10-04,PK,Pakistan,EMRO,4403,313984,56,6507,307477
2020-10-11,PK,Pakistan,EMRO,4282,318266,51,6558,311708
2020-10-18,PK,Pakistan,EMRO,4186,322452,80,6638,315814
2020-10-25,PK,Pakistan,EMRO,4611,327063,89,6727,320336
2020-11-01,PK,Pakistan,EMRO,5930,332993,79,6806,326187
2020-11-08,PK,Pakistan,EMRO,8760,341753,137,6943,334810
2020-11-15,PK,Pakistan,EMRO,12708,354461,166,7109,347352
2020-11-22,PK,Pakistan,EMRO,17047,371508,494,7603,363905
2020-11-29,PK,Pakistan,EMRO,20848,392356,339,7942,384414
2020-12-06,PK,Pakistan,EMRO,20835,413191,361,8303,404888
2020-12-13,PK,Pakistan,EMRO,21753,434944,421,8724,426220
2020-12-20,PK,Pakistan,EMRO,19617,454561,526,9250,445311
2020-12-27,PK,Pakistan,EMRO,14921,469482,566,9816,459666
2021-01-03,PK,Pakistan,EMRO,14880,484362,442,10258,474104
2021-01-10,PK,Pakistan,EMRO,15155,499517,340,10598,488919
2021-01-17,PK,Pakistan,EMRO,17253,516770,310,10908,505862
2021-01-24,PK,Pakistan,EMRO,14048,530818,339,11247,519571
2021-01-31,PK,Pakistan,EMRO,12396,543214,376,11623,531591
2021-02-07,PK,Pakistan,EMRO,9914,553128,291,11914,541214
2021-02-14,PK,Pakistan,EMRO,8497,561625,362,12276,549349
2021-02-21,PK,Pakistan,EMRO,8221,569846,287,12563,557283
2021-02-28,PK,Pakistan,EMRO,8951,578797,274,12837,565960
2021-03-07,PK,Pakistan,EMRO,9931,588728,329,13166,575562
2021-03-14,PK,Pakistan,EMRO,13808,602536,310,13476,589060
2021-03-21,PK,Pakistan,EMRO,20599,623135,323,13799,609336
2021-03-28,PK,Pakistan,EMRO,26689,649824,359,14158,635666
2021-04-04,PK,Pakistan,EMRO,33064,682888,539,14697,668191
2021-04-11,PK,Pakistan,EMRO,33080,715968,632,15329,700639
2021-04-18,PK,Pakistan,EMRO,34190,750158,765,16094,734064
2021-04-25,PK,Pakistan,EMRO,39858,790016,905,16999,773017
2021-05-02,PK,Pakistan,EMRO,35503,825519,958,17957,807562
2021-05-09,PK,Pakistan,EMRO,28722,854241,840,18797,835444
2021-05-16,PK,Pakistan,EMRO,20510,874751,670,19467,855284
2021-05-23,PK,Pakistan,EMRO,22717,897468,710,20177,877291
2021-05-30,PK,Pakistan,EMRO,18771,916239,503,20680,895559
2021-06-06,PK,Pakistan,EMRO,14272,930511,509,21189,909322
2021-06-13,PK,Pakistan,EMRO,9420,939931,441,21630,918301
2021-06-20,PK,Pakistan,EMRO,7287,947218,307,21937,925281
2021-06-27,PK,Pakistan,EMRO,6624,953842,251,22188,931654
2021-07-04,PK,Pakistan,EMRO,7243,961085,191,22379,938706
2021-07-11,PK,Pakistan,EMRO,10219,971304,176,22555,948749
2021-07-18,PK,Pakistan,EMRO,15364,986668,205,22760,963908
2021-07-25,PK,Pakistan,EMRO,15207,1001875,211,22971,978904
2021-08-01,PK,Pakistan,EMRO,27936,1029811,389,23360,1006451
2021-08-08,PK,Pakistan,EMRO,33314,1063125,437,23797,1039328
2021-08-15,PK,Pakistan,EMRO,31574,1094699,542,24339,1070360
2021-08-22,PK,Pakistan,EMRO,25271,1119970,509,24848,1095122
2021-08-29,PK,Pakistan,EMRO,28602,1148572,687,25535,1123037
2021-09-05,PK,Pakistan,EMRO,26986,1175558,579,26114,1149444
2021-09-12,PK,Pakistan,EMRO,25809,1201367,548,26662,1174705
2021-09-19,PK,Pakistan,EMRO,19894,1221261,473,27135,1194126
2021-09-26,PK,Pakistan,EMRO,15627,1236888,389,27524,1209364
2021-10-03,PK,Pakistan,EMRO,11314,1248202,307,27831,1220371
2021-10-10,PK,Pakistan,EMRO,8986,1257188,256,28087,1229101
2021-10-17,PK,Pakistan,EMRO,6476,1263664,165,28252,1235412
2021-10-24,PK,Pakistan,EMRO,4281,1267945,107,28359,1239586
2021-10-31,PK,Pakistan,EMRO,4400,1272345,80,28439,1243906
2021-11-07,PK,Pakistan,EMRO,3895,1276240,79,28518,1247722
2021-11-14,PK,Pakistan,EMRO,3133,1279373,77,28595,1250778
2021-11-21,PK,Pakistan,EMRO,2186,1281559,60,28655,1252904
2021-11-28,PK,Pakistan,EMRO,2327,1283886,49,28704,1255182
2021-12-05,PK,Pakistan,EMRO,2567,1286453,57,28761,1257692
2021-12-12,PK,Pakistan,EMRO,2308,1288761,62,28823,1259938
2021-12-19,PK,Pakistan,EMRO,2087,1290848,47,28870,1261978
2021-12-26,PK,Pakistan,EMRO,2233,1293081,35,28905,1264176
2022-01-02,PK,Pakistan,EMRO,2852,1295933,28,28933,1267000
2022-01-09,PK,Pakistan,EMRO,6553,1302486,29,28962,1273524
2022-01-16,PK,Pakistan,EMRO,17634,1320120,41,29003,1291117
2022-01-23,PK,Pakistan,EMRO,39899,1360019,74,29077,1330942
2022-01-30,PK,Pakistan,EMRO,49994,1410013,142,29219,1380794
2022-02-06,PK,Pakistan,EMRO,44886,1454899,229,29448,1425451
2022-02-13,PK,Pakistan,EMRO,25693,1480592,283,29731,1450861
2022-02-20,PK,Pakistan,EMRO,18084,1498676,245,29976,1468700
2022-02-27,PK,Pakistan,EMRO,8981,1507657,177,30153,1477504
2022-03-06,PK,Pakistan,EMRO,5846,1513503,105,30258,1483245
2022-03-13,PK,Pakistan,EMRO,4580,1518083,46,30304,1487779
2022-03-20,PK,Pakistan,EMRO,3430,1521513,24,30328,1491185
2022-03-27,PK,Pakistan,EMRO,2077,1523590,12,30340,1493250
2022-04-03,PK,Pakistan,EMRO,1591,1525181,20,30360,1494821
2022-04-10,PK,Pakistan,EMRO,1291,1526472,1,30361,1496111
2022-04-17,PK,Pakistan,EMRO,679,1527151,2,30363,1496788
2022-04-24,PK,Pakistan,EMRO,600,1527751,6,30369,1497382
2022-05-01,PK,Pakistan,EMRO,205,1527956,0,30369,1497587
2022-05-08,PK,Pakistan,EMRO,0,1527956,0,30369,1497587
2022-05-15,PK,Pakistan,EMRO,1211,1529167,7,30376,1498791
2022-05-22,PK,Pakistan,EMRO,544,1529711,3,30379,1499332
2022-05-29,PK,Pakistan,EMRO,524,1530235,0,30379,1499856
2022-06-05,PK,Pakistan,EMRO,415,1530650,0,30379,1500271
2022-06-12,PK,Pakistan,EMRO,462,1531112,2,30381,1500731
2022-06-19,PK,Pakistan,EMRO,718,1531830,2,30383,1501447
2022-06-26,PK,Pakistan,EMRO,1652,1533482,3,30386,1503096
2022-07-03,PK,Pakistan,EMRO,3815,1537297,13,30399,1506898
2022-07-10,PK,Pakistan,EMRO,5080,1542377,21,30420,1511957
2022-07-17,PK,Pakistan,EMRO,3270,1545647,18,30438,1515209
2022-07-24,PK,Pakistan,EMRO,4119,1549766,26,30464,1519302
2022-07-31,PK,Pakistan,EMRO,4164,1553930,22,30486,1523444
2022-08-07,PK,Pakistan,EMRO,4627,1558557,19,30505,1528052
2022-08-14,PK,Pakistan,EMRO,3750,1562307,18,30523,1531784
2022-08-21,PK,Pakistan,EMRO,3461,1565768,27,30550,1535218
2022-08-28,PK,Pakistan,EMRO,2415,1568183,21,30571,1537612
2022-09-04,PK,Pakistan,EMRO,1605,1569788,17,30588,1539200
2022-09-11,PK,Pakistan,EMRO,1164,1570952,11,30599,1540353
2022-09-18,PK,Pakistan,EMRO,780,1571732,6,30605,1541127
2022-09-25,PK,Pakistan,EMRO,537,1572269,7,30612,1541657
2022-10-02,PK,Pakistan,EMRO,329,1572598,4,30616,1541982
2022-10-09,PK,Pakistan,EMRO,374,1572972,7,30623,1542349
2022-10-16,PK,Pakistan,EMRO,0,1572972,0,30623,1542349
2022-10-23,PK,Pakistan,EMRO,347,1573319,0,30623,1542696
2022-10-30,PK,Pakistan,EMRO,603,1573922,2,30625,1543297
2022-11-06,PK,Pakistan,EMRO,399,1574321,2,30627,1543694
2022-11-13,PK,Pakistan,EMRO,275,1574596,2,30629,1543967
2022-11-20,PK,Pakistan,EMRO,271,1574867,1,30630,1544237
2022-11-27,PK,Pakistan,EMRO,198,1575065,0,30630,1544435
2022-12-04,PK,Pakistan,EMRO,208,1575273,2,30632,1544641
2022-12-11,PK,Pakistan,EMRO,151,1575424,3,30635,1544789
2022-12-18,PK,Pakistan,EMRO,62,1575486,0,30635,1544851
2022-12-25,PK,Pakistan,EMRO,165,1575651,0,30635,1545016
2023-01-01,PK,Pakistan,EMRO,0,1575651,0,30635,1545016
2023-01-08,PK,Pakistan,EMRO,259,1575910,3,30638,1545272
2023-01-15,PK,Pakistan,EMRO,127,1576037,1,30639,1545398
2023-01-22,PK,Pakistan,EMRO,129,1576166,1,30640,1545526
2023-01-29,PK,Pakistan,EMRO,86,1576252,0,30640,1545612
2023-02-05,PK,Pakistan,EMRO,109,1576361,0,30640,1545721
2023-02-12,PK,Pakistan,EMRO,133,1576494,0,30640,1545854
2023-02-19,PK,Pakistan,EMRO,163,1576657,1,30641,1546016
2023-02-26,PK,Pakistan,EMRO,138,1576795,0,30641,1546154
2023-03-05,PK,Pakistan,EMRO,323,1577118,2,30643,1546475
2023-03-12,PK,Pakistan,EMRO,364,1577482,1,30644,1546838
2023-03-19,PK,Pakistan,EMRO,673,1578155,1,30645,1547510
2023-03-26,PK,Pakistan,EMRO,851,1579006,3,30648,1548358
2023-04-02,PK,Pakistan,EMRO,698,1579704,1,30649,1549055
2023-04-09,PK,Pakistan,EMRO,364,1580068,3,30652,1549416
2023-04-16,PK,Pakistan,EMRO,326,1580394,3,30655,1549739
2023-04-23,PK,Pakistan,EMRO,170,1580564,1,30656,1549908
2023-04-30,PK,Pakistan,EMRO,67,1580631,0,30656,1549975
2023-05-07,PK,Pakistan,EMRO,0,1580631,0,30656,1549975
2023-05-14,PK,Pakistan,EMRO,0,1580631,0,30656,1549975
2023-05-21,PK,Pakistan,EMRO,0,1580631,0,30656,1549975
2023-05-28,PK,Pakistan,EMRO,0,1580631,0,30656,1549975
2023-06-04,PK,Pakistan,EMRO,0,1580631,0,30656,1549975
2023-06-11,PK,Pakistan,EMRO,0,1580631,0,30656,1549975
2023-06-18,PK,Pakistan,EMRO,0,1580631,0,30656,1549975
2023-06-25,PK,Pakistan,EMRO,0,1580631,0,30656,1549975
2023-07-02,PK,Pakistan,EMRO,0,1580631,0,30656,1549975
2023-07-09,PK,Pakistan,EMRO,0,1580631,0,30656,1549975
2023-07-16,PK,Pakistan,EMRO,0,1580631,0,30656,1549975
2023-07-23,PK,Pakistan,EMRO,0,1580631,0,30656,1549975
2023-07-30,PK,Pakistan,EMRO,0,1580631,0,30656,1549975
2023-08-06,PK,Pakistan,EMRO,0,1580631,0,30656,1549975
2023-08-13,PK,Pakistan,EMRO,0,1580631,0,30656,1549975
2023-08-20,PK,Pakistan,EMRO,0,1580631,0,30656,1549975
2023-08-27,PK,Pakistan,EMRO,0,1580631,0,30656,1549975
2023-09-03,PK,Pakistan,EMRO,0,1580631,0,30656,1549975
2023-09-10,PK,Pakistan,EMRO,0,1580631,0,30656,1549975
2023-09-17,PK,Pakistan,EMRO,0,1580631,0,30656,1549975
2023-09-24,PK,Pakistan,EMRO,0,1580631,0,30656,1549975
2023-10-01,PK,Pakistan,EMRO,0,1580631,0,30656,1549975
2023-10-08,PK,Pakistan,EMRO,0,1580631,0,30656,1549975
2023-10-15,PK,Pakistan,EMRO,0,1580631,0,30656,1549975
2023-10-22,PK,Pakistan,EMRO,0,1580631,0,30656,1549975
2023-10-29,PK,Pakistan,EMRO,0,1580631,0,30656,1549975
2023-11-05,PK,Pakistan,EMRO,0,1580631,0,30656,1549975
2023-11-12,PK,Pakistan,EMRO,0,1580631,0,30656,1549975
2023-11-19,PK,Pakistan,EMRO,0,1580631,0,30656,1549975
2023-11-26,PK,Pakistan,EMRO,0,1580631,0,30656,1549975
2023-12-03,PK,Pakistan,EMRO,0,1580631,0,30656,1549975
2023-12-10,PK,Pakistan,EMRO,0,1580631,0,30656,1549975
2023-12-17,PK,Pakistan,EMRO,0,1580631,0,30656,1549975
2023-12-24,PK,Pakistan,EMRO,0,1580631,0,30656,1549975
2023-12-31,PK,Pakistan,EMRO,0,1580631,0,30656,1549975
2024-01-07,PK,Pakistan,EMRO,0,1580631,0,30656,1549975
2024-01-14,PK,Pakistan,EMRO,0,1580631,0,30656,1549975
2024-01-21,PK,Pakistan,EMRO,0,1580631,0,30656,1549975
2024-01-28,PK,Pakistan,EMRO,0,1580631,0,30656,1549975
2024-02-04,PK,Pakistan,EMRO,0,1580631,0,30656,1549975
2024-02-11,PK,Pakistan,EMRO,0,1580631,0,30656,1549975
2024-02-18,PK,Pakistan,EMRO,0,1580631,0,30656,1549975
2024-02-25,PK,Pakistan,EMRO,0,1580631,0,30656,1549975
2024-03-03,PK,Pakistan,EMRO,0,1580631,0,30656,1549975
2024-03-10,PK,Pakistan,EMRO,0,1580631,0,30656,1549975
2024-03-17,PK,Pakistan,EMRO,0,1580631,0,30656,1549975
2024-03-24,PK,Pakistan,EMRO,0,1580631,0,30656,1549975
2024-03-31,PK,Pakistan,EMRO,0,1580631,0,30656,1549975
2024-04-07,PK,Pakistan,EMRO,0,1580631,0,30656,1549975
2024-04-14,PK,Pakistan,EMRO,0,1580631,0,30656,1549975
2024-04-21,PK,Pakistan,EMRO,0,1580631,0,30656,1549975
2024-04-28,PK,Pakistan,EMRO,0,1580631,0,30656,1549975
2024-05-05,PK,Pakistan,EMRO,0,1580631,0,30656,1549975
2024-05-12,PK,Pakistan,EMRO,0,1580631,0,30656,1549975
2024-05-19,PK,Pakistan,EMRO,0,1580631,0,30656,1549975
2024-05-26,PK,Pakistan,EMRO,0,1580631,0,30656,1549975
2024-06-02,PK,Pakistan,EMRO,0,1580631,0,30656,1549975
2024-06-09,PK,Pakistan,EMRO,0,1580631,0,30656,1549975
2024-06-16,PK,Pakistan,EMRO,0,1580631,0,30656,1549975
2024-06-23,PK,Pakistan,EMRO,0,1580631,0,30656,1549975
2024-06-30,PK,Pakistan,EMRO,0,1580631,0,30656,1549975
2024-07-07,PK,Pakistan,EMRO,0,1580631,0,30656,1549975
2024-07-14,PK,Pakistan,EMRO,0,1580631,0,30656,1549975
2024-07-21,PK,Pakistan,EMRO,0,1580631,0,30656,1549975
2024-07-28,PK,Pakistan,EMRO,0,1580631,0,30656,1549975
2024-08-04,PK,Pakistan,EMRO,0,1580631,0,30656,1549975
2024-08-11,PK,Pakistan,EMRO,0,1580631,0,30656,1549975
2024-08-18,PK,Pakistan,EMRO,0,1580631,0,30656,1549975
2024-08-25,PK,Pakistan,EMRO,0,1580631,0,30656,1549975
2024-09-01,PK,Pakistan,EMRO,0,1580631,0,30656,1549975
2024-09-08,PK,Pakistan,EMRO,0,1580631,0,30656,1549975
2024-09-15,PK,Pakistan,EMRO,0,1580631,0,30656,1549975
2024-09-22,PK,Pakistan,EMRO,0,1580631,0,30656,1549975
2024-09-29,PK,Pakistan,EMRO,0,1580631,0,30656,1549975
2024-10-06,PK,Pakistan,EMRO,0,1580631,0,30656,1549975
2024-10-13,PK,Pakistan,EMRO,0,1580631,0,30656,1549975
2024-10-20,PK,Pakistan,EMRO,0,1580631,0,30656,1549975
2024-10-27,PK,Pakistan,EMRO,0,1580631,0,30656,1549975
2024-11-03,PK,Pakistan,EMRO,0,1580631,0,30656,1549975
2024-11-10,PK,Pakistan,EMRO,0,1580631,0,30656,1549975
2024-11-17,PK,Pakistan,EMRO,0,1580631,0,30656,1549975
2020-01-05,PW,Palau,WPRO,0,0,0,0,0
2020-01-12,PW,Palau,WPRO,0,0,0,0,0
2020-01-19,PW,Palau,WPRO,0,0,0,0,0
2020-01-26,PW,Palau,WPRO,0,0,0,0,0
2020-02-02,PW,Palau,WPRO,0,0,0,0,0
2020-02-09,PW,Palau,WPRO,0,0,0,0,0
2020-02-16,PW,Palau,WPRO,0,0,0,0,0
2020-02-23,PW,Palau,WPRO,0,0,0,0,0
2020-03-01,PW,Palau,WPRO,0,0,0,0,0
2020-03-08,PW,Palau,WPRO,0,0,0,0,0
2020-03-15,PW,Palau,WPRO,0,0,0,0,0
2020-03-22,PW,Palau,WPRO,0,0,0,0,0
2020-03-29,PW,Palau,WPRO,0,0,0,0,0
2020-04-05,PW,Palau,WPRO,0,0,0,0,0
2020-04-12,PW,Palau,WPRO,0,0,0,0,0
2020-04-19,PW,Palau,WPRO,0,0,0,0,0
2020-04-26,PW,Palau,WPRO,0,0,0,0,0
2020-05-03,PW,Palau,WPRO,0,0,0,0,0
2020-05-10,PW,Palau,WPRO,0,0,0,0,0
2020-05-17,PW,Palau,WPRO,0,0,0,0,0
2020-05-24,PW,Palau,WPRO,0,0,0,0,0
2020-05-31,PW,Palau,WPRO,0,0,0,0,0
2020-06-07,PW,Palau,WPRO,0,0,0,0,0
2020-06-14,PW,Palau,WPRO,0,0,0,0,0
2020-06-21,PW,Palau,WPRO,0,0,0,0,0
2020-06-28,PW,Palau,WPRO,0,0,0,0,0
2020-07-05,PW,Palau,WPRO,0,0,0,0,0
2020-07-12,PW,Palau,WPRO,0,0,0,0,0
2020-07-19,PW,Palau,WPRO,0,0,0,0,0
2020-07-26,PW,Palau,WPRO,0,0,0,0,0
2020-08-02,PW,Palau,WPRO,0,0,0,0,0
2020-08-09,PW,Palau,WPRO,0,0,0,0,0
2020-08-16,PW,Palau,WPRO,0,0,0,0,0
2020-08-23,PW,Palau,WPRO,0,0,0,0,0
2020-08-30,PW,Palau,WPRO,0,0,0,0,0
2020-09-06,PW,Palau,WPRO,0,0,0,0,0
2020-09-13,PW,Palau,WPRO,0,0,0,0,0
2020-09-20,PW,Palau,WPRO,0,0,0,0,0
2020-09-27,PW,Palau,WPRO,0,0,0,0,0
2020-10-04,PW,Palau,WPRO,0,0,0,0,0
2020-10-11,PW,Palau,WPRO,0,0,0,0,0
2020-10-18,PW,Palau,WPRO,0,0,0,0,0
2020-10-25,PW,Palau,WPRO,0,0,0,0,0
2020-11-01,PW,Palau,WPRO,0,0,0,0,0
2020-11-08,PW,Palau,WPRO,0,0,0,0,0
2020-11-15,PW,Palau,WPRO,0,0,0,0,0
2020-11-22,PW,Palau,WPRO,0,0,0,0,0
2020-11-29,PW,Palau,WPRO,0,0,0,0,0
2020-12-06,PW,Palau,WPRO,0,0,0,0,0
2020-12-13,PW,Palau,WPRO,0,0,0,0,0
2020-12-20,PW,Palau,WPRO,0,0,0,0,0
2020-12-27,PW,Palau,WPRO,0,0,0,0,0
2021-01-03,PW,Palau,WPRO,0,0,0,0,0
2021-01-10,PW,Palau,WPRO,0,0,0,0,0
2021-01-17,PW,Palau,WPRO,0,0,0,0,0
2021-01-24,PW,Palau,WPRO,0,0,0,0,0
2021-01-31,PW,Palau,WPRO,0,0,0,0,0
2021-02-07,PW,Palau,WPRO,0,0,0,0,0
2021-02-14,PW,Palau,WPRO,0,0,0,0,0
2021-02-21,PW,Palau,WPRO,0,0,0,0,0
2021-02-28,PW,Palau,WPRO,0,0,0,0,0
2021-03-07,PW,Palau,WPRO,0,0,0,0,0
2021-03-14,PW,Palau,WPRO,0,0,0,0,0
2021-03-21,PW,Palau,WPRO,0,0,0,0,0
2021-03-28,PW,Palau,WPRO,0,0,0,0,0
2021-04-04,PW,Palau,WPRO,0,0,0,0,0
2021-04-11,PW,Palau,WPRO,0,0,0,0,0
2021-04-18,PW,Palau,WPRO,0,0,0,0,0
2021-04-25,PW,Palau,WPRO,0,0,0,0,0
2021-05-02,PW,Palau,WPRO,0,0,0,0,0
2021-05-09,PW,Palau,WPRO,0,0,0,0,0
2021-05-16,PW,Palau,WPRO,0,0,0,0,0
2021-05-23,PW,Palau,WPRO,0,0,0,0,0
2021-05-30,PW,Palau,WPRO,0,0,0,0,0
2021-06-06,PW,Palau,WPRO,0,0,0,0,0
2021-06-13,PW,Palau,WPRO,0,0,0,0,0
2021-06-20,PW,Palau,WPRO,0,0,0,0,0
2021-06-27,PW,Palau,WPRO,0,0,0,0,0
2021-07-04,PW,Palau,WPRO,0,0,0,0,0
2021-07-11,PW,Palau,WPRO,0,0,0,0,0
2021-07-18,PW,Palau,WPRO,0,0,0,0,0
2021-07-25,PW,Palau,WPRO,0,0,0,0,0
2021-08-01,PW,Palau,WPRO,0,0,0,0,0
2021-08-08,PW,Palau,WPRO,0,0,0,0,0
2021-08-15,PW,Palau,WPRO,0,0,0,0,0
2021-08-22,PW,Palau,WPRO,2,2,0,0,2
2021-08-29,PW,Palau,WPRO,0,2,0,0,2
2021-09-05,PW,Palau,WPRO,0,2,0,0,2
2021-09-12,PW,Palau,WPRO,1,3,0,0,3
2021-09-19,PW,Palau,WPRO,2,5,0,0,5
2021-09-26,PW,Palau,WPRO,0,5,0,0,5
2021-10-03,PW,Palau,WPRO,0,5,0,0,5
2021-10-10,PW,Palau,WPRO,3,8,0,0,8
2021-10-17,PW,Palau,WPRO,0,8,0,0,8
2021-10-24,PW,Palau,WPRO,0,8,0,0,8
2021-10-31,PW,Palau,WPRO,0,8,0,0,8
2021-11-07,PW,Palau,WPRO,0,8,0,0,8
2021-11-14,PW,Palau,WPRO,0,8,0,0,8
2021-11-21,PW,Palau,WPRO,0,8,0,0,8
2021-11-28,PW,Palau,WPRO,0,8,0,0,8
2021-12-05,PW,Palau,WPRO,0,8,0,0,8
2021-12-12,PW,Palau,WPRO,0,8,0,0,8
2021-12-19,PW,Palau,WPRO,0,8,0,0,8
2021-12-26,PW,Palau,WPRO,0,8,0,0,8
2022-01-02,PW,Palau,WPRO,5,13,0,0,13
2022-01-09,PW,Palau,WPRO,7,20,0,0,20
2022-01-16,PW,Palau,WPRO,99,119,0,0,119
2022-01-23,PW,Palau,WPRO,383,502,0,0,502
2022-01-30,PW,Palau,WPRO,1025,1527,0,0,1527
2022-02-06,PW,Palau,WPRO,1029,2556,0,0,2556
2022-02-13,PW,Palau,WPRO,577,3133,6,6,3127
2022-02-20,PW,Palau,WPRO,330,3463,0,6,3457
2022-02-27,PW,Palau,WPRO,263,3726,0,6,3720
2022-03-06,PW,Palau,WPRO,118,3844,0,6,3838
2022-03-13,PW,Palau,WPRO,55,3899,0,6,3893
2022-03-20,PW,Palau,WPRO,46,3945,0,6,3939
2022-03-27,PW,Palau,WPRO,42,3987,0,6,3981
2022-04-03,PW,Palau,WPRO,55,4042,0,6,4036
2022-04-10,PW,Palau,WPRO,56,4098,0,6,4092
2022-04-17,PW,Palau,WPRO,24,4122,0,6,4116
2022-04-24,PW,Palau,WPRO,274,4396,0,6,4390
2022-05-01,PW,Palau,WPRO,214,4610,0,6,4604
2022-05-08,PW,Palau,WPRO,122,4732,0,6,4726
2022-05-15,PW,Palau,WPRO,147,4879,0,6,4873
2022-05-22,PW,Palau,WPRO,88,4967,0,6,4961
2022-05-29,PW,Palau,WPRO,76,5043,0,6,5037
2022-06-05,PW,Palau,WPRO,40,5083,0,6,5077
2022-06-12,PW,Palau,WPRO,62,5145,0,6,5139
2022-06-19,PW,Palau,WPRO,36,5181,0,6,5175
2022-06-26,PW,Palau,WPRO,18,5199,0,6,5193
2022-07-03,PW,Palau,WPRO,0,5199,0,6,5193
2022-07-10,PW,Palau,WPRO,0,5199,0,6,5193
2022-07-17,PW,Palau,WPRO,0,5199,0,6,5193
2022-07-24,PW,Palau,WPRO,17,5216,0,6,5210
2022-07-31,PW,Palau,WPRO,16,5232,0,6,5226
2022-08-07,PW,Palau,WPRO,7,5239,0,6,5233
2022-08-14,PW,Palau,WPRO,7,5246,0,6,5240
2022-08-21,PW,Palau,WPRO,33,5279,0,6,5273
2022-08-28,PW,Palau,WPRO,69,5348,0,6,5342
2022-09-04,PW,Palau,WPRO,55,5403,0,6,5397
2022-09-11,PW,Palau,WPRO,27,5430,0,6,5424
2022-09-18,PW,Palau,WPRO,30,5460,0,6,5454
2022-09-25,PW,Palau,WPRO,0,5460,0,6,5454
2022-10-02,PW,Palau,WPRO,21,5481,0,6,5475
2022-10-09,PW,Palau,WPRO,9,5490,1,7,5483
2022-10-16,PW,Palau,WPRO,0,5490,0,7,5483
2022-10-23,PW,Palau,WPRO,23,5513,0,7,5506
2022-10-30,PW,Palau,WPRO,17,5530,0,7,5523
2022-11-06,PW,Palau,WPRO,0,5530,0,7,5523
2022-11-13,PW,Palau,WPRO,154,5684,0,7,5677
2022-11-20,PW,Palau,WPRO,101,5785,0,7,5778
2022-11-27,PW,Palau,WPRO,111,5896,0,7,5889
2022-12-04,PW,Palau,WPRO,37,5933,0,7,5926
2022-12-11,PW,Palau,WPRO,22,5955,2,9,5946
2022-12-18,PW,Palau,WPRO,0,5955,0,9,5946
2022-12-25,PW,Palau,WPRO,13,5968,0,9,5959
2023-01-01,PW,Palau,WPRO,3,5971,0,9,5962
2023-01-08,PW,Palau,WPRO,5,5976,0,9,5967
2023-01-15,PW,Palau,WPRO,4,5980,0,9,5971
2023-01-22,PW,Palau,WPRO,6,5986,0,9,5977
2023-01-29,PW,Palau,WPRO,0,5986,0,9,5977
2023-02-05,PW,Palau,WPRO,1,5987,0,9,5978
2023-02-12,PW,Palau,WPRO,1,5988,0,9,5979
2023-02-19,PW,Palau,WPRO,0,5988,0,9,5979
2023-02-26,PW,Palau,WPRO,1,5989,0,9,5980
2023-03-05,PW,Palau,WPRO,2,5991,0,9,5982
2023-03-12,PW,Palau,WPRO,3,5994,0,9,5985
2023-03-19,PW,Palau,WPRO,1,5995,0,9,5986
2023-03-26,PW,Palau,WPRO,2,5997,0,9,5988
2023-04-02,PW,Palau,WPRO,0,5997,0,9,5988
2023-04-09,PW,Palau,WPRO,0,5997,0,9,5988
2023-04-16,PW,Palau,WPRO,2,5999,0,9,5990
2023-04-23,PW,Palau,WPRO,0,5999,0,9,5990
2023-04-30,PW,Palau,WPRO,0,5999,0,9,5990
2023-05-07,PW,Palau,WPRO,1,6000,0,9,5991
2023-05-14,PW,Palau,WPRO,0,6000,0,9,5991
2023-05-21,PW,Palau,WPRO,9,6009,0,9,6000
2023-05-28,PW,Palau,WPRO,0,6009,0,9,6000
2023-06-04,PW,Palau,WPRO,2,6011,0,9,6002
2023-06-11,PW,Palau,WPRO,0,6009,0,9,6000
2023-06-18,PW,Palau,WPRO,4,6013,0,9,6004
2023-06-25,PW,Palau,WPRO,0,6013,0,9,6004
2023-07-02,PW,Palau,WPRO,0,6013,0,9,6004
2023-07-09,PW,Palau,WPRO,36,6049,0,9,6040
2023-07-16,PW,Palau,WPRO,18,6067,0,9,6058
2023-07-23,PW,Palau,WPRO,0,6067,0,9,6058
2023-07-30,PW,Palau,WPRO,55,6122,0,9,6113
2023-08-06,PW,Palau,WPRO,54,6176,0,9,6167
2023-08-13,PW,Palau,WPRO,21,6197,0,9,6188
2023-08-20,PW,Palau,WPRO,0,6197,0,9,6188
2023-08-27,PW,Palau,WPRO,0,6197,0,9,6188
2023-09-03,PW,Palau,WPRO,23,6220,0,9,6211
2023-09-10,PW,Palau,WPRO,9,6229,0,9,6220
2023-09-17,PW,Palau,WPRO,0,6229,0,9,6220
2023-09-24,PW,Palau,WPRO,9,6238,0,9,6229
2023-10-01,PW,Palau,WPRO,3,6241,0,9,6232
2023-10-08,PW,Palau,WPRO,2,6243,0,9,6234
2023-10-15,PW,Palau,WPRO,0,6243,0,9,6234
2023-10-22,PW,Palau,WPRO,3,6246,0,9,6237
2023-10-29,PW,Palau,WPRO,0,6246,0,9,6237
2023-11-05,PW,Palau,WPRO,1,6247,0,9,6238
2023-11-12,PW,Palau,WPRO,0,6247,0,9,6238
2023-11-19,PW,Palau,WPRO,2,6249,0,9,6240
2023-11-26,PW,Palau,WPRO,0,6249,0,9,6240
2023-12-03,PW,Palau,WPRO,0,6249,0,9,6240
2023-12-10,PW,Palau,WPRO,0,6249,0,9,6240
2023-12-17,PW,Palau,WPRO,16,6265,0,9,6256
2023-12-24,PW,Palau,WPRO,0,6265,0,9,6256
2023-12-31,PW,Palau,WPRO,0,6265,0,9,6256
2024-01-07,PW,Palau,WPRO,0,6265,0,9,6256
2024-01-14,PW,Palau,WPRO,0,6265,0,9,6256
2024-01-21,PW,Palau,WPRO,0,6265,0,9,6256
2024-01-28,PW,Palau,WPRO,0,6265,0,9,6256
2024-02-04,PW,Palau,WPRO,0,6265,0,9,6256
2024-02-11,PW,Palau,WPRO,0,6265,0,9,6256
2024-02-18,PW,Palau,WPRO,0,6265,0,9,6256
2024-02-25,PW,Palau,WPRO,0,6265,0,9,6256
2024-03-03,PW,Palau,WPRO,0,6265,0,9,6256
2024-03-10,PW,Palau,WPRO,0,6265,0,9,6256
2024-03-17,PW,Palau,WPRO,25,6290,1,10,6280
2024-03-24,PW,Palau,WPRO,0,6290,0,10,6280
2024-03-31,PW,Palau,WPRO,0,6290,0,10,6280
2024-04-07,PW,Palau,WPRO,0,6290,0,10,6280
2024-04-14,PW,Palau,WPRO,0,6290,0,10,6280
2024-04-21,PW,Palau,WPRO,42,6332,0,10,6322
2024-04-28,PW,Palau,WPRO,0,6332,0,10,6322
2024-05-05,PW,Palau,WPRO,0,6332,0,10,6322
2024-05-12,PW,Palau,WPRO,0,6332,0,10,6322
2024-05-19,PW,Palau,WPRO,34,6366,0,10,6356
2024-05-26,PW,Palau,WPRO,0,6366,0,10,6356
2024-06-02,PW,Palau,WPRO,0,6366,0,10,6356
2024-06-09,PW,Palau,WPRO,0,6366,0,10,6356
2024-06-16,PW,Palau,WPRO,0,6366,0,10,6356
2024-06-23,PW,Palau,WPRO,6,6372,0,10,6362
2024-06-30,PW,Palau,WPRO,0,6372,0,10,6362
2024-07-07,PW,Palau,WPRO,0,6372,0,10,6362
2024-07-14,PW,Palau,WPRO,0,6372,0,10,6362
2024-07-21,PW,Palau,WPRO,0,6372,0,10,6362
2024-07-28,PW,Palau,WPRO,0,6372,0,10,6362
2024-08-04,PW,Palau,WPRO,0,6372,0,10,6362
2024-08-11,PW,Palau,WPRO,0,6372,0,10,6362
2024-08-18,PW,Palau,WPRO,0,6372,0,10,6362
2024-08-25,PW,Palau,WPRO,0,6372,0,10,6362
2024-09-01,PW,Palau,WPRO,0,6372,0,10,6362
2024-09-08,PW,Palau,WPRO,0,6372,0,10,6362
2024-09-15,PW,Palau,WPRO,0,6372,0,10,6362
2024-09-22,PW,Palau,WPRO,0,6372,0,10,6362
2024-09-29,PW,Palau,WPRO,0,6372,0,10,6362
2024-10-06,PW,Palau,WPRO,0,6372,0,10,6362
2024-10-13,PW,Palau,WPRO,0,6372,0,10,6362
2024-10-20,PW,Palau,WPRO,0,6372,0,10,6362
2024-10-27,PW,Palau,WPRO,0,6372,0,10,6362
2024-11-03,PW,Palau,WPRO,0,6372,0,10,6362
2024-11-10,PW,Palau,WPRO,0,6372,0,10,6362
2024-11-17,PW,Palau,WPRO,0,6372,0,10,6362
2020-01-05,PA,Panama,AMRO,0,0,0,0,0
2020-01-12,PA,Panama,AMRO,0,0,0,0,0
2020-01-19,PA,Panama,AMRO,0,0,0,0,0
2020-01-26,PA,Panama,AMRO,0,0,0,0,0
2020-02-02,PA,Panama,AMRO,0,0,0,0,0
2020-02-09,PA,Panama,AMRO,0,0,0,0,0
2020-02-16,PA,Panama,AMRO,0,0,0,0,0
2020-02-23,PA,Panama,AMRO,0,0,0,0,0
2020-03-01,PA,Panama,AMRO,0,0,0,0,0
2020-03-08,PA,Panama,AMRO,0,0,0,0,0
2020-03-15,PA,Panama,AMRO,27,27,1,1,26
2020-03-22,PA,Panama,AMRO,110,137,0,1,136
2020-03-29,PA,Panama,AMRO,649,786,13,14,772
2020-04-05,PA,Panama,AMRO,887,1673,27,41,1632
2020-04-12,PA,Panama,AMRO,1301,2974,33,74,2900
2020-04-19,PA,Panama,AMRO,1236,4210,41,115,4095
2020-04-26,PA,Panama,AMRO,1128,5338,39,154,5184
2020-05-03,PA,Panama,AMRO,1382,6720,38,192,6528
2020-05-10,PA,Panama,AMRO,1350,8070,39,231,7839
2020-05-17,PA,Panama,AMRO,1198,9268,35,266,9002
2020-05-24,PA,Panama,AMRO,999,10267,29,295,9972
2020-05-31,PA,Panama,AMRO,2264,12531,31,326,12205
2020-06-07,PA,Panama,AMRO,2932,15463,44,370,15093
2020-06-14,PA,Panama,AMRO,3748,19211,51,421,18790
2020-06-21,PA,Panama,AMRO,5063,24274,64,485,23789
2020-06-28,PA,Panama,AMRO,5631,29905,90,575,29330
2020-07-05,PA,Panama,AMRO,6090,35995,123,698,35297
2020-07-12,PA,Panama,AMRO,7262,43257,165,863,42394
2020-07-19,PA,Panama,AMRO,8151,51408,175,1038,50370
2020-07-26,PA,Panama,AMRO,6585,57993,212,1250,56743
2020-08-02,PA,Panama,AMRO,7263,65256,171,1421,63835
2020-08-09,PA,Panama,AMRO,7304,72560,170,1591,70969
2020-08-16,PA,Panama,AMRO,6842,79402,143,1734,77668
2020-08-23,PA,Panama,AMRO,4990,84392,125,1859,82533
2020-08-30,PA,Panama,AMRO,6232,90624,107,1966,88658
2020-09-06,PA,Panama,AMRO,4972,95596,97,2063,93533
2020-09-13,PA,Panama,AMRO,4734,100330,77,2140,98190
2020-09-20,PA,Panama,AMRO,4549,104879,89,2229,102650
2020-09-27,PA,Panama,AMRO,4552,109431,82,2311,107120
2020-10-04,PA,Panama,AMRO,4531,113962,95,2406,111556
2020-10-11,PA,Panama,AMRO,4879,118841,68,2474,116367
2020-10-18,PA,Panama,AMRO,4657,123498,72,2546,120952
2020-10-25,PA,Panama,AMRO,4368,127866,76,2622,125244
2020-11-01,PA,Panama,AMRO,5001,132867,66,2688,130179
2020-11-08,PA,Panama,AMRO,4893,137760,82,2770,134990
2020-11-15,PA,Panama,AMRO,6717,144477,86,2856,141621
2020-11-22,PA,Panama,AMRO,7812,152289,76,2932,149357
2020-11-29,PA,Panama,AMRO,9455,161744,98,3030,158714
2020-12-06,PA,Panama,AMRO,11863,173607,124,3154,170453
2020-12-13,PA,Panama,AMRO,14172,187779,155,3309,184470
2020-12-20,PA,Panama,AMRO,18531,206310,195,3504,202806
2020-12-27,PA,Panama,AMRO,20350,226660,252,3756,222904
2021-01-03,PA,Panama,AMRO,23073,249733,308,4064,245669
2021-01-10,PA,Panama,AMRO,23304,273037,299,4363,268674
2021-01-17,PA,Panama,AMRO,20555,293592,326,4689,288903
2021-01-24,PA,Panama,AMRO,14201,307793,291,4980,302813
2021-01-31,PA,Panama,AMRO,10460,318253,241,5221,313032
2021-02-07,PA,Panama,AMRO,7234,325487,205,5426,320061
2021-02-14,PA,Panama,AMRO,5498,330985,169,5595,325390
2021-02-21,PA,Panama,AMRO,4354,335339,116,5711,329628
2021-02-28,PA,Panama,AMRO,4442,339781,109,5820,333961
2021-03-07,PA,Panama,AMRO,3962,343743,87,5907,337836
2021-03-14,PA,Panama,AMRO,3483,347226,74,5981,341245
2021-03-21,PA,Panama,AMRO,2994,350220,54,6035,344185
2021-03-28,PA,Panama,AMRO,2797,353017,52,6087,346930
2021-04-04,PA,Panama,AMRO,2833,355850,39,6126,349724
2021-04-11,PA,Panama,AMRO,2248,358098,30,6156,351942
2021-04-18,PA,Panama,AMRO,2151,360249,29,6185,354064
2021-04-25,PA,Panama,AMRO,2109,362358,15,6200,356158
2021-05-02,PA,Panama,AMRO,2218,364576,32,6232,358344
2021-05-09,PA,Panama,AMRO,2186,366762,26,6258,360504
2021-05-16,PA,Panama,AMRO,3281,370043,34,6292,363751
2021-05-23,PA,Panama,AMRO,3265,373308,29,6321,366987
2021-05-30,PA,Panama,AMRO,3546,376854,44,6365,370489
2021-06-06,PA,Panama,AMRO,4268,381122,24,6389,374733
2021-06-13,PA,Panama,AMRO,5147,386269,38,6427,379842
2021-06-20,PA,Panama,AMRO,5897,392166,38,6465,385701
2021-06-27,PA,Panama,AMRO,6654,398820,40,6505,392315
2021-07-04,PA,Panama,AMRO,7193,406013,55,6560,399453
2021-07-11,PA,Panama,AMRO,7613,413626,54,6614,407012
2021-07-18,PA,Panama,AMRO,7290,420916,74,6688,414228
2021-07-25,PA,Panama,AMRO,7071,427987,55,6743,421244
2021-08-01,PA,Panama,AMRO,6473,434460,65,6808,427652
2021-08-08,PA,Panama,AMRO,6034,440494,77,6885,433609
2021-08-15,PA,Panama,AMRO,5915,446409,54,6939,439470
2021-08-22,PA,Panama,AMRO,4884,451293,59,6998,444295
2021-08-29,PA,Panama,AMRO,4234,455527,41,7039,448488
2021-09-05,PA,Panama,AMRO,3550,459077,34,7073,452004
2021-09-12,PA,Panama,AMRO,2513,461590,49,7122,454468
2021-09-19,PA,Panama,AMRO,2193,463783,47,7169,456614
2021-09-26,PA,Panama,AMRO,1953,465736,28,7197,458539
2021-10-03,PA,Panama,AMRO,1602,467338,33,7230,460108
2021-10-10,PA,Panama,AMRO,1402,468740,30,7260,461480
2021-10-17,PA,Panama,AMRO,1258,469998,28,7288,462710
2021-10-24,PA,Panama,AMRO,1255,471253,18,7306,463947
2021-10-31,PA,Panama,AMRO,1145,472398,9,7315,465083
2021-11-07,PA,Panama,AMRO,785,473183,7,7322,465861
2021-11-14,PA,Panama,AMRO,1048,474231,19,7341,466890
2021-11-21,PA,Panama,AMRO,1346,475577,9,7350,468227
2021-11-28,PA,Panama,AMRO,1519,477096,10,7360,469736
2021-12-05,PA,Panama,AMRO,1447,478543,11,7371,471172
2021-12-12,PA,Panama,AMRO,1547,480090,11,7382,472708
2021-12-19,PA,Panama,AMRO,2587,482677,16,7398,475279
2021-12-26,PA,Panama,AMRO,3700,486377,11,7409,478968
2022-01-02,PA,Panama,AMRO,9543,495920,19,7428,488492
2022-01-09,PA,Panama,AMRO,21525,517445,25,7453,509992
2022-01-16,PA,Panama,AMRO,41231,558676,47,7500,551176
2022-01-23,PA,Panama,AMRO,68214,626890,74,7574,619316
2022-01-30,PA,Panama,AMRO,58740,685630,106,7680,677950
2022-02-06,PA,Panama,AMRO,35849,721479,133,7813,713666
2022-02-13,PA,Panama,AMRO,18291,739770,113,7926,731844
2022-02-20,PA,Panama,AMRO,9365,749135,74,8000,741135
2022-02-27,PA,Panama,AMRO,5227,754362,63,8063,746299
2022-03-06,PA,Panama,AMRO,2699,757061,43,8106,748955
2022-03-13,PA,Panama,AMRO,2163,759224,25,8131,751093
2022-03-20,PA,Panama,AMRO,1780,761004,22,8153,752851
2022-03-27,PA,Panama,AMRO,2021,763025,9,8162,754863
2022-04-03,PA,Panama,AMRO,1806,764831,8,8170,756661
2022-04-10,PA,Panama,AMRO,1673,766504,4,8174,758330
2022-04-17,PA,Panama,AMRO,1966,768470,4,8178,760292
2022-04-24,PA,Panama,AMRO,2535,771005,4,8182,762823
2022-05-01,PA,Panama,AMRO,4483,775488,2,8184,767304
2022-05-08,PA,Panama,AMRO,8696,784184,7,8191,775993
2022-05-15,PA,Panama,AMRO,19039,803223,11,8202,795021
2022-05-22,PA,Panama,AMRO,21694,824917,14,8216,816701
2022-05-29,PA,Panama,AMRO,22458,847375,28,8244,839131
2022-06-05,PA,Panama,AMRO,21421,868796,23,8267,860529
2022-06-12,PA,Panama,AMRO,18841,887637,28,8295,879342
2022-06-19,PA,Panama,AMRO,12696,900333,23,8318,892015
2022-06-26,PA,Panama,AMRO,12015,912348,22,8340,904008
2022-07-03,PA,Panama,AMRO,10642,922990,28,8368,914622
2022-07-10,PA,Panama,AMRO,9120,932110,16,8384,923726
2022-07-17,PA,Panama,AMRO,9973,942083,11,8395,933688
2022-07-24,PA,Panama,AMRO,6390,948473,17,8412,940061
2022-07-31,PA,Panama,AMRO,5896,954369,13,8425,945944
2022-08-07,PA,Panama,AMRO,5931,960300,9,8434,951866
2022-08-14,PA,Panama,AMRO,6479,966779,10,8444,958335
2022-08-21,PA,Panama,AMRO,6021,972800,12,8456,964344
2022-08-28,PA,Panama,AMRO,5381,978181,14,8470,969711
2022-09-04,PA,Panama,AMRO,3641,981822,10,8480,973342
2022-09-11,PA,Panama,AMRO,2412,984234,7,8487,975747
2022-09-18,PA,Panama,AMRO,1580,985814,3,8490,977324
2022-09-25,PA,Panama,AMRO,1052,986866,7,8497,978369
2022-10-02,PA,Panama,AMRO,747,987613,5,8502,979111
2022-10-09,PA,Panama,AMRO,667,988280,3,8505,979775
2022-10-16,PA,Panama,AMRO,725,989005,1,8506,980499
2022-10-23,PA,Panama,AMRO,603,989608,0,8506,981102
2022-10-30,PA,Panama,AMRO,805,990413,3,8509,981904
2022-11-06,PA,Panama,AMRO,838,991251,0,8509,982742
2022-11-13,PA,Panama,AMRO,1372,992623,6,8515,984108
2022-11-20,PA,Panama,AMRO,3103,995726,4,8519,987207
2022-11-27,PA,Panama,AMRO,6435,1002161,7,8526,993635
2022-12-04,PA,Panama,AMRO,7091,1009252,7,8533,1000719
2022-12-11,PA,Panama,AMRO,6718,1015970,10,8543,1007427
2022-12-18,PA,Panama,AMRO,4991,1020961,11,8554,1012407
2022-12-25,PA,Panama,AMRO,2817,1023778,13,8567,1015211
2023-01-01,PA,Panama,AMRO,2066,1025844,8,8575,1017269
2023-01-08,PA,Panama,AMRO,1403,1027247,9,8584,1018663
2023-01-15,PA,Panama,AMRO,1025,1028272,5,8589,1019683
2023-01-22,PA,Panama,AMRO,789,1029061,5,8594,1020467
2023-01-29,PA,Panama,AMRO,640,1029701,2,8596,1021105
2023-02-05,PA,Panama,AMRO,513,1030214,3,8599,1021615
2023-02-12,PA,Panama,AMRO,444,1030658,1,8600,1022058
2023-02-19,PA,Panama,AMRO,356,1031014,3,8603,1022411
2023-02-26,PA,Panama,AMRO,259,1031273,1,8604,1022669
2023-03-05,PA,Panama,AMRO,458,1031731,5,8609,1023122
2023-03-12,PA,Panama,AMRO,506,1032237,2,8611,1023626
2023-03-19,PA,Panama,AMRO,702,1032939,1,8612,1024327
2023-03-26,PA,Panama,AMRO,842,1033781,0,8612,1025169
2023-04-02,PA,Panama,AMRO,0,1033781,0,8612,1025169
2023-04-09,PA,Panama,AMRO,0,1033781,0,8612,1025169
2023-04-16,PA,Panama,AMRO,1576,1035357,5,8617,1026740
2023-04-23,PA,Panama,AMRO,743,1036100,1,8618,1027482
2023-04-30,PA,Panama,AMRO,633,1036733,3,8621,1028112
2023-05-07,PA,Panama,AMRO,591,1037324,-1,8620,1028704
2023-05-14,PA,Panama,AMRO,654,1037978,2,8622,1029356
2023-05-21,PA,Panama,AMRO,260,1038238,0,8622,1029616
2023-05-28,PA,Panama,AMRO,330,1038568,1,8623,1029945
2023-06-04,PA,Panama,AMRO,408,1038976,6,8629,1030347
2023-06-11,PA,Panama,AMRO,436,1039412,3,8632,1030780
2023-06-18,PA,Panama,AMRO,563,1039975,2,8634,1031341
2023-06-25,PA,Panama,AMRO,473,1040448,2,8636,1031812
2023-07-02,PA,Panama,AMRO,347,1040795,0,8636,1032159
2023-07-09,PA,Panama,AMRO,211,1041006,1,8637,1032369
2023-07-16,PA,Panama,AMRO,178,1041184,3,8640,1032544
2023-07-23,PA,Panama,AMRO,91,1041275,2,8642,1032633
2023-07-30,PA,Panama,AMRO,75,1041350,1,8643,1032707
2023-08-06,PA,Panama,AMRO,56,1041406,1,8644,1032762
2023-08-13,PA,Panama,AMRO,46,1041452,0,8644,1032808
2023-08-20,PA,Panama,AMRO,37,1041489,0,8644,1032845
2023-08-27,PA,Panama,AMRO,37,1041526,0,8644,1032882
2023-09-03,PA,Panama,AMRO,38,1041564,1,8645,1032919
2023-09-10,PA,Panama,AMRO,32,1041596,0,8645,1032951
2023-09-17,PA,Panama,AMRO,37,1041633,1,8646,1032987
2023-09-24,PA,Panama,AMRO,22,1041655,0,8646,1033009
2023-10-01,PA,Panama,AMRO,52,1041707,0,8646,1033061
2023-10-08,PA,Panama,AMRO,50,1041757,1,8647,1033110
2023-10-15,PA,Panama,AMRO,53,1041810,0,8647,1033163
2023-10-22,PA,Panama,AMRO,44,1041854,3,8650,1033204
2023-10-29,PA,Panama,AMRO,39,1041893,0,8650,1033243
2023-11-05,PA,Panama,AMRO,37,1041930,1,8651,1033279
2023-11-12,PA,Panama,AMRO,37,1041967,0,8651,1033316
2023-11-19,PA,Panama,AMRO,31,1041998,0,8651,1033347
2023-11-26,PA,Panama,AMRO,48,1042046,0,8651,1033395
2023-12-03,PA,Panama,AMRO,53,1042099,0,8651,1033448
2023-12-10,PA,Panama,AMRO,48,1042147,1,8652,1033495
2023-12-17,PA,Panama,AMRO,102,1042249,0,8652,1033597
2023-12-24,PA,Panama,AMRO,176,1042425,1,8653,1033772
2023-12-31,PA,Panama,AMRO,402,1042827,1,8654,1034173
2024-01-07,PA,Panama,AMRO,457,1043284,9,8663,1034621
2024-01-14,PA,Panama,AMRO,441,1043725,18,8681,1035044
2024-01-21,PA,Panama,AMRO,274,1043999,10,8691,1035308
2024-01-28,PA,Panama,AMRO,127,1044126,5,8696,1035430
2024-02-04,PA,Panama,AMRO,42,1044168,1,8697,1035471
2024-02-11,PA,Panama,AMRO,32,1044200,1,8698,1035502
2024-02-18,PA,Panama,AMRO,25,1044225,1,8699,1035526
2024-02-25,PA,Panama,AMRO,22,1044247,0,8699,1035548
2024-03-03,PA,Panama,AMRO,17,1044264,1,8700,1035564
2024-03-10,PA,Panama,AMRO,21,1044285,2,8702,1035583
2024-03-17,PA,Panama,AMRO,13,1044298,1,8703,1035595
2024-03-24,PA,Panama,AMRO,11,1044309,0,8703,1035606
2024-03-31,PA,Panama,AMRO,3,1044312,0,8703,1035609
2024-04-07,PA,Panama,AMRO,4,1044316,0,8703,1035613
2024-04-14,PA,Panama,AMRO,8,1044324,0,8703,1035621
2024-04-21,PA,Panama,AMRO,10,1044334,1,8704,1035630
2024-04-28,PA,Panama,AMRO,10,1044344,0,8704,1035640
2024-05-05,PA,Panama,AMRO,8,1044352,2,8706,1035646
2024-05-12,PA,Panama,AMRO,11,1044363,0,8706,1035657
2024-05-19,PA,Panama,AMRO,10,1044373,0,8706,1035667
2024-05-26,PA,Panama,AMRO,13,1044386,0,8706,1035680
2024-06-02,PA,Panama,AMRO,28,1044414,0,8706,1035708
2024-06-09,PA,Panama,AMRO,44,1044458,3,8709,1035749
2024-06-16,PA,Panama,AMRO,59,1044517,3,8712,1035805
2024-06-23,PA,Panama,AMRO,50,1044567,4,8716,1035851
2024-06-30,PA,Panama,AMRO,51,1044618,3,8719,1035899
2024-07-07,PA,Panama,AMRO,58,1044676,7,8726,1035950
2024-07-14,PA,Panama,AMRO,73,1044749,7,8733,1036016
2024-07-21,PA,Panama,AMRO,59,1044808,5,8738,1036070
2024-07-28,PA,Panama,AMRO,36,1044844,11,8749,1036095
2024-08-04,PA,Panama,AMRO,41,1044885,3,8752,1036133
2024-08-11,PA,Panama,AMRO,26,1044911,1,8753,1036158
2024-08-18,PA,Panama,AMRO,19,1044930,0,8753,1036177
2024-08-25,PA,Panama,AMRO,12,1044942,0,8753,1036189
2024-09-01,PA,Panama,AMRO,11,1044953,1,8754,1036199
2024-09-08,PA,Panama,AMRO,9,1044962,0,8754,1036208
2024-09-15,PA,Panama,AMRO,7,1044969,0,8754,1036215
2024-09-22,PA,Panama,AMRO,7,1044976,0,8754,1036222
2024-09-29,PA,Panama,AMRO,7,1044983,2,8756,1036227
2024-10-06,PA,Panama,AMRO,2,1044985,0,8756,1036229
2024-10-13,PA,Panama,AMRO,2,1044987,0,8756,1036231
2024-10-20,PA,Panama,AMRO,0,1044987,0,8756,1036231
2024-10-27,PA,Panama,AMRO,0,1044987,0,8756,1036231
2024-11-03,PA,Panama,AMRO,0,1044987,0,8756,1036231
2024-11-10,PA,Panama,AMRO,0,1044987,0,8756,1036231
2024-11-17,PA,Panama,AMRO,0,1044987,0,8756,1036231
2020-01-05,PG,Papua New Guinea,WPRO,0,0,0,0,0
2020-01-12,PG,Papua New Guinea,WPRO,0,0,0,0,0
2020-01-19,PG,Papua New Guinea,WPRO,0,0,0,0,0
2020-01-26,PG,Papua New Guinea,WPRO,0,0,0,0,0
2020-02-02,PG,Papua New Guinea,WPRO,0,0,0,0,0
2020-02-09,PG,Papua New Guinea,WPRO,0,0,0,0,0
2020-02-16,PG,Papua New Guinea,WPRO,0,0,0,0,0
2020-02-23,PG,Papua New Guinea,WPRO,0,0,0,0,0
2020-03-01,PG,Papua New Guinea,WPRO,0,0,0,0,0
2020-03-08,PG,Papua New Guinea,WPRO,0,0,0,0,0
2020-03-15,PG,Papua New Guinea,WPRO,0,0,0,0,0
2020-03-22,PG,Papua New Guinea,WPRO,1,1,0,0,1
2020-03-29,PG,Papua New Guinea,WPRO,0,1,0,0,1
2020-04-05,PG,Papua New Guinea,WPRO,0,1,0,0,1
2020-04-12,PG,Papua New Guinea,WPRO,1,2,0,0,2
2020-04-19,PG,Papua New Guinea,WPRO,5,7,0,0,7
2020-04-26,PG,Papua New Guinea,WPRO,1,8,0,0,8
2020-05-03,PG,Papua New Guinea,WPRO,0,8,0,0,8
2020-05-10,PG,Papua New Guinea,WPRO,0,8,0,0,8
2020-05-17,PG,Papua New Guinea,WPRO,0,8,0,0,8
2020-05-24,PG,Papua New Guinea,WPRO,0,8,0,0,8
2020-05-31,PG,Papua New Guinea,WPRO,0,8,0,0,8
2020-06-07,PG,Papua New Guinea,WPRO,0,8,0,0,8
2020-06-14,PG,Papua New Guinea,WPRO,0,8,0,0,8
2020-06-21,PG,Papua New Guinea,WPRO,1,9,0,0,9
2020-06-28,PG,Papua New Guinea,WPRO,2,11,0,0,11
2020-07-05,PG,Papua New Guinea,WPRO,0,11,0,0,11
2020-07-12,PG,Papua New Guinea,WPRO,0,11,0,0,11
2020-07-19,PG,Papua New Guinea,WPRO,4,15,0,0,15
2020-07-26,PG,Papua New Guinea,WPRO,24,39,0,0,39
2020-08-02,PG,Papua New Guinea,WPRO,52,91,2,2,89
2020-08-09,PG,Papua New Guinea,WPRO,97,188,1,3,185
2020-08-16,PG,Papua New Guinea,WPRO,87,275,0,3,272
2020-08-23,PG,Papua New Guinea,WPRO,86,361,1,4,357
2020-08-30,PG,Papua New Guinea,WPRO,98,459,1,5,454
2020-09-06,PG,Papua New Guinea,WPRO,29,488,0,5,483
2020-09-13,PG,Papua New Guinea,WPRO,20,508,0,5,503
2020-09-20,PG,Papua New Guinea,WPRO,8,516,1,6,510
2020-09-27,PG,Papua New Guinea,WPRO,16,532,1,7,525
2020-10-04,PG,Papua New Guinea,WPRO,8,540,0,7,533
2020-10-11,PG,Papua New Guinea,WPRO,10,550,0,7,543
2020-10-18,PG,Papua New Guinea,WPRO,31,581,0,7,574
2020-10-25,PG,Papua New Guinea,WPRO,2,583,0,7,576
2020-11-01,PG,Papua New Guinea,WPRO,6,589,0,7,582
2020-11-08,PG,Papua New Guinea,WPRO,8,597,0,7,590
2020-11-15,PG,Papua New Guinea,WPRO,3,600,0,7,593
2020-11-22,PG,Papua New Guinea,WPRO,4,604,0,7,597
2020-11-29,PG,Papua New Guinea,WPRO,41,645,0,7,638
2020-12-06,PG,Papua New Guinea,WPRO,26,671,0,7,664
2020-12-13,PG,Papua New Guinea,WPRO,49,720,1,8,712
2020-12-20,PG,Papua New Guinea,WPRO,40,760,0,8,752
2020-12-27,PG,Papua New Guinea,WPRO,20,780,1,9,771
2021-01-03,PG,Papua New Guinea,WPRO,19,799,0,9,790
2021-01-10,PG,Papua New Guinea,WPRO,12,811,0,9,802
2021-01-17,PG,Papua New Guinea,WPRO,23,834,0,9,825
2021-01-24,PG,Papua New Guinea,WPRO,15,849,0,9,840
2021-01-31,PG,Papua New Guinea,WPRO,18,867,0,9,858
2021-02-07,PG,Papua New Guinea,WPRO,28,895,0,9,886
2021-02-14,PG,Papua New Guinea,WPRO,27,922,0,9,913
2021-02-21,PG,Papua New Guinea,WPRO,134,1056,0,9,1047
2021-02-28,PG,Papua New Guinea,WPRO,260,1316,0,9,1307
2021-03-07,PG,Papua New Guinea,WPRO,354,1670,0,9,1661
2021-03-14,PG,Papua New Guinea,WPRO,599,2269,0,9,2260
2021-03-21,PG,Papua New Guinea,WPRO,1305,3574,0,9,3565
2021-03-28,PG,Papua New Guinea,WPRO,1775,5349,0,9,5340
2021-04-04,PG,Papua New Guinea,WPRO,1689,7038,0,9,7029
2021-04-11,PG,Papua New Guinea,WPRO,1564,8602,0,9,8593
2021-04-18,PG,Papua New Guinea,WPRO,1197,9799,0,9,9790
2021-04-25,PG,Papua New Guinea,WPRO,1036,10835,0,9,10826
2021-05-02,PG,Papua New Guinea,WPRO,438,11273,96,105,11168
2021-05-09,PG,Papua New Guinea,WPRO,1220,12493,16,121,12372
2021-05-16,PG,Papua New Guinea,WPRO,1713,14206,0,121,14085
2021-05-23,PG,Papua New Guinea,WPRO,1016,15222,15,136,15086
2021-05-30,PG,Papua New Guinea,WPRO,688,15910,26,162,15748
2021-06-06,PG,Papua New Guinea,WPRO,481,16391,2,164,16227
2021-06-13,PG,Papua New Guinea,WPRO,337,16728,1,165,16563
2021-06-20,PG,Papua New Guinea,WPRO,310,17038,8,173,16865
2021-06-27,PG,Papua New Guinea,WPRO,152,17190,1,174,17016
2021-07-04,PG,Papua New Guinea,WPRO,64,17254,0,174,17080
2021-07-11,PG,Papua New Guinea,WPRO,80,17334,5,179,17155
2021-07-18,PG,Papua New Guinea,WPRO,130,17464,8,187,17277
2021-07-25,PG,Papua New Guinea,WPRO,173,17637,5,192,17445
2021-08-01,PG,Papua New Guinea,WPRO,138,17775,0,192,17583
2021-08-08,PG,Papua New Guinea,WPRO,31,17806,0,192,17614
2021-08-15,PG,Papua New Guinea,WPRO,26,17832,0,192,17640
2021-08-22,PG,Papua New Guinea,WPRO,94,17926,0,192,17734
2021-08-29,PG,Papua New Guinea,WPRO,86,18012,0,192,17820
2021-09-05,PG,Papua New Guinea,WPRO,253,18265,0,192,18073
2021-09-12,PG,Papua New Guinea,WPRO,147,18412,4,196,18216
2021-09-19,PG,Papua New Guinea,WPRO,521,18933,13,209,18724
2021-09-26,PG,Papua New Guinea,WPRO,590,19523,17,226,19297
2021-10-03,PG,Papua New Guinea,WPRO,1509,21032,8,234,20798
2021-10-10,PG,Papua New Guinea,WPRO,2117,23149,11,245,22904
2021-10-17,PG,Papua New Guinea,WPRO,1708,24857,64,309,24548
2021-10-24,PG,Papua New Guinea,WPRO,3038,27895,26,335,27560
2021-10-31,PG,Papua New Guinea,WPRO,1918,29813,35,370,29443
2021-11-07,PG,Papua New Guinea,WPRO,2080,31893,43,413,31480
2021-11-14,PG,Papua New Guinea,WPRO,1061,32954,23,436,32518
2021-11-21,PG,Papua New Guinea,WPRO,1518,34472,93,529,33943
2021-11-28,PG,Papua New Guinea,WPRO,618,35090,16,545,34545
2021-12-05,PG,Papua New Guinea,WPRO,481,35571,5,550,35021
2021-12-12,PG,Papua New Guinea,WPRO,366,35937,36,586,35351
2021-12-19,PG,Papua New Guinea,WPRO,69,36006,3,589,35417
2021-12-26,PG,Papua New Guinea,WPRO,124,36130,1,590,35540
2022-01-02,PG,Papua New Guinea,WPRO,62,36192,0,590,35602
2022-01-09,PG,Papua New Guinea,WPRO,215,36407,1,591,35816
2022-01-16,PG,Papua New Guinea,WPRO,39,36446,5,596,35850
2022-01-23,PG,Papua New Guinea,WPRO,102,36548,1,597,35951
2022-01-30,PG,Papua New Guinea,WPRO,597,37145,0,597,36548
2022-02-06,PG,Papua New Guinea,WPRO,587,37732,0,597,37135
2022-02-13,PG,Papua New Guinea,WPRO,939,38671,13,610,38061
2022-02-20,PG,Papua New Guinea,WPRO,1433,40104,26,636,39468
2022-02-27,PG,Papua New Guinea,WPRO,1186,41290,2,638,40652
2022-03-06,PG,Papua New Guinea,WPRO,364,41654,1,639,41015
2022-03-13,PG,Papua New Guinea,WPRO,565,42219,0,639,41580
2022-03-20,PG,Papua New Guinea,WPRO,627,42846,0,639,42207
2022-03-27,PG,Papua New Guinea,WPRO,433,43279,1,640,42639
2022-04-03,PG,Papua New Guinea,WPRO,109,43388,3,643,42745
2022-04-10,PG,Papua New Guinea,WPRO,138,43526,0,643,42883
2022-04-17,PG,Papua New Guinea,WPRO,137,43663,6,649,43014
2022-04-24,PG,Papua New Guinea,WPRO,137,43800,0,649,43151
2022-05-01,PG,Papua New Guinea,WPRO,17,43817,1,650,43167
2022-05-08,PG,Papua New Guinea,WPRO,22,43839,1,651,43188
2022-05-15,PG,Papua New Guinea,WPRO,342,44181,0,651,43530
2022-05-22,PG,Papua New Guinea,WPRO,222,44403,0,651,43752
2022-05-29,PG,Papua New Guinea,WPRO,45,44448,0,651,43797
2022-06-05,PG,Papua New Guinea,WPRO,190,44638,0,651,43987
2022-06-12,PG,Papua New Guinea,WPRO,24,44662,7,658,44004
2022-06-19,PG,Papua New Guinea,WPRO,29,44691,0,658,44033
2022-06-26,PG,Papua New Guinea,WPRO,18,44709,4,662,44047
2022-07-03,PG,Papua New Guinea,WPRO,19,44728,0,662,44066
2022-07-10,PG,Papua New Guinea,WPRO,23,44751,0,662,44089
2022-07-17,PG,Papua New Guinea,WPRO,10,44761,0,662,44099
2022-07-24,PG,Papua New Guinea,WPRO,11,44772,0,662,44110
2022-07-31,PG,Papua New Guinea,WPRO,17,44789,1,663,44126
2022-08-07,PG,Papua New Guinea,WPRO,11,44800,0,663,44137
2022-08-14,PG,Papua New Guinea,WPRO,20,44820,0,663,44157
2022-08-21,PG,Papua New Guinea,WPRO,28,44848,1,664,44184
2022-08-28,PG,Papua New Guinea,WPRO,29,44877,0,664,44213
2022-09-04,PG,Papua New Guinea,WPRO,15,44892,0,664,44228
2022-09-11,PG,Papua New Guinea,WPRO,20,44912,0,664,44248
2022-09-18,PG,Papua New Guinea,WPRO,25,44937,0,664,44273
2022-09-25,PG,Papua New Guinea,WPRO,44,44981,0,664,44317
2022-10-02,PG,Papua New Guinea,WPRO,53,45034,4,668,44366
2022-10-09,PG,Papua New Guinea,WPRO,99,45133,0,668,44465
2022-10-16,PG,Papua New Guinea,WPRO,119,45252,0,668,44584
2022-10-23,PG,Papua New Guinea,WPRO,110,45362,0,668,44694
2022-10-30,PG,Papua New Guinea,WPRO,103,45465,0,668,44797
2022-11-06,PG,Papua New Guinea,WPRO,164,45629,0,668,44961
2022-11-13,PG,Papua New Guinea,WPRO,182,45811,0,668,45143
2022-11-20,PG,Papua New Guinea,WPRO,106,45917,0,668,45249
2022-11-27,PG,Papua New Guinea,WPRO,151,46068,0,668,45400
2022-12-04,PG,Papua New Guinea,WPRO,216,46284,0,668,45616
2022-12-11,PG,Papua New Guinea,WPRO,192,46476,1,669,45807
2022-12-18,PG,Papua New Guinea,WPRO,168,46644,0,669,45975
2022-12-25,PG,Papua New Guinea,WPRO,48,46692,0,669,46023
2023-01-01,PG,Papua New Guinea,WPRO,22,46714,0,669,46045
2023-01-08,PG,Papua New Guinea,WPRO,17,46731,1,670,46061
2023-01-15,PG,Papua New Guinea,WPRO,9,46740,0,670,46070
2023-01-22,PG,Papua New Guinea,WPRO,6,46746,0,670,46076
2023-01-29,PG,Papua New Guinea,WPRO,6,46752,0,670,46082
2023-02-05,PG,Papua New Guinea,WPRO,23,46775,0,670,46105
2023-02-12,PG,Papua New Guinea,WPRO,17,46792,0,670,46122
2023-02-19,PG,Papua New Guinea,WPRO,0,46792,0,670,46122
2023-02-26,PG,Papua New Guinea,WPRO,32,46824,0,670,46154
2023-03-05,PG,Papua New Guinea,WPRO,1,46825,0,670,46155
2023-03-12,PG,Papua New Guinea,WPRO,1,46826,0,670,46156
2023-03-19,PG,Papua New Guinea,WPRO,3,46829,0,670,46159
2023-03-26,PG,Papua New Guinea,WPRO,6,46835,0,670,46165
2023-04-02,PG,Papua New Guinea,WPRO,2,46837,0,670,46167
2023-04-09,PG,Papua New Guinea,WPRO,0,46837,0,670,46167
2023-04-16,PG,Papua New Guinea,WPRO,1,46838,0,670,46168
2023-04-23,PG,Papua New Guinea,WPRO,0,46838,0,670,46168
2023-04-30,PG,Papua New Guinea,WPRO,5,46843,0,670,46173
2023-05-07,PG,Papua New Guinea,WPRO,7,46850,0,670,46180
2023-05-14,PG,Papua New Guinea,WPRO,14,46864,0,670,46194
2023-05-21,PG,Papua New Guinea,WPRO,0,46864,0,670,46194
2023-05-28,PG,Papua New Guinea,WPRO,0,46864,0,670,46194
2023-06-04,PG,Papua New Guinea,WPRO,0,46864,0,670,46194
2023-06-11,PG,Papua New Guinea,WPRO,0,46864,0,670,46194
2023-06-18,PG,Papua New Guinea,WPRO,0,46864,0,670,46194
2023-06-25,PG,Papua New Guinea,WPRO,0,46864,0,670,46194
2023-07-02,PG,Papua New Guinea,WPRO,0,46864,0,670,46194
2023-07-09,PG,Papua New Guinea,WPRO,0,46864,0,670,46194
2023-07-16,PG,Papua New Guinea,WPRO,0,46864,0,670,46194
2023-07-23,PG,Papua New Guinea,WPRO,0,46864,0,670,46194
2023-07-30,PG,Papua New Guinea,WPRO,0,46864,0,670,46194
2023-08-06,PG,Papua New Guinea,WPRO,0,46864,0,670,46194
2023-08-13,PG,Papua New Guinea,WPRO,0,46864,-30,640,46224
2023-08-20,PG,Papua New Guinea,WPRO,0,46864,30,670,46194
2023-08-27,PG,Papua New Guinea,WPRO,0,46864,0,670,46194
2023-09-03,PG,Papua New Guinea,WPRO,0,46864,0,670,46194
2023-09-10,PG,Papua New Guinea,WPRO,0,46864,0,670,46194
2023-09-17,PG,Papua New Guinea,WPRO,0,46864,0,670,46194
2023-09-24,PG,Papua New Guinea,WPRO,0,46864,0,670,46194
2023-10-01,PG,Papua New Guinea,WPRO,0,46864,0,670,46194
2023-10-08,PG,Papua New Guinea,WPRO,0,46864,0,670,46194
2023-10-15,PG,Papua New Guinea,WPRO,0,46864,0,670,46194
2023-10-22,PG,Papua New Guinea,WPRO,0,46864,0,670,46194
2023-10-29,PG,Papua New Guinea,WPRO,0,46864,0,670,46194
2023-11-05,PG,Papua New Guinea,WPRO,0,46864,0,670,46194
2023-11-12,PG,Papua New Guinea,WPRO,0,46864,0,670,46194
2023-11-19,PG,Papua New Guinea,WPRO,0,46864,0,670,46194
2023-11-26,PG,Papua New Guinea,WPRO,0,46864,0,670,46194
2023-12-03,PG,Papua New Guinea,WPRO,0,46864,0,670,46194
2023-12-10,PG,Papua New Guinea,WPRO,0,46864,0,670,46194
2023-12-17,PG,Papua New Guinea,WPRO,0,46864,0,670,46194
2023-12-24,PG,Papua New Guinea,WPRO,0,46864,0,670,46194
2023-12-31,PG,Papua New Guinea,WPRO,0,46864,0,670,46194
2024-01-07,PG,Papua New Guinea,WPRO,0,46864,0,670,46194
2024-01-14,PG,Papua New Guinea,WPRO,0,46864,0,670,46194
2024-01-21,PG,Papua New Guinea,WPRO,0,46864,0,670,46194
2024-01-28,PG,Papua New Guinea,WPRO,0,46864,0,670,46194
2024-02-04,PG,Papua New Guinea,WPRO,0,46864,0,670,46194
2024-02-11,PG,Papua New Guinea,WPRO,0,46864,0,670,46194
2024-02-18,PG,Papua New Guinea,WPRO,0,46864,0,670,46194
2024-02-25,PG,Papua New Guinea,WPRO,0,46864,0,670,46194
2024-03-03,PG,Papua New Guinea,WPRO,0,46864,0,670,46194
2024-03-10,PG,Papua New Guinea,WPRO,0,46864,0,670,46194
2024-03-17,PG,Papua New Guinea,WPRO,0,46864,0,670,46194
2024-03-24,PG,Papua New Guinea,WPRO,0,46864,0,670,46194
2024-03-31,PG,Papua New Guinea,WPRO,0,46864,0,670,46194
2024-04-07,PG,Papua New Guinea,WPRO,0,46864,0,670,46194
2024-04-14,PG,Papua New Guinea,WPRO,0,46864,0,670,46194
2024-04-21,PG,Papua New Guinea,WPRO,0,46864,0,670,46194
2024-04-28,PG,Papua New Guinea,WPRO,0,46864,0,670,46194
2024-05-05,PG,Papua New Guinea,WPRO,0,46864,0,670,46194
2024-05-12,PG,Papua New Guinea,WPRO,0,46864,0,670,46194
2024-05-19,PG,Papua New Guinea,WPRO,0,46864,0,670,46194
2024-05-26,PG,Papua New Guinea,WPRO,0,46864,0,670,46194
2024-06-02,PG,Papua New Guinea,WPRO,0,46864,0,670,46194
2024-06-09,PG,Papua New Guinea,WPRO,0,46864,0,670,46194
2024-06-16,PG,Papua New Guinea,WPRO,0,46864,0,670,46194
2024-06-23,PG,Papua New Guinea,WPRO,0,46864,0,670,46194
2024-06-30,PG,Papua New Guinea,WPRO,0,46864,0,670,46194
2024-07-07,PG,Papua New Guinea,WPRO,0,46864,0,670,46194
2024-07-14,PG,Papua New Guinea,WPRO,0,46864,0,670,46194
2024-07-21,PG,Papua New Guinea,WPRO,0,46864,0,670,46194
2024-07-28,PG,Papua New Guinea,WPRO,0,46864,0,670,46194
2024-08-04,PG,Papua New Guinea,WPRO,0,46864,0,670,46194
2024-08-11,PG,Papua New Guinea,WPRO,0,46864,0,670,46194
2024-08-18,PG,Papua New Guinea,WPRO,0,46864,0,670,46194
2024-08-25,PG,Papua New Guinea,WPRO,0,46864,0,670,46194
2024-09-01,PG,Papua New Guinea,WPRO,0,46864,0,670,46194
2024-09-08,PG,Papua New Guinea,WPRO,0,46864,0,670,46194
2024-09-15,PG,Papua New Guinea,WPRO,0,46864,0,670,46194
2024-09-22,PG,Papua New Guinea,WPRO,0,46864,0,670,46194
2024-09-29,PG,Papua New Guinea,WPRO,0,46864,0,670,46194
2024-10-06,PG,Papua New Guinea,WPRO,0,46864,0,670,46194
2024-10-13,PG,Papua New Guinea,WPRO,0,46864,0,670,46194
2024-10-20,PG,Papua New Guinea,WPRO,0,46864,0,670,46194
2024-10-27,PG,Papua New Guinea,WPRO,0,46864,0,670,46194
2024-11-03,PG,Papua New Guinea,WPRO,0,46864,0,670,46194
2024-11-10,PG,Papua New Guinea,WPRO,0,46864,0,670,46194
2024-11-17,PG,Papua New Guinea,WPRO,0,46864,0,670,46194
2020-01-05,PY,Paraguay,AMRO,0,0,0,0,0
2020-01-12,PY,Paraguay,AMRO,0,0,0,0,0
2020-01-19,PY,Paraguay,AMRO,0,0,0,0,0
2020-01-26,PY,Paraguay,AMRO,0,0,0,0,0
2020-02-02,PY,Paraguay,AMRO,0,0,0,0,0
2020-02-09,PY,Paraguay,AMRO,0,0,0,0,0
2020-02-16,PY,Paraguay,AMRO,0,0,0,0,0
2020-02-23,PY,Paraguay,AMRO,0,0,0,0,0
2020-03-01,PY,Paraguay,AMRO,0,0,0,0,0
2020-03-08,PY,Paraguay,AMRO,0,0,0,0,0
2020-03-15,PY,Paraguay,AMRO,7,7,0,0,7
2020-03-22,PY,Paraguay,AMRO,11,18,1,1,17
2020-03-29,PY,Paraguay,AMRO,38,56,2,3,53
2020-04-05,PY,Paraguay,AMRO,40,96,0,3,93
2020-04-12,PY,Paraguay,AMRO,37,133,3,6,127
2020-04-19,PY,Paraguay,AMRO,69,202,2,8,194
2020-04-26,PY,Paraguay,AMRO,21,223,1,9,214
2020-05-03,PY,Paraguay,AMRO,110,333,1,10,323
2020-05-10,PY,Paraguay,AMRO,356,689,0,10,679
2020-05-17,PY,Paraguay,AMRO,89,778,1,11,767
2020-05-24,PY,Paraguay,AMRO,72,850,0,11,839
2020-05-31,PY,Paraguay,AMRO,114,964,0,11,953
2020-06-07,PY,Paraguay,AMRO,126,1090,0,11,1079
2020-06-14,PY,Paraguay,AMRO,171,1261,0,11,1250
2020-06-21,PY,Paraguay,AMRO,101,1362,2,13,1349
2020-06-28,PY,Paraguay,AMRO,349,1711,0,13,1698
2020-07-05,PY,Paraguay,AMRO,674,2385,7,20,2365
2020-07-12,PY,Paraguay,AMRO,351,2736,0,20,2716
2020-07-19,PY,Paraguay,AMRO,721,3457,8,28,3429
2020-07-26,PY,Paraguay,AMRO,767,4224,10,38,4186
2020-08-02,PY,Paraguay,AMRO,1114,5338,11,49,5289
2020-08-09,PY,Paraguay,AMRO,1170,6508,20,69,6439
2020-08-16,PY,Paraguay,AMRO,2514,9022,39,108,8914
2020-08-23,PY,Paraguay,AMRO,3514,12536,74,182,12354
2020-08-30,PY,Paraguay,AMRO,3338,15874,98,280,15594
2020-09-06,PY,Paraguay,AMRO,4780,20654,118,398,20256
2020-09-13,PY,Paraguay,AMRO,5858,26512,98,496,26016
2020-09-20,PY,Paraguay,AMRO,5615,32127,115,611,31516
2020-09-27,PY,Paraguay,AMRO,5099,37226,150,761,36465
2020-10-04,PY,Paraguay,AMRO,5458,42684,129,890,41794
2020-10-11,PY,Paraguay,AMRO,5591,48275,155,1045,47230
2020-10-18,PY,Paraguay,AMRO,5207,53482,121,1166,52316
2020-10-25,PY,Paraguay,AMRO,4777,58259,112,1278,56981
2020-11-01,PY,Paraguay,AMRO,4337,62596,109,1387,61209
2020-11-08,PY,Paraguay,AMRO,3885,66481,85,1472,65009
2020-11-15,PY,Paraguay,AMRO,3911,70392,84,1556,68836
2020-11-22,PY,Paraguay,AMRO,4666,75058,91,1647,73411
2020-11-29,PY,Paraguay,AMRO,5378,80436,73,1720,78716
2020-12-06,PY,Paraguay,AMRO,6063,86499,93,1813,84686
2020-12-13,PY,Paraguay,AMRO,5614,92113,114,1927,90186
2020-12-20,PY,Paraguay,AMRO,6183,98296,123,2050,96246
2020-12-27,PY,Paraguay,AMRO,5592,103888,104,2154,101734
2021-01-03,PY,Paraguay,AMRO,4461,108349,108,2262,106087
2021-01-10,PY,Paraguay,AMRO,5645,113994,110,2372,111622
2021-01-17,PY,Paraguay,AMRO,6795,120789,107,2479,118310
2021-01-24,PY,Paraguay,AMRO,5581,126370,106,2585,123785
2021-01-31,PY,Paraguay,AMRO,5516,131886,108,2693,129193
2021-02-07,PY,Paraguay,AMRO,5004,136890,98,2791,134099
2021-02-14,PY,Paraguay,AMRO,5708,142598,113,2904,139694
2021-02-21,PY,Paraguay,AMRO,7086,149684,122,3026,146658
2021-02-28,PY,Paraguay,AMRO,7919,157603,126,3152,154451
2021-03-07,PY,Paraguay,AMRO,8208,165811,126,3278,162533
2021-03-14,PY,Paraguay,AMRO,11782,177593,158,3436,174157
2021-03-21,PY,Paraguay,AMRO,12906,190499,226,3662,186837
2021-03-28,PY,Paraguay,AMRO,14205,204704,296,3958,200746
2021-04-04,PY,Paraguay,AMRO,13182,217886,336,4294,213592
2021-04-11,PY,Paraguay,AMRO,14256,232142,404,4698,227444
2021-04-18,PY,Paraguay,AMRO,14664,246806,479,5177,241629
2021-04-25,PY,Paraguay,AMRO,16328,263134,538,5715,257419
2021-05-02,PY,Paraguay,AMRO,15943,279077,670,6385,272692
2021-05-09,PY,Paraguay,AMRO,15156,294233,589,6974,287259
2021-05-16,PY,Paraguay,AMRO,15405,309638,508,7482,302156
2021-05-23,PY,Paraguay,AMRO,17591,327229,633,8115,319114
2021-05-30,PY,Paraguay,AMRO,20955,348184,777,8892,339292
2021-06-06,PY,Paraguay,AMRO,19999,368183,717,9609,358574
2021-06-13,PY,Paraguay,AMRO,19504,387687,952,10561,377126
2021-06-20,PY,Paraguay,AMRO,15705,403392,850,11411,391981
2021-06-27,PY,Paraguay,AMRO,11928,415320,804,12215,403105
2021-07-04,PY,Paraguay,AMRO,10998,426318,912,13127,413191
2021-07-11,PY,Paraguay,AMRO,9204,435522,679,13806,421716
2021-07-18,PY,Paraguay,AMRO,7856,443378,372,14178,429200
2021-07-25,PY,Paraguay,AMRO,5130,448508,372,14550,433958
2021-08-01,PY,Paraguay,AMRO,3577,452085,379,14929,437156
2021-08-08,PY,Paraguay,AMRO,2457,454542,309,15238,439304
2021-08-15,PY,Paraguay,AMRO,1942,456484,164,15402,441082
2021-08-22,PY,Paraguay,AMRO,988,457472,126,15528,441944
2021-08-29,PY,Paraguay,AMRO,757,458229,157,15685,442544
2021-09-05,PY,Paraguay,AMRO,570,458799,179,15864,442935
2021-09-12,PY,Paraguay,AMRO,408,459207,169,16033,443174
2021-09-19,PY,Paraguay,AMRO,373,459580,90,16123,443457
2021-09-26,PY,Paraguay,AMRO,199,459779,19,16142,443637
2021-10-03,PY,Paraguay,AMRO,218,459997,58,16200,443797
2021-10-10,PY,Paraguay,AMRO,174,460171,6,16206,443965
2021-10-17,PY,Paraguay,AMRO,151,460322,3,16209,444113
2021-10-24,PY,Paraguay,AMRO,357,460679,20,16229,444450
2021-10-31,PY,Paraguay,AMRO,295,460974,16,16245,444729
2021-11-07,PY,Paraguay,AMRO,301,461275,13,16258,445017
2021-11-14,PY,Paraguay,AMRO,590,461865,76,16334,445531
2021-11-21,PY,Paraguay,AMRO,333,462198,20,16354,445844
2021-11-28,PY,Paraguay,AMRO,407,462605,13,16367,446238
2021-12-05,PY,Paraguay,AMRO,655,463260,109,16476,446784
2021-12-12,PY,Paraguay,AMRO,390,463650,24,16500,447150
2021-12-19,PY,Paraguay,AMRO,876,464526,68,16568,447958
2021-12-26,PY,Paraguay,AMRO,604,465130,30,16598,448532
2022-01-02,PY,Paraguay,AMRO,2895,468025,31,16629,451396
2022-01-09,PY,Paraguay,AMRO,6312,474337,33,16662,457675
2022-01-16,PY,Paraguay,AMRO,19697,494034,58,16720,477314
2022-01-23,PY,Paraguay,AMRO,34644,528678,215,16935,511743
2022-01-30,PY,Paraguay,AMRO,36690,565368,277,17212,548156
2022-02-06,PY,Paraguay,AMRO,36448,601816,303,17515,584301
2022-02-13,PY,Paraguay,AMRO,18892,620708,329,17844,602864
2022-02-20,PY,Paraguay,AMRO,13025,633733,303,18147,615586
2022-02-27,PY,Paraguay,AMRO,6080,639813,186,18333,621480
2022-03-06,PY,Paraguay,AMRO,3529,643342,121,18454,624888
2022-03-13,PY,Paraguay,AMRO,2313,645655,68,18522,627133
2022-03-20,PY,Paraguay,AMRO,1188,646843,49,18571,628272
2022-03-27,PY,Paraguay,AMRO,919,647762,41,18612,629150
2022-04-03,PY,Paraguay,AMRO,591,648353,119,18731,629622
2022-04-10,PY,Paraguay,AMRO,93,648446,3,18734,629712
2022-04-17,PY,Paraguay,AMRO,236,648682,52,18786,629896
2022-04-24,PY,Paraguay,AMRO,352,649034,9,18795,630239
2022-05-01,PY,Paraguay,AMRO,421,649455,75,18870,630585
2022-05-08,PY,Paraguay,AMRO,263,649718,2,18872,630846
2022-05-15,PY,Paraguay,AMRO,211,649929,9,18881,631048
2022-05-22,PY,Paraguay,AMRO,354,650283,4,18885,631398
2022-05-29,PY,Paraguay,AMRO,378,650661,9,18894,631767
2022-06-05,PY,Paraguay,AMRO,607,651268,17,18911,632357
2022-06-12,PY,Paraguay,AMRO,776,652044,21,18932,633112
2022-06-19,PY,Paraguay,AMRO,1384,653428,15,18947,634481
2022-06-26,PY,Paraguay,AMRO,2104,655532,16,18963,636569
2022-07-03,PY,Paraguay,AMRO,5309,660841,31,18994,641847
2022-07-10,PY,Paraguay,AMRO,12988,673829,42,19036,654793
2022-07-17,PY,Paraguay,AMRO,14991,688820,47,19083,669737
2022-07-24,PY,Paraguay,AMRO,12240,701060,64,19147,681913
2022-07-31,PY,Paraguay,AMRO,6049,707109,73,19220,687889
2022-08-07,PY,Paraguay,AMRO,3781,710890,69,19289,691601
2022-08-14,PY,Paraguay,AMRO,2017,712907,68,19357,693550
2022-08-21,PY,Paraguay,AMRO,1433,714340,91,19448,694892
2022-08-28,PY,Paraguay,AMRO,822,715162,30,19478,695684
2022-09-04,PY,Paraguay,AMRO,407,715569,16,19494,696075
2022-09-11,PY,Paraguay,AMRO,237,715806,36,19530,696276
2022-09-18,PY,Paraguay,AMRO,203,716009,34,19564,696445
2022-09-25,PY,Paraguay,AMRO,50,716059,19,19583,696476
2022-10-02,PY,Paraguay,AMRO,484,716543,8,19591,696952
2022-10-09,PY,Paraguay,AMRO,496,717039,4,19595,697444
2022-10-16,PY,Paraguay,AMRO,221,717260,1,19596,697664
2022-10-23,PY,Paraguay,AMRO,368,717628,2,19598,698030
2022-10-30,PY,Paraguay,AMRO,327,717955,3,19601,698354
2022-11-06,PY,Paraguay,AMRO,25,717980,5,19606,698374
2022-11-13,PY,Paraguay,AMRO,69,718049,2,19608,698441
2022-11-20,PY,Paraguay,AMRO,22,718071,3,19611,698460
2022-11-27,PY,Paraguay,AMRO,93,718164,10,19621,698543
2022-12-04,PY,Paraguay,AMRO,338,718502,9,19630,698872
2022-12-11,PY,Paraguay,AMRO,724,719226,16,19646,699580
2022-12-18,PY,Paraguay,AMRO,978,720204,9,19655,700549
2022-12-25,PY,Paraguay,AMRO,1889,722093,11,19666,702427
2023-01-01,PY,Paraguay,AMRO,3272,725365,22,19688,705677
2023-01-08,PY,Paraguay,AMRO,3240,728605,28,19716,708889
2023-01-15,PY,Paraguay,AMRO,779,729384,30,19746,709638
2023-01-22,PY,Paraguay,AMRO,4045,733429,32,19778,713651
2023-01-29,PY,Paraguay,AMRO,478,733907,42,19820,714087
2023-02-05,PY,Paraguay,AMRO,269,734176,10,19830,714346
2023-02-12,PY,Paraguay,AMRO,68,734244,13,19843,714401
2023-02-19,PY,Paraguay,AMRO,596,734840,6,19849,714991
2023-02-26,PY,Paraguay,AMRO,824,735664,21,19870,715794
2023-03-05,PY,Paraguay,AMRO,45,735709,8,19878,715831
2023-03-12,PY,Paraguay,AMRO,50,735759,2,19880,715879
2023-03-19,PY,Paraguay,AMRO,0,735759,0,19880,715879
2023-03-26,PY,Paraguay,AMRO,0,735759,0,19880,715879
2023-04-02,PY,Paraguay,AMRO,0,735759,0,19880,715879
2023-04-09,PY,Paraguay,AMRO,0,735759,0,19880,715879
2023-04-16,PY,Paraguay,AMRO,0,735759,0,19880,715879
2023-04-23,PY,Paraguay,AMRO,0,735759,0,19880,715879
2023-04-30,PY,Paraguay,AMRO,0,735759,0,19880,715879
2023-05-07,PY,Paraguay,AMRO,0,735759,0,19880,715879
2023-05-14,PY,Paraguay,AMRO,0,735759,0,19880,715879
2023-05-21,PY,Paraguay,AMRO,0,735759,0,19880,715879
2023-05-28,PY,Paraguay,AMRO,0,735759,0,19880,715879
2023-06-04,PY,Paraguay,AMRO,0,735759,0,19880,715879
2023-06-11,PY,Paraguay,AMRO,0,735759,0,19880,715879
2023-06-18,PY,Paraguay,AMRO,0,735759,0,19880,715879
2023-06-25,PY,Paraguay,AMRO,0,735759,0,19880,715879
2023-07-02,PY,Paraguay,AMRO,0,735759,0,19880,715879
2023-07-09,PY,Paraguay,AMRO,0,735759,0,19880,715879
2023-07-16,PY,Paraguay,AMRO,0,735759,0,19880,715879
2023-07-23,PY,Paraguay,AMRO,0,735759,0,19880,715879
2023-07-30,PY,Paraguay,AMRO,0,735759,0,19880,715879
2023-08-06,PY,Paraguay,AMRO,0,735759,0,19880,715879
2023-08-13,PY,Paraguay,AMRO,0,735759,0,19880,715879
2023-08-20,PY,Paraguay,AMRO,0,735759,0,19880,715879
2023-08-27,PY,Paraguay,AMRO,0,735759,0,19880,715879
2023-09-03,PY,Paraguay,AMRO,0,735759,0,19880,715879
2023-09-10,PY,Paraguay,AMRO,0,735759,0,19880,715879
2023-09-17,PY,Paraguay,AMRO,0,735759,0,19880,715879
2023-09-24,PY,Paraguay,AMRO,0,735759,0,19880,715879
2023-10-01,PY,Paraguay,AMRO,0,735759,0,19880,715879
2023-10-08,PY,Paraguay,AMRO,0,735759,0,19880,715879
2023-10-15,PY,Paraguay,AMRO,0,735759,0,19880,715879
2023-10-22,PY,Paraguay,AMRO,0,735759,0,19880,715879
2023-10-29,PY,Paraguay,AMRO,0,735759,0,19880,715879
2023-11-05,PY,Paraguay,AMRO,0,735759,0,19880,715879
2023-11-12,PY,Paraguay,AMRO,0,735759,0,19880,715879
2023-11-19,PY,Paraguay,AMRO,0,735759,0,19880,715879
2023-11-26,PY,Paraguay,AMRO,0,735759,0,19880,715879
2023-12-03,PY,Paraguay,AMRO,0,735759,0,19880,715879
2023-12-10,PY,Paraguay,AMRO,0,735759,0,19880,715879
2023-12-17,PY,Paraguay,AMRO,0,735759,0,19880,715879
2023-12-24,PY,Paraguay,AMRO,0,735759,0,19880,715879
2023-12-31,PY,Paraguay,AMRO,0,735759,0,19880,715879
2024-01-07,PY,Paraguay,AMRO,0,735759,0,19880,715879
2024-01-14,PY,Paraguay,AMRO,0,735759,0,19880,715879
2024-01-21,PY,Paraguay,AMRO,0,735759,0,19880,715879
2024-01-28,PY,Paraguay,AMRO,0,735759,0,19880,715879
2024-02-04,PY,Paraguay,AMRO,0,735759,0,19880,715879
2024-02-11,PY,Paraguay,AMRO,0,735759,0,19880,715879
2024-02-18,PY,Paraguay,AMRO,0,735759,0,19880,715879
2024-02-25,PY,Paraguay,AMRO,0,735759,0,19880,715879
2024-03-03,PY,Paraguay,AMRO,0,735759,0,19880,715879
2024-03-10,PY,Paraguay,AMRO,0,735759,0,19880,715879
2024-03-17,PY,Paraguay,AMRO,0,735759,0,19880,715879
2024-03-24,PY,Paraguay,AMRO,0,735759,0,19880,715879
2024-03-31,PY,Paraguay,AMRO,0,735759,0,19880,715879
2024-04-07,PY,Paraguay,AMRO,0,735759,0,19880,715879
2024-04-14,PY,Paraguay,AMRO,0,735759,0,19880,715879
2024-04-21,PY,Paraguay,AMRO,0,735759,0,19880,715879
2024-04-28,PY,Paraguay,AMRO,0,735759,0,19880,715879
2024-05-05,PY,Paraguay,AMRO,0,735759,0,19880,715879
2024-05-12,PY,Paraguay,AMRO,0,735759,0,19880,715879
2024-05-19,PY,Paraguay,AMRO,0,735759,0,19880,715879
2024-05-26,PY,Paraguay,AMRO,0,735759,0,19880,715879
2024-06-02,PY,Paraguay,AMRO,0,735759,0,19880,715879
2024-06-09,PY,Paraguay,AMRO,0,735759,0,19880,715879
2024-06-16,PY,Paraguay,AMRO,0,735759,0,19880,715879
2024-06-23,PY,Paraguay,AMRO,0,735759,0,19880,715879
2024-06-30,PY,Paraguay,AMRO,0,735759,0,19880,715879
2024-07-07,PY,Paraguay,AMRO,0,735759,0,19880,715879
2024-07-14,PY,Paraguay,AMRO,0,735759,0,19880,715879
2024-07-21,PY,Paraguay,AMRO,0,735759,0,19880,715879
2024-07-28,PY,Paraguay,AMRO,0,735759,0,19880,715879
2024-08-04,PY,Paraguay,AMRO,0,735759,0,19880,715879
2024-08-11,PY,Paraguay,AMRO,0,735759,0,19880,715879
2024-08-18,PY,Paraguay,AMRO,0,735759,0,19880,715879
2024-08-25,PY,Paraguay,AMRO,0,735759,0,19880,715879
2024-09-01,PY,Paraguay,AMRO,0,735759,0,19880,715879
2024-09-08,PY,Paraguay,AMRO,0,735759,0,19880,715879
2024-09-15,PY,Paraguay,AMRO,0,735759,0,19880,715879
2024-09-22,PY,Paraguay,AMRO,0,735759,0,19880,715879
2024-09-29,PY,Paraguay,AMRO,0,735759,0,19880,715879
2024-10-06,PY,Paraguay,AMRO,0,735759,0,19880,715879
2024-10-13,PY,Paraguay,AMRO,0,735759,0,19880,715879
2024-10-20,PY,Paraguay,AMRO,0,735759,0,19880,715879
2024-10-27,PY,Paraguay,AMRO,0,735759,0,19880,715879
2024-11-03,PY,Paraguay,AMRO,0,735759,0,19880,715879
2024-11-10,PY,Paraguay,AMRO,0,735759,0,19880,715879
2024-11-17,PY,Paraguay,AMRO,0,735759,0,19880,715879
2020-01-05,PE,Peru,AMRO,0,0,0,0,0
2020-01-12,PE,Peru,AMRO,0,0,0,0,0
2020-01-19,PE,Peru,AMRO,0,0,0,0,0
2020-01-26,PE,Peru,AMRO,0,0,0,0,0
2020-02-02,PE,Peru,AMRO,0,0,0,0,0
2020-02-09,PE,Peru,AMRO,0,0,0,0,0
2020-02-16,PE,Peru,AMRO,0,0,0,0,0
2020-02-23,PE,Peru,AMRO,0,0,0,0,0
2020-03-01,PE,Peru,AMRO,0,0,0,0,0
2020-03-08,PE,Peru,AMRO,9,9,1,1,8
2020-03-15,PE,Peru,AMRO,38,47,2,3,44
2020-03-22,PE,Peru,AMRO,271,318,23,26,292
2020-03-29,PE,Peru,AMRO,317,635,45,71,564
2020-04-05,PE,Peru,AMRO,960,1595,138,209,1386
2020-04-12,PE,Peru,AMRO,4302,5897,441,650,5247
2020-04-19,PE,Peru,AMRO,7592,13489,840,1490,11999
2020-04-26,PE,Peru,AMRO,8159,21648,1420,2910,18738
2020-05-03,PE,Peru,AMRO,18811,40459,2271,5181,35278
2020-05-10,PE,Peru,AMRO,21388,61847,3082,8263,53584
2020-05-17,PE,Peru,AMRO,22648,84495,3561,11824,72671
2020-05-24,PE,Peru,AMRO,27203,111698,3759,15583,96115
2020-05-31,PE,Peru,AMRO,36587,148285,3900,19483,128802
2020-06-07,PE,Peru,AMRO,39115,187400,4168,23651,163749
2020-06-14,PE,Peru,AMRO,33349,220749,4205,27856,192893
2020-06-21,PE,Peru,AMRO,27176,247925,4164,32020,215905
2020-06-28,PE,Peru,AMRO,24439,272364,3892,35912,236452
2020-07-05,PE,Peru,AMRO,23235,295599,3725,39637,255962
2020-07-12,PE,Peru,AMRO,24047,319646,3870,43507,276139
2020-07-19,PE,Peru,AMRO,25891,345537,4136,47643,297894
2020-07-26,PE,Peru,AMRO,30424,375961,4259,51902,324059
2020-08-02,PE,Peru,AMRO,38774,414735,4286,56188,358547
2020-08-09,PE,Peru,AMRO,49140,463875,4439,60627,403248
2020-08-16,PE,Peru,AMRO,52421,516296,4409,65036,451260
2020-08-23,PE,Peru,AMRO,59771,576067,4000,69036,507031
2020-08-30,PE,Peru,AMRO,53894,629961,3537,72573,557388
2020-09-06,PE,Peru,AMRO,46887,676848,2865,75438,601410
2020-09-13,PE,Peru,AMRO,39822,716670,2361,77799,638871
2020-09-20,PE,Peru,AMRO,39742,756412,1946,79745,676667
2020-09-27,PE,Peru,AMRO,38172,794584,1675,81420,713164
2020-10-04,PE,Peru,AMRO,26980,821564,1335,82755,738809
2020-10-11,PE,Peru,AMRO,21791,843355,1190,83945,759410
2020-10-18,PE,Peru,AMRO,19062,862417,1014,84959,777458
2020-10-25,PE,Peru,AMRO,20699,883116,917,85876,797240
2020-11-01,PE,Peru,AMRO,17064,900180,777,86653,813527
2020-11-08,PE,Peru,AMRO,17323,917503,761,87414,830089
2020-11-15,PE,Peru,AMRO,15147,932650,705,88119,844531
2020-11-22,PE,Peru,AMRO,13437,946087,664,88783,857304
2020-11-29,PE,Peru,AMRO,12237,958324,691,89474,868850
2020-12-06,PE,Peru,AMRO,12536,970860,669,90143,880717
2020-12-13,PE,Peru,AMRO,10083,980943,703,90846,890097
2020-12-20,PE,Peru,AMRO,12817,993760,811,91657,902103
2020-12-27,PE,Peru,AMRO,11786,1005546,866,92523,913023
2021-01-03,PE,Peru,AMRO,11653,1017199,1005,93528,923671
2021-01-10,PE,Peru,AMRO,12272,1029471,1295,94823,934648
2021-01-17,PE,Peru,AMRO,26552,1056023,1798,96621,959402
2021-01-24,PE,Peru,AMRO,32073,1088096,2654,99275,988821
2021-01-31,PE,Peru,AMRO,37779,1125875,3584,102859,1023016
2021-02-07,PE,Peru,AMRO,47170,1173045,4093,106952,1066093
2021-02-14,PE,Peru,AMRO,47703,1220748,4578,111530,1109218
2021-02-21,PE,Peru,AMRO,48775,1269523,4912,116442,1153081
2021-02-28,PE,Peru,AMRO,46840,1316363,4818,121260,1195103
2021-03-07,PE,Peru,AMRO,41931,1358294,4832,126092,1232202
2021-03-14,PE,Peru,AMRO,44316,1402610,4522,130614,1271996
2021-03-21,PE,Peru,AMRO,49035,1451645,4627,135241,1316404
2021-03-28,PE,Peru,AMRO,60739,1512384,4724,139965,1372419
2021-04-04,PE,Peru,AMRO,55961,1568345,5142,145107,1423238
2021-04-11,PE,Peru,AMRO,60174,1628519,5341,150448,1478071
2021-04-18,PE,Peru,AMRO,60532,1689051,5634,156082,1532969
2021-04-25,PE,Peru,AMRO,56604,1745655,5727,161809,1583846
2021-05-02,PE,Peru,AMRO,53790,1799445,5363,167172,1632273
2021-05-09,PE,Peru,AMRO,40020,1839465,4869,172041,1667424
2021-05-16,PE,Peru,AMRO,39584,1879049,4243,176284,1702765
2021-05-23,PE,Peru,AMRO,36517,1915566,3628,179912,1735654
2021-05-30,PE,Peru,AMRO,31989,1947555,3131,183043,1764512
2021-06-06,PE,Peru,AMRO,28611,1976166,2770,185813,1790353
2021-06-13,PE,Peru,AMRO,21890,1998056,2287,188100,1809956
2021-06-20,PE,Peru,AMRO,25123,2023179,1833,189933,1833246
2021-06-27,PE,Peru,AMRO,20083,2043262,1514,191447,1851815
2021-07-04,PE,Peru,AMRO,17082,2060344,1455,192902,1867442
2021-07-11,PE,Peru,AMRO,13842,2074186,1007,193909,1880277
2021-07-18,PE,Peru,AMRO,15989,2090175,1026,194935,1895240
2021-07-25,PE,Peru,AMRO,10964,2101139,761,195696,1905443
2021-08-01,PE,Peru,AMRO,8155,2109294,595,196291,1913003
2021-08-08,PE,Peru,AMRO,13263,2122557,527,196818,1925739
2021-08-15,PE,Peru,AMRO,8780,2131337,461,197279,1934058
2021-08-22,PE,Peru,AMRO,8725,2140062,473,197752,1942310
2021-08-29,PE,Peru,AMRO,7223,2147285,363,198115,1949170
2021-09-05,PE,Peru,AMRO,5807,2153092,305,198420,1954672
2021-09-12,PE,Peru,AMRO,6214,2159306,253,198673,1960633
2021-09-19,PE,Peru,AMRO,6227,2165533,275,198948,1966585
2021-09-26,PE,Peru,AMRO,5841,2171374,234,199182,1972192
2021-10-03,PE,Peru,AMRO,5909,2177283,241,199423,1977860
2021-10-10,PE,Peru,AMRO,5742,2183025,192,199615,1983410
2021-10-17,PE,Peru,AMRO,5326,2188351,177,199792,1988559
2021-10-24,PE,Peru,AMRO,5781,2194132,211,200003,1994129
2021-10-31,PE,Peru,AMRO,5744,2199876,194,200197,1999679
2021-11-07,PE,Peru,AMRO,5610,2205486,176,200373,2005113
2021-11-14,PE,Peru,AMRO,7028,2212514,200,200573,2011941
2021-11-21,PE,Peru,AMRO,8640,2221154,228,200801,2020353
2021-11-28,PE,Peru,AMRO,10021,2231175,225,201026,2030149
2021-12-05,PE,Peru,AMRO,11471,2242646,334,201360,2041286
2021-12-12,PE,Peru,AMRO,8381,2251027,290,201650,2049377
2021-12-19,PE,Peru,AMRO,10856,2261883,470,202120,2059763
2021-12-26,PE,Peru,AMRO,11002,2272885,334,202454,2070431
2022-01-02,PE,Peru,AMRO,23946,2296831,236,202690,2094141
2022-01-09,PE,Peru,AMRO,45719,2342550,291,202981,2139569
2022-01-16,PE,Peru,AMRO,170239,2512789,321,203302,2309487
2022-01-23,PE,Peru,AMRO,326730,2839519,692,203994,2635525
2022-01-30,PE,Peru,AMRO,321213,3160732,1118,205112,2955620
2022-02-06,PE,Peru,AMRO,170558,3331290,1534,206646,3124644
2022-02-13,PE,Peru,AMRO,93604,3424894,1319,207965,3216929
2022-02-20,PE,Peru,AMRO,56858,3481752,1145,209110,3272642
2022-02-27,PE,Peru,AMRO,26890,3508642,1119,210229,3298413
2022-03-06,PE,Peru,AMRO,15862,3524504,766,210995,3313509
2022-03-13,PE,Peru,AMRO,10183,3534687,428,211423,3323264
2022-03-20,PE,Peru,AMRO,5421,3540108,328,211751,3328357
2022-03-27,PE,Peru,AMRO,4230,3544338,299,212050,3332288
2022-04-03,PE,Peru,AMRO,3268,3547606,206,212256,3335350
2022-04-10,PE,Peru,AMRO,3185,3550791,182,212438,3338353
2022-04-17,PE,Peru,AMRO,3878,3554669,158,212596,3342073
2022-04-24,PE,Peru,AMRO,4674,3559343,128,212724,3346619
2022-05-01,PE,Peru,AMRO,5215,3564558,86,212810,3351748
2022-05-08,PE,Peru,AMRO,4468,3569026,103,212913,3356113
2022-05-15,PE,Peru,AMRO,2490,3571516,100,213013,3358503
2022-05-22,PE,Peru,AMRO,3360,3574876,73,213086,3361790
2022-05-29,PE,Peru,AMRO,3488,3578364,69,213155,3365209
2022-06-05,PE,Peru,AMRO,5039,3583403,73,213228,3370175
2022-06-12,PE,Peru,AMRO,5294,3588697,80,213308,3375389
2022-06-19,PE,Peru,AMRO,7680,3596377,66,213374,3383003
2022-06-26,PE,Peru,AMRO,14746,3611123,69,213443,3397680
2022-07-03,PE,Peru,AMRO,18673,3629796,83,213526,3416270
2022-07-10,PE,Peru,AMRO,32889,3662685,126,213652,3449033
2022-07-17,PE,Peru,AMRO,67194,3729879,117,213769,3516110
2022-07-24,PE,Peru,AMRO,86925,3816804,184,213953,3602851
2022-07-31,PE,Peru,AMRO,78692,3895496,242,214195,3681301
2022-08-07,PE,Peru,AMRO,55999,3951495,351,214546,3736949
2022-08-14,PE,Peru,AMRO,62336,4013831,344,214890,3798941
2022-08-21,PE,Peru,AMRO,47526,4061357,378,215268,3846089
2022-08-28,PE,Peru,AMRO,33295,4094652,288,215556,3879096
2022-09-04,PE,Peru,AMRO,16393,4111045,234,215790,3895255
2022-09-11,PE,Peru,AMRO,12390,4123435,255,216045,3907390
2022-09-18,PE,Peru,AMRO,7702,4131137,219,216264,3914873
2022-09-25,PE,Peru,AMRO,8992,4140129,182,216446,3923683
2022-10-02,PE,Peru,AMRO,4287,4144416,129,216575,3927841
2022-10-09,PE,Peru,AMRO,4041,4148457,152,216727,3931730
2022-10-16,PE,Peru,AMRO,1664,4150121,128,216855,3933266
2022-10-23,PE,Peru,AMRO,1898,4152019,22,216877,3935142
2022-10-30,PE,Peru,AMRO,2317,4154336,65,216942,3937394
2022-11-06,PE,Peru,AMRO,5615,4159951,120,217062,3942889
2022-11-13,PE,Peru,AMRO,9800,4169751,110,217172,3952579
2022-11-20,PE,Peru,AMRO,14440,4184191,57,217229,3966962
2022-11-27,PE,Peru,AMRO,32877,4217068,110,217339,3999729
2022-12-04,PE,Peru,AMRO,61929,4278997,102,217441,4061556
2022-12-11,PE,Peru,AMRO,71516,4350513,183,217624,4132889
2022-12-18,PE,Peru,AMRO,55330,4405843,197,217821,4188022
2022-12-25,PE,Peru,AMRO,32935,4438778,186,218007,4220771
2023-01-01,PE,Peru,AMRO,15458,4454236,194,218201,4236035
2023-01-08,PE,Peru,AMRO,12095,4466331,155,218356,4247975
2023-01-15,PE,Peru,AMRO,7490,4473821,134,218490,4255331
2023-01-22,PE,Peru,AMRO,4134,4477955,116,218606,4259349
2023-01-29,PE,Peru,AMRO,2873,4480828,123,218729,4262099
2023-02-05,PE,Peru,AMRO,1482,4482310,356,219085,4263225
2023-02-12,PE,Peru,AMRO,1133,4483443,165,219250,4264193
2023-02-19,PE,Peru,AMRO,1088,4484531,68,219318,4265213
2023-02-26,PE,Peru,AMRO,751,4485282,77,219395,4265887
2023-03-05,PE,Peru,AMRO,1383,4486665,90,219485,4267180
2023-03-12,PE,Peru,AMRO,1291,4487956,77,219562,4268394
2023-03-19,PE,Peru,AMRO,1191,4489147,75,219637,4269510
2023-03-26,PE,Peru,AMRO,1649,4490796,72,219709,4271087
2023-04-02,PE,Peru,AMRO,2095,4492891,75,219784,4273107
2023-04-09,PE,Peru,AMRO,0,4492891,82,219866,4273025
2023-04-16,PE,Peru,AMRO,4005,4496896,125,219991,4276905
2023-04-23,PE,Peru,AMRO,2459,4499355,82,220073,4279282
2023-04-30,PE,Peru,AMRO,1775,4501130,49,220122,4281008
2023-05-07,PE,Peru,AMRO,2092,4503222,74,220196,4283026
2023-05-14,PE,Peru,AMRO,1998,4505220,320,220516,4284704
2023-05-21,PE,Peru,AMRO,0,4505220,0,220516,4284704
2023-05-28,PE,Peru,AMRO,0,4505220,0,220516,4284704
2023-06-04,PE,Peru,AMRO,0,4505220,0,220516,4284704
2023-06-11,PE,Peru,AMRO,0,4505220,0,220516,4284704
2023-06-18,PE,Peru,AMRO,0,4505220,0,220516,4284704
2023-06-25,PE,Peru,AMRO,0,4505220,0,220516,4284704
2023-07-02,PE,Peru,AMRO,0,4505220,0,220516,4284704
2023-07-09,PE,Peru,AMRO,0,4505220,0,220516,4284704
2023-07-16,PE,Peru,AMRO,0,4505220,0,220516,4284704
2023-07-23,PE,Peru,AMRO,0,4505220,0,220516,4284704
2023-07-30,PE,Peru,AMRO,0,4505220,0,220516,4284704
2023-08-06,PE,Peru,AMRO,0,4505220,0,220516,4284704
2023-08-13,PE,Peru,AMRO,0,4505220,0,220516,4284704
2023-08-20,PE,Peru,AMRO,0,4505220,0,220516,4284704
2023-08-27,PE,Peru,AMRO,0,4505220,0,220516,4284704
2023-09-03,PE,Peru,AMRO,0,4505220,0,220516,4284704
2023-09-10,PE,Peru,AMRO,0,4505220,0,220516,4284704
2023-09-17,PE,Peru,AMRO,0,4505220,0,220516,4284704
2023-09-24,PE,Peru,AMRO,0,4505220,0,220516,4284704
2023-10-01,PE,Peru,AMRO,0,4505220,0,220516,4284704
2023-10-08,PE,Peru,AMRO,0,4505220,0,220516,4284704
2023-10-15,PE,Peru,AMRO,0,4505220,0,220516,4284704
2023-10-22,PE,Peru,AMRO,0,4505220,0,220516,4284704
2023-10-29,PE,Peru,AMRO,0,4505220,0,220516,4284704
2023-11-05,PE,Peru,AMRO,0,4505220,0,220516,4284704
2023-11-12,PE,Peru,AMRO,0,4505220,0,220516,4284704
2023-11-19,PE,Peru,AMRO,0,4505220,0,220516,4284704
2023-11-26,PE,Peru,AMRO,0,4505220,0,220516,4284704
2023-12-03,PE,Peru,AMRO,0,4505220,0,220516,4284704
2023-12-10,PE,Peru,AMRO,0,4505220,0,220516,4284704
2023-12-17,PE,Peru,AMRO,0,4505220,0,220516,4284704
2023-12-24,PE,Peru,AMRO,0,4505220,0,220516,4284704
2023-12-31,PE,Peru,AMRO,0,4505220,0,220516,4284704
2024-01-07,PE,Peru,AMRO,9150,4514370,73,220589,4293781
2024-01-14,PE,Peru,AMRO,4662,4519032,99,220688,4298344
2024-01-21,PE,Peru,AMRO,2404,4521436,68,220756,4300680
2024-01-28,PE,Peru,AMRO,2167,4523603,61,220817,4302786
2024-02-04,PE,Peru,AMRO,649,4524252,36,220853,4303399
2024-02-11,PE,Peru,AMRO,445,4524697,32,220885,4303812
2024-02-18,PE,Peru,AMRO,344,4525041,19,220904,4304137
2024-02-25,PE,Peru,AMRO,290,4525331,16,220920,4304411
2024-03-03,PE,Peru,AMRO,267,4525598,5,220925,4304673
2024-03-10,PE,Peru,AMRO,201,4525799,9,220934,4304865
2024-03-17,PE,Peru,AMRO,156,4525955,9,220943,4305012
2024-03-24,PE,Peru,AMRO,108,4526063,6,220949,4305114
2024-03-31,PE,Peru,AMRO,88,4526151,4,220953,4305198
2024-04-07,PE,Peru,AMRO,101,4526252,3,220956,4305296
2024-04-14,PE,Peru,AMRO,95,4526347,3,220959,4305388
2024-04-21,PE,Peru,AMRO,49,4526396,2,220961,4305435
2024-04-28,PE,Peru,AMRO,24,4526420,2,220963,4305457
2024-05-05,PE,Peru,AMRO,79,4526499,3,220966,4305533
2024-05-12,PE,Peru,AMRO,45,4526544,1,220967,4305577
2024-05-19,PE,Peru,AMRO,46,4526590,2,220969,4305621
2024-05-26,PE,Peru,AMRO,54,4526644,2,220971,4305673
2024-06-02,PE,Peru,AMRO,68,4526712,1,220972,4305740
2024-06-09,PE,Peru,AMRO,69,4526781,2,220974,4305807
2024-06-16,PE,Peru,AMRO,107,4526888,1,220975,4305913
2024-06-23,PE,Peru,AMRO,73,4526961,0,220975,4305986
2024-06-30,PE,Peru,AMRO,16,4526977,0,220975,4306002
2024-07-07,PE,Peru,AMRO,0,4526977,0,220975,4306002
2024-07-14,PE,Peru,AMRO,0,4526977,0,220975,4306002
2024-07-21,PE,Peru,AMRO,0,4526977,0,220975,4306002
2024-07-28,PE,Peru,AMRO,0,4526977,0,220975,4306002
2024-08-04,PE,Peru,AMRO,0,4526977,0,220975,4306002
2024-08-11,PE,Peru,AMRO,0,4526977,0,220975,4306002
2024-08-18,PE,Peru,AMRO,0,4526977,0,220975,4306002
2024-08-25,PE,Peru,AMRO,0,4526977,0,220975,4306002
2024-09-01,PE,Peru,AMRO,0,4526977,0,220975,4306002
2024-09-08,PE,Peru,AMRO,0,4526977,0,220975,4306002
2024-09-15,PE,Peru,AMRO,0,4526977,0,220975,4306002
2024-09-22,PE,Peru,AMRO,0,4526977,0,220975,4306002
2024-09-29,PE,Peru,AMRO,0,4526977,0,220975,4306002
2024-10-06,PE,Peru,AMRO,0,4526977,0,220975,4306002
2024-10-13,PE,Peru,AMRO,0,4526977,0,220975,4306002
2024-10-20,PE,Peru,AMRO,0,4526977,0,220975,4306002
2024-10-27,PE,Peru,AMRO,0,4526977,0,220975,4306002
2024-11-03,PE,Peru,AMRO,0,4526977,0,220975,4306002
2024-11-10,PE,Peru,AMRO,0,4526977,0,220975,4306002
2024-11-17,PE,Peru,AMRO,0,4526977,0,220975,4306002
2020-01-05,PH,Philippines,WPRO,0,0,0,0,0
2020-01-12,PH,Philippines,WPRO,0,0,0,0,0
2020-01-19,PH,Philippines,WPRO,0,0,0,0,0
2020-01-26,PH,Philippines,WPRO,0,0,0,0,0
2020-02-02,PH,Philippines,WPRO,1,1,1,1,0
2020-02-09,PH,Philippines,WPRO,2,3,0,1,2
2020-02-16,PH,Philippines,WPRO,0,3,0,1,2
2020-02-23,PH,Philippines,WPRO,0,3,0,1,2
2020-03-01,PH,Philippines,WPRO,0,3,0,1,2
2020-03-08,PH,Philippines,WPRO,3,6,0,1,5
2020-03-15,PH,Philippines,WPRO,105,111,10,11,100
2020-03-22,PH,Philippines,WPRO,196,307,14,25,282
2020-03-29,PH,Philippines,WPRO,768,1075,43,68,1007
2020-04-05,PH,Philippines,WPRO,2019,3094,76,144,2950
2020-04-12,PH,Philippines,WPRO,1334,4428,103,247,4181
2020-04-19,PH,Philippines,WPRO,1659,6087,150,397,5690
2020-04-26,PH,Philippines,WPRO,1207,7294,97,494,6800
2020-05-03,PH,Philippines,WPRO,1634,8928,109,603,8325
2020-05-10,PH,Philippines,WPRO,1682,10610,101,704,9906
2020-05-17,PH,Philippines,WPRO,1695,12305,113,817,11488
2020-05-24,PH,Philippines,WPRO,1472,13777,46,863,12914
2020-05-31,PH,Philippines,WPRO,3447,17224,87,950,16274
2020-06-07,PH,Philippines,WPRO,4116,21340,44,994,20346
2020-06-14,PH,Philippines,WPRO,4051,25391,81,1075,24316
2020-06-21,PH,Philippines,WPRO,4008,29399,75,1150,28249
2020-06-28,PH,Philippines,WPRO,5403,34802,86,1236,33566
2020-07-05,PH,Philippines,WPRO,7028,41830,54,1290,40540
2020-07-12,PH,Philippines,WPRO,12305,54135,82,1372,52763
2020-07-19,PH,Philippines,WPRO,11080,65215,401,1773,63442
2020-07-26,PH,Philippines,WPRO,13123,78338,124,1897,76441
2020-08-02,PH,Philippines,WPRO,19815,98153,142,2039,96114
2020-08-09,PH,Philippines,WPRO,28651,126804,170,2209,124595
2020-08-16,PH,Philippines,WPRO,31114,157918,391,2600,155318
2020-08-23,PH,Philippines,WPRO,29305,187223,366,2966,184257
2020-08-30,PH,Philippines,WPRO,25889,213112,453,3419,209693
2020-09-06,PH,Philippines,WPRO,21414,234526,371,3790,230736
2020-09-13,PH,Philippines,WPRO,23337,257863,502,4292,253571
2020-09-20,PH,Philippines,WPRO,25568,283431,638,4930,278501
2020-09-27,PH,Philippines,WPRO,17800,301231,354,5284,295947
2020-10-04,PH,Philippines,WPRO,18076,319307,394,5678,313629
2020-10-11,PH,Philippines,WPRO,17532,336839,560,6238,330601
2020-10-18,PH,Philippines,WPRO,17414,354253,365,6603,347650
2020-10-25,PH,Philippines,WPRO,13552,367805,331,6934,360871
2020-11-01,PH,Philippines,WPRO,12912,380717,287,7221,373496
2020-11-08,PH,Philippines,WPRO,13236,393953,264,7485,386468
2020-11-15,PH,Philippines,WPRO,12355,406308,306,7791,398517
2020-11-22,PH,Philippines,WPRO,10542,416850,289,8080,408770
2020-11-29,PH,Philippines,WPRO,10940,427790,253,8333,419457
2020-12-06,PH,Philippines,WPRO,10276,438066,193,8526,429540
2020-12-13,PH,Philippines,WPRO,10265,448331,204,8730,439601
2020-12-20,PH,Philippines,WPRO,9704,458035,181,8911,449124
2020-12-27,PH,Philippines,WPRO,10968,469003,156,9067,459936
2021-01-03,PH,Philippines,WPRO,8799,477802,186,9253,468549
2021-01-10,PH,Philippines,WPRO,9882,487684,145,9398,478286
2021-01-17,PH,Philippines,WPRO,12889,500573,486,9884,490689
2021-01-24,PH,Philippines,WPRO,13046,513619,306,10190,503429
2021-01-31,PH,Philippines,WPRO,11995,525614,479,10669,514945
2021-02-07,PH,Philippines,WPRO,11691,537305,441,11110,526195
2021-02-14,PH,Philippines,WPRO,11870,549175,397,11507,537668
2021-02-21,PH,Philippines,WPRO,11993,561168,561,12068,549100
2021-02-28,PH,Philippines,WPRO,15176,576344,221,12289,564055
2021-03-07,PH,Philippines,WPRO,18063,594407,176,12465,581942
2021-03-14,PH,Philippines,WPRO,27082,621489,301,12766,608723
2021-03-21,PH,Philippines,WPRO,42284,663773,164,12930,650843
2021-03-28,PH,Philippines,WPRO,58105,721878,229,13159,708719
2021-04-04,PH,Philippines,WPRO,73165,795043,264,13423,781620
2021-04-11,PH,Philippines,WPRO,69804,864847,1321,14744,850103
2021-04-18,PH,Philippines,WPRO,71270,936117,1066,15810,920307
2021-04-25,PH,Philippines,WPRO,61382,997499,864,16674,980825
2021-05-02,PH,Philippines,WPRO,57471,1054970,757,17431,1037539
2021-05-09,PH,Philippines,WPRO,47010,1101980,1041,18472,1083508
2021-05-16,PH,Philippines,WPRO,41966,1143946,719,19191,1124755
2021-05-23,PH,Philippines,WPRO,35845,1179791,760,19951,1159840
2021-05-30,PH,Philippines,WPRO,43826,1223617,909,20860,1202757
2021-06-06,PH,Philippines,WPRO,45848,1269465,1038,21898,1247567
2021-06-13,PH,Philippines,WPRO,46162,1315627,890,22788,1292839
2021-06-20,PH,Philippines,WPRO,43363,1358990,833,23621,1335369
2021-06-27,PH,Philippines,WPRO,38994,1397984,751,24372,1373612
2021-07-04,PH,Philippines,WPRO,38370,1436354,777,25149,1411205
2021-07-11,PH,Philippines,WPRO,36509,1472863,766,25915,1446948
2021-07-18,PH,Philippines,WPRO,34882,1507745,799,26714,1481031
2021-07-25,PH,Philippines,WPRO,40987,1548732,510,27224,1521508
2021-08-01,PH,Philippines,WPRO,48863,1597595,792,28016,1569579
2021-08-08,PH,Philippines,WPRO,61219,1658814,1106,29122,1629692
2021-08-15,PH,Philippines,WPRO,82422,1741236,1218,30340,1710896
2021-08-22,PH,Philippines,WPRO,98078,1839314,1470,31810,1807504
2021-08-29,PH,Philippines,WPRO,114522,1953836,1299,33109,1920727
2021-09-05,PH,Philippines,WPRO,127080,2080916,1125,34234,2046682
2021-09-12,PH,Philippines,WPRO,146410,2227326,911,35145,2192181
2021-09-19,PH,Philippines,WPRO,139353,2366679,1643,36788,2329891
2021-09-26,PH,Philippines,WPRO,124120,2490799,617,37405,2453394
2021-10-03,PH,Philippines,WPRO,102493,2593292,1363,38768,2554524
2021-10-10,PH,Philippines,WPRO,73230,2666522,856,39624,2626898
2021-10-17,PH,Philippines,WPRO,53821,2720343,1051,40675,2679668
2021-10-24,PH,Philippines,WPRO,36559,2756902,1118,41793,2715109
2021-10-31,PH,Philippines,WPRO,30356,2787258,1379,43172,2744086
2021-11-07,PH,Philippines,WPRO,15949,2803207,1258,44430,2758777
2021-11-14,PH,Philippines,WPRO,13757,2816964,1151,45581,2771383
2021-11-21,PH,Philippines,WPRO,8905,2825869,1493,47074,2778795
2021-11-28,PH,Philippines,WPRO,5841,2831710,1287,48361,2783349
2021-12-05,PH,Philippines,WPRO,2901,2834611,1025,49386,2785225
2021-12-12,PH,Philippines,WPRO,1832,2836443,894,50280,2786163
2021-12-19,PH,Philippines,WPRO,1019,2837462,459,50739,2786723
2021-12-26,PH,Philippines,WPRO,1012,2838474,461,51200,2787274
2022-01-02,PH,Philippines,WPRO,13261,2851735,370,51570,2800165
2022-01-09,PH,Philippines,WPRO,113626,2965361,580,52150,2913211
2022-01-16,PH,Philippines,WPRO,239943,3205304,757,52907,3152397
2022-01-23,PH,Philippines,WPRO,211814,3417118,565,53472,3363646
2022-01-30,PH,Philippines,WPRO,128538,3545656,419,53891,3491765
2022-02-06,PH,Philippines,WPRO,63896,3609552,635,54526,3555026
2022-02-13,PH,Philippines,WPRO,27660,3637212,404,54930,3582282
2022-02-20,PH,Philippines,WPRO,14887,3652099,754,55684,3596415
2022-02-27,PH,Philippines,WPRO,8947,3661046,717,56401,3604645
2022-03-06,PH,Philippines,WPRO,6489,3667535,622,57023,3610512
2022-03-13,PH,Philippines,WPRO,3204,3670739,587,57610,3613129
2022-03-20,PH,Philippines,WPRO,3540,3674279,653,58263,3616016
2022-03-27,PH,Philippines,WPRO,2710,3676989,752,59015,3617974
2022-04-03,PH,Philippines,WPRO,2186,3679175,328,59343,3619832
2022-04-10,PH,Philippines,WPRO,1871,3681046,426,59769,3621277
2022-04-17,PH,Philippines,WPRO,1647,3682693,200,59969,3622724
2022-04-24,PH,Philippines,WPRO,1437,3684130,213,60182,3623948
2022-05-01,PH,Philippines,WPRO,1377,3685507,215,60397,3625110
2022-05-08,PH,Philippines,WPRO,1117,3686624,42,60439,3626185
2022-05-15,PH,Philippines,WPRO,1105,3687729,13,60452,3627277
2022-05-22,PH,Philippines,WPRO,1212,3688941,3,60455,3628486
2022-05-29,PH,Philippines,WPRO,1313,3690254,0,60455,3629799
2022-06-05,PH,Philippines,WPRO,1291,3691545,1,60456,3631089
2022-06-12,PH,Philippines,WPRO,1677,3693222,5,60461,3632761
2022-06-19,PH,Philippines,WPRO,3042,3696264,6,60467,3635797
2022-06-26,PH,Philippines,WPRO,4612,3700876,51,60518,3640358
2022-07-03,PH,Philippines,WPRO,6072,3706948,84,60602,3646346
2022-07-10,PH,Philippines,WPRO,9501,3716449,38,60640,3655809
2022-07-17,PH,Philippines,WPRO,14092,3730541,1,60641,3669900
2022-07-24,PH,Philippines,WPRO,18336,3748877,53,60694,3688183
2022-07-31,PH,Philippines,WPRO,23591,3772468,43,60737,3711731
2022-08-07,PH,Philippines,WPRO,26866,3799334,100,60837,3738497
2022-08-14,PH,Philippines,WPRO,28425,3827759,241,61078,3766681
2022-08-21,PH,Philippines,WPRO,24402,3852161,308,61386,3790775
2022-08-28,PH,Philippines,WPRO,20162,3872323,334,61720,3810603
2022-09-04,PH,Philippines,WPRO,16774,3889097,342,62062,3827035
2022-09-11,PH,Philippines,WPRO,17160,3906257,280,62342,3843915
2022-09-18,PH,Philippines,WPRO,12069,3918326,245,62587,3855739
2022-09-25,PH,Philippines,WPRO,16357,3934683,232,62819,3871864
2022-10-02,PH,Philippines,WPRO,17086,3951769,223,63042,3888727
2022-10-09,PH,Philippines,WPRO,13995,3965764,255,63297,3902467
2022-10-16,PH,Philippines,WPRO,14880,3980644,250,63547,3917097
2022-10-23,PH,Philippines,WPRO,12405,3993049,267,63814,3929235
2022-10-30,PH,Philippines,WPRO,9040,4002089,260,64074,3938015
2022-11-06,PH,Philippines,WPRO,6367,4008456,217,64291,3944165
2022-11-13,PH,Philippines,WPRO,7939,4016395,114,64405,3951990
2022-11-20,PH,Philippines,WPRO,8459,4024854,80,64485,3960369
2022-11-27,PH,Philippines,WPRO,7502,4032356,123,64608,3967748
2022-12-04,PH,Philippines,WPRO,7494,4039850,142,64750,3975100
2022-12-11,PH,Philippines,WPRO,8058,4047908,152,64902,3983006
2022-12-18,PH,Philippines,WPRO,7358,4055266,192,65094,3990172
2022-12-25,PH,Philippines,WPRO,4103,4059369,168,65262,3994107
2023-01-01,PH,Philippines,WPRO,3290,4062659,153,65415,3997244
2023-01-08,PH,Philippines,WPRO,4552,4067211,36,65451,4001760
2023-01-15,PH,Philippines,WPRO,2797,4070008,0,65451,4004557
2023-01-22,PH,Philippines,WPRO,1556,4071564,0,65451,4006113
2023-01-29,PH,Philippines,WPRO,1181,4072745,0,65451,4007294
2023-02-05,PH,Philippines,WPRO,1045,4073790,400,65851,4007939
2023-02-12,PH,Philippines,WPRO,678,4074468,98,65949,4008519
2023-02-19,PH,Philippines,WPRO,914,4075382,72,66021,4009361
2023-02-26,PH,Philippines,WPRO,738,4076120,76,66097,4010023
2023-03-05,PH,Philippines,WPRO,738,4076858,56,66153,4010705
2023-03-12,PH,Philippines,WPRO,890,4077748,57,66210,4011538
2023-03-19,PH,Philippines,WPRO,1061,4078809,62,66272,4012537
2023-03-26,PH,Philippines,WPRO,1163,4079972,60,66332,4013640
2023-04-02,PH,Philippines,WPRO,1541,4081513,58,66390,4015123
2023-04-09,PH,Philippines,WPRO,1988,4083501,30,66420,4017081
2023-04-16,PH,Philippines,WPRO,2025,4085526,19,66439,4019087
2023-04-23,PH,Philippines,WPRO,2438,4087964,5,66444,4021520
2023-04-30,PH,Philippines,WPRO,3890,4091854,0,66444,4025410
2023-05-07,PH,Philippines,WPRO,9014,4100868,9,66453,4034415
2023-05-14,PH,Philippines,WPRO,12225,4113093,0,66453,4046640
2023-05-21,PH,Philippines,WPRO,12623,4125716,13,66466,4059250
2023-05-28,PH,Philippines,WPRO,11724,4137440,0,66466,4070974
2023-06-04,PH,Philippines,WPRO,9689,4147129,10,66476,4080653
2023-06-11,PH,Philippines,WPRO,7061,4154190,5,66481,4087709
2023-06-18,PH,Philippines,WPRO,4394,4158584,1,66482,4092102
2023-06-25,PH,Philippines,WPRO,3647,4162231,0,66482,4095749
2023-07-02,PH,Philippines,WPRO,2845,4165076,2,66484,4098592
2023-07-09,PH,Philippines,WPRO,423,4165499,0,66484,4099015
2023-07-16,PH,Philippines,WPRO,2510,4168009,0,66484,4101525
2023-07-23,PH,Philippines,WPRO,1938,4169947,26,66510,4103437
2023-07-30,PH,Philippines,WPRO,1671,4171618,32,66542,4105076
2023-08-06,PH,Philippines,WPRO,1859,4173477,84,66626,4106851
2023-08-13,PH,Philippines,WPRO,154,4173631,20,66646,4106985
2023-08-20,PH,Philippines,WPRO,0,4108552,0,66646,4041906
2023-08-27,PH,Philippines,WPRO,342,4108894,10,66656,4042238
2023-09-03,PH,Philippines,WPRO,1311,4110205,5,66661,4043544
2023-09-10,PH,Philippines,WPRO,138,4110343,6,66667,4043676
2023-09-17,PH,Philippines,WPRO,988,4111331,14,66681,4044650
2023-09-24,PH,Philippines,WPRO,962,4112293,4,66685,4045608
2023-10-01,PH,Philippines,WPRO,1141,4113434,11,66696,4046738
2023-10-08,PH,Philippines,WPRO,1246,4114680,0,66696,4047984
2023-10-15,PH,Philippines,WPRO,1034,4115714,6,66702,4049012
2023-10-22,PH,Philippines,WPRO,1469,4117183,12,66714,4050469
2023-10-29,PH,Philippines,WPRO,1198,4118381,0,66714,4051667
2023-11-05,PH,Philippines,WPRO,1097,4119478,22,66736,4052742
2023-11-12,PH,Philippines,WPRO,933,4120411,0,66736,4053675
2023-11-19,PH,Philippines,WPRO,914,4121325,10,66746,4054579
2023-11-26,PH,Philippines,WPRO,1333,4122658,0,66746,4055912
2023-12-03,PH,Philippines,WPRO,1262,4123920,9,66755,4057165
2023-12-10,PH,Philippines,WPRO,1163,4125083,11,66766,4058317
2023-12-17,PH,Philippines,WPRO,1377,4126460,13,66779,4059681
2023-12-24,PH,Philippines,WPRO,2501,4128961,0,66779,4062182
2023-12-31,PH,Philippines,WPRO,3239,4132200,16,66795,4065405
2024-01-07,PH,Philippines,WPRO,3145,4135345,18,66813,4068532
2024-01-14,PH,Philippines,WPRO,3219,4138564,43,66856,4071708
2024-01-21,PH,Philippines,WPRO,1819,4140383,8,66864,4073519
2024-01-28,PH,Philippines,WPRO,0,4140383,0,66864,4073519
2024-02-04,PH,Philippines,WPRO,0,4140383,0,66864,4073519
2024-02-11,PH,Philippines,WPRO,0,4140383,0,66864,4073519
2024-02-18,PH,Philippines,WPRO,0,4140383,0,66864,4073519
2024-02-25,PH,Philippines,WPRO,0,4140383,0,66864,4073519
2024-03-03,PH,Philippines,WPRO,0,4140383,0,66864,4073519
2024-03-10,PH,Philippines,WPRO,0,4140383,0,66864,4073519
2024-03-17,PH,Philippines,WPRO,0,4140383,0,66864,4073519
2024-03-24,PH,Philippines,WPRO,0,4140383,0,66864,4073519
2024-03-31,PH,Philippines,WPRO,0,4140383,0,66864,4073519
2024-04-07,PH,Philippines,WPRO,0,4140383,0,66864,4073519
2024-04-14,PH,Philippines,WPRO,0,4140383,0,66864,4073519
2024-04-21,PH,Philippines,WPRO,0,4140383,0,66864,4073519
2024-04-28,PH,Philippines,WPRO,0,4140383,0,66864,4073519
2024-05-05,PH,Philippines,WPRO,0,4140383,0,66864,4073519
2024-05-12,PH,Philippines,WPRO,0,4140383,0,66864,4073519
2024-05-19,PH,Philippines,WPRO,0,4140383,0,66864,4073519
2024-05-26,PH,Philippines,WPRO,0,4140383,0,66864,4073519
2024-06-02,PH,Philippines,WPRO,0,4140383,0,66864,4073519
2024-06-09,PH,Philippines,WPRO,0,4140383,0,66864,4073519
2024-06-16,PH,Philippines,WPRO,0,4140383,0,66864,4073519
2024-06-23,PH,Philippines,WPRO,0,4140383,0,66864,4073519
2024-06-30,PH,Philippines,WPRO,0,4140383,0,66864,4073519
2024-07-07,PH,Philippines,WPRO,0,4140383,0,66864,4073519
2024-07-14,PH,Philippines,WPRO,0,4140383,0,66864,4073519
2024-07-21,PH,Philippines,WPRO,0,4140383,0,66864,4073519
2024-07-28,PH,Philippines,WPRO,0,4140383,0,66864,4073519
2024-08-04,PH,Philippines,WPRO,0,4140383,0,66864,4073519
2024-08-11,PH,Philippines,WPRO,0,4140383,0,66864,4073519
2024-08-18,PH,Philippines,WPRO,0,4140383,0,66864,4073519
2024-08-25,PH,Philippines,WPRO,0,4140383,0,66864,4073519
2024-09-01,PH,Philippines,WPRO,0,4140383,0,66864,4073519
2024-09-08,PH,Philippines,WPRO,0,4140383,0,66864,4073519
2024-09-15,PH,Philippines,WPRO,0,4140383,0,66864,4073519
2024-09-22,PH,Philippines,WPRO,0,4140383,0,66864,4073519
2024-09-29,PH,Philippines,WPRO,0,4140383,0,66864,4073519
2024-10-06,PH,Philippines,WPRO,0,4140383,0,66864,4073519
2024-10-13,PH,Philippines,WPRO,0,4140383,0,66864,4073519
2024-10-20,PH,Philippines,WPRO,0,4140383,0,66864,4073519
2024-10-27,PH,Philippines,WPRO,0,4140383,0,66864,4073519
2024-11-03,PH,Philippines,WPRO,0,4140383,0,66864,4073519
2024-11-10,PH,Philippines,WPRO,0,4140383,0,66864,4073519
2024-11-17,PH,Philippines,WPRO,0,4140383,0,66864,4073519
2020-01-05,PL,Poland,EURO,0,0,0,0,0
2020-01-12,PL,Poland,EURO,0,0,0,0,0
2020-01-19,PL,Poland,EURO,0,0,0,0,0
2020-01-26,PL,Poland,EURO,0,0,0,0,0
2020-02-02,PL,Poland,EURO,0,0,0,0,0
2020-02-09,PL,Poland,EURO,0,0,0,0,0
2020-02-16,PL,Poland,EURO,0,0,0,0,0
2020-02-23,PL,Poland,EURO,0,0,0,0,0
2020-03-01,PL,Poland,EURO,0,0,0,0,0
2020-03-08,PL,Poland,EURO,6,6,0,0,6
2020-03-15,PL,Poland,EURO,97,103,3,3,100
2020-03-22,PL,Poland,EURO,431,534,2,5,529
2020-03-29,PL,Poland,EURO,1104,1638,13,18,1620
2020-04-05,PL,Poland,EURO,1989,3627,61,79,3548
2020-04-12,PL,Poland,EURO,2728,6355,129,208,6147
2020-04-19,PL,Poland,EURO,2387,8742,137,345,8397
2020-04-26,PL,Poland,EURO,2531,11273,176,521,10752
2020-05-03,PL,Poland,EURO,2102,13375,140,661,12714
2020-05-10,PL,Poland,EURO,2276,15651,122,783,14868
2020-05-17,PL,Poland,EURO,2606,18257,131,914,17343
2020-05-24,PL,Poland,EURO,2674,20931,78,992,19939
2020-05-31,PL,Poland,EURO,2640,23571,68,1060,22511
2020-06-07,PL,Poland,EURO,2415,25986,90,1150,24836
2020-06-14,PL,Poland,EURO,3031,29017,86,1236,27781
2020-06-21,PL,Poland,EURO,2603,31620,109,1345,30275
2020-06-28,PL,Poland,EURO,2094,33714,89,1434,32280
2020-07-05,PL,Poland,EURO,2005,35719,77,1511,34208
2020-07-12,PL,Poland,EURO,1802,37521,57,1568,35953
2020-07-19,PL,Poland,EURO,2225,39746,49,1617,38129
2020-07-26,PL,Poland,EURO,2876,42622,47,1664,40958
2020-08-02,PL,Poland,EURO,3724,46346,57,1721,44625
2020-08-09,PL,Poland,EURO,4821,51167,79,1800,49367
2020-08-16,PL,Poland,EURO,4923,56090,69,1869,54221
2020-08-23,PL,Poland,EURO,5091,61181,82,1951,59230
2020-08-30,PL,Poland,EURO,5058,66239,81,2032,64207
2020-09-06,PL,Poland,EURO,4148,70387,81,2113,68274
2020-09-13,PL,Poland,EURO,3263,73650,68,2181,71469
2020-09-20,PL,Poland,EURO,4680,78330,100,2281,76049
2020-09-27,PL,Poland,EURO,7650,85980,142,2423,83557
2020-10-04,PL,Poland,EURO,12160,98140,180,2603,95537
2020-10-11,PL,Poland,EURO,23498,121638,369,2972,118666
2020-10-18,PL,Poland,EURO,45592,167230,553,3525,163705
2020-10-25,PL,Poland,EURO,74716,241946,790,4315,237631
2020-11-01,PL,Poland,EURO,124785,366731,1316,5631,361100
2020-11-08,PL,Poland,EURO,172909,539640,2005,7636,532004
2020-11-15,PL,Poland,EURO,183478,723118,2409,10045,713073
2020-11-22,PL,Poland,EURO,160188,883306,3243,13288,870018
2020-11-29,PL,Poland,EURO,103928,987234,3773,17061,970173
2020-12-06,PL,Poland,EURO,78343,1065577,3060,20121,1045456
2020-12-13,PL,Poland,EURO,72231,1137808,2775,22896,1114912
2020-12-20,PL,Poland,EURO,67012,1204820,2533,25429,1179391
2020-12-27,PL,Poland,EURO,55103,1259923,1778,27207,1232716
2021-01-03,PL,Poland,EURO,61169,1321092,1998,29205,1291887
2021-01-10,PL,Poland,EURO,67009,1388101,2069,31274,1356827
2021-01-17,PL,Poland,EURO,49942,1438043,2160,33434,1404609
2021-01-24,PL,Poland,EURO,39822,1477865,2007,35441,1442424
2021-01-31,PL,Poland,EURO,37682,1515547,1817,37258,1478289
2021-02-07,PL,Poland,EURO,36873,1552420,1904,39162,1513258
2021-02-14,PL,Poland,EURO,38697,1591117,1717,40879,1550238
2021-02-21,PL,Poland,EURO,49813,1640930,1362,42241,1598689
2021-02-28,PL,Poland,EURO,68226,1709156,1598,43839,1665317
2021-03-07,PL,Poland,EURO,87931,1797087,1472,45311,1751776
2021-03-14,PL,Poland,EURO,111512,1908599,1891,47202,1861397
2021-03-21,PL,Poland,EURO,151874,2060473,2117,49319,2011154
2021-03-28,PL,Poland,EURO,191601,2252074,2578,51897,2200177
2021-04-04,PL,Poland,EURO,187526,2439600,3055,54952,2384648
2021-04-11,PL,Poland,EURO,135990,2575590,3478,58430,2517160
2021-04-18,PL,Poland,EURO,113416,2689006,3608,62038,2626968
2021-04-25,PL,Poland,EURO,70799,2759805,3381,65419,2694386
2021-05-02,PL,Poland,EURO,44359,2804164,2655,68074,2736090
2021-05-09,PL,Poland,EURO,29812,2833976,1945,70019,2763957
2021-05-16,PL,Poland,EURO,21466,2855442,1668,71687,2783755
2021-05-23,PL,Poland,EURO,11543,2866985,1263,72950,2794035
2021-05-30,PL,Poland,EURO,6356,2873341,810,73760,2799581
2021-06-06,PL,Poland,EURO,3203,2876544,414,74174,2802370
2021-06-13,PL,Poland,EURO,2211,2878755,421,74595,2804160
2021-06-20,PL,Poland,EURO,1305,2880060,255,74850,2805210
2021-06-27,PL,Poland,EURO,877,2880937,151,75001,2805936
2021-07-04,PL,Poland,EURO,634,2881571,105,75106,2806465
2021-07-11,PL,Poland,EURO,558,2882129,72,75178,2806951
2021-07-18,PL,Poland,EURO,607,2882736,55,75233,2807503
2021-07-25,PL,Poland,EURO,733,2883469,27,75260,2808209
2021-08-01,PL,Poland,EURO,882,2884351,19,75279,2809072
2021-08-08,PL,Poland,EURO,1070,2885421,24,75303,2810118
2021-08-15,PL,Poland,EURO,1240,2886661,14,75317,2811344
2021-08-22,PL,Poland,EURO,1373,2888034,17,75334,2812700
2021-08-29,PL,Poland,EURO,1577,2889611,24,75358,2814253
2021-09-05,PL,Poland,EURO,2254,2891865,37,75395,2816470
2021-09-12,PL,Poland,EURO,3166,2895031,46,75441,2819590
2021-09-19,PL,Poland,EURO,4284,2899315,62,75503,2823812
2021-09-26,PL,Poland,EURO,5303,2904618,84,75587,2829031
2021-10-03,PL,Poland,EURO,7634,2912252,123,75710,2836542
2021-10-10,PL,Poland,EURO,11535,2923787,173,75883,2847904
2021-10-17,PL,Poland,EURO,17191,2940978,243,76126,2864852
2021-10-24,PL,Poland,EURO,33327,2974305,335,76461,2897844
2021-10-31,PL,Poland,EURO,52284,3026589,553,77014,2949575
2021-11-07,PL,Poland,EURO,78939,3105528,758,77772,3027756
2021-11-14,PL,Poland,EURO,100283,3205811,1109,78881,3126930
2021-11-21,PL,Poland,EURO,140762,3346573,1953,80834,3265739
2021-11-28,PL,Poland,EURO,162271,3508844,2213,83047,3425797
2021-12-05,PL,Poland,EURO,163539,3672383,2633,85680,3586703
2021-12-12,PL,Poland,EURO,156823,3829206,2805,88485,3740721
2021-12-19,PL,Poland,EURO,130602,3959808,3006,91491,3868317
2021-12-26,PL,Poland,EURO,91024,4050832,2839,94330,3956502
2022-01-02,PL,Poland,EURO,77580,4128412,3266,97596,4030816
2022-01-09,PL,Poland,EURO,85772,4214184,2151,99747,4114437
2022-01-16,PL,Poland,EURO,99852,4314036,2564,102311,4211725
2022-01-23,PL,Poland,EURO,205147,4519183,1537,103848,4415335
2022-01-30,PL,Poland,EURO,334382,4853565,1317,105165,4748400
2022-02-06,PL,Poland,EURO,311108,5164673,1434,106599,5058074
2022-02-13,PL,Poland,EURO,236085,5400758,1522,108121,5292637
2022-02-20,PL,Poland,EURO,152407,5553165,1695,109816,5443349
2022-02-27,PL,Poland,EURO,106705,5659870,1501,111317,5548553
2022-03-06,PL,Poland,EURO,81270,5741140,1228,112545,5628595
2022-03-13,PL,Poland,EURO,76923,5818063,899,113444,5704619
2022-03-20,PL,Poland,EURO,72482,5890545,775,114219,5776326
2022-03-27,PL,Poland,EURO,52113,5942658,608,114827,5827831
2022-04-03,PL,Poland,EURO,26428,5969086,517,115344,5853742
2022-04-10,PL,Poland,EURO,8626,5977712,290,115634,5862078
2022-04-17,PL,Poland,EURO,7050,5984762,203,115837,5868925
2022-04-24,PL,Poland,EURO,5956,5990718,110,115947,5874771
2022-05-01,PL,Poland,EURO,5555,5996273,111,116058,5880215
2022-05-08,PL,Poland,EURO,3677,5999950,79,116137,5883813
2022-05-15,PL,Poland,EURO,3019,6002969,70,116207,5886762
2022-05-22,PL,Poland,EURO,2100,6005069,61,116268,5888801
2022-05-29,PL,Poland,EURO,1627,6006696,43,116311,5890385
2022-06-05,PL,Poland,EURO,1457,6008153,36,116347,5891806
2022-06-12,PL,Poland,EURO,1436,6009589,22,116369,5893220
2022-06-19,PL,Poland,EURO,1196,6010785,22,116391,5894394
2022-06-26,PL,Poland,EURO,1840,6012625,24,116415,5896210
2022-07-03,PL,Poland,EURO,3335,6015960,18,116433,5899527
2022-07-10,PL,Poland,EURO,5820,6021780,18,116451,5905329
2022-07-17,PL,Poland,EURO,10251,6032031,17,116468,5915563
2022-07-24,PL,Poland,EURO,16595,6048626,40,116508,5932118
2022-07-31,PL,Poland,EURO,20661,6069287,60,116568,5952719
2022-08-07,PL,Poland,EURO,24630,6093917,90,116658,5977259
2022-08-14,PL,Poland,EURO,25009,6118926,113,116771,6002155
2022-08-21,PL,Poland,EURO,24437,6143363,108,116879,6026484
2022-08-28,PL,Poland,EURO,23541,6166904,149,117028,6049876
2022-09-04,PL,Poland,EURO,20275,6187179,123,117151,6070028
2022-09-11,PL,Poland,EURO,25179,6212358,99,117250,6095108
2022-09-18,PL,Poland,EURO,32071,6244429,99,117349,6127080
2022-09-25,PL,Poland,EURO,28692,6273121,106,117455,6155666
2022-10-02,PL,Poland,EURO,24135,6297256,142,117597,6179659
2022-10-09,PL,Poland,EURO,17763,6315019,158,117755,6197264
2022-10-16,PL,Poland,EURO,11598,6326617,144,117899,6208718
2022-10-23,PL,Poland,EURO,8147,6334764,129,118028,6216736
2022-10-30,PL,Poland,EURO,5404,6340168,95,118123,6222045
2022-11-06,PL,Poland,EURO,3491,6343659,46,118169,6225490
2022-11-13,PL,Poland,EURO,2539,6346198,40,118209,6227989
2022-11-20,PL,Poland,EURO,2533,6348731,64,118273,6230458
2022-11-27,PL,Poland,EURO,2475,6351206,32,118305,6232901
2022-12-04,PL,Poland,EURO,3091,6354297,34,118339,6235958
2022-12-11,PL,Poland,EURO,3089,6357386,43,118382,6239004
2022-12-18,PL,Poland,EURO,4105,6361491,47,118429,6243062
2022-12-25,PL,Poland,EURO,3891,6365382,46,118475,6246907
2023-01-01,PL,Poland,EURO,3160,6368542,58,118533,6250009
2023-01-08,PL,Poland,EURO,2633,6371175,53,118586,6252589
2023-01-15,PL,Poland,EURO,2060,6373235,65,118651,6254584
2023-01-22,PL,Poland,EURO,2083,6375318,30,118681,6256637
2023-01-29,PL,Poland,EURO,2888,6378206,34,118715,6259491
2023-02-05,PL,Poland,EURO,4754,6382960,33,118748,6264212
2023-02-12,PL,Poland,EURO,6655,6389615,31,118779,6270836
2023-02-19,PL,Poland,EURO,10603,6400218,47,118826,6281392
2023-02-26,PL,Poland,EURO,14971,6415189,42,118868,6296321
2023-03-05,PL,Poland,EURO,17062,6432251,84,118952,6313299
2023-03-12,PL,Poland,EURO,20385,6452636,78,119030,6333606
2023-03-19,PL,Poland,EURO,20347,6472983,106,119136,6353847
2023-03-26,PL,Poland,EURO,15383,6488366,109,119245,6369121
2023-04-02,PL,Poland,EURO,9358,6497724,116,119361,6378363
2023-04-09,PL,Poland,EURO,6370,6504094,62,119423,6384671
2023-04-16,PL,Poland,EURO,4671,6508765,59,119482,6389283
2023-04-23,PL,Poland,EURO,3215,6511980,38,119520,6392460
2023-04-30,PL,Poland,EURO,1901,6513881,35,119555,6394326
2023-05-07,PL,Poland,EURO,933,6514814,8,119563,6395251
2023-05-14,PL,Poland,EURO,805,6515619,22,119585,6396034
2023-05-21,PL,Poland,EURO,652,6516271,11,119596,6396675
2023-05-28,PL,Poland,EURO,510,6516781,13,119609,6397172
2023-06-04,PL,Poland,EURO,386,6517167,8,119617,6397550
2023-06-11,PL,Poland,EURO,260,6517427,5,119622,6397805
2023-06-18,PL,Poland,EURO,201,6517628,1,119623,6398005
2023-06-25,PL,Poland,EURO,179,6517807,1,119624,6398183
2023-07-02,PL,Poland,EURO,103,6517910,3,119627,6398283
2023-07-09,PL,Poland,EURO,67,6517977,3,119630,6398347
2023-07-16,PL,Poland,EURO,81,6518058,2,119632,6398426
2023-07-23,PL,Poland,EURO,71,6518129,0,119632,6398497
2023-07-30,PL,Poland,EURO,47,6518176,3,119635,6398541
2023-08-06,PL,Poland,EURO,94,6518270,0,119635,6398635
2023-08-13,PL,Poland,EURO,125,6518395,0,119635,6398760
2023-08-20,PL,Poland,EURO,188,6518583,2,119637,6398946
2023-08-27,PL,Poland,EURO,252,6518835,1,119638,6399197
2023-09-03,PL,Poland,EURO,369,6519204,2,119640,6399564
2023-09-10,PL,Poland,EURO,539,6519743,2,119642,6400101
2023-09-17,PL,Poland,EURO,933,6520676,3,119645,6401031
2023-09-24,PL,Poland,EURO,1222,6521898,2,119647,6402251
2023-10-01,PL,Poland,EURO,1437,6523335,7,119654,6403681
2023-10-08,PL,Poland,EURO,1431,6524766,1,119655,6405111
2023-10-15,PL,Poland,EURO,1740,6526506,2,119657,6406849
2023-10-22,PL,Poland,EURO,2495,6529001,8,119665,6409336
2023-10-29,PL,Poland,EURO,3938,6532939,21,119686,6413253
2023-11-05,PL,Poland,EURO,4261,6537200,9,119695,6417505
2023-11-12,PL,Poland,EURO,6227,6543427,26,119721,6423706
2023-11-19,PL,Poland,EURO,7463,6550890,24,119745,6431145
2023-11-26,PL,Poland,EURO,9710,6560600,64,119809,6440791
2023-12-03,PL,Poland,EURO,13111,6573711,30,119839,6453872
2023-12-10,PL,Poland,EURO,17007,6590718,47,119886,6470832
2023-12-17,PL,Poland,EURO,18374,6609092,132,120018,6489074
2023-12-24,PL,Poland,EURO,15554,6624646,141,120159,6504487
2023-12-31,PL,Poland,EURO,7419,6632065,79,120238,6511827
2024-01-07,PL,Poland,EURO,8613,6640678,191,120429,6520249
2024-01-14,PL,Poland,EURO,4974,6645652,68,120497,6525155
2024-01-21,PL,Poland,EURO,4265,6649917,53,120550,6529367
2024-01-28,PL,Poland,EURO,3448,6653365,27,120577,6532788
2024-02-04,PL,Poland,EURO,2394,6655759,41,120618,6535141
2024-02-11,PL,Poland,EURO,1793,6657552,24,120642,6536910
2024-02-18,PL,Poland,EURO,1300,6658852,23,120665,6538187
2024-02-25,PL,Poland,EURO,1107,6659959,12,120677,6539282
2024-03-03,PL,Poland,EURO,683,6660642,10,120687,6539955
2024-03-10,PL,Poland,EURO,467,6661109,3,120690,6540419
2024-03-17,PL,Poland,EURO,380,6661489,11,120701,6540788
2024-03-24,PL,Poland,EURO,277,6661766,5,120706,6541060
2024-03-31,PL,Poland,EURO,253,6662019,0,120706,6541313
2024-04-07,PL,Poland,EURO,171,6662190,1,120707,6541483
2024-04-14,PL,Poland,EURO,136,6662326,2,120709,6541617
2024-04-21,PL,Poland,EURO,85,6662411,0,120709,6541702
2024-04-28,PL,Poland,EURO,110,6662521,2,120711,6541810
2024-05-05,PL,Poland,EURO,110,6662631,0,120711,6541920
2024-05-12,PL,Poland,EURO,101,6662732,0,120711,6542021
2024-05-19,PL,Poland,EURO,156,6662888,0,120711,6542177
2024-05-26,PL,Poland,EURO,141,6663029,0,120711,6542318
2024-06-02,PL,Poland,EURO,125,6663154,0,120711,6542443
2024-06-09,PL,Poland,EURO,171,6663325,1,120712,6542613
2024-06-16,PL,Poland,EURO,255,6663580,1,120713,6542867
2024-06-23,PL,Poland,EURO,385,6663965,0,120713,6543252
2024-06-30,PL,Poland,EURO,451,6664416,2,120715,6543701
2024-07-07,PL,Poland,EURO,519,6664935,2,120717,6544218
2024-07-14,PL,Poland,EURO,788,6665723,1,120718,6545005
2024-07-21,PL,Poland,EURO,914,6666637,0,120718,6545919
2024-07-28,PL,Poland,EURO,1699,6668336,4,120722,6547614
2024-08-04,PL,Poland,EURO,2463,6670799,4,120726,6550073
2024-08-11,PL,Poland,EURO,3243,6674042,8,120734,6553308
2024-08-18,PL,Poland,EURO,4194,6678236,8,120742,6557494
2024-08-25,PL,Poland,EURO,6401,6684637,15,120757,6563880
2024-09-01,PL,Poland,EURO,8185,6692822,18,120775,6572047
2024-09-08,PL,Poland,EURO,9379,6702201,17,120792,6581409
2024-09-15,PL,Poland,EURO,12470,6714671,17,120809,6593862
2024-09-22,PL,Poland,EURO,13051,6727722,7,120816,6606906
2024-09-29,PL,Poland,EURO,10790,6738512,13,120829,6617683
2024-10-06,PL,Poland,EURO,7046,6745558,15,120844,6624714
2024-10-13,PL,Poland,EURO,5782,6751340,10,120854,6630486
2024-10-20,PL,Poland,EURO,3845,6755185,21,120875,6634310
2024-10-27,PL,Poland,EURO,3241,6758426,22,120897,6637529
2024-11-03,PL,Poland,EURO,2063,6760489,13,120910,6639579
2024-11-10,PL,Poland,EURO,1667,6762156,13,120923,6641233
2024-11-17,PL,Poland,EURO,1070,6763226,15,120938,6642288
2020-01-05,PT,Portugal,EURO,0,0,0,0,0
2020-01-12,PT,Portugal,EURO,0,0,0,0,0
2020-01-19,PT,Portugal,EURO,0,0,0,0,0
2020-01-26,PT,Portugal,EURO,0,0,0,0,0
2020-02-02,PT,Portugal,EURO,0,0,0,0,0
2020-02-09,PT,Portugal,EURO,0,0,0,0,0
2020-02-16,PT,Portugal,EURO,0,0,0,0,0
2020-02-23,PT,Portugal,EURO,1,1,0,0,1
2020-03-01,PT,Portugal,EURO,1,2,0,0,2
2020-03-08,PT,Portugal,EURO,27,29,0,0,29
2020-03-15,PT,Portugal,EURO,289,318,0,0,318
2020-03-22,PT,Portugal,EURO,1405,1723,26,26,1697
2020-03-29,PT,Portugal,EURO,3726,5449,124,150,5299
2020-04-05,PT,Portugal,EURO,5045,10494,206,356,10138
2020-04-12,PT,Portugal,EURO,4433,14927,246,602,14325
2020-04-19,PT,Portugal,EURO,4241,19168,217,819,18349
2020-04-26,PT,Portugal,EURO,3181,22349,187,1006,21343
2020-05-03,PT,Portugal,EURO,2371,24720,140,1146,23574
2020-05-10,PT,Portugal,EURO,2326,27046,80,1226,25820
2020-05-17,PT,Portugal,EURO,1853,28899,69,1295,27604
2020-05-24,PT,Portugal,EURO,2008,30907,68,1363,29544
2020-05-31,PT,Portugal,EURO,1956,32863,69,1432,31431
2020-06-07,PT,Portugal,EURO,2111,34974,50,1482,33492
2020-06-14,PT,Portugal,EURO,1959,36933,31,1513,35420
2020-06-21,PT,Portugal,EURO,2461,39394,20,1533,37861
2020-06-28,PT,Portugal,EURO,2673,42067,38,1571,40496
2020-07-05,PT,Portugal,EURO,2457,44524,54,1625,42899
2020-07-12,PT,Portugal,EURO,2566,47090,41,1666,45424
2020-07-19,PT,Portugal,EURO,2143,49233,29,1695,47538
2020-07-26,PT,Portugal,EURO,1700,50933,29,1724,49209
2020-08-02,PT,Portugal,EURO,1444,52377,18,1742,50635
2020-08-09,PT,Portugal,EURO,1484,53861,22,1764,52097
2020-08-16,PT,Portugal,EURO,1597,55458,19,1783,53675
2020-08-23,PT,Portugal,EURO,1524,56982,23,1806,55176
2020-08-30,PT,Portugal,EURO,2322,59304,21,1827,57477
2020-09-06,PT,Portugal,EURO,2566,61870,22,1849,60021
2020-09-13,PT,Portugal,EURO,3818,65688,28,1877,63811
2020-09-20,PT,Portugal,EURO,4518,70206,49,1926,68280
2020-09-27,PT,Portugal,EURO,4815,75021,37,1963,73058
2020-10-04,PT,Portugal,EURO,5383,80404,61,2024,78380
2020-10-11,PT,Portugal,EURO,7508,87912,81,2105,85807
2020-10-18,PT,Portugal,EURO,12995,100907,105,2210,98697
2020-10-25,PT,Portugal,EURO,17475,118382,146,2356,116026
2020-11-01,PT,Portugal,EURO,23294,141676,245,2601,139075
2020-11-08,PT,Portugal,EURO,32323,173999,377,2978,171021
2020-11-15,PT,Portugal,EURO,34571,208570,527,3505,205065
2020-11-22,PT,Portugal,EURO,36869,245439,480,3985,241454
2020-11-29,PT,Portugal,EURO,33275,278714,532,4517,274197
2020-12-06,PT,Portugal,EURO,26465,305179,534,5051,300128
2020-12-13,PT,Portugal,EURO,25959,331138,609,5660,325478
2020-12-20,PT,Portugal,EURO,26186,357324,543,6203,351121
2020-12-27,PT,Portugal,EURO,20150,377474,492,6695,370779
2021-01-03,PT,Portugal,EURO,32506,409980,530,7225,402755
2021-01-10,PT,Portugal,EURO,53049,463029,745,7970,455059
2021-01-17,PT,Portugal,EURO,62101,525130,1109,9079,516051
2021-01-24,PT,Portugal,EURO,81676,606806,1698,10777,596029
2021-01-31,PT,Portugal,EURO,78867,685673,2014,12791,672882
2021-02-07,PT,Portugal,EURO,44485,730158,1587,14378,715780
2021-02-14,PT,Portugal,EURO,22830,752988,1034,15412,737576
2021-02-21,PT,Portugal,EURO,13874,766862,608,16020,750842
2021-02-28,PT,Portugal,EURO,8805,775667,326,16346,759321
2021-03-07,PT,Portugal,EURO,8816,784483,209,16555,767928
2021-03-14,PT,Portugal,EURO,7577,792060,130,16685,775375
2021-03-21,PT,Portugal,EURO,4789,796849,88,16773,780076
2021-03-28,PT,Portugal,EURO,4960,801809,59,16832,784977
2021-04-04,PT,Portugal,EURO,4342,806151,42,16874,789277
2021-04-11,PT,Portugal,EURO,4479,810630,34,16908,793722
2021-04-18,PT,Portugal,EURO,4181,814811,27,16935,797876
2021-04-25,PT,Portugal,EURO,4125,818936,19,16954,801982
2021-05-02,PT,Portugal,EURO,3760,822696,13,16967,805729
2021-05-09,PT,Portugal,EURO,3480,826176,15,16982,809194
2021-05-16,PT,Portugal,EURO,3228,829404,17,16999,812405
2021-05-23,PT,Portugal,EURO,3653,833057,7,17006,816051
2021-05-30,PT,Portugal,EURO,3887,836944,7,17013,819931
2021-06-06,PT,Portugal,EURO,4288,841232,12,17025,824207
2021-06-13,PT,Portugal,EURO,5133,846365,10,17035,829330
2021-06-20,PT,Portugal,EURO,7841,854206,22,17057,837149
2021-06-27,PT,Portugal,EURO,9700,863906,19,17076,846830
2021-07-04,PT,Portugal,EURO,14651,878557,31,17107,861450
2021-07-11,PT,Portugal,EURO,19512,898069,49,17156,880913
2021-07-18,PT,Portugal,EURO,25787,923856,52,17208,906648
2021-07-25,PT,Portugal,EURO,23120,946976,86,17294,929682
2021-08-01,PT,Portugal,EURO,18721,965697,79,17373,948324
2021-08-08,PT,Portugal,EURO,16062,981759,103,17476,964283
2021-08-15,PT,Portugal,EURO,16530,998289,89,17565,980724
2021-08-22,PT,Portugal,EURO,16297,1014586,70,17635,996951
2021-08-29,PT,Portugal,EURO,16168,1030754,83,17718,1013036
2021-09-05,PT,Portugal,EURO,12570,1043324,80,17798,1025526
2021-09-12,PT,Portugal,EURO,9003,1052327,56,17854,1034473
2021-09-19,PT,Portugal,EURO,6887,1059214,48,17902,1041312
2021-09-26,PT,Portugal,EURO,6193,1065407,40,17942,1047465
2021-10-03,PT,Portugal,EURO,4753,1070160,45,17987,1052173
2021-10-10,PT,Portugal,EURO,4540,1074700,49,18036,1056664
2021-10-17,PT,Portugal,EURO,4986,1079686,51,18087,1061599
2021-10-24,PT,Portugal,EURO,5452,1085138,38,18125,1067013
2021-10-31,PT,Portugal,EURO,5882,1091020,25,18150,1072870
2021-11-07,PT,Portugal,EURO,6953,1097973,45,18195,1079778
2021-11-14,PT,Portugal,EURO,9958,1107931,60,18255,1089676
2021-11-21,PT,Portugal,EURO,14949,1122880,79,18334,1104546
2021-11-28,PT,Portugal,EURO,20269,1143149,92,18426,1124723
2021-12-05,PT,Portugal,EURO,23850,1166999,122,18548,1148451
2021-12-12,PT,Portugal,EURO,27410,1194409,122,18670,1175739
2021-12-19,PT,Portugal,EURO,31699,1226108,125,18795,1207313
2021-12-26,PT,Portugal,EURO,56540,1282648,93,18888,1263760
2022-01-02,PT,Portugal,EURO,149550,1432198,114,19002,1413196
2022-01-09,PT,Portugal,EURO,236118,1668316,133,19135,1649181
2022-01-16,PT,Portugal,EURO,264007,1932323,205,19340,1912983
2022-01-23,PT,Portugal,EURO,367358,2299681,281,19621,2280060
2022-01-30,PT,Portugal,EURO,405306,2704987,292,19913,2685074
2022-02-06,PT,Portugal,EURO,308062,3013049,355,20268,2992781
2022-02-13,PT,Portugal,EURO,169681,3182730,301,20569,3162161
2022-02-20,PT,Portugal,EURO,105839,3288569,298,20867,3267702
2022-02-27,PT,Portugal,EURO,80116,3368685,202,21069,3347616
2022-03-06,PT,Portugal,EURO,82398,3451083,155,21224,3429859
2022-03-13,PT,Portugal,EURO,85842,3536925,140,21364,3515561
2022-03-20,PT,Portugal,EURO,81477,3618402,127,21491,3596911
2022-03-27,PT,Portugal,EURO,77148,3695550,158,21649,3673901
2022-04-03,PT,Portugal,EURO,68162,3763712,151,21800,3741912
2022-04-10,PT,Portugal,EURO,62897,3826609,152,21952,3804657
2022-04-17,PT,Portugal,EURO,63637,3890246,145,22097,3868149
2022-04-24,PT,Portugal,EURO,70068,3960314,127,22224,3938090
2022-05-01,PT,Portugal,EURO,74057,4034371,128,22352,4012019
2022-05-08,PT,Portugal,EURO,100901,4135272,131,22483,4112789
2022-05-15,PT,Portugal,EURO,160111,4295383,192,22675,4272708
2022-05-22,PT,Portugal,EURO,190560,4485943,223,22898,4463045
2022-05-29,PT,Portugal,EURO,175844,4661787,231,23129,4638658
2022-06-05,PT,Portugal,EURO,165476,4827263,295,23424,4803839
2022-06-12,PT,Portugal,EURO,118089,4945352,262,23686,4921666
2022-06-19,PT,Portugal,EURO,100752,5046104,269,23955,5022149
2022-06-26,PT,Portugal,EURO,75145,5121249,155,24110,5097139
2022-07-03,PT,Portugal,EURO,66673,5187922,136,24246,5163676
2022-07-10,PT,Portugal,EURO,53160,5241082,139,24385,5216697
2022-07-17,PT,Portugal,EURO,36813,5277895,119,24504,5253391
2022-07-24,PT,Portugal,EURO,30282,5308177,83,24587,5283590
2022-07-31,PT,Portugal,EURO,22110,5330287,70,24657,5305630
2022-08-07,PT,Portugal,EURO,19202,5349489,70,24727,5324762
2022-08-14,PT,Portugal,EURO,17633,5367122,57,24784,5342338
2022-08-21,PT,Portugal,EURO,16001,5383123,40,24824,5358299
2022-08-28,PT,Portugal,EURO,17870,5400993,45,24869,5376124
2022-09-04,PT,Portugal,EURO,16575,5417568,48,24917,5392651
2022-09-11,PT,Portugal,EURO,15909,5433477,39,24956,5408521
2022-09-18,PT,Portugal,EURO,17355,5450832,41,24997,5425835
2022-09-25,PT,Portugal,EURO,19259,5470091,42,25039,5445052
2022-10-02,PT,Portugal,EURO,17513,5487604,50,25089,5462515
2022-10-09,PT,Portugal,EURO,6467,5494071,42,25131,5468940
2022-10-16,PT,Portugal,EURO,7052,5501123,47,25178,5475945
2022-10-23,PT,Portugal,EURO,7736,5508859,50,25228,5483631
2022-10-30,PT,Portugal,EURO,5806,5514665,61,25289,5489376
2022-11-06,PT,Portugal,EURO,5304,5519969,49,25338,5494631
2022-11-13,PT,Portugal,EURO,6060,5526029,55,25393,5500636
2022-11-20,PT,Portugal,EURO,6093,5532122,48,25441,5506681
2022-11-27,PT,Portugal,EURO,5126,5537248,60,25501,5511747
2022-12-04,PT,Portugal,EURO,3963,5541211,69,25570,5515641
2022-12-11,PT,Portugal,EURO,3370,5544581,73,25643,5518938
2022-12-18,PT,Portugal,EURO,3445,5548026,71,25714,5522312
2022-12-25,PT,Portugal,EURO,2542,5550568,59,25773,5524795
2023-01-01,PT,Portugal,EURO,2401,5552969,50,25823,5527146
2023-01-08,PT,Portugal,EURO,2154,5555123,61,25884,5529239
2023-01-15,PT,Portugal,EURO,1851,5556974,58,25942,5531032
2023-01-22,PT,Portugal,EURO,1333,5558307,64,26006,5532301
2023-01-29,PT,Portugal,EURO,1242,5559549,33,26039,5533510
2023-02-05,PT,Portugal,EURO,1074,5560623,27,26066,5534557
2023-02-12,PT,Portugal,EURO,1646,5562269,52,26118,5536151
2023-02-19,PT,Portugal,EURO,1544,5563813,57,26175,5537638
2023-02-26,PT,Portugal,EURO,1567,5565380,53,26228,5539152
2023-03-05,PT,Portugal,EURO,1585,5566965,49,26277,5540688
2023-03-12,PT,Portugal,EURO,1609,5568574,42,26319,5542255
2023-03-19,PT,Portugal,EURO,1736,5570310,57,26376,5543934
2023-03-26,PT,Portugal,EURO,1615,5571925,45,26421,5545504
2023-04-02,PT,Portugal,EURO,1568,5573493,44,26465,5547028
2023-04-09,PT,Portugal,EURO,1344,5574837,30,26495,5548342
2023-04-16,PT,Portugal,EURO,1754,5576591,36,26531,5550060
2023-04-23,PT,Portugal,EURO,1510,5578101,39,26570,5551531
2023-04-30,PT,Portugal,EURO,1309,5579410,34,26604,5552806
2023-05-07,PT,Portugal,EURO,1379,5580789,50,26654,5554135
2023-05-14,PT,Portugal,EURO,1333,5582122,24,26678,5555444
2023-05-21,PT,Portugal,EURO,1618,5583740,42,26720,5557020
2023-05-28,PT,Portugal,EURO,2082,5585822,36,26756,5559066
2023-06-04,PT,Portugal,EURO,1758,5587580,46,26802,5560778
2023-06-11,PT,Portugal,EURO,1255,5588835,40,26842,5561993
2023-06-18,PT,Portugal,EURO,1123,5589958,45,26887,5563071
2023-06-25,PT,Portugal,EURO,1096,5591054,26,26913,5564141
2023-07-02,PT,Portugal,EURO,1029,5592083,27,26940,5565143
2023-07-09,PT,Portugal,EURO,1253,5593336,30,26970,5566366
2023-07-16,PT,Portugal,EURO,1400,5594736,23,26993,5567743
2023-07-23,PT,Portugal,EURO,1379,5596115,31,27024,5569091
2023-07-30,PT,Portugal,EURO,1837,5597952,37,27061,5570891
2023-08-06,PT,Portugal,EURO,1713,5599665,45,27106,5572559
2023-08-13,PT,Portugal,EURO,2386,5602051,33,27139,5574912
2023-08-20,PT,Portugal,EURO,3172,5605223,52,27191,5578032
2023-08-27,PT,Portugal,EURO,4332,5609555,73,27264,5582291
2023-09-03,PT,Portugal,EURO,4165,5613720,54,27318,5586402
2023-09-10,PT,Portugal,EURO,3980,5617700,56,27374,5590326
2023-09-17,PT,Portugal,EURO,3231,5620931,60,27434,5593497
2023-09-24,PT,Portugal,EURO,2583,5623514,68,27502,5596012
2023-10-01,PT,Portugal,EURO,2649,5626163,42,27544,5598619
2023-10-08,PT,Portugal,EURO,1903,5628066,37,27581,5600485
2023-10-15,PT,Portugal,EURO,1734,5629800,53,27634,5602166
2023-10-22,PT,Portugal,EURO,1085,5630885,40,27674,5603211
2023-10-29,PT,Portugal,EURO,744,5631629,28,27702,5603927
2023-11-05,PT,Portugal,EURO,669,5632298,20,27722,5604576
2023-11-12,PT,Portugal,EURO,711,5633009,16,27738,5605271
2023-11-19,PT,Portugal,EURO,702,5633711,26,27764,5605947
2023-11-26,PT,Portugal,EURO,768,5634479,19,27783,5606696
2023-12-03,PT,Portugal,EURO,797,5635276,18,27801,5607475
2023-12-10,PT,Portugal,EURO,846,5636122,27,27828,5608294
2023-12-17,PT,Portugal,EURO,1067,5637189,26,27854,5609335
2023-12-24,PT,Portugal,EURO,1173,5638362,32,27886,5610476
2023-12-31,PT,Portugal,EURO,1162,5639524,43,27929,5611595
2024-01-07,PT,Portugal,EURO,1025,5640549,47,27976,5612573
2024-01-14,PT,Portugal,EURO,622,5641171,43,28019,5613152
2024-01-21,PT,Portugal,EURO,517,5641688,41,28060,5613628
2024-01-28,PT,Portugal,EURO,326,5642014,20,28080,5613934
2024-02-04,PT,Portugal,EURO,270,5642284,14,28094,5614190
2024-02-11,PT,Portugal,EURO,238,5642522,10,28104,5614418
2024-02-18,PT,Portugal,EURO,134,5642656,6,28110,5614546
2024-02-25,PT,Portugal,EURO,108,5642764,3,28113,5614651
2024-03-03,PT,Portugal,EURO,141,5642905,1,28114,5614791
2024-03-10,PT,Portugal,EURO,93,5642998,3,28117,5614881
2024-03-17,PT,Portugal,EURO,71,5643069,6,28123,5614946
2024-03-24,PT,Portugal,EURO,54,5643123,4,28127,5614996
2024-03-31,PT,Portugal,EURO,60,5643183,1,28128,5615055
2024-04-07,PT,Portugal,EURO,61,5643244,4,28132,5615112
2024-04-14,PT,Portugal,EURO,79,5643323,7,28139,5615184
2024-04-21,PT,Portugal,EURO,87,5643410,4,28143,5615267
2024-04-28,PT,Portugal,EURO,72,5643482,5,28148,5615334
2024-05-05,PT,Portugal,EURO,95,5643577,3,28151,5615426
2024-05-12,PT,Portugal,EURO,219,5643796,5,28156,5615640
2024-05-19,PT,Portugal,EURO,399,5644195,4,28160,5616035
2024-05-26,PT,Portugal,EURO,726,5644921,14,28174,5616747
2024-06-02,PT,Portugal,EURO,1118,5646039,43,28217,5617822
2024-06-09,PT,Portugal,EURO,1615,5647654,49,28266,5619388
2024-06-16,PT,Portugal,EURO,2184,5649838,58,28324,5621514
2024-06-23,PT,Portugal,EURO,2407,5652245,73,28397,5623848
2024-06-30,PT,Portugal,EURO,2673,5654918,87,28484,5626434
2024-07-07,PT,Portugal,EURO,2698,5657616,72,28556,5629060
2024-07-14,PT,Portugal,EURO,2288,5659904,81,28637,5631267
2024-07-21,PT,Portugal,EURO,1762,5661666,58,28695,5632971
2024-07-28,PT,Portugal,EURO,1420,5663086,64,28759,5634327
2024-08-04,PT,Portugal,EURO,1063,5664149,50,28809,5635340
2024-08-11,PT,Portugal,EURO,940,5665089,31,28840,5636249
2024-08-18,PT,Portugal,EURO,610,5665699,32,28872,5636827
2024-08-25,PT,Portugal,EURO,620,5666319,29,28901,5637418
2024-09-01,PT,Portugal,EURO,537,5666856,26,28927,5637929
2024-09-08,PT,Portugal,EURO,410,5667266,15,28942,5638324
2024-09-15,PT,Portugal,EURO,368,5667634,21,28963,5638671
2024-09-22,PT,Portugal,EURO,436,5668070,14,28977,5639093
2024-09-29,PT,Portugal,EURO,519,5668589,12,28989,5639600
2024-10-06,PT,Portugal,EURO,316,5668905,15,29004,5639901
2024-10-13,PT,Portugal,EURO,286,5669191,9,29013,5640178
2024-10-20,PT,Portugal,EURO,196,5669387,5,29018,5640369
2024-10-27,PT,Portugal,EURO,186,5669573,9,29027,5640546
2024-11-03,PT,Portugal,EURO,98,5669671,14,29041,5640630
2024-11-10,PT,Portugal,EURO,129,5669800,13,29054,5640746
2024-11-17,PT,Portugal,EURO,104,5669904,8,29062,5640842
2020-01-05,PR,Puerto Rico,AMRO,0,0,0,0,0
2020-01-12,PR,Puerto Rico,AMRO,0,0,0,0,0
2020-01-19,PR,Puerto Rico,AMRO,0,0,0,0,0
2020-01-26,PR,Puerto Rico,AMRO,0,0,0,0,0
2020-02-02,PR,Puerto Rico,AMRO,0,0,0,0,0
2020-02-09,PR,Puerto Rico,AMRO,0,0,0,0,0
2020-02-16,PR,Puerto Rico,AMRO,0,0,0,0,0
2020-02-23,PR,Puerto Rico,AMRO,0,0,0,0,0
2020-03-01,PR,Puerto Rico,AMRO,0,0,0,0,0
2020-03-08,PR,Puerto Rico,AMRO,0,0,0,0,0
2020-03-15,PR,Puerto Rico,AMRO,2,2,0,0,2
2020-03-22,PR,Puerto Rico,AMRO,39,41,4,4,37
2020-03-29,PR,Puerto Rico,AMRO,255,296,12,16,280
2020-04-05,PR,Puerto Rico,AMRO,335,631,18,34,597
2020-04-12,PR,Puerto Rico,AMRO,158,789,24,58,731
2020-04-19,PR,Puerto Rico,AMRO,138,927,21,79,848
2020-04-26,PR,Puerto Rico,AMRO,109,1036,19,98,938
2020-05-03,PR,Puerto Rico,AMRO,92,1128,15,113,1015
2020-05-10,PR,Puerto Rico,AMRO,108,1236,10,123,1113
2020-05-17,PR,Puerto Rico,AMRO,73,1309,5,128,1181
2020-05-24,PR,Puerto Rico,AMRO,59,1368,9,137,1231
2020-05-31,PR,Puerto Rico,AMRO,77,1445,6,143,1302
2020-06-07,PR,Puerto Rico,AMRO,86,1531,6,149,1382
2020-06-14,PR,Puerto Rico,AMRO,85,1616,4,153,1463
2020-06-21,PR,Puerto Rico,AMRO,104,1720,3,156,1564
2020-06-28,PR,Puerto Rico,AMRO,220,1940,2,158,1782
2020-07-05,PR,Puerto Rico,AMRO,488,2428,5,163,2265
2020-07-12,PR,Puerto Rico,AMRO,1346,3774,14,177,3597
2020-07-19,PR,Puerto Rico,AMRO,2008,5782,16,193,5589
2020-07-26,PR,Puerto Rico,AMRO,1678,7460,29,222,7238
2020-08-02,PR,Puerto Rico,AMRO,1559,9019,44,266,8753
2020-08-09,PR,Puerto Rico,AMRO,2520,11539,45,311,11228
2020-08-16,PR,Puerto Rico,AMRO,2379,13918,73,384,13534
2020-08-23,PR,Puerto Rico,AMRO,1954,15872,49,433,15439
2020-08-30,PR,Puerto Rico,AMRO,1779,17651,29,462,17189
2020-09-06,PR,Puerto Rico,AMRO,1750,19401,53,515,18886
2020-09-13,PR,Puerto Rico,AMRO,2283,21684,73,588,21096
2020-09-20,PR,Puerto Rico,AMRO,2697,24381,47,635,23746
2020-09-27,PR,Puerto Rico,AMRO,1926,26307,46,681,25626
2020-10-04,PR,Puerto Rico,AMRO,1921,28228,50,731,27497
2020-10-11,PR,Puerto Rico,AMRO,2507,30735,42,773,29962
2020-10-18,PR,Puerto Rico,AMRO,2692,33427,40,813,32614
2020-10-25,PR,Puerto Rico,AMRO,3343,36770,37,850,35920
2020-11-01,PR,Puerto Rico,AMRO,4007,40777,41,891,39886
2020-11-08,PR,Puerto Rico,AMRO,4559,45336,54,945,44391
2020-11-15,PR,Puerto Rico,AMRO,5835,51171,73,1018,50153
2020-11-22,PR,Puerto Rico,AMRO,6477,57648,82,1100,56548
2020-11-29,PR,Puerto Rico,AMRO,4783,62431,108,1208,61223
2020-12-06,PR,Puerto Rico,AMRO,6636,69067,104,1312,67755
2020-12-13,PR,Puerto Rico,AMRO,5807,74874,117,1429,73445
2020-12-20,PR,Puerto Rico,AMRO,4687,79561,109,1538,78023
2020-12-27,PR,Puerto Rico,AMRO,2742,82303,92,1630,80673
2021-01-03,PR,Puerto Rico,AMRO,3042,85345,68,1698,83647
2021-01-10,PR,Puerto Rico,AMRO,3514,88859,81,1779,87080
2021-01-17,PR,Puerto Rico,AMRO,3810,92669,58,1837,90832
2021-01-24,PR,Puerto Rico,AMRO,2834,95503,47,1884,93619
2021-01-31,PR,Puerto Rico,AMRO,2412,97915,53,1937,95978
2021-02-07,PR,Puerto Rico,AMRO,1942,99857,44,1981,97876
2021-02-14,PR,Puerto Rico,AMRO,1497,101354,31,2012,99342
2021-02-21,PR,Puerto Rico,AMRO,1280,102634,29,2041,100593
2021-02-28,PR,Puerto Rico,AMRO,1336,103970,26,2067,101903
2021-03-07,PR,Puerto Rico,AMRO,1176,105146,18,2085,103061
2021-03-14,PR,Puerto Rico,AMRO,1160,106306,13,2098,104208
2021-03-21,PR,Puerto Rico,AMRO,1815,108121,19,2117,106004
2021-03-28,PR,Puerto Rico,AMRO,2503,110624,12,2129,108495
2021-04-04,PR,Puerto Rico,AMRO,3463,114087,22,2151,111936
2021-04-11,PR,Puerto Rico,AMRO,7814,121901,28,2179,119722
2021-04-18,PR,Puerto Rico,AMRO,7458,129359,54,2233,127126
2021-04-25,PR,Puerto Rico,AMRO,5377,134736,58,2291,132445
2021-05-02,PR,Puerto Rico,AMRO,3366,138102,53,2344,135758
2021-05-09,PR,Puerto Rico,AMRO,1902,140004,56,2400,137604
2021-05-16,PR,Puerto Rico,AMRO,1253,141257,55,2455,138802
2021-05-23,PR,Puerto Rico,AMRO,952,142209,38,2493,139716
2021-05-30,PR,Puerto Rico,AMRO,653,142862,22,2515,140347
2021-06-06,PR,Puerto Rico,AMRO,404,143266,19,2534,140732
2021-06-13,PR,Puerto Rico,AMRO,368,143634,9,2543,141091
2021-06-20,PR,Puerto Rico,AMRO,330,143964,9,2552,141412
2021-06-27,PR,Puerto Rico,AMRO,299,144263,5,2557,141706
2021-07-04,PR,Puerto Rico,AMRO,469,144732,5,2562,142170
2021-07-11,PR,Puerto Rico,AMRO,661,145393,3,2565,142828
2021-07-18,PR,Puerto Rico,AMRO,1354,146747,6,2571,144176
2021-07-25,PR,Puerto Rico,AMRO,2326,149073,8,2579,146494
2021-08-01,PR,Puerto Rico,AMRO,3914,152987,15,2594,150393
2021-08-08,PR,Puerto Rico,AMRO,5806,158793,34,2628,156165
2021-08-15,PR,Puerto Rico,AMRO,7050,165843,59,2687,163156
2021-08-22,PR,Puerto Rico,AMRO,6078,171921,90,2777,169144
2021-08-29,PR,Puerto Rico,AMRO,5321,177242,83,2860,174382
2021-09-05,PR,Puerto Rico,AMRO,4103,181345,90,2950,178395
2021-09-12,PR,Puerto Rico,AMRO,2803,184148,86,3036,181112
2021-09-19,PR,Puerto Rico,AMRO,1952,186100,65,3101,182999
2021-09-26,PR,Puerto Rico,AMRO,1490,187590,55,3156,184434
2021-10-03,PR,Puerto Rico,AMRO,980,188570,26,3182,185388
2021-10-10,PR,Puerto Rico,AMRO,975,189545,23,3205,186340
2021-10-17,PR,Puerto Rico,AMRO,714,190259,14,3219,187040
2021-10-24,PR,Puerto Rico,AMRO,678,190937,16,3235,187702
2021-10-31,PR,Puerto Rico,AMRO,745,191682,11,3246,188436
2021-11-07,PR,Puerto Rico,AMRO,941,192623,7,3253,189370
2021-11-14,PR,Puerto Rico,AMRO,898,193521,10,3263,190258
2021-11-21,PR,Puerto Rico,AMRO,884,194405,7,3270,191135
2021-11-28,PR,Puerto Rico,AMRO,573,194978,4,3274,191704
2021-12-05,PR,Puerto Rico,AMRO,982,195960,4,3278,192682
2021-12-12,PR,Puerto Rico,AMRO,894,196854,4,3282,193572
2021-12-19,PR,Puerto Rico,AMRO,12116,208970,10,3292,205678
2021-12-26,PR,Puerto Rico,AMRO,43364,252334,9,3301,249033
2022-01-02,PR,Puerto Rico,AMRO,72566,324900,30,3331,321569
2022-01-09,PR,Puerto Rico,AMRO,66268,391168,98,3429,387739
2022-01-16,PR,Puerto Rico,AMRO,53195,444363,163,3592,440771
2022-01-23,PR,Puerto Rico,AMRO,23235,467598,180,3772,463826
2022-01-30,PR,Puerto Rico,AMRO,12423,480021,136,3908,476113
2022-02-06,PR,Puerto Rico,AMRO,6736,486757,87,3995,482762
2022-02-13,PR,Puerto Rico,AMRO,4004,490761,69,4064,486697
2022-02-20,PR,Puerto Rico,AMRO,2469,493230,43,4107,489123
2022-02-27,PR,Puerto Rico,AMRO,1847,495077,29,4136,490941
2022-03-06,PR,Puerto Rico,AMRO,1604,496681,22,4158,492523
2022-03-13,PR,Puerto Rico,AMRO,1426,498107,9,4167,493940
2022-03-20,PR,Puerto Rico,AMRO,1552,499659,2,4169,495490
2022-03-27,PR,Puerto Rico,AMRO,2114,501773,4,4173,497600
2022-04-03,PR,Puerto Rico,AMRO,3456,505229,9,4182,501047
2022-04-10,PR,Puerto Rico,AMRO,6088,511317,11,4193,507124
2022-04-17,PR,Puerto Rico,AMRO,10770,522087,5,4198,517889
2022-04-24,PR,Puerto Rico,AMRO,23624,545711,8,4206,541505
2022-05-01,PR,Puerto Rico,AMRO,29984,575695,17,4223,571472
2022-05-08,PR,Puerto Rico,AMRO,33645,609340,27,4250,605090
2022-05-15,PR,Puerto Rico,AMRO,35589,644929,38,4288,640641
2022-05-22,PR,Puerto Rico,AMRO,33626,678555,51,4339,674216
2022-05-29,PR,Puerto Rico,AMRO,30231,708786,49,4388,704398
2022-06-05,PR,Puerto Rico,AMRO,28179,736965,39,4427,732538
2022-06-12,PR,Puerto Rico,AMRO,25388,762353,41,4468,757885
2022-06-19,PR,Puerto Rico,AMRO,24883,787236,41,4509,782727
2022-06-26,PR,Puerto Rico,AMRO,24923,812159,64,4573,807586
2022-07-03,PR,Puerto Rico,AMRO,22949,835108,51,4624,830484
2022-07-10,PR,Puerto Rico,AMRO,18243,853351,41,4665,848686
2022-07-17,PR,Puerto Rico,AMRO,18704,872055,44,4709,867346
2022-07-24,PR,Puerto Rico,AMRO,20155,892210,45,4754,887456
2022-07-31,PR,Puerto Rico,AMRO,18555,910765,47,4801,905964
2022-08-07,PR,Puerto Rico,AMRO,22489,933254,47,4848,928406
2022-08-14,PR,Puerto Rico,AMRO,18684,951938,50,4898,947040
2022-08-21,PR,Puerto Rico,AMRO,15185,967123,39,4937,962186
2022-08-28,PR,Puerto Rico,AMRO,15613,982736,53,4990,977746
2022-09-04,PR,Puerto Rico,AMRO,13188,995924,40,5030,990894
2022-09-11,PR,Puerto Rico,AMRO,10193,1006117,33,5063,1001054
2022-09-18,PR,Puerto Rico,AMRO,8459,1014576,47,5110,1009466
2022-09-25,PR,Puerto Rico,AMRO,4188,1018764,49,5159,1013605
2022-10-02,PR,Puerto Rico,AMRO,5078,1023842,20,5179,1018663
2022-10-09,PR,Puerto Rico,AMRO,5375,1029217,27,5206,1024011
2022-10-16,PR,Puerto Rico,AMRO,5811,1035028,29,5235,1029793
2022-10-23,PR,Puerto Rico,AMRO,7360,1042388,23,5258,1037130
2022-10-30,PR,Puerto Rico,AMRO,7747,1050135,17,5275,1044860
2022-11-06,PR,Puerto Rico,AMRO,8047,1058182,20,5295,1052887
2022-11-13,PR,Puerto Rico,AMRO,7865,1066047,23,5318,1060729
2022-11-20,PR,Puerto Rico,AMRO,8840,1074887,28,5346,1069541
2022-11-27,PR,Puerto Rico,AMRO,7259,1082146,36,5382,1076764
2022-12-04,PR,Puerto Rico,AMRO,12431,1094577,42,5424,1089153
2022-12-11,PR,Puerto Rico,AMRO,12129,1106706,38,5462,1101244
2022-12-18,PR,Puerto Rico,AMRO,13058,1119764,39,5501,1114263
2022-12-25,PR,Puerto Rico,AMRO,11275,1131039,40,5541,1125498
2023-01-01,PR,Puerto Rico,AMRO,10107,1141146,36,5577,1135569
2023-01-08,PR,Puerto Rico,AMRO,7978,1149124,37,5614,1143510
2023-01-15,PR,Puerto Rico,AMRO,11238,1160362,34,5648,1154714
2023-01-22,PR,Puerto Rico,AMRO,8830,1169192,34,5682,1163510
2023-01-29,PR,Puerto Rico,AMRO,8127,1177319,32,5714,1171605
2023-02-05,PR,Puerto Rico,AMRO,6087,1183406,29,5743,1177663
2023-02-12,PR,Puerto Rico,AMRO,5033,1188439,32,5775,1182664
2023-02-19,PR,Puerto Rico,AMRO,4574,1193013,23,5798,1187215
2023-02-26,PR,Puerto Rico,AMRO,3700,1196713,15,5813,1190900
2023-03-05,PR,Puerto Rico,AMRO,3062,1199775,17,5830,1193945
2023-03-12,PR,Puerto Rico,AMRO,3086,1202861,14,5844,1197017
2023-03-19,PR,Puerto Rico,AMRO,3026,1205887,11,5855,1200032
2023-03-26,PR,Puerto Rico,AMRO,3117,1209004,6,5861,1203143
2023-04-02,PR,Puerto Rico,AMRO,2775,1211779,7,5868,1205911
2023-04-09,PR,Puerto Rico,AMRO,1887,1213666,6,5874,1207792
2023-04-16,PR,Puerto Rico,AMRO,3211,1216877,8,5882,1210995
2023-04-23,PR,Puerto Rico,AMRO,3521,1220398,8,5890,1214508
2023-04-30,PR,Puerto Rico,AMRO,3968,1224366,11,5901,1218465
2023-05-07,PR,Puerto Rico,AMRO,5044,1229410,11,5912,1223498
2023-05-14,PR,Puerto Rico,AMRO,6240,1235650,15,5927,1229723
2023-05-21,PR,Puerto Rico,AMRO,6916,1242566,11,5938,1236628
2023-05-28,PR,Puerto Rico,AMRO,6903,1249469,0,5938,1243531
2023-06-04,PR,Puerto Rico,AMRO,3244,1252713,0,5938,1246775
2023-06-11,PR,Puerto Rico,AMRO,0,1252713,0,5938,1246775
2023-06-18,PR,Puerto Rico,AMRO,0,1252713,0,5938,1246775
2023-06-25,PR,Puerto Rico,AMRO,0,1252713,0,5938,1246775
2023-07-02,PR,Puerto Rico,AMRO,0,1252713,0,5938,1246775
2023-07-09,PR,Puerto Rico,AMRO,0,1252713,0,5938,1246775
2023-07-16,PR,Puerto Rico,AMRO,0,1252713,0,5938,1246775
2023-07-23,PR,Puerto Rico,AMRO,0,1252713,0,5938,1246775
2023-07-30,PR,Puerto Rico,AMRO,0,1252713,0,5938,1246775
2023-08-06,PR,Puerto Rico,AMRO,0,1252713,0,5938,1246775
2023-08-13,PR,Puerto Rico,AMRO,0,1252713,0,5938,1246775
2023-08-20,PR,Puerto Rico,AMRO,0,1252713,0,5938,1246775
2023-08-27,PR,Puerto Rico,AMRO,0,1252713,0,5938,1246775
2023-09-03,PR,Puerto Rico,AMRO,0,1252713,0,5938,1246775
2023-09-10,PR,Puerto Rico,AMRO,0,1252713,0,5938,1246775
2023-09-17,PR,Puerto Rico,AMRO,0,1252713,0,5938,1246775
2023-09-24,PR,Puerto Rico,AMRO,0,1252713,0,5938,1246775
2023-10-01,PR,Puerto Rico,AMRO,0,1252713,0,5938,1246775
2023-10-08,PR,Puerto Rico,AMRO,0,1252713,0,5938,1246775
2023-10-15,PR,Puerto Rico,AMRO,0,1252713,0,5938,1246775
2023-10-22,PR,Puerto Rico,AMRO,0,1252713,0,5938,1246775
2023-10-29,PR,Puerto Rico,AMRO,0,1252713,0,5938,1246775
2023-11-05,PR,Puerto Rico,AMRO,0,1252713,0,5938,1246775
2023-11-12,PR,Puerto Rico,AMRO,0,1252713,0,5938,1246775
2023-11-19,PR,Puerto Rico,AMRO,0,1252713,0,5938,1246775
2023-11-26,PR,Puerto Rico,AMRO,0,1252713,0,5938,1246775
2023-12-03,PR,Puerto Rico,AMRO,0,1252713,0,5938,1246775
2023-12-10,PR,Puerto Rico,AMRO,0,1252713,0,5938,1246775
2023-12-17,PR,Puerto Rico,AMRO,0,1252713,0,5938,1246775
2023-12-24,PR,Puerto Rico,AMRO,0,1252713,0,5938,1246775
2023-12-31,PR,Puerto Rico,AMRO,0,1252713,0,5938,1246775
2024-01-07,PR,Puerto Rico,AMRO,0,1252713,0,5938,1246775
2024-01-14,PR,Puerto Rico,AMRO,0,1252713,0,5938,1246775
2024-01-21,PR,Puerto Rico,AMRO,0,1252713,0,5938,1246775
2024-01-28,PR,Puerto Rico,AMRO,0,1252713,0,5938,1246775
2024-02-04,PR,Puerto Rico,AMRO,0,1252713,0,5938,1246775
2024-02-11,PR,Puerto Rico,AMRO,0,1252713,0,5938,1246775
2024-02-18,PR,Puerto Rico,AMRO,0,1252713,0,5938,1246775
2024-02-25,PR,Puerto Rico,AMRO,0,1252713,0,5938,1246775
2024-03-03,PR,Puerto Rico,AMRO,0,1252713,0,5938,1246775
2024-03-10,PR,Puerto Rico,AMRO,0,1252713,0,5938,1246775
2024-03-17,PR,Puerto Rico,AMRO,0,1252713,0,5938,1246775
2024-03-24,PR,Puerto Rico,AMRO,0,1252713,0,5938,1246775
2024-03-31,PR,Puerto Rico,AMRO,0,1252713,0,5938,1246775
2024-04-07,PR,Puerto Rico,AMRO,0,1252713,0,5938,1246775
2024-04-14,PR,Puerto Rico,AMRO,0,1252713,0,5938,1246775
2024-04-21,PR,Puerto Rico,AMRO,0,1252713,0,5938,1246775
2024-04-28,PR,Puerto Rico,AMRO,0,1252713,0,5938,1246775
2024-05-05,PR,Puerto Rico,AMRO,0,1252713,0,5938,1246775
2024-05-12,PR,Puerto Rico,AMRO,0,1252713,0,5938,1246775
2024-05-19,PR,Puerto Rico,AMRO,0,1252713,0,5938,1246775
2024-05-26,PR,Puerto Rico,AMRO,0,1252713,0,5938,1246775
2024-06-02,PR,Puerto Rico,AMRO,0,1252713,0,5938,1246775
2024-06-09,PR,Puerto Rico,AMRO,0,1252713,0,5938,1246775
2024-06-16,PR,Puerto Rico,AMRO,0,1252713,0,5938,1246775
2024-06-23,PR,Puerto Rico,AMRO,0,1252713,0,5938,1246775
2024-06-30,PR,Puerto Rico,AMRO,0,1252713,0,5938,1246775
2024-07-07,PR,Puerto Rico,AMRO,0,1252713,0,5938,1246775
2024-07-14,PR,Puerto Rico,AMRO,0,1252713,0,5938,1246775
2024-07-21,PR,Puerto Rico,AMRO,0,1252713,0,5938,1246775
2024-07-28,PR,Puerto Rico,AMRO,0,1252713,0,5938,1246775
2024-08-04,PR,Puerto Rico,AMRO,0,1252713,0,5938,1246775
2024-08-11,PR,Puerto Rico,AMRO,0,1252713,0,5938,1246775
2024-08-18,PR,Puerto Rico,AMRO,0,1252713,0,5938,1246775
2024-08-25,PR,Puerto Rico,AMRO,0,1252713,0,5938,1246775
2024-09-01,PR,Puerto Rico,AMRO,0,1252713,0,5938,1246775
2024-09-08,PR,Puerto Rico,AMRO,0,1252713,0,5938,1246775
2024-09-15,PR,Puerto Rico,AMRO,0,1252713,0,5938,1246775
2024-09-22,PR,Puerto Rico,AMRO,0,1252713,0,5938,1246775
2024-09-29,PR,Puerto Rico,AMRO,0,1252713,0,5938,1246775
2024-10-06,PR,Puerto Rico,AMRO,0,1252713,0,5938,1246775
2024-10-13,PR,Puerto Rico,AMRO,0,1252713,0,5938,1246775
2024-10-20,PR,Puerto Rico,AMRO,0,1252713,0,5938,1246775
2024-10-27,PR,Puerto Rico,AMRO,0,1252713,0,5938,1246775
2024-11-03,PR,Puerto Rico,AMRO,0,1252713,0,5938,1246775
2024-11-10,PR,Puerto Rico,AMRO,0,1252713,0,5938,1246775
2024-11-17,PR,Puerto Rico,AMRO,0,1252713,0,5938,1246775
2020-01-05,QA,Qatar,EMRO,0,0,0,0,0
2020-01-12,QA,Qatar,EMRO,0,0,0,0,0
2020-01-19,QA,Qatar,EMRO,0,0,0,0,0
2020-01-26,QA,Qatar,EMRO,0,0,0,0,0
2020-02-02,QA,Qatar,EMRO,0,0,0,0,0
2020-02-09,QA,Qatar,EMRO,0,0,0,0,0
2020-02-16,QA,Qatar,EMRO,0,0,0,0,0
2020-02-23,QA,Qatar,EMRO,0,0,0,0,0
2020-03-01,QA,Qatar,EMRO,1,1,0,0,1
2020-03-08,QA,Qatar,EMRO,11,12,0,0,12
2020-03-15,QA,Qatar,EMRO,325,337,0,0,337
2020-03-22,QA,Qatar,EMRO,144,481,0,0,481
2020-03-29,QA,Qatar,EMRO,109,590,1,1,589
2020-04-05,QA,Qatar,EMRO,735,1325,2,3,1322
2020-04-12,QA,Qatar,EMRO,1403,2728,3,6,2722
2020-04-19,QA,Qatar,EMRO,2280,5008,2,8,5000
2020-04-26,QA,Qatar,EMRO,4350,9358,2,10,9348
2020-05-03,QA,Qatar,EMRO,5514,14872,2,12,14860
2020-05-10,QA,Qatar,EMRO,6459,21331,1,13,21318
2020-05-17,QA,Qatar,EMRO,9641,30972,2,15,30957
2020-05-24,QA,Qatar,EMRO,11241,42213,6,21,42192
2020-05-31,QA,Qatar,EMRO,13049,55262,15,36,55226
2020-06-07,QA,Qatar,EMRO,11933,67195,15,51,67144
2020-06-14,QA,Qatar,EMRO,11221,78416,19,70,78346
2020-06-21,QA,Qatar,EMRO,8072,86488,24,94,86394
2020-06-28,QA,Qatar,EMRO,7175,93663,16,110,93553
2020-07-05,QA,Qatar,EMRO,5520,99183,13,123,99060
2020-07-12,QA,Qatar,EMRO,3945,103128,23,146,102982
2020-07-19,QA,Qatar,EMRO,3180,106308,8,154,106154
2020-07-26,QA,Qatar,EMRO,2728,109036,10,164,108872
2020-08-02,QA,Qatar,EMRO,1875,110911,10,174,110737
2020-08-09,QA,Qatar,EMRO,1739,112650,8,182,112468
2020-08-16,QA,Qatar,EMRO,2159,114809,10,192,114617
2020-08-23,QA,Qatar,EMRO,1956,116765,1,193,116572
2020-08-30,QA,Qatar,EMRO,1642,118407,3,196,118211
2020-09-06,QA,Qatar,EMRO,1457,119864,6,202,119662
2020-09-13,QA,Qatar,EMRO,1659,121523,3,205,121318
2020-09-20,QA,Qatar,EMRO,1623,123146,4,209,122937
2020-09-27,QA,Qatar,EMRO,1704,124850,5,214,124636
2020-10-04,QA,Qatar,EMRO,1489,126339,2,216,126123
2020-10-11,QA,Qatar,EMRO,1439,127778,3,219,127559
2020-10-18,QA,Qatar,EMRO,1449,129227,4,223,129004
2020-10-25,QA,Qatar,EMRO,1738,130965,6,229,130736
2020-11-01,QA,Qatar,EMRO,1591,132556,3,232,132324
2020-11-08,QA,Qatar,EMRO,1457,134013,0,232,133781
2020-11-15,QA,Qatar,EMRO,1557,135570,2,234,135336
2020-11-22,QA,Qatar,EMRO,1492,137062,1,235,136827
2020-11-29,QA,Qatar,EMRO,1415,138477,2,237,138240
2020-12-06,QA,Qatar,EMRO,1306,139783,2,239,139544
2020-12-13,QA,Qatar,EMRO,1044,140827,1,240,140587
2020-12-20,QA,Qatar,EMRO,1031,141858,3,243,141615
2020-12-27,QA,Qatar,EMRO,1045,142903,1,244,142659
2021-01-03,QA,Qatar,EMRO,1337,144240,1,245,143995
2021-01-10,QA,Qatar,EMRO,1432,145672,1,246,145426
2021-01-17,QA,Qatar,EMRO,1417,147089,0,246,146843
2021-01-24,QA,Qatar,EMRO,1683,148772,2,248,148524
2021-01-31,QA,Qatar,EMRO,2212,150984,0,248,150736
2021-02-07,QA,Qatar,EMRO,2706,153690,2,250,153440
2021-02-14,QA,Qatar,EMRO,3114,156804,5,255,156549
2021-02-21,QA,Qatar,EMRO,3163,159967,1,256,159711
2021-02-28,QA,Qatar,EMRO,3230,163197,1,257,162940
2021-03-07,QA,Qatar,EMRO,3278,166475,5,262,166213
2021-03-14,QA,Qatar,EMRO,3292,169767,3,265,169502
2021-03-21,QA,Qatar,EMRO,3439,173206,7,272,172934
2021-03-28,QA,Qatar,EMRO,3929,177135,12,284,176851
2021-04-04,QA,Qatar,EMRO,5413,182548,17,301,182247
2021-04-11,QA,Qatar,EMRO,6516,189064,30,331,188733
2021-04-18,QA,Qatar,EMRO,6693,195757,45,376,195381
2021-04-25,QA,Qatar,EMRO,5739,201496,42,418,201078
2021-05-02,QA,Qatar,EMRO,4806,206302,47,465,205837
2021-05-09,QA,Qatar,EMRO,4301,210603,37,502,210101
2021-05-16,QA,Qatar,EMRO,2324,212927,24,526,212401
2021-05-23,QA,Qatar,EMRO,2233,215160,17,543,214617
2021-05-30,QA,Qatar,EMRO,1881,217041,11,554,216487
2021-06-06,QA,Qatar,EMRO,1414,218455,12,566,217889
2021-06-13,QA,Qatar,EMRO,1158,219613,10,576,219037
2021-06-20,QA,Qatar,EMRO,1080,220693,6,582,220111
2021-06-27,QA,Qatar,EMRO,897,221590,6,588,221002
2021-07-04,QA,Qatar,EMRO,863,222453,4,592,221861
2021-07-11,QA,Qatar,EMRO,819,223272,7,599,222673
2021-07-18,QA,Qatar,EMRO,888,224160,0,599,223561
2021-07-25,QA,Qatar,EMRO,912,225072,1,600,224472
2021-08-01,QA,Qatar,EMRO,1167,226239,1,601,225638
2021-08-08,QA,Qatar,EMRO,1233,227472,0,601,226871
2021-08-15,QA,Qatar,EMRO,1509,228981,0,601,228380
2021-08-22,QA,Qatar,EMRO,1651,230632,0,601,230031
2021-08-29,QA,Qatar,EMRO,1555,232187,1,602,231585
2021-09-05,QA,Qatar,EMRO,1250,233437,0,602,232835
2021-09-12,QA,Qatar,EMRO,1072,234509,2,604,233905
2021-09-19,QA,Qatar,EMRO,877,235386,0,604,234782
2021-09-26,QA,Qatar,EMRO,845,236231,0,604,235627
2021-10-03,QA,Qatar,EMRO,603,236834,2,606,236228
2021-10-10,QA,Qatar,EMRO,525,237359,1,607,236752
2021-10-17,QA,Qatar,EMRO,508,237867,1,608,237259
2021-10-24,QA,Qatar,EMRO,569,238436,0,608,237828
2021-10-31,QA,Qatar,EMRO,707,239143,2,610,238533
2021-11-07,QA,Qatar,EMRO,852,239995,1,611,239384
2021-11-14,QA,Qatar,EMRO,970,240965,0,611,240354
2021-11-21,QA,Qatar,EMRO,1004,241969,0,611,241358
2021-11-28,QA,Qatar,EMRO,1010,242979,0,611,242368
2021-12-05,QA,Qatar,EMRO,1092,244071,0,611,243460
2021-12-12,QA,Qatar,EMRO,1117,245188,1,612,244576
2021-12-19,QA,Qatar,EMRO,1179,246367,2,614,245753
2021-12-26,QA,Qatar,EMRO,1429,247796,0,614,247182
2022-01-02,QA,Qatar,EMRO,3565,251361,4,618,250743
2022-01-09,QA,Qatar,EMRO,15601,266962,0,618,266344
2022-01-16,QA,Qatar,EMRO,28259,295221,6,624,294597
2022-01-23,QA,Qatar,EMRO,25143,320364,9,633,319731
2022-01-30,QA,Qatar,EMRO,15717,336081,12,645,335436
2022-02-06,QA,Qatar,EMRO,8630,344711,7,652,344059
2022-02-13,QA,Qatar,EMRO,5477,350188,4,656,349532
2022-02-20,QA,Qatar,EMRO,3592,353780,6,662,353118
2022-02-27,QA,Qatar,EMRO,2583,356363,5,667,355696
2022-03-06,QA,Qatar,EMRO,1720,358083,3,670,357413
2022-03-13,QA,Qatar,EMRO,945,359028,5,675,358353
2022-03-20,QA,Qatar,EMRO,778,359806,2,677,359129
2022-03-27,QA,Qatar,EMRO,898,360704,0,677,360027
2022-04-03,QA,Qatar,EMRO,963,361667,0,677,360990
2022-04-10,QA,Qatar,EMRO,956,362623,0,677,361946
2022-04-17,QA,Qatar,EMRO,820,363443,0,677,362766
2022-04-24,QA,Qatar,EMRO,646,364089,0,677,363412
2022-05-01,QA,Qatar,EMRO,513,364602,0,677,363925
2022-05-08,QA,Qatar,EMRO,456,365058,0,677,364381
2022-05-15,QA,Qatar,EMRO,976,366034,0,677,365357
2022-05-22,QA,Qatar,EMRO,918,366952,0,677,366275
2022-05-29,QA,Qatar,EMRO,1135,368087,0,677,367410
2022-06-05,QA,Qatar,EMRO,1549,369636,0,677,368959
2022-06-12,QA,Qatar,EMRO,2210,371846,0,677,371169
2022-06-19,QA,Qatar,EMRO,3077,374923,1,678,374245
2022-06-26,QA,Qatar,EMRO,4354,379277,0,678,378599
2022-07-03,QA,Qatar,EMRO,4530,383807,1,679,383128
2022-07-10,QA,Qatar,EMRO,4574,388381,0,679,387702
2022-07-17,QA,Qatar,EMRO,5453,393834,1,680,393154
2022-07-24,QA,Qatar,EMRO,7488,401322,0,680,400642
2022-07-31,QA,Qatar,EMRO,6427,407749,1,681,407068
2022-08-07,QA,Qatar,EMRO,5740,413489,0,681,412808
2022-08-14,QA,Qatar,EMRO,5133,418622,0,681,417941
2022-08-21,QA,Qatar,EMRO,4496,423118,0,681,422437
2022-08-28,QA,Qatar,EMRO,3883,427001,0,681,426320
2022-09-04,QA,Qatar,EMRO,3944,430945,0,681,430264
2022-09-11,QA,Qatar,EMRO,4247,435192,1,682,434510
2022-09-18,QA,Qatar,EMRO,5388,440580,0,682,439898
2022-09-25,QA,Qatar,EMRO,5697,446277,0,682,445595
2022-10-02,QA,Qatar,EMRO,5398,451675,0,682,450993
2022-10-09,QA,Qatar,EMRO,5144,456819,0,682,456137
2022-10-16,QA,Qatar,EMRO,4579,461398,0,682,460716
2022-10-23,QA,Qatar,EMRO,3732,465130,2,684,464446
2022-10-30,QA,Qatar,EMRO,3172,468302,0,684,467618
2022-11-06,QA,Qatar,EMRO,2702,471004,0,684,470320
2022-11-13,QA,Qatar,EMRO,2436,473440,0,684,472756
2022-11-20,QA,Qatar,EMRO,2186,475626,0,684,474942
2022-11-27,QA,Qatar,EMRO,1794,477420,1,685,476735
2022-12-04,QA,Qatar,EMRO,2679,480099,0,685,479414
2022-12-11,QA,Qatar,EMRO,3722,483821,0,685,483136
2022-12-18,QA,Qatar,EMRO,2406,486227,0,685,485542
2022-12-25,QA,Qatar,EMRO,1760,487987,0,685,487302
2023-01-01,QA,Qatar,EMRO,1441,489428,0,685,488743
2023-01-08,QA,Qatar,EMRO,1065,490493,0,685,489808
2023-01-15,QA,Qatar,EMRO,811,491304,0,685,490619
2023-01-22,QA,Qatar,EMRO,606,491910,1,686,491224
2023-01-29,QA,Qatar,EMRO,344,492254,0,686,491568
2023-02-05,QA,Qatar,EMRO,341,492595,0,686,491909
2023-02-12,QA,Qatar,EMRO,330,492925,0,686,492239
2023-02-19,QA,Qatar,EMRO,427,493352,0,686,492666
2023-02-26,QA,Qatar,EMRO,372,493724,0,686,493038
2023-03-05,QA,Qatar,EMRO,653,494377,1,687,493690
2023-03-12,QA,Qatar,EMRO,713,495090,1,688,494402
2023-03-19,QA,Qatar,EMRO,766,495856,0,688,495168
2023-03-26,QA,Qatar,EMRO,2056,497912,0,688,497224
2023-04-02,QA,Qatar,EMRO,1939,499851,0,688,499163
2023-04-09,QA,Qatar,EMRO,2257,502108,0,688,501420
2023-04-16,QA,Qatar,EMRO,2744,504852,2,690,504162
2023-04-23,QA,Qatar,EMRO,1471,506323,0,690,505633
2023-04-30,QA,Qatar,EMRO,1684,508007,0,690,507317
2023-05-07,QA,Qatar,EMRO,1433,509440,0,690,508750
2023-05-14,QA,Qatar,EMRO,1539,510979,0,690,510289
2023-05-21,QA,Qatar,EMRO,953,511932,0,690,511242
2023-05-28,QA,Qatar,EMRO,1183,513115,0,690,512425
2023-06-04,QA,Qatar,EMRO,465,513580,0,690,512890
2023-06-11,QA,Qatar,EMRO,465,514045,0,690,513355
2023-06-18,QA,Qatar,EMRO,291,514336,0,690,513646
2023-06-25,QA,Qatar,EMRO,188,514524,0,690,513834
2023-07-02,QA,Qatar,EMRO,0,514524,0,690,513834
2023-07-09,QA,Qatar,EMRO,0,514524,0,690,513834
2023-07-16,QA,Qatar,EMRO,0,514524,0,690,513834
2023-07-23,QA,Qatar,EMRO,0,514524,0,690,513834
2023-07-30,QA,Qatar,EMRO,0,514524,0,690,513834
2023-08-06,QA,Qatar,EMRO,0,514524,0,690,513834
2023-08-13,QA,Qatar,EMRO,0,514524,0,690,513834
2023-08-20,QA,Qatar,EMRO,0,514524,0,690,513834
2023-08-27,QA,Qatar,EMRO,0,514524,0,690,513834
2023-09-03,QA,Qatar,EMRO,0,514524,0,690,513834
2023-09-10,QA,Qatar,EMRO,0,514524,0,690,513834
2023-09-17,QA,Qatar,EMRO,0,514524,0,690,513834
2023-09-24,QA,Qatar,EMRO,0,514524,0,690,513834
2023-10-01,QA,Qatar,EMRO,0,514524,0,690,513834
2023-10-08,QA,Qatar,EMRO,0,514524,0,690,513834
2023-10-15,QA,Qatar,EMRO,0,514524,0,690,513834
2023-10-22,QA,Qatar,EMRO,0,514524,0,690,513834
2023-10-29,QA,Qatar,EMRO,0,514524,0,690,513834
2023-11-05,QA,Qatar,EMRO,0,514524,0,690,513834
2023-11-12,QA,Qatar,EMRO,0,514524,0,690,513834
2023-11-19,QA,Qatar,EMRO,0,514524,0,690,513834
2023-11-26,QA,Qatar,EMRO,0,514524,0,690,513834
2023-12-03,QA,Qatar,EMRO,0,514524,0,690,513834
2023-12-10,QA,Qatar,EMRO,0,514524,0,690,513834
2023-12-17,QA,Qatar,EMRO,0,514524,0,690,513834
2023-12-24,QA,Qatar,EMRO,0,514524,0,690,513834
2023-12-31,QA,Qatar,EMRO,0,514524,0,690,513834
2024-01-07,QA,Qatar,EMRO,0,514524,0,690,513834
2024-01-14,QA,Qatar,EMRO,0,514524,0,690,513834
2024-01-21,QA,Qatar,EMRO,0,514524,0,690,513834
2024-01-28,QA,Qatar,EMRO,0,514524,0,690,513834
2024-02-04,QA,Qatar,EMRO,0,514524,0,690,513834
2024-02-11,QA,Qatar,EMRO,0,514524,0,690,513834
2024-02-18,QA,Qatar,EMRO,0,514524,0,690,513834
2024-02-25,QA,Qatar,EMRO,0,514524,0,690,513834
2024-03-03,QA,Qatar,EMRO,0,514524,0,690,513834
2024-03-10,QA,Qatar,EMRO,0,514524,0,690,513834
2024-03-17,QA,Qatar,EMRO,0,514524,0,690,513834
2024-03-24,QA,Qatar,EMRO,0,514524,0,690,513834
2024-03-31,QA,Qatar,EMRO,0,514524,0,690,513834
2024-04-07,QA,Qatar,EMRO,0,514524,0,690,513834
2024-04-14,QA,Qatar,EMRO,0,514524,0,690,513834
2024-04-21,QA,Qatar,EMRO,0,514524,0,690,513834
2024-04-28,QA,Qatar,EMRO,0,514524,0,690,513834
2024-05-05,QA,Qatar,EMRO,0,514524,0,690,513834
2024-05-12,QA,Qatar,EMRO,0,514524,0,690,513834
2024-05-19,QA,Qatar,EMRO,0,514524,0,690,513834
2024-05-26,QA,Qatar,EMRO,0,514524,0,690,513834
2024-06-02,QA,Qatar,EMRO,0,514524,0,690,513834
2024-06-09,QA,Qatar,EMRO,0,514524,0,690,513834
2024-06-16,QA,Qatar,EMRO,0,514524,0,690,513834
2024-06-23,QA,Qatar,EMRO,0,514524,0,690,513834
2024-06-30,QA,Qatar,EMRO,0,514524,0,690,513834
2024-07-07,QA,Qatar,EMRO,0,514524,0,690,513834
2024-07-14,QA,Qatar,EMRO,0,514524,0,690,513834
2024-07-21,QA,Qatar,EMRO,0,514524,0,690,513834
2024-07-28,QA,Qatar,EMRO,0,514524,0,690,513834
2024-08-04,QA,Qatar,EMRO,0,514524,0,690,513834
2024-08-11,QA,Qatar,EMRO,0,514524,0,690,513834
2024-08-18,QA,Qatar,EMRO,0,514524,0,690,513834
2024-08-25,QA,Qatar,EMRO,0,514524,0,690,513834
2024-09-01,QA,Qatar,EMRO,0,514524,0,690,513834
2024-09-08,QA,Qatar,EMRO,0,514524,0,690,513834
2024-09-15,QA,Qatar,EMRO,0,514524,0,690,513834
2024-09-22,QA,Qatar,EMRO,0,514524,0,690,513834
2024-09-29,QA,Qatar,EMRO,0,514524,0,690,513834
2024-10-06,QA,Qatar,EMRO,0,514524,0,690,513834
2024-10-13,QA,Qatar,EMRO,0,514524,0,690,513834
2024-10-20,QA,Qatar,EMRO,0,514524,0,690,513834
2024-10-27,QA,Qatar,EMRO,0,514524,0,690,513834
2024-11-03,QA,Qatar,EMRO,0,514524,0,690,513834
2024-11-10,QA,Qatar,EMRO,0,514524,0,690,513834
2024-11-17,QA,Qatar,EMRO,0,514524,0,690,513834
2020-01-05,KR,Republic of Korea,WPRO,0,0,0,0,0
2020-01-12,KR,Republic of Korea,WPRO,0,0,0,0,0
2020-01-19,KR,Republic of Korea,WPRO,1,1,0,0,1
2020-01-26,KR,Republic of Korea,WPRO,2,3,0,0,3
2020-02-02,KR,Republic of Korea,WPRO,12,15,0,0,15
2020-02-09,KR,Republic of Korea,WPRO,12,27,0,0,27
2020-02-16,KR,Republic of Korea,WPRO,3,30,0,0,30
2020-02-23,KR,Republic of Korea,WPRO,526,556,3,3,553
2020-03-01,KR,Republic of Korea,WPRO,2970,3526,14,17,3509
2020-03-08,KR,Republic of Korea,WPRO,3608,7134,33,50,7084
2020-03-15,KR,Republic of Korea,WPRO,1028,8162,25,75,8087
2020-03-22,KR,Republic of Korea,WPRO,735,8897,29,104,8793
2020-03-29,KR,Republic of Korea,WPRO,686,9583,48,152,9431
2020-04-05,KR,Republic of Korea,WPRO,654,10237,31,183,10054
2020-04-12,KR,Republic of Korea,WPRO,275,10512,31,214,10298
2020-04-19,KR,Republic of Korea,WPRO,149,10661,20,234,10427
2020-04-26,KR,Republic of Korea,WPRO,67,10728,8,242,10486
2020-05-03,KR,Republic of Korea,WPRO,65,10793,8,250,10543
2020-05-10,KR,Republic of Korea,WPRO,81,10874,6,256,10618
2020-05-17,KR,Republic of Korea,WPRO,176,11050,6,262,10788
2020-05-24,KR,Republic of Korea,WPRO,140,11190,4,266,10924
2020-05-31,KR,Republic of Korea,WPRO,278,11468,4,270,11198
2020-06-07,KR,Republic of Korea,WPRO,308,11776,3,273,11503
2020-06-14,KR,Republic of Korea,WPRO,308,12084,4,277,11807
2020-06-21,KR,Republic of Korea,WPRO,337,12421,3,280,12141
2020-06-28,KR,Republic of Korea,WPRO,294,12715,2,282,12433
2020-07-05,KR,Republic of Korea,WPRO,374,13089,1,283,12806
2020-07-12,KR,Republic of Korea,WPRO,328,13417,6,289,13128
2020-07-19,KR,Republic of Korea,WPRO,328,13745,6,295,13450
2020-07-26,KR,Republic of Korea,WPRO,405,14150,3,298,13852
2020-08-02,KR,Republic of Korea,WPRO,216,14366,3,301,14065
2020-08-09,KR,Republic of Korea,WPRO,232,14598,4,305,14293
2020-08-16,KR,Republic of Korea,WPRO,720,15318,0,305,15013
2020-08-23,KR,Republic of Korea,WPRO,2081,17399,4,309,17090
2020-08-30,KR,Republic of Korea,WPRO,2300,19699,14,323,19376
2020-09-06,KR,Republic of Korea,WPRO,1478,21177,11,334,20843
2020-09-13,KR,Republic of Korea,WPRO,999,22176,24,358,21818
2020-09-20,KR,Republic of Korea,WPRO,799,22975,25,383,22592
2020-09-27,KR,Republic of Korea,WPRO,636,23611,18,401,23210
2020-10-04,KR,Republic of Korea,WPRO,480,24091,20,421,23670
2020-10-11,KR,Republic of Korea,WPRO,515,24606,11,432,24174
2020-10-18,KR,Republic of Korea,WPRO,593,25199,12,444,24755
2020-10-25,KR,Republic of Korea,WPRO,637,25836,13,457,25379
2020-11-01,KR,Republic of Korea,WPRO,799,26635,9,466,26169
2020-11-08,KR,Republic of Korea,WPRO,791,27426,12,478,26948
2020-11-15,KR,Republic of Korea,WPRO,1118,28544,15,493,28051
2020-11-22,KR,Republic of Korea,WPRO,2126,30670,12,505,30165
2020-11-29,KR,Republic of Korea,WPRO,3091,33761,18,523,33238
2020-12-06,KR,Republic of Korea,WPRO,3776,37537,22,545,36992
2020-12-13,KR,Republic of Korea,WPRO,5221,42758,35,580,42178
2020-12-20,KR,Republic of Korea,WPRO,6896,49654,94,674,48980
2020-12-27,KR,Republic of Korea,WPRO,7201,56855,134,808,56047
2021-01-03,KR,Republic of Korea,WPRO,7396,64251,154,962,63289
2021-01-10,KR,Republic of Korea,WPRO,4844,69095,163,1125,67970
2021-01-17,KR,Republic of Korea,WPRO,3623,72718,124,1249,71469
2021-01-24,KR,Republic of Korea,WPRO,2796,75514,100,1349,74165
2021-01-31,KR,Republic of Korea,WPRO,2989,78503,71,1420,77083
2021-02-07,KR,Republic of Korea,WPRO,2673,81176,51,1471,79705
2021-02-14,KR,Republic of Korea,WPRO,2685,83861,51,1522,82339
2021-02-21,KR,Republic of Korea,WPRO,3456,87317,35,1557,85760
2021-02-28,KR,Republic of Korea,WPRO,2703,90020,46,1603,88417
2021-03-07,KR,Republic of Korea,WPRO,2790,92810,31,1634,91176
2021-03-14,KR,Republic of Korea,WPRO,3197,96007,35,1669,94338
2021-03-21,KR,Republic of Korea,WPRO,3058,99065,27,1696,97369
2021-03-28,KR,Republic of Korea,WPRO,3062,102127,26,1722,100405
2021-04-04,KR,Republic of Korea,WPRO,3620,105747,22,1744,104003
2021-04-11,KR,Republic of Korea,WPRO,4394,110141,24,1768,108373
2021-04-18,KR,Republic of Korea,WPRO,4505,114646,29,1797,112849
2021-04-25,KR,Republic of Korea,WPRO,4732,119378,16,1813,117565
2021-05-02,KR,Republic of Korea,WPRO,4342,123720,21,1834,121886
2021-05-09,KR,Republic of Korea,WPRO,4044,127764,41,1875,125889
2021-05-16,KR,Republic of Korea,WPRO,4516,132280,28,1903,130377
2021-05-23,KR,Republic of Korea,WPRO,4178,136458,31,1934,134524
2021-05-30,KR,Republic of Korea,WPRO,3880,140338,25,1959,138379
2021-06-06,KR,Republic of Korea,WPRO,4297,144635,15,1974,142661
2021-06-13,KR,Republic of Korea,WPRO,3638,148273,14,1988,146285
2021-06-20,KR,Republic of Korea,WPRO,3233,151506,16,2004,149502
2021-06-27,KR,Republic of Korea,WPRO,4066,155572,11,2015,153557
2021-07-04,KR,Republic of Korea,WPRO,5223,160795,13,2028,158767
2021-07-11,KR,Republic of Korea,WPRO,8351,169146,16,2044,167102
2021-07-18,KR,Republic of Korea,WPRO,10057,179203,14,2058,177145
2021-07-25,KR,Republic of Korea,WPRO,10963,190166,19,2077,188089
2021-08-01,KR,Republic of Korea,WPRO,10835,201001,22,2099,198902
2021-08-08,KR,Republic of Korea,WPRO,11446,212447,26,2125,210322
2021-08-15,KR,Republic of Korea,WPRO,13034,225481,42,2167,223314
2021-08-22,KR,Republic of Korea,WPRO,12297,237778,55,2222,235556
2021-08-29,KR,Republic of Korea,WPRO,12271,250049,62,2284,247765
2021-09-05,KR,Republic of Korea,WPRO,11728,261777,43,2327,259450
2021-09-12,KR,Republic of Korea,WPRO,12636,274413,33,2360,272053
2021-09-19,KR,Republic of Korea,WPRO,13121,287534,49,2409,285125
2021-09-26,KR,Republic of Korea,WPRO,16019,303553,47,2456,301097
2021-10-03,KR,Republic of Korea,WPRO,16224,319777,57,2513,317264
2021-10-10,KR,Republic of Korea,WPRO,13039,332816,70,2583,330233
2021-10-17,KR,Republic of Korea,WPRO,10629,343445,85,2668,340777
2021-10-24,KR,Republic of Korea,WPRO,9644,353089,105,2773,350316
2021-10-31,KR,Republic of Korea,WPRO,13296,366385,86,2859,363526
2021-11-07,KR,Republic of Korea,WPRO,15307,381692,121,2980,378712
2021-11-14,KR,Republic of Korea,WPRO,15774,397466,135,3115,394351
2021-11-21,KR,Republic of Korea,WPRO,20785,418251,183,3298,414953
2021-11-28,KR,Republic of Korea,WPRO,25947,444198,282,3580,440618
2021-12-05,KR,Republic of Korea,WPRO,33158,477356,313,3893,473463
2021-12-12,KR,Republic of Korea,WPRO,45729,523085,400,4293,518792
2021-12-19,KR,Republic of Korea,WPRO,47328,570413,483,4776,565637
2021-12-26,KR,Republic of Korea,WPRO,41254,611667,524,5300,606367
2022-01-02,KR,Republic of Korea,WPRO,30535,642202,430,5730,636472
2022-01-09,KR,Republic of Korea,WPRO,25184,667386,341,6071,661315
2022-01-16,KR,Republic of Korea,WPRO,28644,696030,262,6333,689697
2022-01-23,KR,Republic of Korea,WPRO,45378,741408,232,6565,734843
2022-01-30,KR,Republic of Korea,WPRO,104291,845699,190,6755,838944
2022-02-06,KR,Republic of Korea,WPRO,199263,1044962,131,6886,1038076
2022-02-13,KR,Republic of Korea,WPRO,360282,1405244,216,7102,1398142
2022-02-20,KR,Republic of Korea,WPRO,652917,2058161,348,7450,2050711
2022-02-27,KR,Republic of Korea,WPRO,1076295,3134456,608,8058,3126398
2022-03-06,KR,Republic of Korea,WPRO,1532514,4666970,1038,9096,4657874
2022-03-13,KR,Republic of Korea,WPRO,2199242,6866212,1499,10595,6855617
2022-03-20,KR,Republic of Korea,WPRO,2716348,9582560,2162,12757,9569803
2022-03-27,KR,Republic of Korea,WPRO,2420314,12002874,2429,15186,11987688
2022-04-03,KR,Republic of Korea,WPRO,1998392,14001266,2267,17453,13983813
2022-04-10,KR,Republic of Korea,WPRO,1423253,15424519,2226,19679,15404840
2022-04-17,KR,Republic of Korea,WPRO,928917,16353436,1545,21224,16332212
2022-04-24,KR,Republic of Korea,WPRO,576068,16929504,1019,22243,16907261
2022-05-01,KR,Republic of Korea,WPRO,366118,17295622,715,22958,17272664
2022-05-08,KR,Republic of Korea,WPRO,269340,17564962,442,23400,17541562
2022-05-15,KR,Republic of Korea,WPRO,230350,17795312,344,23744,17771568
2022-05-22,KR,Republic of Korea,WPRO,172329,17967641,243,23987,17943654
2022-05-29,KR,Republic of Korea,WPRO,118806,18086447,180,24167,18062280
2022-06-05,KR,Republic of Korea,WPRO,82261,18168708,132,24299,18144409
2022-06-12,KR,Republic of Korea,WPRO,60570,18229278,91,24390,18204888
2022-06-19,KR,Republic of Korea,WPRO,50785,18280063,73,24463,18255600
2022-06-26,KR,Republic of Korea,WPRO,49360,18329423,67,24530,18304893
2022-07-03,KR,Republic of Korea,WPRO,60188,18389611,46,24576,18365035
2022-07-10,KR,Republic of Korea,WPRO,122234,18511845,92,24668,18487177
2022-07-17,KR,Republic of Korea,WPRO,249912,18761757,97,24765,18736992
2022-07-24,KR,Republic of Korea,WPRO,449856,19211613,142,24907,19186706
2022-07-31,KR,Republic of Korea,WPRO,564437,19776050,177,25084,19750966
2022-08-07,KR,Republic of Korea,WPRO,713078,20489128,248,25332,20463796
2022-08-14,KR,Republic of Korea,WPRO,866830,21355958,378,25710,21330248
2022-08-21,KR,Republic of Korea,WPRO,884373,22240331,451,26161,22214170
2022-08-28,KR,Republic of Korea,WPRO,743487,22983818,528,26689,22957129
2022-09-04,KR,Republic of Korea,WPRO,585374,23569192,504,27193,23541999
2022-09-11,KR,Republic of Korea,WPRO,435695,24004887,340,27533,23977354
2022-09-18,KR,Republic of Korea,WPRO,389579,24394466,358,27891,24366575
2022-09-25,KR,Republic of Korea,WPRO,225662,24620128,381,28272,24591856
2022-10-02,KR,Republic of Korea,WPRO,199483,24819611,256,28528,24791083
2022-10-09,KR,Republic of Korea,WPRO,151178,24970789,180,28708,24942081
2022-10-16,KR,Republic of Korea,WPRO,149676,25120465,148,28856,25091609
2022-10-23,KR,Republic of Korea,WPRO,176869,25297334,161,29017,25268317
2022-10-30,KR,Republic of Korea,WPRO,241465,25538799,213,29230,25509569
2022-11-06,KR,Republic of Korea,WPRO,299440,25838239,190,29420,25808819
2022-11-13,KR,Republic of Korea,WPRO,355990,26194229,328,29748,26164481
2022-11-20,KR,Republic of Korea,WPRO,364536,26558765,363,30111,26528654
2022-11-27,KR,Republic of Korea,WPRO,378751,26937516,343,30454,26907062
2022-12-04,KR,Republic of Korea,WPRO,370574,27308090,339,30793,27277297
2022-12-11,KR,Republic of Korea,WPRO,420392,27728482,335,31128,27697354
2022-12-18,KR,Republic of Korea,WPRO,459811,28188293,362,31490,28156803
2022-12-25,KR,Republic of Korea,WPRO,470762,28659055,392,31882,28627173
2023-01-01,KR,Republic of Korea,WPRO,457745,29116800,419,32301,29084499
2023-01-08,KR,Republic of Korea,WPRO,403800,29520600,195,32496,29488104
2023-01-15,KR,Republic of Korea,WPRO,286291,29806891,0,32496,29774395
2023-01-22,KR,Republic of Korea,WPRO,192638,29999529,0,32496,29967033
2023-01-29,KR,Republic of Korea,WPRO,150072,30149601,0,32496,30117105
2023-02-05,KR,Republic of Korea,WPRO,107810,30257411,1118,33614,30223797
2023-02-12,KR,Republic of Korea,WPRO,92788,30350199,133,33747,30316452
2023-02-19,KR,Republic of Korea,WPRO,79372,30429571,118,33865,30395706
2023-02-26,KR,Republic of Korea,WPRO,69307,30498878,96,33961,30464917
2023-03-05,KR,Republic of Korea,WPRO,66037,30564915,73,34034,30530881
2023-03-12,KR,Republic of Korea,WPRO,69816,30634731,81,34115,30600616
2023-03-19,KR,Republic of Korea,WPRO,64299,30699030,56,34171,30664859
2023-03-26,KR,Republic of Korea,WPRO,70226,30769256,52,34223,30735033
2023-04-02,KR,Republic of Korea,WPRO,71121,30840377,58,34281,30806096
2023-04-09,KR,Republic of Korea,WPRO,73678,30914055,51,34332,30879723
2023-04-16,KR,Republic of Korea,WPRO,75087,30989142,44,34376,30954766
2023-04-23,KR,Republic of Korea,WPRO,89417,31078559,51,34427,31044132
2023-04-30,KR,Republic of Korea,WPRO,92327,31170886,60,34487,31136399
2023-05-07,KR,Republic of Korea,WPRO,106860,31277746,47,34534,31243212
2023-05-14,KR,Republic of Korea,WPRO,130356,31408102,76,34610,31373492
2023-05-21,KR,Republic of Korea,WPRO,133183,31541285,77,34687,31506598
2023-05-28,KR,Republic of Korea,WPRO,105688,31646973,67,34754,31612219
2023-06-04,KR,Republic of Korea,WPRO,100866,31747839,73,34827,31713012
2023-06-11,KR,Republic of Korea,WPRO,135758,31883597,66,34893,31848704
2023-06-18,KR,Republic of Korea,WPRO,21070,31904667,67,34960,31869707
2023-06-25,KR,Republic of Korea,WPRO,113819,32018486,57,35017,31983469
2023-07-02,KR,Republic of Korea,WPRO,113120,32131606,0,35017,32096589
2023-07-09,KR,Republic of Korea,WPRO,124548,32256154,54,35071,32221083
2023-07-16,KR,Republic of Korea,WPRO,150444,32406598,0,35071,32371527
2023-07-23,KR,Republic of Korea,WPRO,204911,32611509,88,35159,32576350
2023-07-30,KR,Republic of Korea,WPRO,271581,32883090,57,35216,32847874
2023-08-06,KR,Republic of Korea,WPRO,651129,33534219,195,35411,33498808
2023-08-13,KR,Republic of Korea,WPRO,81573,33615792,0,35411,33580381
2023-08-20,KR,Republic of Korea,WPRO,281745,33897537,146,35557,33861980
2023-08-27,KR,Republic of Korea,WPRO,282263,34179800,255,35812,34143988
2023-09-03,KR,Republic of Korea,WPRO,256742,34436542,0,35812,34400730
2023-09-10,KR,Republic of Korea,WPRO,135331,34571873,122,35934,34535939
2023-09-17,KR,Republic of Korea,WPRO,0,34571873,0,35934,34535939
2023-09-24,KR,Republic of Korea,WPRO,0,34571873,0,35934,34535939
2023-10-01,KR,Republic of Korea,WPRO,0,34571873,0,35934,34535939
2023-10-08,KR,Republic of Korea,WPRO,0,34571873,0,35934,34535939
2023-10-15,KR,Republic of Korea,WPRO,0,34571873,0,35934,34535939
2023-10-22,KR,Republic of Korea,WPRO,0,34571873,0,35934,34535939
2023-10-29,KR,Republic of Korea,WPRO,0,34571873,0,35934,34535939
2023-11-05,KR,Republic of Korea,WPRO,0,34571873,0,35934,34535939
2023-11-12,KR,Republic of Korea,WPRO,0,34571873,0,35934,34535939
2023-11-19,KR,Republic of Korea,WPRO,0,34571873,0,35934,34535939
2023-11-26,KR,Republic of Korea,WPRO,0,34571873,0,35934,34535939
2023-12-03,KR,Republic of Korea,WPRO,0,34571873,0,35934,34535939
2023-12-10,KR,Republic of Korea,WPRO,0,34571873,0,35934,34535939
2023-12-17,KR,Republic of Korea,WPRO,0,34571873,0,35934,34535939
2023-12-24,KR,Republic of Korea,WPRO,0,34571873,0,35934,34535939
2023-12-31,KR,Republic of Korea,WPRO,0,34571873,0,35934,34535939
2024-01-07,KR,Republic of Korea,WPRO,0,34571873,0,35934,34535939
2024-01-14,KR,Republic of Korea,WPRO,0,34571873,0,35934,34535939
2024-01-21,KR,Republic of Korea,WPRO,0,34571873,0,35934,34535939
2024-01-28,KR,Republic of Korea,WPRO,0,34571873,0,35934,34535939
2024-02-04,KR,Republic of Korea,WPRO,0,34571873,0,35934,34535939
2024-02-11,KR,Republic of Korea,WPRO,0,34571873,0,35934,34535939
2024-02-18,KR,Republic of Korea,WPRO,0,34571873,0,35934,34535939
2024-02-25,KR,Republic of Korea,WPRO,0,34571873,0,35934,34535939
2024-03-03,KR,Republic of Korea,WPRO,0,34571873,0,35934,34535939
2024-03-10,KR,Republic of Korea,WPRO,0,34571873,0,35934,34535939
2024-03-17,KR,Republic of Korea,WPRO,0,34571873,0,35934,34535939
2024-03-24,KR,Republic of Korea,WPRO,0,34571873,0,35934,34535939
2024-03-31,KR,Republic of Korea,WPRO,0,34571873,0,35934,34535939
2024-04-07,KR,Republic of Korea,WPRO,0,34571873,0,35934,34535939
2024-04-14,KR,Republic of Korea,WPRO,0,34571873,0,35934,34535939
2024-04-21,KR,Republic of Korea,WPRO,0,34571873,0,35934,34535939
2024-04-28,KR,Republic of Korea,WPRO,0,34571873,0,35934,34535939
2024-05-05,KR,Republic of Korea,WPRO,0,34571873,0,35934,34535939
2024-05-12,KR,Republic of Korea,WPRO,0,34571873,0,35934,34535939
2024-05-19,KR,Republic of Korea,WPRO,0,34571873,0,35934,34535939
2024-05-26,KR,Republic of Korea,WPRO,0,34571873,0,35934,34535939
2024-06-02,KR,Republic of Korea,WPRO,0,34571873,0,35934,34535939
2024-06-09,KR,Republic of Korea,WPRO,0,34571873,0,35934,34535939
2024-06-16,KR,Republic of Korea,WPRO,0,34571873,0,35934,34535939
2024-06-23,KR,Republic of Korea,WPRO,0,34571873,0,35934,34535939
2024-06-30,KR,Republic of Korea,WPRO,0,34571873,0,35934,34535939
2024-07-07,KR,Republic of Korea,WPRO,0,34571873,0,35934,34535939
2024-07-14,KR,Republic of Korea,WPRO,0,34571873,0,35934,34535939
2024-07-21,KR,Republic of Korea,WPRO,0,34571873,0,35934,34535939
2024-07-28,KR,Republic of Korea,WPRO,0,34571873,0,35934,34535939
2024-08-04,KR,Republic of Korea,WPRO,0,34571873,0,35934,34535939
2024-08-11,KR,Republic of Korea,WPRO,0,34571873,0,35934,34535939
2024-08-18,KR,Republic of Korea,WPRO,0,34571873,0,35934,34535939
2024-08-25,KR,Republic of Korea,WPRO,0,34571873,0,35934,34535939
2024-09-01,KR,Republic of Korea,WPRO,0,34571873,0,35934,34535939
2024-09-08,KR,Republic of Korea,WPRO,0,34571873,0,35934,34535939
2024-09-15,KR,Republic of Korea,WPRO,0,34571873,0,35934,34535939
2024-09-22,KR,Republic of Korea,WPRO,0,34571873,0,35934,34535939
2024-09-29,KR,Republic of Korea,WPRO,0,34571873,0,35934,34535939
2024-10-06,KR,Republic of Korea,WPRO,0,34571873,0,35934,34535939
2024-10-13,KR,Republic of Korea,WPRO,0,34571873,0,35934,34535939
2024-10-20,KR,Republic of Korea,WPRO,0,34571873,0,35934,34535939
2024-10-27,KR,Republic of Korea,WPRO,0,34571873,0,35934,34535939
2024-11-03,KR,Republic of Korea,WPRO,0,34571873,0,35934,34535939
2024-11-10,KR,Republic of Korea,WPRO,0,34571873,0,35934,34535939
2024-11-17,KR,Republic of Korea,WPRO,0,34571873,0,35934,34535939
2020-01-05,MD,Republic of Moldova,EURO,0,0,0,0,0
2020-01-12,MD,Republic of Moldova,EURO,0,0,0,0,0
2020-01-19,MD,Republic of Moldova,EURO,0,0,0,0,0
2020-01-26,MD,Republic of Moldova,EURO,0,0,0,0,0
2020-02-02,MD,Republic of Moldova,EURO,0,0,0,0,0
2020-02-09,MD,Republic of Moldova,EURO,0,0,0,0,0
2020-02-16,MD,Republic of Moldova,EURO,0,0,0,0,0
2020-02-23,MD,Republic of Moldova,EURO,0,0,0,0,0
2020-03-01,MD,Republic of Moldova,EURO,0,0,0,0,0
2020-03-08,MD,Republic of Moldova,EURO,1,1,0,0,1
2020-03-15,MD,Republic of Moldova,EURO,7,8,0,0,8
2020-03-22,MD,Republic of Moldova,EURO,72,80,1,1,79
2020-03-29,MD,Republic of Moldova,EURO,151,231,1,2,229
2020-04-05,MD,Republic of Moldova,EURO,521,752,10,12,740
2020-04-12,MD,Republic of Moldova,EURO,808,1560,18,30,1530
2020-04-19,MD,Republic of Moldova,EURO,791,2351,30,60,2291
2020-04-26,MD,Republic of Moldova,EURO,953,3304,34,94,3210
2020-05-03,MD,Republic of Moldova,EURO,748,4052,30,124,3928
2020-05-10,MD,Republic of Moldova,EURO,815,4867,41,165,4702
2020-05-17,MD,Republic of Moldova,EURO,1067,5934,44,209,5725
2020-05-24,MD,Republic of Moldova,EURO,1060,6994,41,250,6744
2020-05-31,MD,Republic of Moldova,EURO,1104,8098,46,296,7802
2020-06-07,MD,Republic of Moldova,EURO,1413,9511,41,337,9174
2020-06-14,MD,Republic of Moldova,EURO,1948,11459,64,401,11058
2020-06-21,MD,Republic of Moldova,EURO,2494,13953,65,466,13487
2020-06-28,MD,Republic of Moldova,EURO,2127,16080,62,528,15552
2020-07-05,MD,Republic of Moldova,EURO,1592,17672,58,586,17086
2020-07-12,MD,Republic of Moldova,EURO,1536,19208,58,644,18564
2020-07-19,MD,Republic of Moldova,EURO,1586,20794,40,684,20110
2020-07-26,MD,Republic of Moldova,EURO,2034,22828,53,737,22091
2020-08-02,MD,Republic of Moldova,EURO,2285,25113,57,794,24319
2020-08-09,MD,Republic of Moldova,EURO,2330,27443,52,846,26597
2020-08-16,MD,Republic of Moldova,EURO,2462,29905,54,900,29005
2020-08-23,MD,Republic of Moldova,EURO,3167,33072,40,940,32132
2020-08-30,MD,Republic of Moldova,EURO,3332,36404,55,995,35409
2020-09-06,MD,Republic of Moldova,EURO,3069,39473,73,1068,38405
2020-09-13,MD,Republic of Moldova,EURO,3241,42714,55,1123,41591
2020-09-20,MD,Republic of Moldova,EURO,3622,46336,83,1206,45130
2020-09-27,MD,Republic of Moldova,EURO,4198,50534,78,1284,49250
2020-10-04,MD,Republic of Moldova,EURO,5354,55888,78,1362,54526
2020-10-11,MD,Republic of Moldova,EURO,5874,61762,105,1467,60295
2020-10-18,MD,Republic of Moldova,EURO,4890,66652,111,1578,65074
2020-10-25,MD,Republic of Moldova,EURO,4437,71089,100,1678,69411
2020-11-01,MD,Republic of Moldova,EURO,4951,76040,133,1811,74229
2020-11-08,MD,Republic of Moldova,EURO,5635,81675,106,1917,79758
2020-11-15,MD,Republic of Moldova,EURO,7097,88772,115,2032,86740
2020-11-22,MD,Republic of Moldova,EURO,7917,96689,124,2156,94533
2020-11-29,MD,Republic of Moldova,EURO,9163,105852,139,2295,103557
2020-12-06,MD,Republic of Moldova,EURO,9705,115557,185,2480,113077
2020-12-13,MD,Republic of Moldova,EURO,10166,125723,144,2624,123099
2020-12-20,MD,Republic of Moldova,EURO,8855,134578,180,2804,131774
2020-12-27,MD,Republic of Moldova,EURO,6418,140996,156,2960,138036
2021-01-03,MD,Republic of Moldova,EURO,4698,145694,211,3171,142523
2021-01-10,MD,Republic of Moldova,EURO,3399,149093,110,3281,145812
2021-01-17,MD,Republic of Moldova,EURO,3547,152640,115,3396,149244
2021-01-24,MD,Republic of Moldova,EURO,3297,155937,102,3498,152439
2021-01-31,MD,Republic of Moldova,EURO,3576,159513,123,3621,155892
2021-02-07,MD,Republic of Moldova,EURO,4730,164243,96,3717,160526
2021-02-14,MD,Republic of Moldova,EURO,5562,169805,110,3827,165978
2021-02-21,MD,Republic of Moldova,EURO,6440,176245,120,3947,172298
2021-02-28,MD,Republic of Moldova,EURO,8611,184856,236,4183,180673
2021-03-07,MD,Republic of Moldova,EURO,9749,194605,167,4350,190255
2021-03-14,MD,Republic of Moldova,EURO,9105,203710,203,4553,199157
2021-03-21,MD,Republic of Moldova,EURO,10493,214203,237,4790,209413
2021-03-28,MD,Republic of Moldova,EURO,11457,225660,254,5044,220616
2021-04-04,MD,Republic of Moldova,EURO,8734,234394,479,5523,228871
2021-04-11,MD,Republic of Moldova,EURO,6492,240886,277,5800,235086
2021-04-18,MD,Republic of Moldova,EURO,4608,245494,179,5979,239515
2021-04-25,MD,Republic of Moldova,EURO,3404,248898,161,6140,242758
2021-05-02,MD,Republic of Moldova,EURO,2262,251160,184,6324,244836
2021-05-09,MD,Republic of Moldova,EURO,1444,252604,117,6441,246163
2021-05-16,MD,Republic of Moldova,EURO,1132,253736,73,6514,247222
2021-05-23,MD,Republic of Moldova,EURO,865,254601,56,6570,248031
2021-05-30,MD,Republic of Moldova,EURO,504,255105,28,6598,248507
2021-06-06,MD,Republic of Moldova,EURO,327,255432,77,6675,248757
2021-06-13,MD,Republic of Moldova,EURO,326,255758,20,6695,249063
2021-06-20,MD,Republic of Moldova,EURO,345,256103,16,6711,249392
2021-06-27,MD,Republic of Moldova,EURO,424,256527,15,6726,249801
2021-07-04,MD,Republic of Moldova,EURO,404,256931,17,6743,250188
2021-07-11,MD,Republic of Moldova,EURO,488,257419,13,6756,250663
2021-07-18,MD,Republic of Moldova,EURO,484,257903,16,6772,251131
2021-07-25,MD,Republic of Moldova,EURO,678,258581,18,6790,251791
2021-08-01,MD,Republic of Moldova,EURO,897,259478,20,6810,252668
2021-08-08,MD,Republic of Moldova,EURO,1077,260555,24,6834,253721
2021-08-15,MD,Republic of Moldova,EURO,1392,261947,25,6859,255088
2021-08-22,MD,Republic of Moldova,EURO,2336,264283,52,6911,257372
2021-08-29,MD,Republic of Moldova,EURO,2501,266784,34,6945,259839
2021-09-05,MD,Republic of Moldova,EURO,3202,269986,50,6995,262991
2021-09-12,MD,Republic of Moldova,EURO,4613,274599,81,7076,267523
2021-09-19,MD,Republic of Moldova,EURO,6617,281216,79,7155,274061
2021-09-26,MD,Republic of Moldova,EURO,7161,288377,93,7248,281129
2021-10-03,MD,Republic of Moldova,EURO,8295,296672,156,7404,289268
2021-10-10,MD,Republic of Moldova,EURO,9305,305977,173,7577,298400
2021-10-17,MD,Republic of Moldova,EURO,9437,315414,204,7781,307633
2021-10-24,MD,Republic of Moldova,EURO,11680,327094,253,8034,319060
2021-10-31,MD,Republic of Moldova,EURO,10021,337115,296,8330,328785
2021-11-07,MD,Republic of Moldova,EURO,8402,345517,305,8635,336882
2021-11-14,MD,Republic of Moldova,EURO,7153,352670,390,9025,343645
2021-11-21,MD,Republic of Moldova,EURO,5161,357831,353,9378,348453
2021-11-28,MD,Republic of Moldova,EURO,4495,362326,255,9633,352693
2021-12-05,MD,Republic of Moldova,EURO,3836,366162,154,9787,356375
2021-12-12,MD,Republic of Moldova,EURO,3240,369402,146,9933,359469
2021-12-19,MD,Republic of Moldova,EURO,2752,372154,128,10061,362093
2021-12-26,MD,Republic of Moldova,EURO,2195,374349,123,10184,364165
2022-01-02,MD,Republic of Moldova,EURO,2085,376434,100,10284,366150
2022-01-09,MD,Republic of Moldova,EURO,3467,379901,72,10356,369545
2022-01-16,MD,Republic of Moldova,EURO,8019,387920,81,10437,377483
2022-01-23,MD,Republic of Moldova,EURO,19083,407003,76,10513,396490
2022-01-30,MD,Republic of Moldova,EURO,31246,438249,122,10635,427614
2022-02-06,MD,Republic of Moldova,EURO,29022,467271,133,10768,456503
2022-02-13,MD,Republic of Moldova,EURO,17245,484516,172,10940,473576
2022-02-20,MD,Republic of Moldova,EURO,10668,495184,163,11103,484081
2022-02-27,MD,Republic of Moldova,EURO,6128,501312,110,11213,490099
2022-03-06,MD,Republic of Moldova,EURO,4081,505393,79,11292,494101
2022-03-13,MD,Republic of Moldova,EURO,2601,507994,54,11346,496648
2022-03-20,MD,Republic of Moldova,EURO,2466,510460,43,11389,499071
2022-03-27,MD,Republic of Moldova,EURO,2142,512602,28,11417,501185
2022-04-03,MD,Republic of Moldova,EURO,1597,514199,29,11446,502753
2022-04-10,MD,Republic of Moldova,EURO,1246,515445,16,11462,503983
2022-04-17,MD,Republic of Moldova,EURO,986,516431,19,11481,504950
2022-04-24,MD,Republic of Moldova,EURO,555,516986,8,11489,505497
2022-05-01,MD,Republic of Moldova,EURO,220,517206,3,11492,505714
2022-05-08,MD,Republic of Moldova,EURO,547,517753,11,11503,506250
2022-05-15,MD,Republic of Moldova,EURO,413,518166,13,11516,506650
2022-05-22,MD,Republic of Moldova,EURO,326,518492,5,11521,506971
2022-05-29,MD,Republic of Moldova,EURO,475,518967,23,11544,507423
2022-06-05,MD,Republic of Moldova,EURO,34,519001,0,11544,507457
2022-06-12,MD,Republic of Moldova,EURO,227,519228,7,11551,507677
2022-06-19,MD,Republic of Moldova,EURO,224,519452,3,11554,507898
2022-06-26,MD,Republic of Moldova,EURO,251,519703,9,11563,508140
2022-07-03,MD,Republic of Moldova,EURO,465,520168,4,11567,508601
2022-07-10,MD,Republic of Moldova,EURO,1014,521182,3,11570,509612
2022-07-17,MD,Republic of Moldova,EURO,1852,523034,14,11584,511450
2022-07-24,MD,Republic of Moldova,EURO,3360,526394,8,11592,514802
2022-07-31,MD,Republic of Moldova,EURO,5793,532187,16,11608,520579
2022-08-07,MD,Republic of Moldova,EURO,9528,541715,22,11630,530085
2022-08-14,MD,Republic of Moldova,EURO,10147,551862,32,11662,540200
2022-08-21,MD,Republic of Moldova,EURO,9334,561196,31,11693,549503
2022-08-28,MD,Republic of Moldova,EURO,7892,569088,32,11725,557363
2022-09-04,MD,Republic of Moldova,EURO,5964,575052,30,11755,563297
2022-09-11,MD,Republic of Moldova,EURO,8131,583183,53,11808,571375
2022-09-18,MD,Republic of Moldova,EURO,3840,587023,13,11821,575202
2022-09-25,MD,Republic of Moldova,EURO,2414,589437,23,11844,577593
2022-10-02,MD,Republic of Moldova,EURO,1374,590811,14,11858,578953
2022-10-09,MD,Republic of Moldova,EURO,1101,591912,12,11870,580042
2022-10-16,MD,Republic of Moldova,EURO,623,592535,8,11878,580657
2022-10-23,MD,Republic of Moldova,EURO,622,593157,9,11887,581270
2022-10-30,MD,Republic of Moldova,EURO,566,593723,7,11894,581829
2022-11-06,MD,Republic of Moldova,EURO,0,593723,0,11894,581829
2022-11-13,MD,Republic of Moldova,EURO,347,594070,6,11900,582170
2022-11-20,MD,Republic of Moldova,EURO,278,594348,6,11906,582442
2022-11-27,MD,Republic of Moldova,EURO,313,594661,7,11913,582748
2022-12-04,MD,Republic of Moldova,EURO,319,594980,5,11918,583062
2022-12-11,MD,Republic of Moldova,EURO,329,595309,2,11920,583389
2022-12-18,MD,Republic of Moldova,EURO,343,595652,2,11922,583730
2022-12-25,MD,Republic of Moldova,EURO,448,596100,7,11929,584171
2023-01-01,MD,Republic of Moldova,EURO,358,596458,4,11933,584525
2023-01-08,MD,Republic of Moldova,EURO,364,596822,3,11936,584886
2023-01-15,MD,Republic of Moldova,EURO,302,597124,4,11940,585184
2023-01-22,MD,Republic of Moldova,EURO,857,597981,10,11950,586031
2023-01-29,MD,Republic of Moldova,EURO,600,598581,3,11953,586628
2023-02-05,MD,Republic of Moldova,EURO,905,599486,4,11957,587529
2023-02-12,MD,Republic of Moldova,EURO,1338,600824,7,11964,588860
2023-02-19,MD,Republic of Moldova,EURO,2834,603658,10,11974,591684
2023-02-26,MD,Republic of Moldova,EURO,3702,607360,14,11988,595372
2023-03-05,MD,Republic of Moldova,EURO,3690,611050,15,12003,599047
2023-03-12,MD,Republic of Moldova,EURO,2836,613886,22,12025,601861
2023-03-19,MD,Republic of Moldova,EURO,2373,616259,23,12048,604211
2023-03-26,MD,Republic of Moldova,EURO,1491,617750,21,12069,605681
2023-04-02,MD,Republic of Moldova,EURO,991,618741,17,12086,606655
2023-04-09,MD,Republic of Moldova,EURO,684,619425,14,12100,607325
2023-04-16,MD,Republic of Moldova,EURO,463,619888,6,12106,607782
2023-04-23,MD,Republic of Moldova,EURO,280,620168,6,12112,608056
2023-04-30,MD,Republic of Moldova,EURO,165,620333,1,12113,608220
2023-05-07,MD,Republic of Moldova,EURO,110,620443,2,12115,608328
2023-05-14,MD,Republic of Moldova,EURO,76,620519,3,12118,608401
2023-05-21,MD,Republic of Moldova,EURO,55,620574,0,12118,608456
2023-05-28,MD,Republic of Moldova,EURO,52,620626,0,12118,608508
2023-06-04,MD,Republic of Moldova,EURO,30,620656,5,12123,608533
2023-06-11,MD,Republic of Moldova,EURO,29,620685,1,12124,608561
2023-06-18,MD,Republic of Moldova,EURO,32,620717,0,12124,608593
2023-06-25,MD,Republic of Moldova,EURO,19,620736,0,12124,608612
2023-07-02,MD,Republic of Moldova,EURO,22,620758,0,12124,608634
2023-07-09,MD,Republic of Moldova,EURO,17,620775,1,12125,608650
2023-07-16,MD,Republic of Moldova,EURO,31,620806,0,12125,608681
2023-07-23,MD,Republic of Moldova,EURO,17,620823,0,12125,608698
2023-07-30,MD,Republic of Moldova,EURO,25,620848,0,12125,608723
2023-08-06,MD,Republic of Moldova,EURO,25,620873,0,12125,608748
2023-08-13,MD,Republic of Moldova,EURO,54,620927,0,12125,608802
2023-08-20,MD,Republic of Moldova,EURO,138,621065,0,12125,608940
2023-08-27,MD,Republic of Moldova,EURO,173,621238,0,12125,609113
2023-09-03,MD,Republic of Moldova,EURO,203,621441,0,12125,609316
2023-09-10,MD,Republic of Moldova,EURO,424,621865,1,12126,609739
2023-09-17,MD,Republic of Moldova,EURO,825,622690,0,12126,610564
2023-09-24,MD,Republic of Moldova,EURO,994,623684,0,12126,611558
2023-10-01,MD,Republic of Moldova,EURO,839,624523,2,12128,612395
2023-10-08,MD,Republic of Moldova,EURO,630,625153,0,12128,613025
2023-10-15,MD,Republic of Moldova,EURO,559,625712,7,12135,613577
2023-10-22,MD,Republic of Moldova,EURO,568,626280,8,12143,614137
2023-10-29,MD,Republic of Moldova,EURO,372,626652,7,12150,614502
2023-11-05,MD,Republic of Moldova,EURO,355,627007,2,12152,614855
2023-11-12,MD,Republic of Moldova,EURO,451,627458,2,12154,615304
2023-11-19,MD,Republic of Moldova,EURO,270,627728,2,12156,615572
2023-11-26,MD,Republic of Moldova,EURO,223,627951,1,12157,615794
2023-12-03,MD,Republic of Moldova,EURO,508,628459,2,12159,616300
2023-12-10,MD,Republic of Moldova,EURO,484,628943,2,12161,616782
2023-12-17,MD,Republic of Moldova,EURO,558,629501,6,12167,617334
2023-12-24,MD,Republic of Moldova,EURO,722,630223,3,12170,618053
2023-12-31,MD,Republic of Moldova,EURO,838,631061,4,12174,618887
2024-01-07,MD,Republic of Moldova,EURO,833,631894,5,12179,619715
2024-01-14,MD,Republic of Moldova,EURO,708,632602,6,12185,620417
2024-01-21,MD,Republic of Moldova,EURO,582,633184,5,12190,620994
2024-01-28,MD,Republic of Moldova,EURO,486,633670,7,12197,621473
2024-02-04,MD,Republic of Moldova,EURO,460,634130,5,12202,621928
2024-02-11,MD,Republic of Moldova,EURO,378,634508,4,12206,622302
2024-02-18,MD,Republic of Moldova,EURO,251,634759,10,12216,622543
2024-02-25,MD,Republic of Moldova,EURO,175,634934,0,12216,622718
2024-03-03,MD,Republic of Moldova,EURO,127,635061,1,12217,622844
2024-03-10,MD,Republic of Moldova,EURO,84,635145,1,12218,622927
2024-03-17,MD,Republic of Moldova,EURO,100,635245,6,12224,623021
2024-03-24,MD,Republic of Moldova,EURO,76,635321,7,12231,623090
2024-03-31,MD,Republic of Moldova,EURO,68,635389,0,12231,623158
2024-04-07,MD,Republic of Moldova,EURO,70,635459,2,12233,623226
2024-04-14,MD,Republic of Moldova,EURO,64,635523,0,12233,623290
2024-04-21,MD,Republic of Moldova,EURO,47,635570,0,12233,623337
2024-04-28,MD,Republic of Moldova,EURO,44,635614,1,12234,623380
2024-05-05,MD,Republic of Moldova,EURO,17,635631,1,12235,623396
2024-05-12,MD,Republic of Moldova,EURO,20,635651,2,12237,623414
2024-05-19,MD,Republic of Moldova,EURO,15,635666,0,12237,623429
2024-05-26,MD,Republic of Moldova,EURO,18,635684,0,12237,623447
2024-06-02,MD,Republic of Moldova,EURO,29,635713,0,12237,623476
2024-06-09,MD,Republic of Moldova,EURO,15,635728,1,12238,623490
2024-06-16,MD,Republic of Moldova,EURO,21,635749,1,12239,623510
2024-06-23,MD,Republic of Moldova,EURO,14,635763,0,12239,623524
2024-06-30,MD,Republic of Moldova,EURO,47,635810,0,12239,623571
2024-07-07,MD,Republic of Moldova,EURO,57,635867,0,12239,623628
2024-07-14,MD,Republic of Moldova,EURO,144,636011,1,12240,623771
2024-07-21,MD,Republic of Moldova,EURO,255,636266,1,12241,624025
2024-07-28,MD,Republic of Moldova,EURO,511,636777,2,12243,624534
2024-08-04,MD,Republic of Moldova,EURO,743,637520,2,12245,625275
2024-08-11,MD,Republic of Moldova,EURO,1381,638901,3,12248,626653
2024-08-18,MD,Republic of Moldova,EURO,2213,641114,3,12251,628863
2024-08-25,MD,Republic of Moldova,EURO,2675,643789,0,12251,631538
2024-09-01,MD,Republic of Moldova,EURO,1998,645787,5,12256,633531
2024-09-08,MD,Republic of Moldova,EURO,1542,647329,10,12266,635063
2024-09-15,MD,Republic of Moldova,EURO,1310,648639,5,12271,636368
2024-09-22,MD,Republic of Moldova,EURO,866,649505,3,12274,637231
2024-09-29,MD,Republic of Moldova,EURO,532,650037,4,12278,637759
2024-10-06,MD,Republic of Moldova,EURO,270,650307,1,12279,638028
2024-10-13,MD,Republic of Moldova,EURO,148,650455,1,12280,638175
2024-10-20,MD,Republic of Moldova,EURO,87,650542,0,12280,638262
2024-10-27,MD,Republic of Moldova,EURO,67,650609,1,12281,638328
2024-11-03,MD,Republic of Moldova,EURO,52,650661,0,12281,638380
2024-11-10,MD,Republic of Moldova,EURO,46,650707,0,12281,638426
2024-11-17,MD,Republic of Moldova,EURO,29,650736,1,12282,638454
2020-01-05,RO,Romania,EURO,0,0,0,0,0
2020-01-12,RO,Romania,EURO,0,0,0,0,0
2020-01-19,RO,Romania,EURO,0,0,0,0,0
2020-01-26,RO,Romania,EURO,0,0,0,0,0
2020-02-02,RO,Romania,EURO,0,0,0,0,0
2020-02-09,RO,Romania,EURO,0,0,0,0,0
2020-02-16,RO,Romania,EURO,0,0,0,0,0
2020-02-23,RO,Romania,EURO,0,0,0,0,0
2020-03-01,RO,Romania,EURO,4,4,0,0,4
2020-03-08,RO,Romania,EURO,11,15,0,0,15
2020-03-15,RO,Romania,EURO,124,139,0,0,139
2020-03-22,RO,Romania,EURO,228,367,0,0,367
2020-03-29,RO,Romania,EURO,1085,1452,37,37,1415
2020-04-05,RO,Romania,EURO,2161,3613,109,146,3467
2020-04-12,RO,Romania,EURO,2377,5990,145,291,5699
2020-04-19,RO,Romania,EURO,2428,8418,130,421,7997
2020-04-26,RO,Romania,EURO,2217,10635,180,601,10034
2020-05-03,RO,Romania,EURO,2097,12732,170,771,11961
2020-05-10,RO,Romania,EURO,2399,15131,168,939,14192
2020-05-17,RO,Romania,EURO,1573,16704,155,1094,15610
2020-05-24,RO,Romania,EURO,1153,17857,82,1176,16681
2020-05-31,RO,Romania,EURO,1276,19133,83,1259,17874
2020-06-07,RO,Romania,EURO,1157,20290,59,1318,18972
2020-06-14,RO,Romania,EURO,1389,21679,76,1394,20285
2020-06-21,RO,Romania,EURO,2051,23730,106,1500,22230
2020-06-28,RO,Romania,EURO,2292,26022,89,1589,24433
2020-07-05,RO,Romania,EURO,2560,28582,142,1731,26851
2020-07-12,RO,Romania,EURO,3497,32079,140,1871,30208
2020-07-19,RO,Romania,EURO,4612,36691,138,2009,34682
2020-07-26,RO,Romania,EURO,6987,43678,156,2165,41513
2020-08-02,RO,Romania,EURO,8433,52111,214,2379,49732
2020-08-09,RO,Romania,EURO,8512,60623,280,2659,57964
2020-08-16,RO,Romania,EURO,8751,69374,295,2954,66420
2020-08-23,RO,Romania,EURO,8170,77544,279,3233,74311
2020-08-30,RO,Romania,EURO,8289,85833,306,3539,82294
2020-09-06,RO,Romania,EURO,8031,93864,311,3850,90014
2020-09-13,RO,Romania,EURO,8522,102386,277,4127,98259
2020-09-20,RO,Romania,EURO,9164,111550,275,4402,107148
2020-09-27,RO,Romania,EURO,9685,121235,285,4687,116548
2020-10-04,RO,Romania,EURO,12830,134065,260,4947,129118
2020-10-11,RO,Romania,EURO,18338,152403,411,5358,147045
2020-10-18,RO,Romania,EURO,24065,176468,454,5812,170656
2020-10-25,RO,Romania,EURO,29325,205793,506,6318,199475
2020-11-01,RO,Romania,EURO,35546,241339,650,6968,234371
2020-11-08,RO,Romania,EURO,55660,296999,825,7793,289206
2020-11-15,RO,Romania,EURO,56186,353185,1020,8813,344372
2020-11-22,RO,Romania,EURO,59623,412808,1103,9916,402892
2020-11-29,RO,Romania,EURO,53174,465982,1129,11045,454937
2020-12-06,RO,Romania,EURO,42363,508345,1141,12186,496159
2020-12-13,RO,Romania,EURO,43555,551900,1078,13264,538636
2020-12-20,RO,Romania,EURO,36044,587944,1032,14296,573648
2020-12-27,RO,Romania,EURO,25816,613760,812,15108,598652
2021-01-03,RO,Romania,EURO,23635,637395,811,15919,621476
2021-01-10,RO,Romania,EURO,30807,668202,673,16592,651610
2021-01-17,RO,Romania,EURO,23286,691488,572,17164,674324
2021-01-24,RO,Romania,EURO,17706,709194,558,17722,691472
2021-01-31,RO,Romania,EURO,17724,726918,542,18264,708654
2021-02-07,RO,Romania,EURO,16425,743343,545,18809,724534
2021-02-14,RO,Romania,EURO,16748,760091,516,19325,740766
2021-02-21,RO,Romania,EURO,17185,777276,470,19795,757481
2021-02-28,RO,Romania,EURO,21888,799164,492,20287,778877
2021-03-07,RO,Romania,EURO,25831,824995,567,20854,804141
2021-03-14,RO,Romania,EURO,30331,855326,585,21439,833887
2021-03-21,RO,Romania,EURO,37522,892848,693,22132,870716
2021-03-28,RO,Romania,EURO,39331,932179,865,22997,909182
2021-04-04,RO,Romania,EURO,38045,970224,976,23973,946251
2021-04-11,RO,Romania,EURO,32641,1002865,1033,25006,977859
2021-04-18,RO,Romania,EURO,24174,1027039,1066,26072,1000967
2021-04-25,RO,Romania,EURO,17683,1044722,1195,27267,1017455
2021-05-02,RO,Romania,EURO,11850,1056572,927,28194,1028378
2021-05-09,RO,Romania,EURO,8682,1065254,709,28903,1036351
2021-05-16,RO,Romania,EURO,6080,1071334,582,29485,1041849
2021-05-23,RO,Romania,EURO,3902,1075236,400,29885,1045351
2021-05-30,RO,Romania,EURO,2190,1077426,362,30247,1047179
2021-06-06,RO,Romania,EURO,1316,1078742,478,30725,1048017
2021-06-13,RO,Romania,EURO,915,1079657,1079,31804,1047853
2021-06-20,RO,Romania,EURO,546,1080203,504,32308,1047895
2021-06-27,RO,Romania,EURO,381,1080584,869,33177,1047407
2021-07-04,RO,Romania,EURO,334,1080918,748,33925,1046993
2021-07-11,RO,Romania,EURO,292,1081210,291,34216,1046994
2021-07-18,RO,Romania,EURO,378,1081588,36,34252,1047336
2021-07-25,RO,Romania,EURO,595,1082183,15,34267,1047916
2021-08-01,RO,Romania,EURO,1006,1083189,14,34281,1048908
2021-08-08,RO,Romania,EURO,1522,1084711,32,34313,1050398
2021-08-15,RO,Romania,EURO,2189,1086900,29,34342,1052558
2021-08-22,RO,Romania,EURO,3508,1090408,61,34403,1056005
2021-08-29,RO,Romania,EURO,5477,1095885,106,34509,1061376
2021-09-05,RO,Romania,EURO,8881,1104766,169,34678,1070088
2021-09-12,RO,Romania,EURO,13783,1118549,283,34961,1083588
2021-09-19,RO,Romania,EURO,26344,1144893,495,35456,1109437
2021-09-26,RO,Romania,EURO,42880,1187773,774,36230,1151543
2021-10-03,RO,Romania,EURO,69372,1257145,1164,37394,1219751
2021-10-10,RO,Romania,EURO,89095,1346240,1815,39209,1307031
2021-10-17,RO,Romania,EURO,99474,1445714,2273,41482,1404232
2021-10-24,RO,Romania,EURO,104489,1550203,2808,44290,1505913
2021-10-31,RO,Romania,EURO,90404,1640607,3034,47324,1593283
2021-11-07,RO,Romania,EURO,60982,1701589,3158,50482,1651107
2021-11-14,RO,Romania,EURO,37694,1739283,2354,52836,1686447
2021-11-21,RO,Romania,EURO,21482,1760765,2002,54838,1705927
2021-11-28,RO,Romania,EURO,14807,1775572,1331,56169,1719403
2021-12-05,RO,Romania,EURO,9548,1785120,852,57021,1728099
2021-12-12,RO,Romania,EURO,7313,1792433,615,57636,1734797
2021-12-19,RO,Romania,EURO,5273,1797706,507,58143,1739563
2021-12-26,RO,Romania,EURO,4690,1802396,393,58536,1743860
2022-01-02,RO,Romania,EURO,7946,1810342,243,58779,1751563
2022-01-09,RO,Romania,EURO,29483,1839825,218,58997,1780828
2022-01-16,RO,Romania,EURO,56008,1895833,215,59212,1836621
2022-01-23,RO,Romania,EURO,107208,2003041,313,59525,1943516
2022-01-30,RO,Romania,EURO,173685,2176726,407,59932,2116794
2022-02-06,RO,Romania,EURO,208987,2385713,628,60560,2325153
2022-02-13,RO,Romania,EURO,164635,2550348,960,61520,2488828
2022-02-20,RO,Romania,EURO,105585,2655933,951,62471,2593462
2022-02-27,RO,Romania,EURO,68547,2724480,823,63294,2661186
2022-03-06,RO,Romania,EURO,40689,2765169,637,63931,2701238
2022-03-13,RO,Romania,EURO,25199,2790368,404,64335,2726033
2022-03-20,RO,Romania,EURO,23430,2813798,334,64669,2749129
2022-03-27,RO,Romania,EURO,25051,2838849,226,64895,2773954
2022-04-03,RO,Romania,EURO,19816,2858665,184,65079,2793586
2022-04-10,RO,Romania,EURO,13272,2871937,119,65198,2806739
2022-04-17,RO,Romania,EURO,9385,2881322,133,65331,2815991
2022-04-24,RO,Romania,EURO,6502,2887824,90,65421,2822403
2022-05-01,RO,Romania,EURO,6052,2893876,65,65486,2828390
2022-05-08,RO,Romania,EURO,4972,2898848,74,65560,2833288
2022-05-15,RO,Romania,EURO,3942,2902790,46,65606,2837184
2022-05-22,RO,Romania,EURO,3069,2905859,45,65651,2840208
2022-05-29,RO,Romania,EURO,2454,2908313,26,65677,2842636
2022-06-05,RO,Romania,EURO,2079,2910392,14,65691,2844701
2022-06-12,RO,Romania,EURO,2145,2912537,22,65713,2846824
2022-06-19,RO,Romania,EURO,341,2912878,1,65714,2847164
2022-06-26,RO,Romania,EURO,2609,2915487,12,65726,2849761
2022-07-03,RO,Romania,EURO,3974,2919461,13,65739,2853722
2022-07-10,RO,Romania,EURO,7726,2927187,16,65755,2861432
2022-07-17,RO,Romania,EURO,34582,2961769,57,65812,2895957
2022-07-24,RO,Romania,EURO,40893,3002662,41,65853,2936809
2022-07-31,RO,Romania,EURO,56906,3059568,130,65983,2993585
2022-08-07,RO,Romania,EURO,52906,3112474,188,66171,3046303
2022-08-14,RO,Romania,EURO,42247,3154721,165,66336,3088385
2022-08-21,RO,Romania,EURO,30209,3184930,147,66483,3118447
2022-08-28,RO,Romania,EURO,23973,3208903,148,66631,3142272
2022-09-04,RO,Romania,EURO,17304,3226207,135,66766,3159441
2022-09-11,RO,Romania,EURO,13185,3239392,83,66849,3172543
2022-09-18,RO,Romania,EURO,12971,3252363,63,66912,3185451
2022-09-25,RO,Romania,EURO,9251,3261614,60,66972,3194642
2022-10-02,RO,Romania,EURO,7884,3269498,55,67027,3202471
2022-10-09,RO,Romania,EURO,5778,3275276,49,67076,3208200
2022-10-16,RO,Romania,EURO,4347,3279623,43,67119,3212504
2022-10-23,RO,Romania,EURO,3524,3283147,42,67161,3215986
2022-10-30,RO,Romania,EURO,3038,3286185,25,67186,3218999
2022-11-06,RO,Romania,EURO,2819,3289004,25,67211,3221793
2022-11-13,RO,Romania,EURO,2585,3291589,25,67236,3224353
2022-11-20,RO,Romania,EURO,2476,3294065,17,67253,3226812
2022-11-27,RO,Romania,EURO,382,3294447,0,67253,3227194
2022-12-04,RO,Romania,EURO,2387,3296834,23,67276,3229558
2022-12-11,RO,Romania,EURO,1904,3298738,13,67289,3231449
2022-12-18,RO,Romania,EURO,2924,3301662,21,67310,3234352
2022-12-25,RO,Romania,EURO,3386,3305048,31,67341,3237707
2023-01-01,RO,Romania,EURO,3432,3308480,33,67374,3241106
2023-01-08,RO,Romania,EURO,3605,3312085,34,67408,3244677
2023-01-15,RO,Romania,EURO,4107,3316192,52,67460,3248732
2023-01-22,RO,Romania,EURO,6456,3322648,82,67542,3255106
2023-01-29,RO,Romania,EURO,2358,3325006,34,67576,3257430
2023-02-05,RO,Romania,EURO,2799,3327805,43,67619,3260186
2023-02-12,RO,Romania,EURO,3200,3331005,31,67650,3263355
2023-02-19,RO,Romania,EURO,4126,3335131,25,67675,3267456
2023-02-26,RO,Romania,EURO,5211,3340342,29,67704,3272638
2023-03-05,RO,Romania,EURO,5704,3346046,32,67736,3278310
2023-03-12,RO,Romania,EURO,6310,3352356,37,67773,3284583
2023-03-19,RO,Romania,EURO,7483,3359839,48,67821,3292018
2023-03-26,RO,Romania,EURO,8082,3367921,37,67858,3300063
2023-04-02,RO,Romania,EURO,6904,3374825,59,67917,3306908
2023-04-09,RO,Romania,EURO,6066,3380891,44,67961,3312930
2023-04-16,RO,Romania,EURO,4201,3385092,40,68001,3317091
2023-04-23,RO,Romania,EURO,5032,3390124,46,68047,3322077
2023-04-30,RO,Romania,EURO,3778,3393902,42,68089,3325813
2023-05-07,RO,Romania,EURO,3463,3397365,28,68117,3329248
2023-05-14,RO,Romania,EURO,2612,3399977,26,68143,3331834
2023-05-21,RO,Romania,EURO,2379,3402356,29,68172,3334184
2023-05-28,RO,Romania,EURO,1841,3404197,12,68184,3336013
2023-06-04,RO,Romania,EURO,1009,3405206,9,68193,3337013
2023-06-11,RO,Romania,EURO,963,3406169,24,68217,3337952
2023-06-18,RO,Romania,EURO,730,3406899,7,68224,3338675
2023-06-25,RO,Romania,EURO,586,3407485,9,68233,3339252
2023-07-02,RO,Romania,EURO,510,3407995,7,68240,3339755
2023-07-09,RO,Romania,EURO,460,3408455,3,68243,3340212
2023-07-16,RO,Romania,EURO,430,3408885,3,68246,3340639
2023-07-23,RO,Romania,EURO,517,3409402,3,68249,3341153
2023-07-30,RO,Romania,EURO,595,3409997,4,68253,3341744
2023-08-06,RO,Romania,EURO,906,3410903,6,68259,3342644
2023-08-13,RO,Romania,EURO,1054,3411957,3,68262,3343695
2023-08-20,RO,Romania,EURO,1894,3413851,4,68266,3345585
2023-08-27,RO,Romania,EURO,3326,3417177,4,68270,3348907
2023-09-03,RO,Romania,EURO,4772,3421949,12,68282,3353667
2023-09-10,RO,Romania,EURO,7171,3429120,14,68296,3360824
2023-09-17,RO,Romania,EURO,11226,3440346,18,68314,3372032
2023-09-24,RO,Romania,EURO,14861,3455207,27,68341,3386866
2023-10-01,RO,Romania,EURO,13165,3468372,31,68372,3400000
2023-10-08,RO,Romania,EURO,9719,3478091,37,68409,3409682
2023-10-15,RO,Romania,EURO,7701,3485792,46,68455,3417337
2023-10-22,RO,Romania,EURO,6404,3492196,32,68487,3423709
2023-10-29,RO,Romania,EURO,5030,3497226,38,68525,3428701
2023-11-05,RO,Romania,EURO,2298,3499524,32,68557,3430967
2023-11-12,RO,Romania,EURO,1536,3501060,19,68576,3432484
2023-11-19,RO,Romania,EURO,1367,3502427,26,68602,3433825
2023-11-26,RO,Romania,EURO,1399,3503826,25,68627,3435199
2023-12-03,RO,Romania,EURO,1229,3505055,12,68639,3436416
2023-12-10,RO,Romania,EURO,1460,3506515,12,68651,3437864
2023-12-17,RO,Romania,EURO,1815,3508330,18,68669,3439661
2023-12-24,RO,Romania,EURO,2068,3510398,21,68690,3441708
2023-12-31,RO,Romania,EURO,2195,3512593,24,68714,3443879
2024-01-07,RO,Romania,EURO,2096,3514689,18,68732,3445957
2024-01-14,RO,Romania,EURO,2012,3516701,12,68744,3447957
2024-01-21,RO,Romania,EURO,2124,3518825,9,68753,3450072
2024-01-28,RO,Romania,EURO,1817,3520642,7,68760,3451882
2024-02-04,RO,Romania,EURO,1725,3522367,8,68768,3453599
2024-02-11,RO,Romania,EURO,1619,3523986,6,68774,3455212
2024-02-18,RO,Romania,EURO,986,3524972,7,68781,3456191
2024-02-25,RO,Romania,EURO,833,3525805,4,68785,3457020
2024-03-03,RO,Romania,EURO,558,3526363,0,68785,3457578
2024-03-10,RO,Romania,EURO,472,3526835,2,68787,3458048
2024-03-17,RO,Romania,EURO,395,3527230,1,68788,3458442
2024-03-24,RO,Romania,EURO,330,3527560,4,68792,3458768
2024-03-31,RO,Romania,EURO,313,3527873,0,68792,3459081
2024-04-07,RO,Romania,EURO,253,3528126,2,68794,3459332
2024-04-14,RO,Romania,EURO,183,3528309,5,68799,3459510
2024-04-21,RO,Romania,EURO,141,3528450,0,68799,3459651
2024-04-28,RO,Romania,EURO,131,3528581,0,68799,3459782
2024-05-05,RO,Romania,EURO,81,3528662,1,68800,3459862
2024-05-12,RO,Romania,EURO,91,3528753,2,68802,3459951
2024-05-19,RO,Romania,EURO,113,3528866,1,68803,3460063
2024-05-26,RO,Romania,EURO,145,3529011,0,68803,3460208
2024-06-02,RO,Romania,EURO,202,3529213,0,68803,3460410
2024-06-09,RO,Romania,EURO,233,3529446,0,68803,3460643
2024-06-16,RO,Romania,EURO,236,3529682,2,68805,3460877
2024-06-23,RO,Romania,EURO,278,3529960,1,68806,3461154
2024-06-30,RO,Romania,EURO,445,3530405,1,68807,3461598
2024-07-07,RO,Romania,EURO,624,3531029,1,68808,3462221
2024-07-14,RO,Romania,EURO,1114,3532143,1,68809,3463334
2024-07-21,RO,Romania,EURO,1844,3533987,6,68815,3465172
2024-07-28,RO,Romania,EURO,2999,3536986,4,68819,3468167
2024-08-04,RO,Romania,EURO,4633,3541619,6,68825,3472794
2024-08-11,RO,Romania,EURO,5033,3546652,16,68841,3477811
2024-08-18,RO,Romania,EURO,4740,3551392,12,68853,3482539
2024-08-25,RO,Romania,EURO,4651,3556043,14,68867,3487176
2024-09-01,RO,Romania,EURO,3935,3559978,12,68879,3491099
2024-09-08,RO,Romania,EURO,3077,3563055,14,68893,3494162
2024-09-15,RO,Romania,EURO,1489,3564544,6,68899,3495645
2024-09-22,RO,Romania,EURO,563,3565107,0,68899,3496208
2024-09-29,RO,Romania,EURO,610,3565717,0,68899,3496818
2024-10-06,RO,Romania,EURO,354,3566071,4,68903,3497168
2024-10-13,RO,Romania,EURO,233,3566304,7,68910,3497394
2024-10-20,RO,Romania,EURO,162,3566466,10,68920,3497546
2024-10-27,RO,Romania,EURO,128,3566594,4,68924,3497670
2024-11-03,RO,Romania,EURO,107,3566701,5,68929,3497772
2024-11-10,RO,Romania,EURO,70,3566771,9,68938,3497833
2024-11-17,RO,Romania,EURO,43,3566814,2,68940,3497874
2020-01-05,RU,Russian Federation,EURO,0,0,0,0,0
2020-01-12,RU,Russian Federation,EURO,0,0,0,0,0
2020-01-19,RU,Russian Federation,EURO,0,0,0,0,0
2020-01-26,RU,Russian Federation,EURO,0,0,0,0,0
2020-02-02,RU,Russian Federation,EURO,2,2,0,0,2
2020-02-09,RU,Russian Federation,EURO,0,2,0,0,2
2020-02-16,RU,Russian Federation,EURO,0,2,0,0,2
2020-02-23,RU,Russian Federation,EURO,0,2,0,0,2
2020-03-01,RU,Russian Federation,EURO,0,2,0,0,2
2020-03-08,RU,Russian Federation,EURO,5,7,0,0,7
2020-03-15,RU,Russian Federation,EURO,27,34,0,0,34
2020-03-22,RU,Russian Federation,EURO,272,306,0,0,306
2020-03-29,RU,Russian Federation,EURO,1228,1534,8,8,1526
2020-04-05,RU,Russian Federation,EURO,3197,4731,35,43,4688
2020-04-12,RU,Russian Federation,EURO,11039,15770,87,130,15640
2020-04-19,RU,Russian Federation,EURO,27083,42853,231,361,42492
2020-04-26,RU,Russian Federation,EURO,38096,80949,386,747,80202
2020-05-03,RU,Russian Federation,EURO,53738,134687,533,1280,133407
2020-05-10,RU,Russian Federation,EURO,75001,209688,635,1915,207773
2020-05-17,RU,Russian Federation,EURO,72064,281752,716,2631,279121
2020-05-24,RU,Russian Federation,EURO,62729,344481,910,3541,340940
2020-05-31,RU,Russian Federation,EURO,61362,405843,1152,4693,401150
2020-06-07,RU,Russian Federation,EURO,61830,467673,1166,5859,461814
2020-06-14,RU,Russian Federation,EURO,61291,528964,1089,6948,522016
2020-06-21,RU,Russian Federation,EURO,55716,584680,1163,8111,576569
2020-06-28,RU,Russian Federation,EURO,49757,634437,962,9073,625364
2020-07-05,RU,Russian Federation,EURO,46814,681251,1088,10161,671090
2020-07-12,RU,Russian Federation,EURO,45911,727162,1174,11335,715827
2020-07-19,RU,Russian Federation,EURO,44384,771546,1007,12342,759204
2020-07-26,RU,Russian Federation,EURO,40939,812485,927,13269,799216
2020-08-02,RU,Russian Federation,EURO,38385,850870,859,14128,836742
2020-08-09,RU,Russian Federation,EURO,36666,887536,803,14931,872605
2020-08-16,RU,Russian Federation,EURO,35317,922853,754,15685,907168
2020-08-23,RU,Russian Federation,EURO,33896,956749,698,16383,940366
2020-08-30,RU,Russian Federation,EURO,33577,990326,710,17093,973233
2020-09-06,RU,Russian Federation,EURO,35179,1025505,727,17820,1007685
2020-09-13,RU,Russian Federation,EURO,37306,1062811,758,18578,1044233
2020-09-20,RU,Russian Federation,EURO,40588,1103399,840,19418,1083981
2020-09-27,RU,Russian Federation,EURO,48039,1151438,906,20324,1131114
2020-10-04,RU,Russian Federation,EURO,63563,1215001,1034,21358,1193643
2020-10-11,RU,Russian Federation,EURO,83717,1298718,1239,22597,1276121
2020-10-18,RU,Russian Federation,EURO,100616,1399334,1590,24187,1375147
2020-10-25,RU,Russian Federation,EURO,114543,1513877,1863,26050,1487827
2020-11-01,RU,Russian Federation,EURO,122904,1636781,2185,28235,1608546
2020-11-08,RU,Russian Federation,EURO,137553,1774334,2302,30537,1743797
2020-11-15,RU,Russian Federation,EURO,151491,1925825,2649,33186,1892639
2020-11-22,RU,Russian Federation,EURO,163504,2089329,2993,36179,2053150
2020-11-29,RU,Russian Federation,EURO,179987,2269316,3348,39527,2229789
2020-12-06,RU,Russian Federation,EURO,191454,2460770,3614,43141,2417629
2020-12-13,RU,Russian Federation,EURO,193158,2653928,3800,46941,2606987
2020-12-20,RU,Russian Federation,EURO,194449,2848377,3917,50858,2797519
2020-12-27,RU,Russian Federation,EURO,201871,3050248,3920,54778,2995470
2021-01-03,RU,Russian Federation,EURO,186539,3236787,3728,58506,3178281
2021-01-10,RU,Russian Federation,EURO,165167,3401954,3331,61837,3340117
2021-01-17,RU,Russian Federation,EURO,166255,3568209,3729,65566,3502643
2021-01-24,RU,Russian Federation,EURO,151191,3719400,3896,69462,3649938
2021-01-31,RU,Russian Federation,EURO,131039,3850439,3720,73182,3777257
2021-02-07,RU,Russian Federation,EURO,116842,3967281,3479,76661,3890620
2021-02-14,RU,Russian Federation,EURO,104602,4071883,3465,80126,3991757
2021-02-21,RU,Russian Federation,EURO,92843,4164726,3167,83293,4081433
2021-02-28,RU,Russian Federation,EURO,81353,4246079,2829,86122,4159957
2021-03-07,RU,Russian Federation,EURO,76697,4322776,2978,89100,4233676
2021-03-14,RU,Russian Federation,EURO,67832,4390608,2990,92090,4298518
2021-03-21,RU,Russian Federation,EURO,66261,4456869,2940,95030,4361839
2021-03-28,RU,Russian Federation,EURO,62963,4519832,2710,97740,4422092
2021-04-04,RU,Russian Federation,EURO,61062,4580894,2634,100374,4480520
2021-04-11,RU,Russian Federation,EURO,60496,4641390,2612,102986,4538404
2021-04-18,RU,Russian Federation,EURO,60711,4702101,2596,105582,4596519
2021-04-25,RU,Russian Federation,EURO,60468,4762569,2650,108232,4654337
2021-05-02,RU,Russian Federation,EURO,60686,4823255,2630,110862,4712393
2021-05-09,RU,Russian Federation,EURO,57007,4880262,2464,113326,4766936
2021-05-16,RU,Russian Federation,EURO,59983,4940245,2545,115871,4824374
2021-05-23,RU,Russian Federation,EURO,61260,5001505,2611,118482,4883023
2021-05-30,RU,Russian Federation,EURO,61937,5063442,2680,121162,4942280
2021-06-06,RU,Russian Federation,EURO,62995,5126437,2625,123787,5002650
2021-06-13,RU,Russian Federation,EURO,82250,5208687,2643,126430,5082257
2021-06-20,RU,Russian Federation,EURO,108139,5316826,2931,129361,5187465
2021-06-27,RU,Russian Federation,EURO,134465,5451291,3921,133282,5318009
2021-07-04,RU,Russian Federation,EURO,159650,5610941,4643,137925,5473016
2021-07-11,RU,Russian Federation,EURO,172392,5783333,5077,143002,5640331
2021-07-18,RU,Russian Federation,EURO,174800,5958133,5417,148419,5809714
2021-07-25,RU,Russian Federation,EURO,168408,6126541,5455,153874,5972667
2021-08-01,RU,Russian Federation,EURO,162136,6288677,5478,159352,6129325
2021-08-08,RU,Russian Federation,EURO,159073,6447750,5529,164881,6282869
2021-08-15,RU,Russian Federation,EURO,153086,6600836,5618,170499,6430337
2021-08-22,RU,Russian Federation,EURO,146251,6747087,5545,176044,6571043
2021-08-29,RU,Russian Federation,EURO,135740,6882827,5593,181637,6701190
2021-09-05,RU,Russian Federation,EURO,129772,7012599,5563,187200,6825399
2021-09-12,RU,Russian Federation,EURO,127471,7140070,5549,192749,6947321
2021-09-19,RU,Russian Federation,EURO,134858,7274928,5469,198218,7076710
2021-09-26,RU,Russian Federation,EURO,145985,7420913,5682,203900,7217013
2021-10-03,RU,Russian Federation,EURO,165623,7586536,6018,209918,7376618
2021-10-10,RU,Russian Federation,EURO,188829,7775365,6497,216415,7558950
2021-10-17,RU,Russian Federation,EURO,217322,7992687,6897,223312,7769375
2021-10-24,RU,Russian Federation,EURO,248956,8241643,7288,230600,8011043
2021-10-31,RU,Russian Federation,EURO,272147,8513790,7938,238538,8275252
2021-11-07,RU,Russian Federation,EURO,281305,8795095,8276,246814,8548281
2021-11-14,RU,Russian Federation,EURO,275579,9070674,8572,255386,8815288
2021-11-21,RU,Russian Federation,EURO,260484,9331158,8709,264095,9067063
2021-11-28,RU,Russian Federation,EURO,239215,9570373,8660,272755,9297618
2021-12-05,RU,Russian Federation,EURO,231240,9801613,8523,281278,9520335
2021-12-12,RU,Russian Federation,EURO,215283,10016896,8205,289483,9727413
2021-12-19,RU,Russian Federation,EURO,197894,10214790,7720,297203,9917587
2021-12-26,RU,Russian Federation,EURO,177230,10392020,7015,304218,10087802
2022-01-02,RU,Russian Federation,EURO,145946,10537966,6300,310518,10227448
2022-01-09,RU,Russian Federation,EURO,112883,10650849,5645,316163,10334686
2022-01-16,RU,Russian Federation,EURO,152685,10803534,5157,321320,10482214
2022-01-23,RU,Russian Federation,EURO,304657,11108191,4792,326112,10782079
2022-01-30,RU,Russian Federation,EURO,628816,11737007,4616,330728,11406279
2022-02-06,RU,Russian Federation,EURO,1073111,12810118,4686,335414,12474704
2022-02-13,RU,Russian Federation,EURO,1323391,14133509,4834,340248,13793261
2022-02-20,RU,Russian Federation,EURO,1236910,15370419,5252,345500,15024919
2022-02-27,RU,Russian Federation,EURO,920697,16291116,5427,350927,15940189
2022-03-06,RU,Russian Federation,EURO,650540,16941656,5354,356281,16585375
2022-03-13,RU,Russian Federation,EURO,393530,17335186,4530,360811,16974375
2022-03-20,RU,Russian Federation,EURO,247506,17582692,3681,364492,17218200
2022-03-27,RU,Russian Federation,EURO,180050,17762742,2859,367351,17395391
2022-04-03,RU,Russian Federation,EURO,134124,17896866,2357,369708,17527158
2022-04-10,RU,Russian Federation,EURO,99194,17996060,2008,371716,17624344
2022-04-17,RU,Russian Federation,EURO,78657,18074717,1784,373500,17701217
2022-04-24,RU,Russian Federation,EURO,62420,18137137,1402,374902,17762235
2022-05-01,RU,Russian Federation,EURO,52264,18189401,1129,376031,17813370
2022-05-08,RU,Russian Federation,EURO,38265,18227666,915,376946,17850720
2022-05-15,RU,Russian Federation,EURO,32627,18260293,724,377670,17882623
2022-05-22,RU,Russian Federation,EURO,33157,18293450,680,378350,17915100
2022-05-29,RU,Russian Federation,EURO,30586,18324036,605,378955,17945081
2022-06-05,RU,Russian Federation,EURO,27815,18351851,565,379520,17972331
2022-06-12,RU,Russian Federation,EURO,24736,18376587,500,380020,17996567
2022-06-19,RU,Russian Federation,EURO,21673,18398260,443,380463,18017797
2022-06-26,RU,Russian Federation,EURO,20621,18418881,429,380892,18037989
2022-07-03,RU,Russian Federation,EURO,20878,18439759,371,381263,18058496
2022-07-10,RU,Russian Federation,EURO,22452,18462211,320,381583,18080628
2022-07-17,RU,Russian Federation,EURO,28085,18490296,298,381881,18108415
2022-07-24,RU,Russian Federation,EURO,41959,18532255,274,382155,18150100
2022-07-31,RU,Russian Federation,EURO,69464,18601719,278,382433,18219286
2022-08-07,RU,Russian Federation,EURO,110980,18712699,308,382741,18329958
2022-08-14,RU,Russian Federation,EURO,169259,18881958,384,383125,18498833
2022-08-21,RU,Russian Federation,EURO,235385,19117343,435,383560,18733783
2022-08-28,RU,Russian Federation,EURO,288580,19405923,523,384083,19021840
2022-09-04,RU,Russian Federation,EURO,323500,19729423,628,384711,19344712
2022-09-11,RU,Russian Federation,EURO,337187,20066610,637,385348,19681262
2022-09-18,RU,Russian Federation,EURO,372485,20439095,697,386045,20053050
2022-09-25,RU,Russian Federation,EURO,353826,20792921,712,386757,20406164
2022-10-02,RU,Russian Federation,EURO,256106,21049027,711,387468,20661559
2022-10-09,RU,Russian Federation,EURO,154305,21203332,731,388199,20815133
2022-10-16,RU,Russian Federation,EURO,101222,21304554,702,388901,20915653
2022-10-23,RU,Russian Federation,EURO,68381,21372935,636,389537,20983398
2022-10-30,RU,Russian Federation,EURO,50790,21423725,567,390104,21033621
2022-11-06,RU,Russian Federation,EURO,40125,21463850,484,390588,21073262
2022-11-13,RU,Russian Federation,EURO,36102,21499952,436,391024,21108928
2022-11-20,RU,Russian Federation,EURO,36277,21536229,430,391454,21144775
2022-11-27,RU,Russian Federation,EURO,38535,21574764,386,391840,21182924
2022-12-04,RU,Russian Federation,EURO,42837,21617601,391,392231,21225370
2022-12-11,RU,Russian Federation,EURO,47551,21665152,380,392611,21272541
2022-12-18,RU,Russian Federation,EURO,50922,21716074,389,393000,21323074
2022-12-25,RU,Russian Federation,EURO,48218,21764292,383,393383,21370909
2023-01-01,RU,Russian Federation,EURO,39255,21803547,379,393762,21409785
2023-01-08,RU,Russian Federation,EURO,23435,21826982,318,394080,21432902
2023-01-15,RU,Russian Federation,EURO,29631,21856613,318,394398,21462215
2023-01-22,RU,Russian Federation,EURO,37544,21894157,296,394694,21499463
2023-01-29,RU,Russian Federation,EURO,44264,21938421,290,394984,21543437
2023-02-05,RU,Russian Federation,EURO,58323,21996744,295,395279,21601465
2023-02-12,RU,Russian Federation,EURO,75973,22072717,272,395551,21677166
2023-02-19,RU,Russian Federation,EURO,93918,22166635,248,395799,21770836
2023-02-26,RU,Russian Federation,EURO,86502,22253137,236,396035,21857102
2023-03-05,RU,Russian Federation,EURO,88991,22342128,263,396298,21945830
2023-03-12,RU,Russian Federation,EURO,80965,22423093,288,396586,22026507
2023-03-19,RU,Russian Federation,EURO,83106,22506199,248,396834,22109365
2023-03-26,RU,Russian Federation,EURO,80011,22586210,244,397078,22189132
2023-04-02,RU,Russian Federation,EURO,69916,22656126,234,397312,22258814
2023-04-09,RU,Russian Federation,EURO,58862,22714988,258,397570,22317418
2023-04-16,RU,Russian Federation,EURO,50349,22765337,258,397828,22367509
2023-04-23,RU,Russian Federation,EURO,44927,22810264,245,398073,22412191
2023-04-30,RU,Russian Federation,EURO,40945,22851209,232,398305,22452904
2023-05-07,RU,Russian Federation,EURO,27440,22878649,220,398525,22480124
2023-05-14,RU,Russian Federation,EURO,19727,22898376,185,398710,22499666
2023-05-21,RU,Russian Federation,EURO,2379,22900755,26,398736,22502019
2023-05-28,RU,Russian Federation,EURO,17118,22917873,183,398919,22518954
2023-06-04,RU,Russian Federation,EURO,11276,22929149,138,399057,22530092
2023-06-11,RU,Russian Federation,EURO,13309,22942458,169,399226,22543232
2023-06-18,RU,Russian Federation,EURO,4406,22946864,87,399313,22547551
2023-06-25,RU,Russian Federation,EURO,6545,22953409,123,399436,22553973
2023-07-02,RU,Russian Federation,EURO,5789,22959198,127,399563,22559635
2023-07-09,RU,Russian Federation,EURO,4490,22963688,86,399649,22564039
2023-07-16,RU,Russian Federation,EURO,4030,22967718,66,399715,22568003
2023-07-23,RU,Russian Federation,EURO,3389,22971107,57,399772,22571335
2023-07-30,RU,Russian Federation,EURO,3182,22974289,42,399814,22574475
2023-08-06,RU,Russian Federation,EURO,2985,22977274,40,399854,22577420
2023-08-13,RU,Russian Federation,EURO,2932,22980206,43,399897,22580309
2023-08-20,RU,Russian Federation,EURO,2944,22983150,41,399938,22583212
2023-08-27,RU,Russian Federation,EURO,3378,22986528,34,399972,22586556
2023-09-03,RU,Russian Federation,EURO,4020,22990548,11,399983,22590565
2023-09-10,RU,Russian Federation,EURO,5217,22995765,16,399999,22595766
2023-09-17,RU,Russian Federation,EURO,7688,23003453,10,400009,22603444
2023-09-24,RU,Russian Federation,EURO,11516,23014969,14,400023,22614946
2023-10-01,RU,Russian Federation,EURO,14435,23029404,24,400047,22629357
2023-10-08,RU,Russian Federation,EURO,16429,23045833,30,400077,22645756
2023-10-15,RU,Russian Federation,EURO,16127,23061960,25,400102,22661858
2023-10-22,RU,Russian Federation,EURO,16852,23078812,43,400145,22678667
2023-10-29,RU,Russian Federation,EURO,19922,23098734,50,400195,22698539
2023-11-05,RU,Russian Federation,EURO,34191,23132925,63,400258,22732667
2023-11-12,RU,Russian Federation,EURO,41386,23174311,76,400334,22773977
2023-11-19,RU,Russian Federation,EURO,58150,23232461,93,400427,22832034
2023-11-26,RU,Russian Federation,EURO,77106,23309567,90,400517,22909050
2023-12-03,RU,Russian Federation,EURO,95079,23404646,138,400655,23003991
2023-12-10,RU,Russian Federation,EURO,107174,23511820,148,400803,23111017
2023-12-17,RU,Russian Federation,EURO,96903,23608723,164,400967,23207756
2023-12-24,RU,Russian Federation,EURO,79032,23687755,186,401153,23286602
2023-12-31,RU,Russian Federation,EURO,58797,23746552,206,401359,23345193
2024-01-07,RU,Russian Federation,EURO,25922,23772474,123,401482,23370992
2024-01-14,RU,Russian Federation,EURO,26993,23799467,150,401632,23397835
2024-01-21,RU,Russian Federation,EURO,26000,23825467,141,401773,23423694
2024-01-28,RU,Russian Federation,EURO,24288,23849755,111,401884,23447871
2024-02-04,RU,Russian Federation,EURO,25751,23875506,107,401991,23473515
2024-02-11,RU,Russian Federation,EURO,27400,23902906,106,402097,23500809
2024-02-18,RU,Russian Federation,EURO,28257,23931163,0,402097,23529066
2024-02-25,RU,Russian Federation,EURO,26623,23957786,65,402162,23555624
2024-03-03,RU,Russian Federation,EURO,25835,23983621,70,402232,23581389
2024-03-10,RU,Russian Federation,EURO,24099,24007720,65,402297,23605423
2024-03-17,RU,Russian Federation,EURO,24056,24031776,77,402374,23629402
2024-03-24,RU,Russian Federation,EURO,24912,24056688,71,402445,23654243
2024-03-31,RU,Russian Federation,EURO,21590,24078278,75,402520,23675758
2024-04-07,RU,Russian Federation,EURO,19954,24098232,69,402589,23695643
2024-04-14,RU,Russian Federation,EURO,18137,24116369,61,402650,23713719
2024-04-21,RU,Russian Federation,EURO,16280,24132649,55,402705,23729944
2024-04-28,RU,Russian Federation,EURO,14940,24147589,69,402774,23744815
2024-05-05,RU,Russian Federation,EURO,10913,24158502,47,402821,23755681
2024-05-12,RU,Russian Federation,EURO,10857,24169359,49,402870,23766489
2024-05-19,RU,Russian Federation,EURO,11550,24180909,8,402878,23778031
2024-05-26,RU,Russian Federation,EURO,12342,24193251,48,402926,23790325
2024-06-02,RU,Russian Federation,EURO,12339,24205590,30,402956,23802634
2024-06-09,RU,Russian Federation,EURO,11701,24217291,44,403000,23814291
2024-06-16,RU,Russian Federation,EURO,8168,24225459,31,403031,23822428
2024-06-23,RU,Russian Federation,EURO,6770,24232229,41,403072,23829157
2024-06-30,RU,Russian Federation,EURO,5948,24238177,19,403091,23835086
2024-07-07,RU,Russian Federation,EURO,5847,24244024,17,403108,23840916
2024-07-14,RU,Russian Federation,EURO,5348,24249372,27,403135,23846237
2024-07-21,RU,Russian Federation,EURO,5431,24254803,20,403155,23851648
2024-07-28,RU,Russian Federation,EURO,6148,24260951,23,403178,23857773
2024-08-04,RU,Russian Federation,EURO,7777,24268728,10,403188,23865540
2024-08-11,RU,Russian Federation,EURO,9943,24278671,14,403202,23875469
2024-08-18,RU,Russian Federation,EURO,13254,24291925,11,403213,23888712
2024-08-25,RU,Russian Federation,EURO,17641,24309566,17,403230,23906336
2024-09-01,RU,Russian Federation,EURO,21324,24330890,28,403258,23927632
2024-09-08,RU,Russian Federation,EURO,24895,24355785,34,403292,23952493
2024-09-15,RU,Russian Federation,EURO,32083,24387868,33,403325,23984543
2024-09-22,RU,Russian Federation,EURO,36255,24424123,27,403352,24020771
2024-09-29,RU,Russian Federation,EURO,35689,24459812,38,403390,24056422
2024-10-06,RU,Russian Federation,EURO,33518,24493330,37,403427,24089903
2024-10-13,RU,Russian Federation,EURO,29882,24523212,36,403463,24119749
2024-10-20,RU,Russian Federation,EURO,24777,24547989,45,403508,24144481
2024-10-27,RU,Russian Federation,EURO,24857,24572846,49,403557,24169289
2024-11-03,RU,Russian Federation,EURO,24076,24596922,70,403627,24193295
2024-11-10,RU,Russian Federation,EURO,22398,24619320,45,403672,24215648
2024-11-17,RU,Russian Federation,EURO,25108,24644428,46,403718,24240710
2020-01-05,RW,Rwanda,AFRO,0,0,0,0,0
2020-01-12,RW,Rwanda,AFRO,0,0,0,0,0
2020-01-19,RW,Rwanda,AFRO,0,0,0,0,0
2020-01-26,RW,Rwanda,AFRO,0,0,0,0,0
2020-02-02,RW,Rwanda,AFRO,0,0,0,0,0
2020-02-09,RW,Rwanda,AFRO,0,0,0,0,0
2020-02-16,RW,Rwanda,AFRO,0,0,0,0,0
2020-02-23,RW,Rwanda,AFRO,0,0,0,0,0
2020-03-01,RW,Rwanda,AFRO,0,0,0,0,0
2020-03-08,RW,Rwanda,AFRO,0,0,0,0,0
2020-03-15,RW,Rwanda,AFRO,1,1,0,0,1
2020-03-22,RW,Rwanda,AFRO,16,17,0,0,17
2020-03-29,RW,Rwanda,AFRO,41,58,0,0,58
2020-04-05,RW,Rwanda,AFRO,44,102,0,0,102
2020-04-12,RW,Rwanda,AFRO,18,120,0,0,120
2020-04-19,RW,Rwanda,AFRO,24,144,0,0,144
2020-04-26,RW,Rwanda,AFRO,39,183,0,0,183
2020-05-03,RW,Rwanda,AFRO,72,255,0,0,255
2020-05-10,RW,Rwanda,AFRO,26,281,0,0,281
2020-05-17,RW,Rwanda,AFRO,8,289,0,0,289
2020-05-24,RW,Rwanda,AFRO,36,325,0,0,325
2020-05-31,RW,Rwanda,AFRO,34,359,1,1,358
2020-06-07,RW,Rwanda,AFRO,72,431,1,2,429
2020-06-14,RW,Rwanda,AFRO,110,541,0,2,539
2020-06-21,RW,Rwanda,AFRO,161,702,0,2,700
2020-06-28,RW,Rwanda,AFRO,176,878,0,2,876
2020-07-05,RW,Rwanda,AFRO,214,1092,1,3,1089
2020-07-12,RW,Rwanda,AFRO,207,1299,1,4,1295
2020-07-19,RW,Rwanda,AFRO,240,1539,1,5,1534
2020-07-26,RW,Rwanda,AFRO,213,1752,0,5,1747
2020-08-02,RW,Rwanda,AFRO,290,2042,0,5,2037
2020-08-09,RW,Rwanda,AFRO,93,2135,1,6,2129
2020-08-16,RW,Rwanda,AFRO,217,2352,2,8,2344
2020-08-23,RW,Rwanda,AFRO,537,2889,3,11,2878
2020-08-30,RW,Rwanda,AFRO,954,3843,5,16,3827
2020-09-06,RW,Rwanda,AFRO,506,4349,2,18,4331
2020-09-13,RW,Rwanda,AFRO,216,4565,4,22,4543
2020-09-20,RW,Rwanda,AFRO,124,4689,4,26,4663
2020-09-27,RW,Rwanda,AFRO,122,4811,3,29,4782
2020-10-04,RW,Rwanda,AFRO,40,4851,0,29,4822
2020-10-11,RW,Rwanda,AFRO,41,4892,1,30,4862
2020-10-18,RW,Rwanda,AFRO,79,4971,4,34,4937
2020-10-25,RW,Rwanda,AFRO,89,5060,0,34,5026
2020-11-01,RW,Rwanda,AFRO,77,5137,1,35,5102
2020-11-08,RW,Rwanda,AFRO,76,5213,1,36,5177
2020-11-15,RW,Rwanda,AFRO,181,5394,6,42,5352
2020-11-22,RW,Rwanda,AFRO,226,5620,4,46,5574
2020-11-29,RW,Rwanda,AFRO,271,5891,1,47,5844
2020-12-06,RW,Rwanda,AFRO,193,6084,4,51,6033
2020-12-13,RW,Rwanda,AFRO,444,6528,5,56,6472
2020-12-20,RW,Rwanda,AFRO,704,7232,3,59,7173
2020-12-27,RW,Rwanda,AFRO,585,7817,14,73,7744
2021-01-03,RW,Rwanda,AFRO,750,8567,25,98,8469
2021-01-10,RW,Rwanda,AFRO,894,9461,20,118,9343
2021-01-17,RW,Rwanda,AFRO,1389,10850,22,140,10710
2021-01-24,RW,Rwanda,AFRO,1797,12647,32,172,12475
2021-01-31,RW,Rwanda,AFRO,2471,15118,21,193,14925
2021-02-07,RW,Rwanda,AFRO,1219,16337,24,217,16120
2021-02-14,RW,Rwanda,AFRO,930,17267,19,236,17031
2021-02-21,RW,Rwanda,AFRO,721,17988,11,247,17741
2021-02-28,RW,Rwanda,AFRO,802,18790,14,261,18529
2021-03-07,RW,Rwanda,AFRO,636,19426,6,267,19159
2021-03-14,RW,Rwanda,AFRO,717,20143,9,276,19867
2021-03-21,RW,Rwanda,AFRO,618,20761,11,287,20474
2021-03-28,RW,Rwanda,AFRO,609,21370,14,301,21069
2021-04-04,RW,Rwanda,AFRO,873,22243,10,311,21932
2021-04-11,RW,Rwanda,AFRO,1100,23343,3,314,23029
2021-04-18,RW,Rwanda,AFRO,523,23866,8,322,23544
2021-04-25,RW,Rwanda,AFRO,669,24535,6,328,24207
2021-05-02,RW,Rwanda,AFRO,690,25225,7,335,24890
2021-05-09,RW,Rwanda,AFRO,361,25586,3,338,25248
2021-05-16,RW,Rwanda,AFRO,348,25934,4,342,25592
2021-05-23,RW,Rwanda,AFRO,490,26424,6,348,26076
2021-05-30,RW,Rwanda,AFRO,356,26780,1,349,26431
2021-06-06,RW,Rwanda,AFRO,382,27162,10,359,26803
2021-06-13,RW,Rwanda,AFRO,498,27660,7,366,27294
2021-06-20,RW,Rwanda,AFRO,2388,30048,12,378,29670
2021-06-27,RW,Rwanda,AFRO,4970,35018,26,404,34614
2021-07-04,RW,Rwanda,AFRO,6678,41696,61,465,41231
2021-07-11,RW,Rwanda,AFRO,5971,47667,86,551,47116
2021-07-18,RW,Rwanda,AFRO,6882,54549,87,638,53911
2021-07-25,RW,Rwanda,AFRO,10060,64609,89,727,63882
2021-08-01,RW,Rwanda,AFRO,6089,70698,81,808,69890
2021-08-08,RW,Rwanda,AFRO,4945,75643,73,881,74762
2021-08-15,RW,Rwanda,AFRO,3651,79294,68,949,78345
2021-08-22,RW,Rwanda,AFRO,3336,82630,61,1010,81620
2021-08-29,RW,Rwanda,AFRO,3612,86242,64,1074,85168
2021-09-05,RW,Rwanda,AFRO,3282,89524,43,1117,88407
2021-09-12,RW,Rwanda,AFRO,2869,92393,47,1164,91229
2021-09-19,RW,Rwanda,AFRO,2724,95117,42,1206,93911
2021-09-26,RW,Rwanda,AFRO,1610,96727,42,1248,95479
2021-10-03,RW,Rwanda,AFRO,1054,97781,33,1281,96500
2021-10-10,RW,Rwanda,AFRO,818,98599,23,1304,97295
2021-10-17,RW,Rwanda,AFRO,527,99126,9,1313,97813
2021-10-24,RW,Rwanda,AFRO,226,99352,7,1320,98032
2021-10-31,RW,Rwanda,AFRO,329,99681,8,1328,98353
2021-11-07,RW,Rwanda,AFRO,250,99931,4,1332,98599
2021-11-14,RW,Rwanda,AFRO,194,100125,6,1338,98787
2021-11-21,RW,Rwanda,AFRO,82,100207,2,1340,98867
2021-11-28,RW,Rwanda,AFRO,118,100325,2,1342,98983
2021-12-05,RW,Rwanda,AFRO,79,100404,1,1343,99061
2021-12-12,RW,Rwanda,AFRO,180,100584,1,1344,99240
2021-12-19,RW,Rwanda,AFRO,829,101413,0,1344,100069
2021-12-26,RW,Rwanda,AFRO,3099,104512,2,1346,103166
2022-01-02,RW,Rwanda,AFRO,8142,112654,5,1351,111303
2022-01-09,RW,Rwanda,AFRO,7720,120374,22,1373,119001
2022-01-16,RW,Rwanda,AFRO,4428,124802,30,1403,123399
2022-01-23,RW,Rwanda,AFRO,3100,127902,29,1432,126470
2022-01-30,RW,Rwanda,AFRO,900,128802,6,1438,127364
2022-02-06,RW,Rwanda,AFRO,323,129125,8,1446,127679
2022-02-13,RW,Rwanda,AFRO,170,129295,4,1450,127845
2022-02-20,RW,Rwanda,AFRO,74,129369,5,1455,127914
2022-02-27,RW,Rwanda,AFRO,116,129485,2,1457,128028
2022-03-06,RW,Rwanda,AFRO,66,129551,1,1458,128093
2022-03-13,RW,Rwanda,AFRO,38,129589,1,1459,128130
2022-03-20,RW,Rwanda,AFRO,48,129637,0,1459,128178
2022-03-27,RW,Rwanda,AFRO,71,129708,0,1459,128249
2022-04-03,RW,Rwanda,AFRO,21,129729,0,1459,128270
2022-04-10,RW,Rwanda,AFRO,18,129747,0,1459,128288
2022-04-17,RW,Rwanda,AFRO,20,129767,0,1459,128308
2022-04-24,RW,Rwanda,AFRO,18,129785,0,1459,128326
2022-05-01,RW,Rwanda,AFRO,45,129830,0,1459,128371
2022-05-08,RW,Rwanda,AFRO,41,129871,0,1459,128412
2022-05-15,RW,Rwanda,AFRO,48,129919,0,1459,128460
2022-05-22,RW,Rwanda,AFRO,62,129981,0,1459,128522
2022-05-29,RW,Rwanda,AFRO,64,130045,0,1459,128586
2022-06-05,RW,Rwanda,AFRO,134,130179,0,1459,128720
2022-06-12,RW,Rwanda,AFRO,178,130357,0,1459,128898
2022-06-19,RW,Rwanda,AFRO,212,130569,0,1459,129110
2022-06-26,RW,Rwanda,AFRO,256,130825,0,1459,129366
2022-07-03,RW,Rwanda,AFRO,367,131192,0,1459,129733
2022-07-10,RW,Rwanda,AFRO,476,131668,2,1461,130207
2022-07-17,RW,Rwanda,AFRO,227,131895,4,1465,130430
2022-07-24,RW,Rwanda,AFRO,49,131944,1,1466,130478
2022-07-31,RW,Rwanda,AFRO,323,132267,0,1466,130801
2022-08-07,RW,Rwanda,AFRO,58,132325,0,1466,130859
2022-08-14,RW,Rwanda,AFRO,30,132355,0,1466,130889
2022-08-21,RW,Rwanda,AFRO,22,132377,0,1466,130911
2022-08-28,RW,Rwanda,AFRO,38,132415,0,1466,130949
2022-09-04,RW,Rwanda,AFRO,34,132449,0,1466,130983
2022-09-11,RW,Rwanda,AFRO,25,132474,0,1466,131008
2022-09-18,RW,Rwanda,AFRO,11,132485,0,1466,131019
2022-09-25,RW,Rwanda,AFRO,3,132488,0,1466,131022
2022-10-02,RW,Rwanda,AFRO,16,132504,0,1466,131038
2022-10-09,RW,Rwanda,AFRO,11,132515,1,1467,131048
2022-10-16,RW,Rwanda,AFRO,2,132517,0,1467,131050
2022-10-23,RW,Rwanda,AFRO,16,132533,0,1467,131066
2022-10-30,RW,Rwanda,AFRO,23,132556,0,1467,131089
2022-11-06,RW,Rwanda,AFRO,29,132585,0,1467,131118
2022-11-13,RW,Rwanda,AFRO,26,132611,0,1467,131144
2022-11-20,RW,Rwanda,AFRO,32,132643,0,1467,131176
2022-11-27,RW,Rwanda,AFRO,38,132681,0,1467,131214
2022-12-04,RW,Rwanda,AFRO,81,132762,0,1467,131295
2022-12-11,RW,Rwanda,AFRO,49,132811,0,1467,131344
2022-12-18,RW,Rwanda,AFRO,29,132840,0,1467,131373
2022-12-25,RW,Rwanda,AFRO,80,132920,0,1467,131453
2023-01-01,RW,Rwanda,AFRO,59,132979,0,1467,131512
2023-01-08,RW,Rwanda,AFRO,54,133033,1,1468,131565
2023-01-15,RW,Rwanda,AFRO,25,133058,0,1468,131590
2023-01-22,RW,Rwanda,AFRO,20,133078,0,1468,131610
2023-01-29,RW,Rwanda,AFRO,12,133090,0,1468,131622
2023-02-05,RW,Rwanda,AFRO,13,133103,0,1468,131635
2023-02-12,RW,Rwanda,AFRO,45,133148,0,1468,131680
2023-02-19,RW,Rwanda,AFRO,22,133170,0,1468,131702
2023-02-26,RW,Rwanda,AFRO,14,133184,0,1468,131716
2023-03-05,RW,Rwanda,AFRO,10,133194,0,1468,131726
2023-03-12,RW,Rwanda,AFRO,0,133194,0,1468,131726
2023-03-19,RW,Rwanda,AFRO,0,133194,0,1468,131726
2023-03-26,RW,Rwanda,AFRO,0,133194,0,1468,131726
2023-04-02,RW,Rwanda,AFRO,0,133194,0,1468,131726
2023-04-09,RW,Rwanda,AFRO,0,133194,0,1468,131726
2023-04-16,RW,Rwanda,AFRO,0,133194,0,1468,131726
2023-04-23,RW,Rwanda,AFRO,0,133194,0,1468,131726
2023-04-30,RW,Rwanda,AFRO,0,133194,0,1468,131726
2023-05-07,RW,Rwanda,AFRO,0,133194,0,1468,131726
2023-05-14,RW,Rwanda,AFRO,0,133194,0,1468,131726
2023-05-21,RW,Rwanda,AFRO,0,133194,0,1468,131726
2023-05-28,RW,Rwanda,AFRO,0,133194,0,1468,131726
2023-06-04,RW,Rwanda,AFRO,0,133194,0,1468,131726
2023-06-11,RW,Rwanda,AFRO,0,133194,0,1468,131726
2023-06-18,RW,Rwanda,AFRO,0,133194,0,1468,131726
2023-06-25,RW,Rwanda,AFRO,0,133194,0,1468,131726
2023-07-02,RW,Rwanda,AFRO,0,133194,0,1468,131726
2023-07-09,RW,Rwanda,AFRO,0,133194,0,1468,131726
2023-07-16,RW,Rwanda,AFRO,0,133194,0,1468,131726
2023-07-23,RW,Rwanda,AFRO,0,133194,0,1468,131726
2023-07-30,RW,Rwanda,AFRO,0,133194,0,1468,131726
2023-08-06,RW,Rwanda,AFRO,0,133194,0,1468,131726
2023-08-13,RW,Rwanda,AFRO,0,133194,0,1468,131726
2023-08-20,RW,Rwanda,AFRO,0,133194,0,1468,131726
2023-08-27,RW,Rwanda,AFRO,0,133194,0,1468,131726
2023-09-03,RW,Rwanda,AFRO,0,133194,0,1468,131726
2023-09-10,RW,Rwanda,AFRO,0,133194,0,1468,131726
2023-09-17,RW,Rwanda,AFRO,0,133194,0,1468,131726
2023-09-24,RW,Rwanda,AFRO,0,133194,0,1468,131726
2023-10-01,RW,Rwanda,AFRO,0,133194,0,1468,131726
2023-10-08,RW,Rwanda,AFRO,0,133194,0,1468,131726
2023-10-15,RW,Rwanda,AFRO,0,133194,0,1468,131726
2023-10-22,RW,Rwanda,AFRO,0,133194,0,1468,131726
2023-10-29,RW,Rwanda,AFRO,0,133194,0,1468,131726
2023-11-05,RW,Rwanda,AFRO,0,133194,0,1468,131726
2023-11-12,RW,Rwanda,AFRO,0,133194,0,1468,131726
2023-11-19,RW,Rwanda,AFRO,14,133208,0,1468,131740
2023-11-26,RW,Rwanda,AFRO,0,133208,0,1468,131740
2023-12-03,RW,Rwanda,AFRO,0,133208,0,1468,131740
2023-12-10,RW,Rwanda,AFRO,0,133208,0,1468,131740
2023-12-17,RW,Rwanda,AFRO,0,133208,0,1468,131740
2023-12-24,RW,Rwanda,AFRO,0,133208,0,1468,131740
2023-12-31,RW,Rwanda,AFRO,0,133208,0,1468,131740
2024-01-07,RW,Rwanda,AFRO,9,133217,0,1468,131749
2024-01-14,RW,Rwanda,AFRO,0,133217,0,1468,131749
2024-01-21,RW,Rwanda,AFRO,0,133217,0,1468,131749
2024-01-28,RW,Rwanda,AFRO,0,133217,0,1468,131749
2024-02-04,RW,Rwanda,AFRO,0,133217,0,1468,131749
2024-02-11,RW,Rwanda,AFRO,0,133217,0,1468,131749
2024-02-18,RW,Rwanda,AFRO,0,133217,0,1468,131749
2024-02-25,RW,Rwanda,AFRO,0,133217,0,1468,131749
2024-03-03,RW,Rwanda,AFRO,0,133217,0,1468,131749
2024-03-10,RW,Rwanda,AFRO,5,133222,0,1468,131754
2024-03-17,RW,Rwanda,AFRO,5,133227,0,1468,131759
2024-03-24,RW,Rwanda,AFRO,0,133227,0,1468,131759
2024-03-31,RW,Rwanda,AFRO,2,133229,0,1468,131761
2024-04-07,RW,Rwanda,AFRO,1,133230,0,1468,131762
2024-04-14,RW,Rwanda,AFRO,4,133234,0,1468,131766
2024-04-21,RW,Rwanda,AFRO,7,133241,0,1468,131773
2024-04-28,RW,Rwanda,AFRO,3,133244,0,1468,131776
2024-05-05,RW,Rwanda,AFRO,0,133244,0,1468,131776
2024-05-12,RW,Rwanda,AFRO,5,133249,0,1468,131781
2024-05-19,RW,Rwanda,AFRO,9,133258,0,1468,131790
2024-05-26,RW,Rwanda,AFRO,3,133261,0,1468,131793
2024-06-02,RW,Rwanda,AFRO,0,133261,0,1468,131793
2024-06-09,RW,Rwanda,AFRO,0,133261,0,1468,131793
2024-06-16,RW,Rwanda,AFRO,0,133261,0,1468,131793
2024-06-23,RW,Rwanda,AFRO,0,133261,0,1468,131793
2024-06-30,RW,Rwanda,AFRO,0,133261,0,1468,131793
2024-07-07,RW,Rwanda,AFRO,0,133261,0,1468,131793
2024-07-14,RW,Rwanda,AFRO,3,133264,0,1468,131796
2024-07-21,RW,Rwanda,AFRO,0,133264,0,1468,131796
2024-07-28,RW,Rwanda,AFRO,0,133264,0,1468,131796
2024-08-04,RW,Rwanda,AFRO,0,133264,0,1468,131796
2024-08-11,RW,Rwanda,AFRO,0,133264,0,1468,131796
2024-08-18,RW,Rwanda,AFRO,1,133265,0,1468,131797
2024-08-25,RW,Rwanda,AFRO,1,133266,0,1468,131798
2024-09-01,RW,Rwanda,AFRO,0,133266,0,1468,131798
2024-09-08,RW,Rwanda,AFRO,0,133266,0,1468,131798
2024-09-15,RW,Rwanda,AFRO,0,133266,0,1468,131798
2024-09-22,RW,Rwanda,AFRO,0,133266,0,1468,131798
2024-09-29,RW,Rwanda,AFRO,0,133266,0,1468,131798
2024-10-06,RW,Rwanda,AFRO,0,133266,0,1468,131798
2024-10-13,RW,Rwanda,AFRO,0,133266,0,1468,131798
2024-10-20,RW,Rwanda,AFRO,0,133266,0,1468,131798
2024-10-27,RW,Rwanda,AFRO,0,133266,0,1468,131798
2024-11-03,RW,Rwanda,AFRO,0,133266,0,1468,131798
2024-11-10,RW,Rwanda,AFRO,0,133266,0,1468,131798
2024-11-17,RW,Rwanda,AFRO,0,133266,0,1468,131798
2020-01-05,KN,Saint Kitts and Nevis,AMRO,0,0,0,0,0
2020-01-12,KN,Saint Kitts and Nevis,AMRO,0,0,0,0,0
2020-01-19,KN,Saint Kitts and Nevis,AMRO,0,0,0,0,0
2020-01-26,KN,Saint Kitts and Nevis,AMRO,0,0,0,0,0
2020-02-02,KN,Saint Kitts and Nevis,AMRO,0,0,0,0,0
2020-02-09,KN,Saint Kitts and Nevis,AMRO,0,0,0,0,0
2020-02-16,KN,Saint Kitts and Nevis,AMRO,0,0,0,0,0
2020-02-23,KN,Saint Kitts and Nevis,AMRO,0,0,0,0,0
2020-03-01,KN,Saint Kitts and Nevis,AMRO,0,0,0,0,0
2020-03-08,KN,Saint Kitts and Nevis,AMRO,0,0,0,0,0
2020-03-15,KN,Saint Kitts and Nevis,AMRO,0,0,0,0,0
2020-03-22,KN,Saint Kitts and Nevis,AMRO,0,0,0,0,0
2020-03-29,KN,Saint Kitts and Nevis,AMRO,2,2,0,0,2
2020-04-05,KN,Saint Kitts and Nevis,AMRO,7,9,0,0,9
2020-04-12,KN,Saint Kitts and Nevis,AMRO,3,12,0,0,12
2020-04-19,KN,Saint Kitts and Nevis,AMRO,2,14,0,0,14
2020-04-26,KN,Saint Kitts and Nevis,AMRO,1,15,0,0,15
2020-05-03,KN,Saint Kitts and Nevis,AMRO,0,15,0,0,15
2020-05-10,KN,Saint Kitts and Nevis,AMRO,0,15,0,0,15
2020-05-17,KN,Saint Kitts and Nevis,AMRO,0,15,0,0,15
2020-05-24,KN,Saint Kitts and Nevis,AMRO,0,15,0,0,15
2020-05-31,KN,Saint Kitts and Nevis,AMRO,0,15,0,0,15
2020-06-07,KN,Saint Kitts and Nevis,AMRO,0,15,0,0,15
2020-06-14,KN,Saint Kitts and Nevis,AMRO,0,15,0,0,15
2020-06-21,KN,Saint Kitts and Nevis,AMRO,0,15,0,0,15
2020-06-28,KN,Saint Kitts and Nevis,AMRO,0,15,0,0,15
2020-07-05,KN,Saint Kitts and Nevis,AMRO,0,15,0,0,15
2020-07-12,KN,Saint Kitts and Nevis,AMRO,2,17,0,0,17
2020-07-19,KN,Saint Kitts and Nevis,AMRO,0,17,0,0,17
2020-07-26,KN,Saint Kitts and Nevis,AMRO,0,17,0,0,17
2020-08-02,KN,Saint Kitts and Nevis,AMRO,0,17,0,0,17
2020-08-09,KN,Saint Kitts and Nevis,AMRO,0,17,0,0,17
2020-08-16,KN,Saint Kitts and Nevis,AMRO,0,17,0,0,17
2020-08-23,KN,Saint Kitts and Nevis,AMRO,0,17,0,0,17
2020-08-30,KN,Saint Kitts and Nevis,AMRO,0,17,0,0,17
2020-09-06,KN,Saint Kitts and Nevis,AMRO,0,17,0,0,17
2020-09-13,KN,Saint Kitts and Nevis,AMRO,0,17,0,0,17
2020-09-20,KN,Saint Kitts and Nevis,AMRO,0,17,0,0,17
2020-09-27,KN,Saint Kitts and Nevis,AMRO,2,19,0,0,19
2020-10-04,KN,Saint Kitts and Nevis,AMRO,0,19,0,0,19
2020-10-11,KN,Saint Kitts and Nevis,AMRO,0,19,0,0,19
2020-10-18,KN,Saint Kitts and Nevis,AMRO,0,19,0,0,19
2020-10-25,KN,Saint Kitts and Nevis,AMRO,0,19,0,0,19
2020-11-01,KN,Saint Kitts and Nevis,AMRO,0,19,0,0,19
2020-11-08,KN,Saint Kitts and Nevis,AMRO,0,19,0,0,19
2020-11-15,KN,Saint Kitts and Nevis,AMRO,0,19,0,0,19
2020-11-22,KN,Saint Kitts and Nevis,AMRO,0,19,0,0,19
2020-11-29,KN,Saint Kitts and Nevis,AMRO,3,22,0,0,22
2020-12-06,KN,Saint Kitts and Nevis,AMRO,0,22,0,0,22
2020-12-13,KN,Saint Kitts and Nevis,AMRO,5,27,0,0,27
2020-12-20,KN,Saint Kitts and Nevis,AMRO,3,30,0,0,30
2020-12-27,KN,Saint Kitts and Nevis,AMRO,0,30,0,0,30
2021-01-03,KN,Saint Kitts and Nevis,AMRO,3,33,0,0,33
2021-01-10,KN,Saint Kitts and Nevis,AMRO,1,34,0,0,34
2021-01-17,KN,Saint Kitts and Nevis,AMRO,0,34,0,0,34
2021-01-24,KN,Saint Kitts and Nevis,AMRO,1,35,0,0,35
2021-01-31,KN,Saint Kitts and Nevis,AMRO,2,37,0,0,37
2021-02-07,KN,Saint Kitts and Nevis,AMRO,3,40,0,0,40
2021-02-14,KN,Saint Kitts and Nevis,AMRO,0,40,0,0,40
2021-02-21,KN,Saint Kitts and Nevis,AMRO,1,41,0,0,41
2021-02-28,KN,Saint Kitts and Nevis,AMRO,0,41,0,0,41
2021-03-07,KN,Saint Kitts and Nevis,AMRO,0,41,0,0,41
2021-03-14,KN,Saint Kitts and Nevis,AMRO,2,43,0,0,43
2021-03-21,KN,Saint Kitts and Nevis,AMRO,1,44,0,0,44
2021-03-28,KN,Saint Kitts and Nevis,AMRO,0,44,0,0,44
2021-04-04,KN,Saint Kitts and Nevis,AMRO,0,44,0,0,44
2021-04-11,KN,Saint Kitts and Nevis,AMRO,0,44,0,0,44
2021-04-18,KN,Saint Kitts and Nevis,AMRO,0,44,0,0,44
2021-04-25,KN,Saint Kitts and Nevis,AMRO,0,44,0,0,44
2021-05-02,KN,Saint Kitts and Nevis,AMRO,1,45,0,0,45
2021-05-09,KN,Saint Kitts and Nevis,AMRO,0,45,0,0,45
2021-05-16,KN,Saint Kitts and Nevis,AMRO,0,45,0,0,45
2021-05-23,KN,Saint Kitts and Nevis,AMRO,1,46,0,0,46
2021-05-30,KN,Saint Kitts and Nevis,AMRO,22,68,0,0,68
2021-06-06,KN,Saint Kitts and Nevis,AMRO,10,78,0,0,78
2021-06-13,KN,Saint Kitts and Nevis,AMRO,77,155,0,0,155
2021-06-20,KN,Saint Kitts and Nevis,AMRO,149,304,1,1,303
2021-06-27,KN,Saint Kitts and Nevis,AMRO,124,428,2,3,425
2021-07-04,KN,Saint Kitts and Nevis,AMRO,48,476,0,3,473
2021-07-11,KN,Saint Kitts and Nevis,AMRO,49,525,0,3,522
2021-07-18,KN,Saint Kitts and Nevis,AMRO,23,548,0,3,545
2021-07-25,KN,Saint Kitts and Nevis,AMRO,15,563,0,3,560
2021-08-01,KN,Saint Kitts and Nevis,AMRO,30,593,0,3,590
2021-08-08,KN,Saint Kitts and Nevis,AMRO,18,611,0,3,608
2021-08-15,KN,Saint Kitts and Nevis,AMRO,31,642,0,3,639
2021-08-22,KN,Saint Kitts and Nevis,AMRO,150,792,0,3,789
2021-08-29,KN,Saint Kitts and Nevis,AMRO,232,1024,0,3,1021
2021-09-05,KN,Saint Kitts and Nevis,AMRO,173,1197,2,5,1192
2021-09-12,KN,Saint Kitts and Nevis,AMRO,242,1439,2,7,1432
2021-09-19,KN,Saint Kitts and Nevis,AMRO,193,1632,2,9,1623
2021-09-26,KN,Saint Kitts and Nevis,AMRO,203,1835,1,10,1825
2021-10-03,KN,Saint Kitts and Nevis,AMRO,130,1965,3,13,1952
2021-10-10,KN,Saint Kitts and Nevis,AMRO,396,2361,4,17,2344
2021-10-17,KN,Saint Kitts and Nevis,AMRO,185,2546,4,21,2525
2021-10-24,KN,Saint Kitts and Nevis,AMRO,77,2623,0,21,2602
2021-10-31,KN,Saint Kitts and Nevis,AMRO,45,2668,2,23,2645
2021-11-07,KN,Saint Kitts and Nevis,AMRO,40,2708,2,25,2683
2021-11-14,KN,Saint Kitts and Nevis,AMRO,37,2745,2,27,2718
2021-11-21,KN,Saint Kitts and Nevis,AMRO,19,2764,1,28,2736
2021-11-28,KN,Saint Kitts and Nevis,AMRO,15,2779,0,28,2751
2021-12-05,KN,Saint Kitts and Nevis,AMRO,10,2789,0,28,2761
2021-12-12,KN,Saint Kitts and Nevis,AMRO,6,2795,0,28,2767
2021-12-19,KN,Saint Kitts and Nevis,AMRO,6,2801,0,28,2773
2021-12-26,KN,Saint Kitts and Nevis,AMRO,35,2836,0,28,2808
2022-01-02,KN,Saint Kitts and Nevis,AMRO,207,3043,0,28,3015
2022-01-09,KN,Saint Kitts and Nevis,AMRO,1013,4056,0,28,4028
2022-01-16,KN,Saint Kitts and Nevis,AMRO,826,4882,0,28,4854
2022-01-23,KN,Saint Kitts and Nevis,AMRO,348,5230,0,28,5202
2022-01-30,KN,Saint Kitts and Nevis,AMRO,173,5403,5,33,5370
2022-02-06,KN,Saint Kitts and Nevis,AMRO,66,5469,4,37,5432
2022-02-13,KN,Saint Kitts and Nevis,AMRO,26,5495,2,39,5456
2022-02-20,KN,Saint Kitts and Nevis,AMRO,16,5511,1,40,5471
2022-02-27,KN,Saint Kitts and Nevis,AMRO,15,5526,2,42,5484
2022-03-06,KN,Saint Kitts and Nevis,AMRO,7,5533,0,42,5491
2022-03-13,KN,Saint Kitts and Nevis,AMRO,5,5538,0,42,5496
2022-03-20,KN,Saint Kitts and Nevis,AMRO,6,5544,0,42,5502
2022-03-27,KN,Saint Kitts and Nevis,AMRO,4,5548,0,42,5506
2022-04-03,KN,Saint Kitts and Nevis,AMRO,1,5549,1,43,5506
2022-04-10,KN,Saint Kitts and Nevis,AMRO,3,5552,0,43,5509
2022-04-17,KN,Saint Kitts and Nevis,AMRO,5,5557,0,43,5514
2022-04-24,KN,Saint Kitts and Nevis,AMRO,5,5562,0,43,5519
2022-05-01,KN,Saint Kitts and Nevis,AMRO,1,5563,0,43,5520
2022-05-08,KN,Saint Kitts and Nevis,AMRO,20,5583,0,43,5540
2022-05-15,KN,Saint Kitts and Nevis,AMRO,22,5605,0,43,5562
2022-05-22,KN,Saint Kitts and Nevis,AMRO,49,5654,0,43,5611
2022-05-29,KN,Saint Kitts and Nevis,AMRO,53,5707,0,43,5664
2022-06-05,KN,Saint Kitts and Nevis,AMRO,91,5798,0,43,5755
2022-06-12,KN,Saint Kitts and Nevis,AMRO,39,5837,0,43,5794
2022-06-19,KN,Saint Kitts and Nevis,AMRO,73,5910,0,43,5867
2022-06-26,KN,Saint Kitts and Nevis,AMRO,37,5947,0,43,5904
2022-07-03,KN,Saint Kitts and Nevis,AMRO,193,6140,0,43,6097
2022-07-10,KN,Saint Kitts and Nevis,AMRO,153,6293,0,43,6250
2022-07-17,KN,Saint Kitts and Nevis,AMRO,84,6377,2,45,6332
2022-07-24,KN,Saint Kitts and Nevis,AMRO,45,6422,1,46,6376
2022-07-31,KN,Saint Kitts and Nevis,AMRO,34,6456,0,46,6410
2022-08-07,KN,Saint Kitts and Nevis,AMRO,21,6477,0,46,6431
2022-08-14,KN,Saint Kitts and Nevis,AMRO,15,6492,0,46,6446
2022-08-21,KN,Saint Kitts and Nevis,AMRO,6,6498,0,46,6452
2022-08-28,KN,Saint Kitts and Nevis,AMRO,11,6509,0,46,6463
2022-09-04,KN,Saint Kitts and Nevis,AMRO,10,6519,0,46,6473
2022-09-11,KN,Saint Kitts and Nevis,AMRO,10,6529,0,46,6483
2022-09-18,KN,Saint Kitts and Nevis,AMRO,12,6541,0,46,6495
2022-09-25,KN,Saint Kitts and Nevis,AMRO,2,6543,0,46,6497
2022-10-02,KN,Saint Kitts and Nevis,AMRO,2,6545,0,46,6499
2022-10-09,KN,Saint Kitts and Nevis,AMRO,1,6546,0,46,6500
2022-10-16,KN,Saint Kitts and Nevis,AMRO,1,6547,0,46,6501
2022-10-23,KN,Saint Kitts and Nevis,AMRO,1,6548,0,46,6502
2022-10-30,KN,Saint Kitts and Nevis,AMRO,0,6548,0,46,6502
2022-11-06,KN,Saint Kitts and Nevis,AMRO,1,6549,0,46,6503
2022-11-13,KN,Saint Kitts and Nevis,AMRO,3,6552,0,46,6506
2022-11-20,KN,Saint Kitts and Nevis,AMRO,0,6552,0,46,6506
2022-11-27,KN,Saint Kitts and Nevis,AMRO,4,6556,0,46,6510
2022-12-04,KN,Saint Kitts and Nevis,AMRO,3,6559,0,46,6513
2022-12-11,KN,Saint Kitts and Nevis,AMRO,0,6559,0,46,6513
2022-12-18,KN,Saint Kitts and Nevis,AMRO,1,6560,0,46,6514
2022-12-25,KN,Saint Kitts and Nevis,AMRO,2,6562,0,46,6516
2023-01-01,KN,Saint Kitts and Nevis,AMRO,0,6562,0,46,6516
2023-01-08,KN,Saint Kitts and Nevis,AMRO,9,6571,0,46,6525
2023-01-15,KN,Saint Kitts and Nevis,AMRO,8,6579,0,46,6533
2023-01-22,KN,Saint Kitts and Nevis,AMRO,6,6585,0,46,6539
2023-01-29,KN,Saint Kitts and Nevis,AMRO,6,6591,0,46,6545
2023-02-05,KN,Saint Kitts and Nevis,AMRO,1,6592,0,46,6546
2023-02-12,KN,Saint Kitts and Nevis,AMRO,1,6593,0,46,6547
2023-02-19,KN,Saint Kitts and Nevis,AMRO,3,6596,0,46,6550
2023-02-26,KN,Saint Kitts and Nevis,AMRO,0,6596,0,46,6550
2023-03-05,KN,Saint Kitts and Nevis,AMRO,1,6597,0,46,6551
2023-03-12,KN,Saint Kitts and Nevis,AMRO,0,6597,0,46,6551
2023-03-19,KN,Saint Kitts and Nevis,AMRO,0,6597,0,46,6551
2023-03-26,KN,Saint Kitts and Nevis,AMRO,0,6597,0,46,6551
2023-04-02,KN,Saint Kitts and Nevis,AMRO,1,6598,0,46,6552
2023-04-09,KN,Saint Kitts and Nevis,AMRO,0,6598,0,46,6552
2023-04-16,KN,Saint Kitts and Nevis,AMRO,0,6598,0,46,6552
2023-04-23,KN,Saint Kitts and Nevis,AMRO,0,6598,0,46,6552
2023-04-30,KN,Saint Kitts and Nevis,AMRO,0,6598,0,46,6552
2023-05-07,KN,Saint Kitts and Nevis,AMRO,1,6599,0,46,6553
2023-05-14,KN,Saint Kitts and Nevis,AMRO,1,6600,0,46,6554
2023-05-21,KN,Saint Kitts and Nevis,AMRO,0,6600,0,46,6554
2023-05-28,KN,Saint Kitts and Nevis,AMRO,2,6602,0,46,6556
2023-06-04,KN,Saint Kitts and Nevis,AMRO,0,6602,0,46,6556
2023-06-11,KN,Saint Kitts and Nevis,AMRO,0,6602,0,46,6556
2023-06-18,KN,Saint Kitts and Nevis,AMRO,4,6606,0,46,6560
2023-06-25,KN,Saint Kitts and Nevis,AMRO,0,6606,0,46,6560
2023-07-02,KN,Saint Kitts and Nevis,AMRO,1,6607,0,46,6561
2023-07-09,KN,Saint Kitts and Nevis,AMRO,0,6607,0,46,6561
2023-07-16,KN,Saint Kitts and Nevis,AMRO,0,6607,0,46,6561
2023-07-23,KN,Saint Kitts and Nevis,AMRO,0,6607,0,46,6561
2023-07-30,KN,Saint Kitts and Nevis,AMRO,0,6607,0,46,6561
2023-08-06,KN,Saint Kitts and Nevis,AMRO,0,6607,0,46,6561
2023-08-13,KN,Saint Kitts and Nevis,AMRO,0,6607,0,46,6561
2023-08-20,KN,Saint Kitts and Nevis,AMRO,0,6607,0,46,6561
2023-08-27,KN,Saint Kitts and Nevis,AMRO,0,6607,0,46,6561
2023-09-03,KN,Saint Kitts and Nevis,AMRO,0,6607,0,46,6561
2023-09-10,KN,Saint Kitts and Nevis,AMRO,0,6607,0,46,6561
2023-09-17,KN,Saint Kitts and Nevis,AMRO,0,6607,0,46,6561
2023-09-24,KN,Saint Kitts and Nevis,AMRO,0,6607,0,46,6561
2023-10-01,KN,Saint Kitts and Nevis,AMRO,0,6607,0,46,6561
2023-10-08,KN,Saint Kitts and Nevis,AMRO,0,6607,0,46,6561
2023-10-15,KN,Saint Kitts and Nevis,AMRO,0,6607,0,46,6561
2023-10-22,KN,Saint Kitts and Nevis,AMRO,0,6607,0,46,6561
2023-10-29,KN,Saint Kitts and Nevis,AMRO,0,6607,0,46,6561
2023-11-05,KN,Saint Kitts and Nevis,AMRO,0,6607,0,46,6561
2023-11-12,KN,Saint Kitts and Nevis,AMRO,0,6607,0,46,6561
2023-11-19,KN,Saint Kitts and Nevis,AMRO,0,6607,0,46,6561
2023-11-26,KN,Saint Kitts and Nevis,AMRO,0,6607,0,46,6561
2023-12-03,KN,Saint Kitts and Nevis,AMRO,0,6607,0,46,6561
2023-12-10,KN,Saint Kitts and Nevis,AMRO,0,6607,0,46,6561
2023-12-17,KN,Saint Kitts and Nevis,AMRO,0,6607,0,46,6561
2023-12-24,KN,Saint Kitts and Nevis,AMRO,0,6607,0,46,6561
2023-12-31,KN,Saint Kitts and Nevis,AMRO,0,6607,0,46,6561
2024-01-07,KN,Saint Kitts and Nevis,AMRO,0,6607,0,46,6561
2024-01-14,KN,Saint Kitts and Nevis,AMRO,0,6607,0,46,6561
2024-01-21,KN,Saint Kitts and Nevis,AMRO,0,6607,0,46,6561
2024-01-28,KN,Saint Kitts and Nevis,AMRO,0,6607,0,46,6561
2024-02-04,KN,Saint Kitts and Nevis,AMRO,0,6607,0,46,6561
2024-02-11,KN,Saint Kitts and Nevis,AMRO,0,6607,0,46,6561
2024-02-18,KN,Saint Kitts and Nevis,AMRO,0,6607,0,46,6561
2024-02-25,KN,Saint Kitts and Nevis,AMRO,0,6607,0,46,6561
2024-03-03,KN,Saint Kitts and Nevis,AMRO,0,6607,0,46,6561
2024-03-10,KN,Saint Kitts and Nevis,AMRO,0,6607,0,46,6561
2024-03-17,KN,Saint Kitts and Nevis,AMRO,0,6607,0,46,6561
2024-03-24,KN,Saint Kitts and Nevis,AMRO,0,6607,0,46,6561
2024-03-31,KN,Saint Kitts and Nevis,AMRO,0,6607,0,46,6561
2024-04-07,KN,Saint Kitts and Nevis,AMRO,0,6607,0,46,6561
2024-04-14,KN,Saint Kitts and Nevis,AMRO,0,6607,0,46,6561
2024-04-21,KN,Saint Kitts and Nevis,AMRO,0,6607,0,46,6561
2024-04-28,KN,Saint Kitts and Nevis,AMRO,0,6607,0,46,6561
2024-05-05,KN,Saint Kitts and Nevis,AMRO,0,6607,0,46,6561
2024-05-12,KN,Saint Kitts and Nevis,AMRO,0,6607,0,46,6561
2024-05-19,KN,Saint Kitts and Nevis,AMRO,0,6607,0,46,6561
2024-05-26,KN,Saint Kitts and Nevis,AMRO,0,6607,0,46,6561
2024-06-02,KN,Saint Kitts and Nevis,AMRO,0,6607,0,46,6561
2024-06-09,KN,Saint Kitts and Nevis,AMRO,0,6607,0,46,6561
2024-06-16,KN,Saint Kitts and Nevis,AMRO,0,6607,0,46,6561
2024-06-23,KN,Saint Kitts and Nevis,AMRO,0,6607,0,46,6561
2024-06-30,KN,Saint Kitts and Nevis,AMRO,0,6607,0,46,6561
2024-07-07,KN,Saint Kitts and Nevis,AMRO,0,6607,0,46,6561
2024-07-14,KN,Saint Kitts and Nevis,AMRO,0,6607,0,46,6561
2024-07-21,KN,Saint Kitts and Nevis,AMRO,0,6607,0,46,6561
2024-07-28,KN,Saint Kitts and Nevis,AMRO,0,6607,0,46,6561
2024-08-04,KN,Saint Kitts and Nevis,AMRO,0,6607,0,46,6561
2024-08-11,KN,Saint Kitts and Nevis,AMRO,0,6607,0,46,6561
2024-08-18,KN,Saint Kitts and Nevis,AMRO,0,6607,0,46,6561
2024-08-25,KN,Saint Kitts and Nevis,AMRO,0,6607,0,46,6561
2024-09-01,KN,Saint Kitts and Nevis,AMRO,0,6607,0,46,6561
2024-09-08,KN,Saint Kitts and Nevis,AMRO,0,6607,0,46,6561
2024-09-15,KN,Saint Kitts and Nevis,AMRO,0,6607,0,46,6561
2024-09-22,KN,Saint Kitts and Nevis,AMRO,0,6607,0,46,6561
2024-09-29,KN,Saint Kitts and Nevis,AMRO,0,6607,0,46,6561
2024-10-06,KN,Saint Kitts and Nevis,AMRO,0,6607,0,46,6561
2024-10-13,KN,Saint Kitts and Nevis,AMRO,0,6607,0,46,6561
2024-10-20,KN,Saint Kitts and Nevis,AMRO,0,6607,0,46,6561
2024-10-27,KN,Saint Kitts and Nevis,AMRO,0,6607,0,46,6561
2024-11-03,KN,Saint Kitts and Nevis,AMRO,0,6607,0,46,6561
2024-11-10,KN,Saint Kitts and Nevis,AMRO,0,6607,0,46,6561
2024-11-17,KN,Saint Kitts and Nevis,AMRO,0,6607,0,46,6561
2020-01-05,LC,Saint Lucia,AMRO,0,0,0,0,0
2020-01-12,LC,Saint Lucia,AMRO,0,0,0,0,0
2020-01-19,LC,Saint Lucia,AMRO,0,0,0,0,0
2020-01-26,LC,Saint Lucia,AMRO,0,0,0,0,0
2020-02-02,LC,Saint Lucia,AMRO,0,0,0,0,0
2020-02-09,LC,Saint Lucia,AMRO,0,0,0,0,0
2020-02-16,LC,Saint Lucia,AMRO,0,0,0,0,0
2020-02-23,LC,Saint Lucia,AMRO,0,0,0,0,0
2020-03-01,LC,Saint Lucia,AMRO,0,0,0,0,0
2020-03-08,LC,Saint Lucia,AMRO,0,0,0,0,0
2020-03-15,LC,Saint Lucia,AMRO,1,1,0,0,1
2020-03-22,LC,Saint Lucia,AMRO,1,2,0,0,2
2020-03-29,LC,Saint Lucia,AMRO,1,3,0,0,3
2020-04-05,LC,Saint Lucia,AMRO,10,13,0,0,13
2020-04-12,LC,Saint Lucia,AMRO,2,15,0,0,15
2020-04-19,LC,Saint Lucia,AMRO,0,15,0,0,15
2020-04-26,LC,Saint Lucia,AMRO,0,15,0,0,15
2020-05-03,LC,Saint Lucia,AMRO,2,17,0,0,17
2020-05-10,LC,Saint Lucia,AMRO,1,18,0,0,18
2020-05-17,LC,Saint Lucia,AMRO,0,18,0,0,18
2020-05-24,LC,Saint Lucia,AMRO,0,18,0,0,18
2020-05-31,LC,Saint Lucia,AMRO,0,18,0,0,18
2020-06-07,LC,Saint Lucia,AMRO,1,19,0,0,19
2020-06-14,LC,Saint Lucia,AMRO,0,19,0,0,19
2020-06-21,LC,Saint Lucia,AMRO,0,19,0,0,19
2020-06-28,LC,Saint Lucia,AMRO,0,19,0,0,19
2020-07-05,LC,Saint Lucia,AMRO,3,22,0,0,22
2020-07-12,LC,Saint Lucia,AMRO,0,22,0,0,22
2020-07-19,LC,Saint Lucia,AMRO,1,23,0,0,23
2020-07-26,LC,Saint Lucia,AMRO,1,24,0,0,24
2020-08-02,LC,Saint Lucia,AMRO,1,25,0,0,25
2020-08-09,LC,Saint Lucia,AMRO,0,25,0,0,25
2020-08-16,LC,Saint Lucia,AMRO,0,25,0,0,25
2020-08-23,LC,Saint Lucia,AMRO,1,26,0,0,26
2020-08-30,LC,Saint Lucia,AMRO,0,26,0,0,26
2020-09-06,LC,Saint Lucia,AMRO,0,26,0,0,26
2020-09-13,LC,Saint Lucia,AMRO,1,27,0,0,27
2020-09-20,LC,Saint Lucia,AMRO,0,27,0,0,27
2020-09-27,LC,Saint Lucia,AMRO,0,27,0,0,27
2020-10-04,LC,Saint Lucia,AMRO,0,27,0,0,27
2020-10-11,LC,Saint Lucia,AMRO,2,29,0,0,29
2020-10-18,LC,Saint Lucia,AMRO,4,33,0,0,33
2020-10-25,LC,Saint Lucia,AMRO,19,52,0,0,52
2020-11-01,LC,Saint Lucia,AMRO,26,78,0,0,78
2020-11-08,LC,Saint Lucia,AMRO,32,110,0,0,110
2020-11-15,LC,Saint Lucia,AMRO,50,160,2,2,158
2020-11-22,LC,Saint Lucia,AMRO,43,203,0,2,201
2020-11-29,LC,Saint Lucia,AMRO,43,246,0,2,244
2020-12-06,LC,Saint Lucia,AMRO,19,265,0,2,263
2020-12-13,LC,Saint Lucia,AMRO,9,274,2,4,270
2020-12-20,LC,Saint Lucia,AMRO,6,280,1,5,275
2020-12-27,LC,Saint Lucia,AMRO,25,305,0,5,300
2021-01-03,LC,Saint Lucia,AMRO,48,353,0,5,348
2021-01-10,LC,Saint Lucia,AMRO,42,395,0,5,390
2021-01-17,LC,Saint Lucia,AMRO,181,576,1,6,570
2021-01-24,LC,Saint Lucia,AMRO,194,770,4,10,760
2021-01-31,LC,Saint Lucia,AMRO,425,1195,3,13,1182
2021-02-07,LC,Saint Lucia,AMRO,618,1813,5,18,1795
2021-02-14,LC,Saint Lucia,AMRO,674,2487,5,23,2464
2021-02-21,LC,Saint Lucia,AMRO,373,2860,5,28,2832
2021-02-28,LC,Saint Lucia,AMRO,496,3356,7,35,3321
2021-03-07,LC,Saint Lucia,AMRO,487,3843,8,43,3800
2021-03-14,LC,Saint Lucia,AMRO,146,3989,5,48,3941
2021-03-21,LC,Saint Lucia,AMRO,124,4113,7,55,4058
2021-03-28,LC,Saint Lucia,AMRO,78,4191,3,58,4133
2021-04-04,LC,Saint Lucia,AMRO,98,4289,3,61,4228
2021-04-11,LC,Saint Lucia,AMRO,40,4329,3,64,4265
2021-04-18,LC,Saint Lucia,AMRO,69,4398,1,65,4333
2021-04-25,LC,Saint Lucia,AMRO,65,4463,5,70,4393
2021-05-02,LC,Saint Lucia,AMRO,89,4552,4,74,4478
2021-05-09,LC,Saint Lucia,AMRO,102,4654,1,75,4579
2021-05-16,LC,Saint Lucia,AMRO,134,4788,0,75,4713
2021-05-23,LC,Saint Lucia,AMRO,147,4935,2,77,4858
2021-05-30,LC,Saint Lucia,AMRO,100,5035,0,77,4958
2021-06-06,LC,Saint Lucia,AMRO,73,5108,3,80,5028
2021-06-13,LC,Saint Lucia,AMRO,60,5168,0,80,5088
2021-06-20,LC,Saint Lucia,AMRO,38,5206,0,80,5126
2021-06-27,LC,Saint Lucia,AMRO,56,5262,4,84,5178
2021-07-04,LC,Saint Lucia,AMRO,40,5302,0,84,5218
2021-07-11,LC,Saint Lucia,AMRO,78,5380,2,86,5294
2021-07-18,LC,Saint Lucia,AMRO,82,5462,1,87,5375
2021-07-25,LC,Saint Lucia,AMRO,54,5516,1,88,5428
2021-08-01,LC,Saint Lucia,AMRO,65,5581,1,89,5492
2021-08-08,LC,Saint Lucia,AMRO,132,5713,1,90,5623
2021-08-15,LC,Saint Lucia,AMRO,481,6194,5,95,6099
2021-08-22,LC,Saint Lucia,AMRO,761,6955,2,97,6858
2021-08-29,LC,Saint Lucia,AMRO,914,7869,5,102,7767
2021-09-05,LC,Saint Lucia,AMRO,1018,8887,14,116,8771
2021-09-12,LC,Saint Lucia,AMRO,640,9527,16,132,9395
2021-09-19,LC,Saint Lucia,AMRO,872,10399,18,150,10249
2021-09-26,LC,Saint Lucia,AMRO,654,11053,33,183,10870
2021-10-03,LC,Saint Lucia,AMRO,520,11573,24,207,11366
2021-10-10,LC,Saint Lucia,AMRO,369,11942,15,222,11720
2021-10-17,LC,Saint Lucia,AMRO,233,12175,11,233,11942
2021-10-24,LC,Saint Lucia,AMRO,210,12385,6,239,12146
2021-10-31,LC,Saint Lucia,AMRO,151,12536,15,254,12282
2021-11-07,LC,Saint Lucia,AMRO,152,12688,6,260,12428
2021-11-14,LC,Saint Lucia,AMRO,139,12827,9,269,12558
2021-11-21,LC,Saint Lucia,AMRO,67,12894,9,278,12616
2021-11-28,LC,Saint Lucia,AMRO,50,12944,2,280,12664
2021-12-05,LC,Saint Lucia,AMRO,83,13027,2,282,12745
2021-12-12,LC,Saint Lucia,AMRO,59,13086,1,283,12803
2021-12-19,LC,Saint Lucia,AMRO,50,13136,8,291,12845
2021-12-26,LC,Saint Lucia,AMRO,139,13275,4,295,12980
2022-01-02,LC,Saint Lucia,AMRO,365,13640,6,301,13339
2022-01-09,LC,Saint Lucia,AMRO,1014,14654,5,306,14348
2022-01-16,LC,Saint Lucia,AMRO,2315,16969,8,314,16655
2022-01-23,LC,Saint Lucia,AMRO,2216,19185,2,316,18869
2022-01-30,LC,Saint Lucia,AMRO,1232,20417,10,326,20091
2022-02-06,LC,Saint Lucia,AMRO,1096,21513,15,341,21172
2022-02-13,LC,Saint Lucia,AMRO,419,21932,6,347,21585
2022-02-20,LC,Saint Lucia,AMRO,536,22468,9,356,22112
2022-02-27,LC,Saint Lucia,AMRO,181,22649,2,358,22291
2022-03-06,LC,Saint Lucia,AMRO,84,22733,2,360,22373
2022-03-13,LC,Saint Lucia,AMRO,100,22833,5,365,22468
2022-03-20,LC,Saint Lucia,AMRO,45,22878,0,365,22513
2022-03-27,LC,Saint Lucia,AMRO,41,22919,0,365,22554
2022-04-03,LC,Saint Lucia,AMRO,40,22959,0,365,22594
2022-04-10,LC,Saint Lucia,AMRO,51,23010,0,365,22645
2022-04-17,LC,Saint Lucia,AMRO,101,23111,2,367,22744
2022-04-24,LC,Saint Lucia,AMRO,114,23225,1,368,22857
2022-05-01,LC,Saint Lucia,AMRO,169,23394,0,368,23026
2022-05-08,LC,Saint Lucia,AMRO,241,23635,0,368,23267
2022-05-15,LC,Saint Lucia,AMRO,529,24164,0,368,23796
2022-05-22,LC,Saint Lucia,AMRO,709,24873,2,370,24503
2022-05-29,LC,Saint Lucia,AMRO,665,25538,1,371,25167
2022-06-05,LC,Saint Lucia,AMRO,554,26092,0,371,25721
2022-06-12,LC,Saint Lucia,AMRO,361,26453,0,371,26082
2022-06-19,LC,Saint Lucia,AMRO,269,26722,5,376,26346
2022-06-26,LC,Saint Lucia,AMRO,189,26911,4,380,26531
2022-07-03,LC,Saint Lucia,AMRO,183,27094,3,383,26711
2022-07-10,LC,Saint Lucia,AMRO,160,27254,2,385,26869
2022-07-17,LC,Saint Lucia,AMRO,210,27464,0,385,27079
2022-07-24,LC,Saint Lucia,AMRO,190,27654,0,385,27269
2022-07-31,LC,Saint Lucia,AMRO,312,27966,0,385,27581
2022-08-07,LC,Saint Lucia,AMRO,195,28161,2,387,27774
2022-08-14,LC,Saint Lucia,AMRO,180,28341,1,388,27953
2022-08-21,LC,Saint Lucia,AMRO,201,28542,0,388,28154
2022-08-28,LC,Saint Lucia,AMRO,188,28730,1,389,28341
2022-09-04,LC,Saint Lucia,AMRO,164,28894,2,391,28503
2022-09-11,LC,Saint Lucia,AMRO,0,28894,0,391,28503
2022-09-18,LC,Saint Lucia,AMRO,65,28959,2,393,28566
2022-09-25,LC,Saint Lucia,AMRO,0,28959,0,393,28566
2022-10-02,LC,Saint Lucia,AMRO,449,29408,0,393,29015
2022-10-09,LC,Saint Lucia,AMRO,142,29550,12,405,29145
2022-10-16,LC,Saint Lucia,AMRO,0,29550,0,405,29145
2022-10-23,LC,Saint Lucia,AMRO,86,29636,1,406,29230
2022-10-30,LC,Saint Lucia,AMRO,3,29639,1,407,29232
2022-11-06,LC,Saint Lucia,AMRO,15,29654,0,407,29247
2022-11-13,LC,Saint Lucia,AMRO,22,29676,1,408,29268
2022-11-20,LC,Saint Lucia,AMRO,16,29692,0,408,29284
2022-11-27,LC,Saint Lucia,AMRO,19,29711,0,408,29303
2022-12-04,LC,Saint Lucia,AMRO,12,29723,1,409,29314
2022-12-11,LC,Saint Lucia,AMRO,13,29736,0,409,29327
2022-12-18,LC,Saint Lucia,AMRO,5,29741,0,409,29332
2022-12-25,LC,Saint Lucia,AMRO,7,29748,0,409,29339
2023-01-01,LC,Saint Lucia,AMRO,11,29759,0,409,29350
2023-01-08,LC,Saint Lucia,AMRO,2,29761,0,409,29352
2023-01-15,LC,Saint Lucia,AMRO,0,29761,0,409,29352
2023-01-22,LC,Saint Lucia,AMRO,42,29803,0,409,29394
2023-01-29,LC,Saint Lucia,AMRO,0,29803,0,409,29394
2023-02-05,LC,Saint Lucia,AMRO,79,29882,0,409,29473
2023-02-12,LC,Saint Lucia,AMRO,53,29935,0,409,29526
2023-02-19,LC,Saint Lucia,AMRO,46,29981,0,409,29572
2023-02-26,LC,Saint Lucia,AMRO,23,30004,0,409,29595
2023-03-05,LC,Saint Lucia,AMRO,0,30004,0,409,29595
2023-03-12,LC,Saint Lucia,AMRO,22,30026,0,409,29617
2023-03-19,LC,Saint Lucia,AMRO,2,30028,0,409,29619
2023-03-26,LC,Saint Lucia,AMRO,0,30028,0,409,29619
2023-04-02,LC,Saint Lucia,AMRO,0,30028,0,409,29619
2023-04-09,LC,Saint Lucia,AMRO,0,30028,0,409,29619
2023-04-16,LC,Saint Lucia,AMRO,24,30052,0,409,29643
2023-04-23,LC,Saint Lucia,AMRO,0,30052,0,409,29643
2023-04-30,LC,Saint Lucia,AMRO,0,30052,0,409,29643
2023-05-07,LC,Saint Lucia,AMRO,0,30052,0,409,29643
2023-05-14,LC,Saint Lucia,AMRO,0,30052,0,409,29643
2023-05-21,LC,Saint Lucia,AMRO,21,30073,0,409,29664
2023-05-28,LC,Saint Lucia,AMRO,6,30079,0,409,29670
2023-06-04,LC,Saint Lucia,AMRO,15,30094,0,409,29685
2023-06-11,LC,Saint Lucia,AMRO,4,30098,0,409,29689
2023-06-18,LC,Saint Lucia,AMRO,2,30100,0,409,29691
2023-06-25,LC,Saint Lucia,AMRO,3,30103,0,409,29694
2023-07-02,LC,Saint Lucia,AMRO,10,30113,0,409,29704
2023-07-09,LC,Saint Lucia,AMRO,2,30115,0,409,29706
2023-07-16,LC,Saint Lucia,AMRO,2,30117,0,409,29708
2023-07-23,LC,Saint Lucia,AMRO,7,30124,0,409,29715
2023-07-30,LC,Saint Lucia,AMRO,22,30146,0,409,29737
2023-08-06,LC,Saint Lucia,AMRO,12,30158,0,409,29749
2023-08-13,LC,Saint Lucia,AMRO,13,30171,0,409,29762
2023-08-20,LC,Saint Lucia,AMRO,14,30185,0,409,29776
2023-08-27,LC,Saint Lucia,AMRO,16,30201,0,409,29792
2023-09-03,LC,Saint Lucia,AMRO,4,30205,0,409,29796
2023-09-10,LC,Saint Lucia,AMRO,9,30214,1,410,29804
2023-09-17,LC,Saint Lucia,AMRO,6,30220,0,410,29810
2023-09-24,LC,Saint Lucia,AMRO,3,30223,0,410,29813
2023-10-01,LC,Saint Lucia,AMRO,0,30223,0,410,29813
2023-10-08,LC,Saint Lucia,AMRO,2,30225,0,410,29815
2023-10-15,LC,Saint Lucia,AMRO,2,30227,0,410,29817
2023-10-22,LC,Saint Lucia,AMRO,1,30228,0,410,29818
2023-10-29,LC,Saint Lucia,AMRO,0,30228,0,410,29818
2023-11-05,LC,Saint Lucia,AMRO,1,30229,0,410,29819
2023-11-12,LC,Saint Lucia,AMRO,0,30229,0,410,29819
2023-11-19,LC,Saint Lucia,AMRO,1,30230,0,410,29820
2023-11-26,LC,Saint Lucia,AMRO,0,30230,0,410,29820
2023-12-03,LC,Saint Lucia,AMRO,0,30230,0,410,29820
2023-12-10,LC,Saint Lucia,AMRO,0,30230,0,410,29820
2023-12-17,LC,Saint Lucia,AMRO,0,30230,0,410,29820
2023-12-24,LC,Saint Lucia,AMRO,0,30230,0,410,29820
2023-12-31,LC,Saint Lucia,AMRO,0,30230,0,410,29820
2024-01-07,LC,Saint Lucia,AMRO,0,30230,0,410,29820
2024-01-14,LC,Saint Lucia,AMRO,0,30230,0,410,29820
2024-01-21,LC,Saint Lucia,AMRO,0,30230,0,410,29820
2024-01-28,LC,Saint Lucia,AMRO,1,30231,0,410,29821
2024-02-04,LC,Saint Lucia,AMRO,0,30231,0,410,29821
2024-02-11,LC,Saint Lucia,AMRO,0,30231,0,410,29821
2024-02-18,LC,Saint Lucia,AMRO,0,30231,0,410,29821
2024-02-25,LC,Saint Lucia,AMRO,0,30231,0,410,29821
2024-03-03,LC,Saint Lucia,AMRO,0,30231,0,410,29821
2024-03-10,LC,Saint Lucia,AMRO,0,30231,0,410,29821
2024-03-17,LC,Saint Lucia,AMRO,0,30231,0,410,29821
2024-03-24,LC,Saint Lucia,AMRO,0,30231,0,410,29821
2024-03-31,LC,Saint Lucia,AMRO,0,30231,0,410,29821
2024-04-07,LC,Saint Lucia,AMRO,0,30231,0,410,29821
2024-04-14,LC,Saint Lucia,AMRO,0,30231,0,410,29821
2024-04-21,LC,Saint Lucia,AMRO,0,30231,0,410,29821
2024-04-28,LC,Saint Lucia,AMRO,0,30231,0,410,29821
2024-05-05,LC,Saint Lucia,AMRO,0,30231,0,410,29821
2024-05-12,LC,Saint Lucia,AMRO,0,30231,0,410,29821
2024-05-19,LC,Saint Lucia,AMRO,0,30231,0,410,29821
2024-05-26,LC,Saint Lucia,AMRO,0,30231,0,410,29821
2024-06-02,LC,Saint Lucia,AMRO,0,30231,0,410,29821
2024-06-09,LC,Saint Lucia,AMRO,0,30231,0,410,29821
2024-06-16,LC,Saint Lucia,AMRO,0,30231,0,410,29821
2024-06-23,LC,Saint Lucia,AMRO,0,30231,0,410,29821
2024-06-30,LC,Saint Lucia,AMRO,0,30231,0,410,29821
2024-07-07,LC,Saint Lucia,AMRO,0,30231,0,410,29821
2024-07-14,LC,Saint Lucia,AMRO,0,30231,0,410,29821
2024-07-21,LC,Saint Lucia,AMRO,0,30231,0,410,29821
2024-07-28,LC,Saint Lucia,AMRO,0,30231,0,410,29821
2024-08-04,LC,Saint Lucia,AMRO,0,30231,0,410,29821
2024-08-11,LC,Saint Lucia,AMRO,0,30231,0,410,29821
2024-08-18,LC,Saint Lucia,AMRO,0,30231,0,410,29821
2024-08-25,LC,Saint Lucia,AMRO,0,30231,0,410,29821
2024-09-01,LC,Saint Lucia,AMRO,0,30231,0,410,29821
2024-09-08,LC,Saint Lucia,AMRO,0,30231,0,410,29821
2024-09-15,LC,Saint Lucia,AMRO,0,30231,0,410,29821
2024-09-22,LC,Saint Lucia,AMRO,0,30231,0,410,29821
2024-09-29,LC,Saint Lucia,AMRO,0,30231,0,410,29821
2024-10-06,LC,Saint Lucia,AMRO,0,30231,0,410,29821
2024-10-13,LC,Saint Lucia,AMRO,0,30231,0,410,29821
2024-10-20,LC,Saint Lucia,AMRO,0,30231,0,410,29821
2024-10-27,LC,Saint Lucia,AMRO,0,30231,0,410,29821
2024-11-03,LC,Saint Lucia,AMRO,0,30231,0,410,29821
2024-11-10,LC,Saint Lucia,AMRO,0,30231,0,410,29821
2024-11-17,LC,Saint Lucia,AMRO,0,30231,0,410,29821
2020-01-05,VC,Saint Vincent and the Grenadines,AMRO,0,0,0,0,0
2020-01-12,VC,Saint Vincent and the Grenadines,AMRO,0,0,0,0,0
2020-01-19,VC,Saint Vincent and the Grenadines,AMRO,0,0,0,0,0
2020-01-26,VC,Saint Vincent and the Grenadines,AMRO,0,0,0,0,0
2020-02-02,VC,Saint Vincent and the Grenadines,AMRO,0,0,0,0,0
2020-02-09,VC,Saint Vincent and the Grenadines,AMRO,0,0,0,0,0
2020-02-16,VC,Saint Vincent and the Grenadines,AMRO,0,0,0,0,0
2020-02-23,VC,Saint Vincent and the Grenadines,AMRO,0,0,0,0,0
2020-03-01,VC,Saint Vincent and the Grenadines,AMRO,0,0,0,0,0
2020-03-08,VC,Saint Vincent and the Grenadines,AMRO,0,0,0,0,0
2020-03-15,VC,Saint Vincent and the Grenadines,AMRO,1,1,0,0,1
2020-03-22,VC,Saint Vincent and the Grenadines,AMRO,0,1,0,0,1
2020-03-29,VC,Saint Vincent and the Grenadines,AMRO,0,1,0,0,1
2020-04-05,VC,Saint Vincent and the Grenadines,AMRO,2,3,0,0,3
2020-04-12,VC,Saint Vincent and the Grenadines,AMRO,9,12,0,0,12
2020-04-19,VC,Saint Vincent and the Grenadines,AMRO,0,12,0,0,12
2020-04-26,VC,Saint Vincent and the Grenadines,AMRO,2,14,0,0,14
2020-05-03,VC,Saint Vincent and the Grenadines,AMRO,2,16,0,0,16
2020-05-10,VC,Saint Vincent and the Grenadines,AMRO,1,17,0,0,17
2020-05-17,VC,Saint Vincent and the Grenadines,AMRO,0,17,0,0,17
2020-05-24,VC,Saint Vincent and the Grenadines,AMRO,1,18,0,0,18
2020-05-31,VC,Saint Vincent and the Grenadines,AMRO,7,25,0,0,25
2020-06-07,VC,Saint Vincent and the Grenadines,AMRO,1,26,0,0,26
2020-06-14,VC,Saint Vincent and the Grenadines,AMRO,1,27,0,0,27
2020-06-21,VC,Saint Vincent and the Grenadines,AMRO,2,29,0,0,29
2020-06-28,VC,Saint Vincent and the Grenadines,AMRO,0,29,0,0,29
2020-07-05,VC,Saint Vincent and the Grenadines,AMRO,0,29,0,0,29
2020-07-12,VC,Saint Vincent and the Grenadines,AMRO,0,29,0,0,29
2020-07-19,VC,Saint Vincent and the Grenadines,AMRO,6,35,0,0,35
2020-07-26,VC,Saint Vincent and the Grenadines,AMRO,17,52,0,0,52
2020-08-02,VC,Saint Vincent and the Grenadines,AMRO,2,54,0,0,54
2020-08-09,VC,Saint Vincent and the Grenadines,AMRO,2,56,0,0,56
2020-08-16,VC,Saint Vincent and the Grenadines,AMRO,1,57,0,0,57
2020-08-23,VC,Saint Vincent and the Grenadines,AMRO,1,58,0,0,58
2020-08-30,VC,Saint Vincent and the Grenadines,AMRO,2,60,0,0,60
2020-09-06,VC,Saint Vincent and the Grenadines,AMRO,1,61,0,0,61
2020-09-13,VC,Saint Vincent and the Grenadines,AMRO,3,64,0,0,64
2020-09-20,VC,Saint Vincent and the Grenadines,AMRO,0,64,0,0,64
2020-09-27,VC,Saint Vincent and the Grenadines,AMRO,0,64,0,0,64
2020-10-04,VC,Saint Vincent and the Grenadines,AMRO,0,64,0,0,64
2020-10-11,VC,Saint Vincent and the Grenadines,AMRO,0,64,0,0,64
2020-10-18,VC,Saint Vincent and the Grenadines,AMRO,3,67,0,0,67
2020-10-25,VC,Saint Vincent and the Grenadines,AMRO,6,73,0,0,73
2020-11-01,VC,Saint Vincent and the Grenadines,AMRO,1,74,0,0,74
2020-11-08,VC,Saint Vincent and the Grenadines,AMRO,2,76,0,0,76
2020-11-15,VC,Saint Vincent and the Grenadines,AMRO,2,78,0,0,78
2020-11-22,VC,Saint Vincent and the Grenadines,AMRO,6,84,0,0,84
2020-11-29,VC,Saint Vincent and the Grenadines,AMRO,1,85,0,0,85
2020-12-06,VC,Saint Vincent and the Grenadines,AMRO,2,87,0,0,87
2020-12-13,VC,Saint Vincent and the Grenadines,AMRO,7,94,0,0,94
2020-12-20,VC,Saint Vincent and the Grenadines,AMRO,6,100,0,0,100
2020-12-27,VC,Saint Vincent and the Grenadines,AMRO,8,108,0,0,108
2021-01-03,VC,Saint Vincent and the Grenadines,AMRO,14,122,0,0,122
2021-01-10,VC,Saint Vincent and the Grenadines,AMRO,82,204,0,0,204
2021-01-17,VC,Saint Vincent and the Grenadines,AMRO,246,450,1,1,449
2021-01-24,VC,Saint Vincent and the Grenadines,AMRO,270,720,1,2,718
2021-01-31,VC,Saint Vincent and the Grenadines,AMRO,176,896,0,2,894
2021-02-07,VC,Saint Vincent and the Grenadines,AMRO,274,1170,1,3,1167
2021-02-14,VC,Saint Vincent and the Grenadines,AMRO,248,1418,3,6,1412
2021-02-21,VC,Saint Vincent and the Grenadines,AMRO,80,1498,0,6,1492
2021-02-28,VC,Saint Vincent and the Grenadines,AMRO,58,1556,2,8,1548
2021-03-07,VC,Saint Vincent and the Grenadines,AMRO,102,1658,0,8,1650
2021-03-14,VC,Saint Vincent and the Grenadines,AMRO,22,1680,0,8,1672
2021-03-21,VC,Saint Vincent and the Grenadines,AMRO,14,1694,1,9,1685
2021-03-28,VC,Saint Vincent and the Grenadines,AMRO,27,1721,1,10,1711
2021-04-04,VC,Saint Vincent and the Grenadines,AMRO,34,1755,0,10,1745
2021-04-11,VC,Saint Vincent and the Grenadines,AMRO,35,1790,0,10,1780
2021-04-18,VC,Saint Vincent and the Grenadines,AMRO,29,1819,0,10,1809
2021-04-25,VC,Saint Vincent and the Grenadines,AMRO,11,1830,0,10,1820
2021-05-02,VC,Saint Vincent and the Grenadines,AMRO,34,1864,1,11,1853
2021-05-09,VC,Saint Vincent and the Grenadines,AMRO,48,1912,1,12,1900
2021-05-16,VC,Saint Vincent and the Grenadines,AMRO,20,1932,0,12,1920
2021-05-23,VC,Saint Vincent and the Grenadines,AMRO,41,1973,0,12,1961
2021-05-30,VC,Saint Vincent and the Grenadines,AMRO,54,2027,0,12,2015
2021-06-06,VC,Saint Vincent and the Grenadines,AMRO,41,2068,0,12,2056
2021-06-13,VC,Saint Vincent and the Grenadines,AMRO,33,2101,0,12,2089
2021-06-20,VC,Saint Vincent and the Grenadines,AMRO,91,2192,0,12,2180
2021-06-27,VC,Saint Vincent and the Grenadines,AMRO,26,2218,0,12,2206
2021-07-04,VC,Saint Vincent and the Grenadines,AMRO,11,2229,0,12,2217
2021-07-11,VC,Saint Vincent and the Grenadines,AMRO,12,2241,0,12,2229
2021-07-18,VC,Saint Vincent and the Grenadines,AMRO,19,2260,0,12,2248
2021-07-25,VC,Saint Vincent and the Grenadines,AMRO,11,2271,0,12,2259
2021-08-01,VC,Saint Vincent and the Grenadines,AMRO,25,2296,0,12,2284
2021-08-08,VC,Saint Vincent and the Grenadines,AMRO,2,2298,0,12,2286
2021-08-15,VC,Saint Vincent and the Grenadines,AMRO,10,2308,0,12,2296
2021-08-22,VC,Saint Vincent and the Grenadines,AMRO,12,2320,0,12,2308
2021-08-29,VC,Saint Vincent and the Grenadines,AMRO,17,2337,0,12,2325
2021-09-05,VC,Saint Vincent and the Grenadines,AMRO,42,2379,0,12,2367
2021-09-12,VC,Saint Vincent and the Grenadines,AMRO,134,2513,0,12,2501
2021-09-19,VC,Saint Vincent and the Grenadines,AMRO,317,2830,2,14,2816
2021-09-26,VC,Saint Vincent and the Grenadines,AMRO,529,3359,3,17,3342
2021-10-03,VC,Saint Vincent and the Grenadines,AMRO,479,3838,11,28,3810
2021-10-10,VC,Saint Vincent and the Grenadines,AMRO,612,4450,5,33,4417
2021-10-17,VC,Saint Vincent and the Grenadines,AMRO,177,4627,14,47,4580
2021-10-24,VC,Saint Vincent and the Grenadines,AMRO,228,4855,13,60,4795
2021-10-31,VC,Saint Vincent and the Grenadines,AMRO,153,5008,6,66,4942
2021-11-07,VC,Saint Vincent and the Grenadines,AMRO,110,5118,3,69,5049
2021-11-14,VC,Saint Vincent and the Grenadines,AMRO,207,5325,2,71,5254
2021-11-21,VC,Saint Vincent and the Grenadines,AMRO,88,5413,2,73,5340
2021-11-28,VC,Saint Vincent and the Grenadines,AMRO,109,5522,1,74,5448
2021-12-05,VC,Saint Vincent and the Grenadines,AMRO,120,5642,0,74,5568
2021-12-12,VC,Saint Vincent and the Grenadines,AMRO,80,5722,3,77,5645
2021-12-19,VC,Saint Vincent and the Grenadines,AMRO,36,5758,0,77,5681
2021-12-26,VC,Saint Vincent and the Grenadines,AMRO,85,5843,4,81,5762
2022-01-02,VC,Saint Vincent and the Grenadines,AMRO,148,5991,2,83,5908
2022-01-09,VC,Saint Vincent and the Grenadines,AMRO,760,6751,1,84,6667
2022-01-16,VC,Saint Vincent and the Grenadines,AMRO,547,7298,3,87,7211
2022-01-23,VC,Saint Vincent and the Grenadines,AMRO,431,7729,4,91,7638
2022-01-30,VC,Saint Vincent and the Grenadines,AMRO,174,7903,2,93,7810
2022-02-06,VC,Saint Vincent and the Grenadines,AMRO,211,8114,2,95,8019
2022-02-13,VC,Saint Vincent and the Grenadines,AMRO,116,8230,7,102,8128
2022-02-20,VC,Saint Vincent and the Grenadines,AMRO,49,8279,2,104,8175
2022-02-27,VC,Saint Vincent and the Grenadines,AMRO,30,8309,2,106,8203
2022-03-06,VC,Saint Vincent and the Grenadines,AMRO,11,8320,0,106,8214
2022-03-13,VC,Saint Vincent and the Grenadines,AMRO,3,8323,0,106,8217
2022-03-20,VC,Saint Vincent and the Grenadines,AMRO,7,8330,0,106,8224
2022-03-27,VC,Saint Vincent and the Grenadines,AMRO,3,8333,0,106,8227
2022-04-03,VC,Saint Vincent and the Grenadines,AMRO,4,8337,0,106,8231
2022-04-10,VC,Saint Vincent and the Grenadines,AMRO,6,8343,0,106,8237
2022-04-17,VC,Saint Vincent and the Grenadines,AMRO,9,8352,0,106,8246
2022-04-24,VC,Saint Vincent and the Grenadines,AMRO,45,8397,0,106,8291
2022-05-01,VC,Saint Vincent and the Grenadines,AMRO,27,8424,0,106,8318
2022-05-08,VC,Saint Vincent and the Grenadines,AMRO,32,8456,0,106,8350
2022-05-15,VC,Saint Vincent and the Grenadines,AMRO,60,8516,0,106,8410
2022-05-22,VC,Saint Vincent and the Grenadines,AMRO,102,8618,0,106,8512
2022-05-29,VC,Saint Vincent and the Grenadines,AMRO,69,8687,0,106,8581
2022-06-05,VC,Saint Vincent and the Grenadines,AMRO,120,8807,2,108,8699
2022-06-12,VC,Saint Vincent and the Grenadines,AMRO,104,8911,0,108,8803
2022-06-19,VC,Saint Vincent and the Grenadines,AMRO,74,8985,2,110,8875
2022-06-26,VC,Saint Vincent and the Grenadines,AMRO,47,9032,1,111,8921
2022-07-03,VC,Saint Vincent and the Grenadines,AMRO,30,9062,1,112,8950
2022-07-10,VC,Saint Vincent and the Grenadines,AMRO,56,9118,2,114,9004
2022-07-17,VC,Saint Vincent and the Grenadines,AMRO,114,9232,1,115,9117
2022-07-24,VC,Saint Vincent and the Grenadines,AMRO,77,9309,0,115,9194
2022-07-31,VC,Saint Vincent and the Grenadines,AMRO,54,9363,0,115,9248
2022-08-07,VC,Saint Vincent and the Grenadines,AMRO,32,9395,0,115,9280
2022-08-14,VC,Saint Vincent and the Grenadines,AMRO,10,9405,0,115,9290
2022-08-21,VC,Saint Vincent and the Grenadines,AMRO,9,9414,0,115,9299
2022-08-28,VC,Saint Vincent and the Grenadines,AMRO,8,9422,0,115,9307
2022-09-04,VC,Saint Vincent and the Grenadines,AMRO,8,9430,0,115,9315
2022-09-11,VC,Saint Vincent and the Grenadines,AMRO,16,9446,1,116,9330
2022-09-18,VC,Saint Vincent and the Grenadines,AMRO,0,9446,0,116,9330
2022-09-25,VC,Saint Vincent and the Grenadines,AMRO,2,9448,0,116,9332
2022-10-02,VC,Saint Vincent and the Grenadines,AMRO,0,9448,0,116,9332
2022-10-09,VC,Saint Vincent and the Grenadines,AMRO,0,9448,0,116,9332
2022-10-16,VC,Saint Vincent and the Grenadines,AMRO,2,9450,0,116,9334
2022-10-23,VC,Saint Vincent and the Grenadines,AMRO,2,9452,0,116,9336
2022-10-30,VC,Saint Vincent and the Grenadines,AMRO,5,9457,0,116,9341
2022-11-06,VC,Saint Vincent and the Grenadines,AMRO,2,9459,0,116,9343
2022-11-13,VC,Saint Vincent and the Grenadines,AMRO,3,9462,0,116,9346
2022-11-20,VC,Saint Vincent and the Grenadines,AMRO,0,9462,0,116,9346
2022-11-27,VC,Saint Vincent and the Grenadines,AMRO,6,9468,0,116,9352
2022-12-04,VC,Saint Vincent and the Grenadines,AMRO,6,9474,0,116,9358
2022-12-11,VC,Saint Vincent and the Grenadines,AMRO,8,9482,0,116,9366
2022-12-18,VC,Saint Vincent and the Grenadines,AMRO,18,9500,0,116,9384
2022-12-25,VC,Saint Vincent and the Grenadines,AMRO,21,9521,2,118,9403
2023-01-01,VC,Saint Vincent and the Grenadines,AMRO,17,9538,1,119,9419
2023-01-08,VC,Saint Vincent and the Grenadines,AMRO,0,9538,0,119,9419
2023-01-15,VC,Saint Vincent and the Grenadines,AMRO,25,9563,2,121,9442
2023-01-22,VC,Saint Vincent and the Grenadines,AMRO,14,9577,2,123,9454
2023-01-29,VC,Saint Vincent and the Grenadines,AMRO,4,9581,0,123,9458
2023-02-05,VC,Saint Vincent and the Grenadines,AMRO,4,9585,0,123,9462
2023-02-12,VC,Saint Vincent and the Grenadines,AMRO,2,9587,0,123,9464
2023-02-19,VC,Saint Vincent and the Grenadines,AMRO,2,9589,0,123,9466
2023-02-26,VC,Saint Vincent and the Grenadines,AMRO,0,9589,0,123,9466
2023-03-05,VC,Saint Vincent and the Grenadines,AMRO,1,9590,1,124,9466
2023-03-12,VC,Saint Vincent and the Grenadines,AMRO,3,9593,0,124,9469
2023-03-19,VC,Saint Vincent and the Grenadines,AMRO,2,9595,0,124,9471
2023-03-26,VC,Saint Vincent and the Grenadines,AMRO,1,9596,0,124,9472
2023-04-02,VC,Saint Vincent and the Grenadines,AMRO,5,9601,0,124,9477
2023-04-09,VC,Saint Vincent and the Grenadines,AMRO,0,9601,0,124,9477
2023-04-16,VC,Saint Vincent and the Grenadines,AMRO,1,9602,0,124,9478
2023-04-23,VC,Saint Vincent and the Grenadines,AMRO,9,9611,0,124,9487
2023-04-30,VC,Saint Vincent and the Grenadines,AMRO,0,9611,0,124,9487
2023-05-07,VC,Saint Vincent and the Grenadines,AMRO,8,9619,0,124,9495
2023-05-14,VC,Saint Vincent and the Grenadines,AMRO,12,9631,0,124,9507
2023-05-21,VC,Saint Vincent and the Grenadines,AMRO,0,9631,0,124,9507
2023-05-28,VC,Saint Vincent and the Grenadines,AMRO,2,9633,0,124,9509
2023-06-04,VC,Saint Vincent and the Grenadines,AMRO,1,9634,0,124,9510
2023-06-11,VC,Saint Vincent and the Grenadines,AMRO,2,9636,0,124,9512
2023-06-18,VC,Saint Vincent and the Grenadines,AMRO,1,9637,0,124,9513
2023-06-25,VC,Saint Vincent and the Grenadines,AMRO,1,9638,0,124,9514
2023-07-02,VC,Saint Vincent and the Grenadines,AMRO,2,9640,0,124,9516
2023-07-09,VC,Saint Vincent and the Grenadines,AMRO,6,9646,0,124,9522
2023-07-16,VC,Saint Vincent and the Grenadines,AMRO,4,9650,0,124,9526
2023-07-23,VC,Saint Vincent and the Grenadines,AMRO,4,9654,0,124,9530
2023-07-30,VC,Saint Vincent and the Grenadines,AMRO,2,9656,0,124,9532
2023-08-06,VC,Saint Vincent and the Grenadines,AMRO,5,9661,0,124,9537
2023-08-13,VC,Saint Vincent and the Grenadines,AMRO,2,9663,0,124,9539
2023-08-20,VC,Saint Vincent and the Grenadines,AMRO,6,9669,0,124,9545
2023-08-27,VC,Saint Vincent and the Grenadines,AMRO,1,9670,0,124,9546
2023-09-03,VC,Saint Vincent and the Grenadines,AMRO,1,9671,0,124,9547
2023-09-10,VC,Saint Vincent and the Grenadines,AMRO,2,9673,0,124,9549
2023-09-17,VC,Saint Vincent and the Grenadines,AMRO,0,9673,0,124,9549
2023-09-24,VC,Saint Vincent and the Grenadines,AMRO,1,9674,0,124,9550
2023-10-01,VC,Saint Vincent and the Grenadines,AMRO,0,9674,0,124,9550
2023-10-08,VC,Saint Vincent and the Grenadines,AMRO,0,9674,0,124,9550
2023-10-15,VC,Saint Vincent and the Grenadines,AMRO,0,9674,0,124,9550
2023-10-22,VC,Saint Vincent and the Grenadines,AMRO,0,9674,0,124,9550
2023-10-29,VC,Saint Vincent and the Grenadines,AMRO,0,9674,0,124,9550
2023-11-05,VC,Saint Vincent and the Grenadines,AMRO,0,9674,0,124,9550
2023-11-12,VC,Saint Vincent and the Grenadines,AMRO,0,9674,0,124,9550
2023-11-19,VC,Saint Vincent and the Grenadines,AMRO,0,9674,0,124,9550
2023-11-26,VC,Saint Vincent and the Grenadines,AMRO,0,9674,0,124,9550
2023-12-03,VC,Saint Vincent and the Grenadines,AMRO,0,9674,0,124,9550
2023-12-10,VC,Saint Vincent and the Grenadines,AMRO,0,9674,0,124,9550
2023-12-17,VC,Saint Vincent and the Grenadines,AMRO,0,9674,0,124,9550
2023-12-24,VC,Saint Vincent and the Grenadines,AMRO,0,9674,0,124,9550
2023-12-31,VC,Saint Vincent and the Grenadines,AMRO,0,9674,0,124,9550
2024-01-07,VC,Saint Vincent and the Grenadines,AMRO,0,9674,0,124,9550
2024-01-14,VC,Saint Vincent and the Grenadines,AMRO,0,9674,0,124,9550
2024-01-21,VC,Saint Vincent and the Grenadines,AMRO,0,9674,0,124,9550
2024-01-28,VC,Saint Vincent and the Grenadines,AMRO,0,9674,0,124,9550
2024-02-04,VC,Saint Vincent and the Grenadines,AMRO,0,9674,0,124,9550
2024-02-11,VC,Saint Vincent and the Grenadines,AMRO,0,9674,0,124,9550
2024-02-18,VC,Saint Vincent and the Grenadines,AMRO,0,9674,0,124,9550
2024-02-25,VC,Saint Vincent and the Grenadines,AMRO,0,9674,0,124,9550
2024-03-03,VC,Saint Vincent and the Grenadines,AMRO,0,9674,0,124,9550
2024-03-10,VC,Saint Vincent and the Grenadines,AMRO,0,9674,0,124,9550
2024-03-17,VC,Saint Vincent and the Grenadines,AMRO,0,9674,0,124,9550
2024-03-24,VC,Saint Vincent and the Grenadines,AMRO,0,9674,0,124,9550
2024-03-31,VC,Saint Vincent and the Grenadines,AMRO,0,9674,0,124,9550
2024-04-07,VC,Saint Vincent and the Grenadines,AMRO,0,9674,0,124,9550
2024-04-14,VC,Saint Vincent and the Grenadines,AMRO,0,9674,0,124,9550
2024-04-21,VC,Saint Vincent and the Grenadines,AMRO,0,9674,0,124,9550
2024-04-28,VC,Saint Vincent and the Grenadines,AMRO,0,9674,0,124,9550
2024-05-05,VC,Saint Vincent and the Grenadines,AMRO,0,9674,0,124,9550
2024-05-12,VC,Saint Vincent and the Grenadines,AMRO,0,9674,0,124,9550
2024-05-19,VC,Saint Vincent and the Grenadines,AMRO,0,9674,0,124,9550
2024-05-26,VC,Saint Vincent and the Grenadines,AMRO,0,9674,0,124,9550
2024-06-02,VC,Saint Vincent and the Grenadines,AMRO,0,9674,0,124,9550
2024-06-09,VC,Saint Vincent and the Grenadines,AMRO,0,9674,0,124,9550
2024-06-16,VC,Saint Vincent and the Grenadines,AMRO,0,9674,0,124,9550
2024-06-23,VC,Saint Vincent and the Grenadines,AMRO,0,9674,0,124,9550
2024-06-30,VC,Saint Vincent and the Grenadines,AMRO,0,9674,0,124,9550
2024-07-07,VC,Saint Vincent and the Grenadines,AMRO,0,9674,0,124,9550
2024-07-14,VC,Saint Vincent and the Grenadines,AMRO,0,9674,0,124,9550
2024-07-21,VC,Saint Vincent and the Grenadines,AMRO,0,9674,0,124,9550
2024-07-28,VC,Saint Vincent and the Grenadines,AMRO,0,9674,0,124,9550
2024-08-04,VC,Saint Vincent and the Grenadines,AMRO,0,9674,0,124,9550
2024-08-11,VC,Saint Vincent and the Grenadines,AMRO,0,9674,0,124,9550
2024-08-18,VC,Saint Vincent and the Grenadines,AMRO,0,9674,0,124,9550
2024-08-25,VC,Saint Vincent and the Grenadines,AMRO,0,9674,0,124,9550
2024-09-01,VC,Saint Vincent and the Grenadines,AMRO,0,9674,0,124,9550
2024-09-08,VC,Saint Vincent and the Grenadines,AMRO,0,9674,0,124,9550
2024-09-15,VC,Saint Vincent and the Grenadines,AMRO,0,9674,0,124,9550
2024-09-22,VC,Saint Vincent and the Grenadines,AMRO,0,9674,0,124,9550
2024-09-29,VC,Saint Vincent and the Grenadines,AMRO,0,9674,0,124,9550
2024-10-06,VC,Saint Vincent and the Grenadines,AMRO,0,9674,0,124,9550
2024-10-13,VC,Saint Vincent and the Grenadines,AMRO,0,9674,0,124,9550
2024-10-20,VC,Saint Vincent and the Grenadines,AMRO,0,9674,0,124,9550
2024-10-27,VC,Saint Vincent and the Grenadines,AMRO,0,9674,0,124,9550
2024-11-03,VC,Saint Vincent and the Grenadines,AMRO,0,9674,0,124,9550
2024-11-10,VC,Saint Vincent and the Grenadines,AMRO,0,9674,0,124,9550
2024-11-17,VC,Saint Vincent and the Grenadines,AMRO,0,9674,0,124,9550
2020-01-05,WS,Samoa,WPRO,0,0,0,0,0
2020-01-12,WS,Samoa,WPRO,0,0,0,0,0
2020-01-19,WS,Samoa,WPRO,0,0,0,0,0
2020-01-26,WS,Samoa,WPRO,0,0,0,0,0
2020-02-02,WS,Samoa,WPRO,0,0,0,0,0
2020-02-09,WS,Samoa,WPRO,0,0,0,0,0
2020-02-16,WS,Samoa,WPRO,0,0,0,0,0
2020-02-23,WS,Samoa,WPRO,0,0,0,0,0
2020-03-01,WS,Samoa,WPRO,0,0,0,0,0
2020-03-08,WS,Samoa,WPRO,0,0,0,0,0
2020-03-15,WS,Samoa,WPRO,0,0,0,0,0
2020-03-22,WS,Samoa,WPRO,0,0,0,0,0
2020-03-29,WS,Samoa,WPRO,0,0,0,0,0
2020-04-05,WS,Samoa,WPRO,0,0,0,0,0
2020-04-12,WS,Samoa,WPRO,0,0,0,0,0
2020-04-19,WS,Samoa,WPRO,0,0,0,0,0
2020-04-26,WS,Samoa,WPRO,0,0,0,0,0
2020-05-03,WS,Samoa,WPRO,0,0,0,0,0
2020-05-10,WS,Samoa,WPRO,0,0,0,0,0
2020-05-17,WS,Samoa,WPRO,0,0,0,0,0
2020-05-24,WS,Samoa,WPRO,0,0,0,0,0
2020-05-31,WS,Samoa,WPRO,0,0,0,0,0
2020-06-07,WS,Samoa,WPRO,0,0,0,0,0
2020-06-14,WS,Samoa,WPRO,0,0,0,0,0
2020-06-21,WS,Samoa,WPRO,0,0,0,0,0
2020-06-28,WS,Samoa,WPRO,0,0,0,0,0
2020-07-05,WS,Samoa,WPRO,0,0,0,0,0
2020-07-12,WS,Samoa,WPRO,0,0,0,0,0
2020-07-19,WS,Samoa,WPRO,0,0,0,0,0
2020-07-26,WS,Samoa,WPRO,0,0,0,0,0
2020-08-02,WS,Samoa,WPRO,0,0,0,0,0
2020-08-09,WS,Samoa,WPRO,0,0,0,0,0
2020-08-16,WS,Samoa,WPRO,0,0,0,0,0
2020-08-23,WS,Samoa,WPRO,0,0,0,0,0
2020-08-30,WS,Samoa,WPRO,0,0,0,0,0
2020-09-06,WS,Samoa,WPRO,0,0,0,0,0
2020-09-13,WS,Samoa,WPRO,0,0,0,0,0
2020-09-20,WS,Samoa,WPRO,0,0,0,0,0
2020-09-27,WS,Samoa,WPRO,0,0,0,0,0
2020-10-04,WS,Samoa,WPRO,0,0,0,0,0
2020-10-11,WS,Samoa,WPRO,0,0,0,0,0
2020-10-18,WS,Samoa,WPRO,0,0,0,0,0
2020-10-25,WS,Samoa,WPRO,0,0,0,0,0
2020-11-01,WS,Samoa,WPRO,0,0,0,0,0
2020-11-08,WS,Samoa,WPRO,0,0,0,0,0
2020-11-15,WS,Samoa,WPRO,0,0,0,0,0
2020-11-22,WS,Samoa,WPRO,0,0,0,0,0
2020-11-29,WS,Samoa,WPRO,0,0,0,0,0
2020-12-06,WS,Samoa,WPRO,1,1,0,0,1
2020-12-13,WS,Samoa,WPRO,0,1,0,0,1
2020-12-20,WS,Samoa,WPRO,0,1,0,0,1
2020-12-27,WS,Samoa,WPRO,0,1,0,0,1
2021-01-03,WS,Samoa,WPRO,0,1,0,0,1
2021-01-10,WS,Samoa,WPRO,0,1,0,0,1
2021-01-17,WS,Samoa,WPRO,0,1,0,0,1
2021-01-24,WS,Samoa,WPRO,0,1,0,0,1
2021-01-31,WS,Samoa,WPRO,0,1,0,0,1
2021-02-07,WS,Samoa,WPRO,0,1,0,0,1
2021-02-14,WS,Samoa,WPRO,0,1,0,0,1
2021-02-21,WS,Samoa,WPRO,0,1,0,0,1
2021-02-28,WS,Samoa,WPRO,0,1,0,0,1
2021-03-07,WS,Samoa,WPRO,0,1,0,0,1
2021-03-14,WS,Samoa,WPRO,0,1,0,0,1
2021-03-21,WS,Samoa,WPRO,0,1,0,0,1
2021-03-28,WS,Samoa,WPRO,0,1,0,0,1
2021-04-04,WS,Samoa,WPRO,0,1,0,0,1
2021-04-11,WS,Samoa,WPRO,0,1,0,0,1
2021-04-18,WS,Samoa,WPRO,0,1,0,0,1
2021-04-25,WS,Samoa,WPRO,0,1,0,0,1
2021-05-02,WS,Samoa,WPRO,0,1,0,0,1
2021-05-09,WS,Samoa,WPRO,0,1,0,0,1
2021-05-16,WS,Samoa,WPRO,0,1,0,0,1
2021-05-23,WS,Samoa,WPRO,0,1,0,0,1
2021-05-30,WS,Samoa,WPRO,0,1,0,0,1
2021-06-06,WS,Samoa,WPRO,0,1,0,0,1
2021-06-13,WS,Samoa,WPRO,0,1,0,0,1
2021-06-20,WS,Samoa,WPRO,0,1,0,0,1
2021-06-27,WS,Samoa,WPRO,0,1,0,0,1
2021-07-04,WS,Samoa,WPRO,0,1,0,0,1
2021-07-11,WS,Samoa,WPRO,0,1,0,0,1
2021-07-18,WS,Samoa,WPRO,0,1,0,0,1
2021-07-25,WS,Samoa,WPRO,0,1,0,0,1
2021-08-01,WS,Samoa,WPRO,0,1,0,0,1
2021-08-08,WS,Samoa,WPRO,0,1,0,0,1
2021-08-15,WS,Samoa,WPRO,0,1,0,0,1
2021-08-22,WS,Samoa,WPRO,0,1,0,0,1
2021-08-29,WS,Samoa,WPRO,0,1,0,0,1
2021-09-05,WS,Samoa,WPRO,0,1,0,0,1
2021-09-12,WS,Samoa,WPRO,0,1,0,0,1
2021-09-19,WS,Samoa,WPRO,0,1,0,0,1
2021-09-26,WS,Samoa,WPRO,0,1,0,0,1
2021-10-03,WS,Samoa,WPRO,0,1,0,0,1
2021-10-10,WS,Samoa,WPRO,0,1,0,0,1
2021-10-17,WS,Samoa,WPRO,0,1,0,0,1
2021-10-24,WS,Samoa,WPRO,0,1,0,0,1
2021-10-31,WS,Samoa,WPRO,0,1,0,0,1
2021-11-07,WS,Samoa,WPRO,0,1,0,0,1
2021-11-14,WS,Samoa,WPRO,0,1,0,0,1
2021-11-21,WS,Samoa,WPRO,0,1,0,0,1
2021-11-28,WS,Samoa,WPRO,0,1,0,0,1
2021-12-05,WS,Samoa,WPRO,0,1,0,0,1
2021-12-12,WS,Samoa,WPRO,0,1,0,0,1
2021-12-19,WS,Samoa,WPRO,1,2,0,0,2
2021-12-26,WS,Samoa,WPRO,0,2,0,0,2
2022-01-02,WS,Samoa,WPRO,0,2,0,0,2
2022-01-09,WS,Samoa,WPRO,0,2,0,0,2
2022-01-16,WS,Samoa,WPRO,0,2,0,0,2
2022-01-23,WS,Samoa,WPRO,15,17,0,0,17
2022-01-30,WS,Samoa,WPRO,15,32,0,0,32
2022-02-06,WS,Samoa,WPRO,1,33,0,0,33
2022-02-13,WS,Samoa,WPRO,0,33,0,0,33
2022-02-20,WS,Samoa,WPRO,0,33,0,0,33
2022-02-27,WS,Samoa,WPRO,0,33,0,0,33
2022-03-06,WS,Samoa,WPRO,0,33,0,0,33
2022-03-13,WS,Samoa,WPRO,15,48,0,0,48
2022-03-20,WS,Samoa,WPRO,181,229,0,0,229
2022-03-27,WS,Samoa,WPRO,1058,1287,0,0,1287
2022-04-03,WS,Samoa,WPRO,1500,2787,2,2,2785
2022-04-10,WS,Samoa,WPRO,1166,3953,5,7,3946
2022-04-17,WS,Samoa,WPRO,427,4380,2,9,4371
2022-04-24,WS,Samoa,WPRO,3092,7472,4,13,7459
2022-05-01,WS,Samoa,WPRO,2408,9880,6,19,9861
2022-05-08,WS,Samoa,WPRO,1067,10947,1,20,10927
2022-05-15,WS,Samoa,WPRO,1012,11959,4,24,11935
2022-05-22,WS,Samoa,WPRO,711,12670,1,25,12645
2022-05-29,WS,Samoa,WPRO,998,13668,0,25,13643
2022-06-05,WS,Samoa,WPRO,544,14212,2,27,14185
2022-06-12,WS,Samoa,WPRO,498,14710,1,28,14682
2022-06-19,WS,Samoa,WPRO,350,15060,0,28,15032
2022-06-26,WS,Samoa,WPRO,71,15131,1,29,15102
2022-07-03,WS,Samoa,WPRO,121,15252,0,29,15223
2022-07-10,WS,Samoa,WPRO,88,15340,0,29,15311
2022-07-17,WS,Samoa,WPRO,131,15471,0,29,15442
2022-07-24,WS,Samoa,WPRO,135,15606,0,29,15577
2022-07-31,WS,Samoa,WPRO,87,15693,0,29,15664
2022-08-07,WS,Samoa,WPRO,0,15693,0,29,15664
2022-08-14,WS,Samoa,WPRO,0,15693,0,29,15664
2022-08-21,WS,Samoa,WPRO,298,15991,0,29,15962
2022-08-28,WS,Samoa,WPRO,64,16055,0,29,16026
2022-09-04,WS,Samoa,WPRO,122,16177,0,29,16148
2022-09-11,WS,Samoa,WPRO,36,16213,0,29,16184
2022-09-18,WS,Samoa,WPRO,9,16222,0,29,16193
2022-09-25,WS,Samoa,WPRO,0,16222,0,29,16193
2022-10-02,WS,Samoa,WPRO,8,16230,0,29,16201
2022-10-09,WS,Samoa,WPRO,0,16230,0,29,16201
2022-10-16,WS,Samoa,WPRO,0,16230,0,29,16201
2022-10-23,WS,Samoa,WPRO,4,16234,0,29,16205
2022-10-30,WS,Samoa,WPRO,0,16234,0,29,16205
2022-11-06,WS,Samoa,WPRO,3,16237,0,29,16208
2022-11-13,WS,Samoa,WPRO,0,16237,0,29,16208
2022-11-20,WS,Samoa,WPRO,15,16252,0,29,16223
2022-11-27,WS,Samoa,WPRO,3,16255,0,29,16226
2022-12-04,WS,Samoa,WPRO,3,16258,0,29,16229
2022-12-11,WS,Samoa,WPRO,5,16263,0,29,16234
2022-12-18,WS,Samoa,WPRO,7,16270,0,29,16241
2022-12-25,WS,Samoa,WPRO,0,16270,0,29,16241
2023-01-01,WS,Samoa,WPRO,9,16279,0,29,16250
2023-01-08,WS,Samoa,WPRO,0,16279,0,29,16250
2023-01-15,WS,Samoa,WPRO,17,16296,0,29,16267
2023-01-22,WS,Samoa,WPRO,14,16310,0,29,16281
2023-01-29,WS,Samoa,WPRO,83,16393,0,29,16364
2023-02-05,WS,Samoa,WPRO,4,16397,0,29,16368
2023-02-12,WS,Samoa,WPRO,5,16402,0,29,16373
2023-02-19,WS,Samoa,WPRO,13,16415,0,29,16386
2023-02-26,WS,Samoa,WPRO,3,16418,0,29,16389
2023-03-05,WS,Samoa,WPRO,9,16427,0,29,16398
2023-03-12,WS,Samoa,WPRO,0,16427,2,31,16396
2023-03-19,WS,Samoa,WPRO,246,16673,0,31,16642
2023-03-26,WS,Samoa,WPRO,2,16675,0,31,16644
2023-04-02,WS,Samoa,WPRO,0,16675,0,31,16644
2023-04-09,WS,Samoa,WPRO,62,16737,0,31,16706
2023-04-16,WS,Samoa,WPRO,0,16737,0,31,16706
2023-04-23,WS,Samoa,WPRO,0,16737,0,31,16706
2023-04-30,WS,Samoa,WPRO,20,16757,0,31,16726
2023-05-07,WS,Samoa,WPRO,6,16763,0,31,16732
2023-05-14,WS,Samoa,WPRO,0,16763,0,31,16732
2023-05-21,WS,Samoa,WPRO,0,16763,0,31,16732
2023-05-28,WS,Samoa,WPRO,0,16763,0,31,16732
2023-06-04,WS,Samoa,WPRO,0,16743,0,31,16712
2023-06-11,WS,Samoa,WPRO,0,16743,0,31,16712
2023-06-18,WS,Samoa,WPRO,21,16764,0,31,16733
2023-06-25,WS,Samoa,WPRO,7,16771,0,31,16740
2023-07-02,WS,Samoa,WPRO,0,16771,0,31,16740
2023-07-09,WS,Samoa,WPRO,4,16775,0,31,16744
2023-07-16,WS,Samoa,WPRO,0,16775,0,31,16744
2023-07-23,WS,Samoa,WPRO,0,16775,0,31,16744
2023-07-30,WS,Samoa,WPRO,0,16775,0,31,16744
2023-08-06,WS,Samoa,WPRO,0,16775,0,31,16744
2023-08-13,WS,Samoa,WPRO,3,16778,0,31,16747
2023-08-20,WS,Samoa,WPRO,0,16778,0,31,16747
2023-08-27,WS,Samoa,WPRO,0,16778,0,31,16747
2023-09-03,WS,Samoa,WPRO,0,16778,0,31,16747
2023-09-10,WS,Samoa,WPRO,0,16778,0,31,16747
2023-09-17,WS,Samoa,WPRO,0,16778,0,31,16747
2023-09-24,WS,Samoa,WPRO,0,16778,0,31,16747
2023-10-01,WS,Samoa,WPRO,0,16778,0,31,16747
2023-10-08,WS,Samoa,WPRO,0,16778,0,31,16747
2023-10-15,WS,Samoa,WPRO,0,16778,0,31,16747
2023-10-22,WS,Samoa,WPRO,0,16778,0,31,16747
2023-10-29,WS,Samoa,WPRO,0,16778,0,31,16747
2023-11-05,WS,Samoa,WPRO,0,16778,0,31,16747
2023-11-12,WS,Samoa,WPRO,0,16778,0,31,16747
2023-11-19,WS,Samoa,WPRO,2,16780,0,31,16749
2023-11-26,WS,Samoa,WPRO,182,16962,0,31,16931
2023-12-03,WS,Samoa,WPRO,0,16962,0,31,16931
2023-12-10,WS,Samoa,WPRO,0,16962,0,31,16931
2023-12-17,WS,Samoa,WPRO,0,16962,0,31,16931
2023-12-24,WS,Samoa,WPRO,0,16962,0,31,16931
2023-12-31,WS,Samoa,WPRO,0,16962,0,31,16931
2024-01-07,WS,Samoa,WPRO,0,16962,0,31,16931
2024-01-14,WS,Samoa,WPRO,0,16962,0,31,16931
2024-01-21,WS,Samoa,WPRO,0,16962,0,31,16931
2024-01-28,WS,Samoa,WPRO,0,16962,0,31,16931
2024-02-04,WS,Samoa,WPRO,74,17036,0,31,17005
2024-02-11,WS,Samoa,WPRO,13,17049,0,31,17018
2024-02-18,WS,Samoa,WPRO,4,17053,0,31,17022
2024-02-25,WS,Samoa,WPRO,0,17053,0,31,17022
2024-03-03,WS,Samoa,WPRO,4,17057,0,31,17026
2024-03-10,WS,Samoa,WPRO,0,17057,0,31,17026
2024-03-17,WS,Samoa,WPRO,0,17057,0,31,17026
2024-03-24,WS,Samoa,WPRO,0,17057,0,31,17026
2024-03-31,WS,Samoa,WPRO,0,17057,0,31,17026
2024-04-07,WS,Samoa,WPRO,0,17057,0,31,17026
2024-04-14,WS,Samoa,WPRO,0,17057,0,31,17026
2024-04-21,WS,Samoa,WPRO,0,17057,0,31,17026
2024-04-28,WS,Samoa,WPRO,0,17057,0,31,17026
2024-05-05,WS,Samoa,WPRO,0,17057,0,31,17026
2024-05-12,WS,Samoa,WPRO,0,17057,0,31,17026
2024-05-19,WS,Samoa,WPRO,0,17057,0,31,17026
2024-05-26,WS,Samoa,WPRO,0,17057,0,31,17026
2024-06-02,WS,Samoa,WPRO,0,17057,0,31,17026
2024-06-09,WS,Samoa,WPRO,0,17057,0,31,17026
2024-06-16,WS,Samoa,WPRO,0,17057,0,31,17026
2024-06-23,WS,Samoa,WPRO,0,17057,0,31,17026
2024-06-30,WS,Samoa,WPRO,0,17057,0,31,17026
2024-07-07,WS,Samoa,WPRO,0,17057,0,31,17026
2024-07-14,WS,Samoa,WPRO,0,17057,0,31,17026
2024-07-21,WS,Samoa,WPRO,0,17057,0,31,17026
2024-07-28,WS,Samoa,WPRO,0,17057,0,31,17026
2024-08-04,WS,Samoa,WPRO,0,17057,0,31,17026
2024-08-11,WS,Samoa,WPRO,0,17057,0,31,17026
2024-08-18,WS,Samoa,WPRO,0,17057,0,31,17026
2024-08-25,WS,Samoa,WPRO,0,17057,0,31,17026
2024-09-01,WS,Samoa,WPRO,0,17057,0,31,17026
2024-09-08,WS,Samoa,WPRO,0,17057,0,31,17026
2024-09-15,WS,Samoa,WPRO,0,17057,0,31,17026
2024-09-22,WS,Samoa,WPRO,0,17057,0,31,17026
2024-09-29,WS,Samoa,WPRO,0,17057,0,31,17026
2024-10-06,WS,Samoa,WPRO,0,17057,0,31,17026
2024-10-13,WS,Samoa,WPRO,0,17057,0,31,17026
2024-10-20,WS,Samoa,WPRO,0,17057,0,31,17026
2024-10-27,WS,Samoa,WPRO,0,17057,0,31,17026
2024-11-03,WS,Samoa,WPRO,0,17057,0,31,17026
2024-11-10,WS,Samoa,WPRO,0,17057,0,31,17026
2024-11-17,WS,Samoa,WPRO,0,17057,0,31,17026
2020-01-05,SM,San Marino,EURO,0,0,0,0,0
2020-01-12,SM,San Marino,EURO,0,0,0,0,0
2020-01-19,SM,San Marino,EURO,0,0,0,0,0
2020-01-26,SM,San Marino,EURO,0,0,0,0,0
2020-02-02,SM,San Marino,EURO,0,0,0,0,0
2020-02-09,SM,San Marino,EURO,0,0,0,0,0
2020-02-16,SM,San Marino,EURO,0,0,0,0,0
2020-02-23,SM,San Marino,EURO,0,0,0,0,0
2020-03-01,SM,San Marino,EURO,1,1,0,0,1
2020-03-08,SM,San Marino,EURO,27,28,1,1,27
2020-03-15,SM,San Marino,EURO,50,78,4,5,73
2020-03-22,SM,San Marino,EURO,98,176,15,20,156
2020-03-29,SM,San Marino,EURO,53,229,2,22,207
2020-04-05,SM,San Marino,EURO,32,261,10,32,229
2020-04-12,SM,San Marino,EURO,97,358,3,35,323
2020-04-19,SM,San Marino,EURO,99,457,4,39,418
2020-04-26,SM,San Marino,EURO,58,515,1,40,475
2020-05-03,SM,San Marino,EURO,67,582,1,41,541
2020-05-10,SM,San Marino,EURO,52,634,0,41,593
2020-05-17,SM,San Marino,EURO,20,654,0,41,613
2020-05-24,SM,San Marino,EURO,20,674,1,42,632
2020-05-31,SM,San Marino,EURO,15,689,0,42,647
2020-06-07,SM,San Marino,EURO,8,697,0,42,655
2020-06-14,SM,San Marino,EURO,0,697,0,42,655
2020-06-21,SM,San Marino,EURO,18,715,0,42,673
2020-06-28,SM,San Marino,EURO,0,715,0,42,673
2020-07-05,SM,San Marino,EURO,0,715,0,42,673
2020-07-12,SM,San Marino,EURO,3,718,0,42,676
2020-07-19,SM,San Marino,EURO,0,718,0,42,676
2020-07-26,SM,San Marino,EURO,0,718,0,42,676
2020-08-02,SM,San Marino,EURO,0,718,0,42,676
2020-08-09,SM,San Marino,EURO,1,719,0,42,677
2020-08-16,SM,San Marino,EURO,2,721,0,42,679
2020-08-23,SM,San Marino,EURO,7,728,0,42,686
2020-08-30,SM,San Marino,EURO,7,735,0,42,693
2020-09-06,SM,San Marino,EURO,2,737,0,42,695
2020-09-13,SM,San Marino,EURO,6,743,0,42,701
2020-09-20,SM,San Marino,EURO,1,744,0,42,702
2020-09-27,SM,San Marino,EURO,4,748,0,42,706
2020-10-04,SM,San Marino,EURO,4,752,0,42,710
2020-10-11,SM,San Marino,EURO,16,768,0,42,726
2020-10-18,SM,San Marino,EURO,18,786,0,42,744
2020-10-25,SM,San Marino,EURO,60,846,0,42,804
2020-11-01,SM,San Marino,EURO,119,965,0,42,923
2020-11-08,SM,San Marino,EURO,148,1113,0,42,1071
2020-11-15,SM,San Marino,EURO,157,1270,0,42,1228
2020-11-22,SM,San Marino,EURO,174,1444,1,43,1401
2020-11-29,SM,San Marino,EURO,159,1603,2,45,1558
2020-12-06,SM,San Marino,EURO,203,1806,3,48,1758
2020-12-13,SM,San Marino,EURO,143,1949,3,51,1898
2020-12-20,SM,San Marino,EURO,203,2152,4,55,2097
2020-12-27,SM,San Marino,EURO,141,2293,2,57,2236
2021-01-03,SM,San Marino,EURO,217,2510,5,62,2448
2021-01-10,SM,San Marino,EURO,213,2723,3,65,2658
2021-01-17,SM,San Marino,EURO,81,2804,0,65,2739
2021-01-24,SM,San Marino,EURO,102,2906,0,65,2841
2021-01-31,SM,San Marino,EURO,177,3083,2,67,3016
2021-02-07,SM,San Marino,EURO,71,3154,2,69,3085
2021-02-14,SM,San Marino,EURO,177,3331,3,72,3259
2021-02-21,SM,San Marino,EURO,178,3509,0,72,3437
2021-02-28,SM,San Marino,EURO,254,3763,2,74,3689
2021-03-07,SM,San Marino,EURO,189,3952,2,76,3876
2021-03-14,SM,San Marino,EURO,216,4168,1,77,4091
2021-03-21,SM,San Marino,EURO,237,4405,2,79,4326
2021-03-28,SM,San Marino,EURO,243,4648,5,84,4564
2021-04-04,SM,San Marino,EURO,233,4881,1,85,4796
2021-04-11,SM,San Marino,EURO,123,5004,1,86,4918
2021-04-18,SM,San Marino,EURO,68,5072,2,88,4984
2021-04-25,SM,San Marino,EURO,25,5097,2,90,5007
2021-05-02,SM,San Marino,EURO,12,5109,0,90,5019
2021-05-09,SM,San Marino,EURO,16,5125,0,90,5035
2021-05-16,SM,San Marino,EURO,6,5131,0,90,5041
2021-05-23,SM,San Marino,EURO,0,5131,0,90,5041
2021-05-30,SM,San Marino,EURO,1,5132,0,90,5042
2021-06-06,SM,San Marino,EURO,1,5133,0,90,5043
2021-06-13,SM,San Marino,EURO,0,5133,0,90,5043
2021-06-20,SM,San Marino,EURO,1,5134,0,90,5044
2021-06-27,SM,San Marino,EURO,0,5134,0,90,5044
2021-07-04,SM,San Marino,EURO,0,5134,0,90,5044
2021-07-11,SM,San Marino,EURO,1,5135,0,90,5045
2021-07-18,SM,San Marino,EURO,7,5142,0,90,5052
2021-07-25,SM,San Marino,EURO,19,5161,0,90,5071
2021-08-01,SM,San Marino,EURO,32,5193,0,90,5103
2021-08-08,SM,San Marino,EURO,43,5236,0,90,5146
2021-08-15,SM,San Marino,EURO,36,5272,0,90,5182
2021-08-22,SM,San Marino,EURO,29,5301,0,90,5211
2021-08-29,SM,San Marino,EURO,61,5362,0,90,5272
2021-09-05,SM,San Marino,EURO,28,5390,0,90,5300
2021-09-12,SM,San Marino,EURO,37,5427,0,90,5337
2021-09-19,SM,San Marino,EURO,33,5460,0,90,5370
2021-09-26,SM,San Marino,EURO,7,5467,1,91,5376
2021-10-03,SM,San Marino,EURO,13,5480,0,91,5389
2021-10-10,SM,San Marino,EURO,26,5506,0,91,5415
2021-10-17,SM,San Marino,EURO,5,5511,0,91,5420
2021-10-24,SM,San Marino,EURO,25,5536,1,92,5444
2021-10-31,SM,San Marino,EURO,61,5597,0,92,5505
2021-11-07,SM,San Marino,EURO,38,5635,0,92,5543
2021-11-14,SM,San Marino,EURO,57,5692,0,92,5600
2021-11-21,SM,San Marino,EURO,142,5834,1,93,5741
2021-11-28,SM,San Marino,EURO,182,6016,0,93,5923
2021-12-05,SM,San Marino,EURO,244,6260,1,94,6166
2021-12-12,SM,San Marino,EURO,376,6636,0,94,6542
2021-12-19,SM,San Marino,EURO,559,7195,2,96,7099
2021-12-26,SM,San Marino,EURO,446,7641,2,98,7543
2022-01-02,SM,San Marino,EURO,782,8423,2,100,8323
2022-01-09,SM,San Marino,EURO,1189,9612,3,103,9509
2022-01-16,SM,San Marino,EURO,1110,10722,0,103,10619
2022-01-23,SM,San Marino,EURO,1147,11869,4,107,11762
2022-01-30,SM,San Marino,EURO,1112,12981,2,109,12872
2022-02-06,SM,San Marino,EURO,647,13628,0,109,13519
2022-02-13,SM,San Marino,EURO,404,14032,1,110,13922
2022-02-20,SM,San Marino,EURO,200,14232,2,112,14120
2022-02-27,SM,San Marino,EURO,165,14397,0,112,14285
2022-03-06,SM,San Marino,EURO,151,14548,0,112,14436
2022-03-13,SM,San Marino,EURO,195,14743,0,112,14631
2022-03-20,SM,San Marino,EURO,250,14993,0,112,14881
2022-03-27,SM,San Marino,EURO,215,15208,1,113,15095
2022-04-03,SM,San Marino,EURO,224,15432,0,113,15319
2022-04-10,SM,San Marino,EURO,268,15700,1,114,15586
2022-04-17,SM,San Marino,EURO,303,16003,0,114,15889
2022-04-24,SM,San Marino,EURO,273,16276,0,114,16162
2022-05-01,SM,San Marino,EURO,229,16505,1,115,16390
2022-05-08,SM,San Marino,EURO,176,16681,0,115,16566
2022-05-15,SM,San Marino,EURO,224,16905,0,115,16790
2022-05-22,SM,San Marino,EURO,129,17034,0,115,16919
2022-05-29,SM,San Marino,EURO,86,17120,0,115,17005
2022-06-05,SM,San Marino,EURO,89,17209,0,115,17094
2022-06-12,SM,San Marino,EURO,90,17299,0,115,17184
2022-06-19,SM,San Marino,EURO,210,17509,0,115,17394
2022-06-26,SM,San Marino,EURO,269,17778,0,115,17663
2022-07-03,SM,San Marino,EURO,461,18239,0,115,18124
2022-07-10,SM,San Marino,EURO,492,18731,1,116,18615
2022-07-17,SM,San Marino,EURO,522,19253,1,117,19136
2022-07-24,SM,San Marino,EURO,368,19621,1,118,19503
2022-07-31,SM,San Marino,EURO,280,19901,0,118,19783
2022-08-07,SM,San Marino,EURO,145,20046,0,118,19928
2022-08-14,SM,San Marino,EURO,115,20161,0,118,20043
2022-08-21,SM,San Marino,EURO,86,20247,0,118,20129
2022-08-28,SM,San Marino,EURO,95,20342,0,118,20224
2022-09-04,SM,San Marino,EURO,74,20416,0,118,20298
2022-09-11,SM,San Marino,EURO,85,20501,0,118,20383
2022-09-18,SM,San Marino,EURO,66,20567,0,118,20449
2022-09-25,SM,San Marino,EURO,104,20671,0,118,20553
2022-10-02,SM,San Marino,EURO,157,20828,0,118,20710
2022-10-09,SM,San Marino,EURO,226,21054,0,118,20936
2022-10-16,SM,San Marino,EURO,241,21295,0,118,21177
2022-10-23,SM,San Marino,EURO,175,21470,1,119,21351
2022-10-30,SM,San Marino,EURO,135,21605,0,119,21486
2022-11-06,SM,San Marino,EURO,79,21684,0,119,21565
2022-11-13,SM,San Marino,EURO,111,21795,0,119,21676
2022-11-20,SM,San Marino,EURO,152,21947,0,119,21828
2022-11-27,SM,San Marino,EURO,221,22168,0,119,22049
2022-12-04,SM,San Marino,EURO,239,22407,0,119,22288
2022-12-11,SM,San Marino,EURO,211,22618,1,120,22498
2022-12-18,SM,San Marino,EURO,199,22817,0,120,22697
2022-12-25,SM,San Marino,EURO,190,23007,1,121,22886
2023-01-01,SM,San Marino,EURO,170,23177,0,121,23056
2023-01-08,SM,San Marino,EURO,114,23291,0,121,23170
2023-01-15,SM,San Marino,EURO,81,23372,1,122,23250
2023-01-22,SM,San Marino,EURO,33,23405,0,122,23283
2023-01-29,SM,San Marino,EURO,22,23427,0,122,23305
2023-02-05,SM,San Marino,EURO,41,23468,0,122,23346
2023-02-12,SM,San Marino,EURO,26,23494,0,122,23372
2023-02-19,SM,San Marino,EURO,43,23537,0,122,23415
2023-02-26,SM,San Marino,EURO,46,23583,0,122,23461
2023-03-05,SM,San Marino,EURO,33,23616,0,122,23494
2023-03-12,SM,San Marino,EURO,48,23664,0,122,23542
2023-03-19,SM,San Marino,EURO,83,23747,1,123,23624
2023-03-26,SM,San Marino,EURO,52,23799,0,123,23676
2023-04-02,SM,San Marino,EURO,47,23846,0,123,23723
2023-04-09,SM,San Marino,EURO,37,23883,0,123,23760
2023-04-16,SM,San Marino,EURO,77,23960,0,123,23837
2023-04-23,SM,San Marino,EURO,73,24033,1,124,23909
2023-04-30,SM,San Marino,EURO,100,24133,1,125,24008
2023-05-07,SM,San Marino,EURO,75,24208,0,125,24083
2023-05-14,SM,San Marino,EURO,37,24245,0,125,24120
2023-05-21,SM,San Marino,EURO,23,24268,0,125,24143
2023-05-28,SM,San Marino,EURO,17,24285,0,125,24160
2023-06-04,SM,San Marino,EURO,14,24299,0,125,24174
2023-06-11,SM,San Marino,EURO,12,24311,0,125,24186
2023-06-18,SM,San Marino,EURO,8,24319,0,125,24194
2023-06-25,SM,San Marino,EURO,7,24326,0,125,24201
2023-07-02,SM,San Marino,EURO,0,24326,0,125,24201
2023-07-09,SM,San Marino,EURO,0,24326,0,125,24201
2023-07-16,SM,San Marino,EURO,13,24339,0,125,24214
2023-07-23,SM,San Marino,EURO,10,24349,0,125,24224
2023-07-30,SM,San Marino,EURO,9,24358,0,125,24233
2023-08-06,SM,San Marino,EURO,9,24367,0,125,24242
2023-08-13,SM,San Marino,EURO,15,24382,0,125,24257
2023-08-20,SM,San Marino,EURO,0,24382,0,125,24257
2023-08-27,SM,San Marino,EURO,34,24416,1,126,24290
2023-09-03,SM,San Marino,EURO,31,24447,0,126,24321
2023-09-10,SM,San Marino,EURO,57,24504,0,126,24378
2023-09-17,SM,San Marino,EURO,36,24540,0,126,24414
2023-09-24,SM,San Marino,EURO,55,24595,0,126,24469
2023-10-01,SM,San Marino,EURO,49,24644,0,126,24518
2023-10-08,SM,San Marino,EURO,53,24697,0,126,24571
2023-10-15,SM,San Marino,EURO,0,24697,0,126,24571
2023-10-22,SM,San Marino,EURO,0,24697,0,126,24571
2023-10-29,SM,San Marino,EURO,63,24760,0,126,24634
2023-11-05,SM,San Marino,EURO,44,24804,0,126,24678
2023-11-12,SM,San Marino,EURO,66,24870,0,126,24744
2023-11-19,SM,San Marino,EURO,263,25133,0,126,25007
2023-11-26,SM,San Marino,EURO,159,25292,0,126,25166
2023-12-03,SM,San Marino,EURO,0,25292,0,126,25166
2023-12-10,SM,San Marino,EURO,0,25292,0,126,25166
2023-12-17,SM,San Marino,EURO,0,25292,0,126,25166
2023-12-24,SM,San Marino,EURO,0,25292,0,126,25166
2023-12-31,SM,San Marino,EURO,0,25292,0,126,25166
2024-01-07,SM,San Marino,EURO,0,25292,0,126,25166
2024-01-14,SM,San Marino,EURO,0,25292,0,126,25166
2024-01-21,SM,San Marino,EURO,0,25292,0,126,25166
2024-01-28,SM,San Marino,EURO,0,25292,0,126,25166
2024-02-04,SM,San Marino,EURO,0,25292,0,126,25166
2024-02-11,SM,San Marino,EURO,0,25292,0,126,25166
2024-02-18,SM,San Marino,EURO,0,25292,0,126,25166
2024-02-25,SM,San Marino,EURO,0,25292,0,126,25166
2024-03-03,SM,San Marino,EURO,0,25292,0,126,25166
2024-03-10,SM,San Marino,EURO,0,25292,0,126,25166
2024-03-17,SM,San Marino,EURO,0,25292,0,126,25166
2024-03-24,SM,San Marino,EURO,0,25292,0,126,25166
2024-03-31,SM,San Marino,EURO,0,25292,0,126,25166
2024-04-07,SM,San Marino,EURO,0,25292,0,126,25166
2024-04-14,SM,San Marino,EURO,0,25292,0,126,25166
2024-04-21,SM,San Marino,EURO,0,25292,0,126,25166
2024-04-28,SM,San Marino,EURO,0,25292,0,126,25166
2024-05-05,SM,San Marino,EURO,0,25292,0,126,25166
2024-05-12,SM,San Marino,EURO,0,25292,0,126,25166
2024-05-19,SM,San Marino,EURO,0,25292,0,126,25166
2024-05-26,SM,San Marino,EURO,0,25292,0,126,25166
2024-06-02,SM,San Marino,EURO,0,25292,0,126,25166
2024-06-09,SM,San Marino,EURO,0,25292,0,126,25166
2024-06-16,SM,San Marino,EURO,0,25292,0,126,25166
2024-06-23,SM,San Marino,EURO,0,25292,0,126,25166
2024-06-30,SM,San Marino,EURO,0,25292,0,126,25166
2024-07-07,SM,San Marino,EURO,0,25292,0,126,25166
2024-07-14,SM,San Marino,EURO,0,25292,0,126,25166
2024-07-21,SM,San Marino,EURO,0,25292,0,126,25166
2024-07-28,SM,San Marino,EURO,0,25292,0,126,25166
2024-08-04,SM,San Marino,EURO,0,25292,0,126,25166
2024-08-11,SM,San Marino,EURO,0,25292,0,126,25166
2024-08-18,SM,San Marino,EURO,0,25292,0,126,25166
2024-08-25,SM,San Marino,EURO,0,25292,0,126,25166
2024-09-01,SM,San Marino,EURO,0,25292,0,126,25166
2024-09-08,SM,San Marino,EURO,0,25292,0,126,25166
2024-09-15,SM,San Marino,EURO,0,25292,0,126,25166
2024-09-22,SM,San Marino,EURO,0,25292,0,126,25166
2024-09-29,SM,San Marino,EURO,0,25292,0,126,25166
2024-10-06,SM,San Marino,EURO,0,25292,0,126,25166
2024-10-13,SM,San Marino,EURO,0,25292,0,126,25166
2024-10-20,SM,San Marino,EURO,0,25292,0,126,25166
2024-10-27,SM,San Marino,EURO,0,25292,0,126,25166
2024-11-03,SM,San Marino,EURO,0,25292,0,126,25166
2024-11-10,SM,San Marino,EURO,0,25292,0,126,25166
2024-11-17,SM,San Marino,EURO,0,25292,0,126,25166
2020-01-05,ST,Sao Tome and Principe,AFRO,0,0,0,0,0
2020-01-12,ST,Sao Tome and Principe,AFRO,0,0,0,0,0
2020-01-19,ST,Sao Tome and Principe,AFRO,0,0,0,0,0
2020-01-26,ST,Sao Tome and Principe,AFRO,0,0,0,0,0
2020-02-02,ST,Sao Tome and Principe,AFRO,0,0,0,0,0
2020-02-09,ST,Sao Tome and Principe,AFRO,0,0,0,0,0
2020-02-16,ST,Sao Tome and Principe,AFRO,0,0,0,0,0
2020-02-23,ST,Sao Tome and Principe,AFRO,0,0,0,0,0
2020-03-01,ST,Sao Tome and Principe,AFRO,0,0,0,0,0
2020-03-08,ST,Sao Tome and Principe,AFRO,0,0,0,0,0
2020-03-15,ST,Sao Tome and Principe,AFRO,0,0,0,0,0
2020-03-22,ST,Sao Tome and Principe,AFRO,0,0,0,0,0
2020-03-29,ST,Sao Tome and Principe,AFRO,0,0,0,0,0
2020-04-05,ST,Sao Tome and Principe,AFRO,0,0,0,0,0
2020-04-12,ST,Sao Tome and Principe,AFRO,4,4,0,0,4
2020-04-19,ST,Sao Tome and Principe,AFRO,0,4,0,0,4
2020-04-26,ST,Sao Tome and Principe,AFRO,4,8,0,0,8
2020-05-03,ST,Sao Tome and Principe,AFRO,15,23,4,4,19
2020-05-10,ST,Sao Tome and Principe,AFRO,189,212,1,5,207
2020-05-17,ST,Sao Tome and Principe,AFRO,28,240,5,10,230
2020-05-24,ST,Sao Tome and Principe,AFRO,51,291,2,12,279
2020-05-31,ST,Sao Tome and Principe,AFRO,188,479,1,13,466
2020-06-07,ST,Sao Tome and Principe,AFRO,34,513,0,13,500
2020-06-14,ST,Sao Tome and Principe,AFRO,146,659,0,13,646
2020-06-21,ST,Sao Tome and Principe,AFRO,39,698,0,13,685
2020-06-28,ST,Sao Tome and Principe,AFRO,15,713,0,13,700
2020-07-05,ST,Sao Tome and Principe,AFRO,6,719,0,13,706
2020-07-12,ST,Sao Tome and Principe,AFRO,8,727,1,14,713
2020-07-19,ST,Sao Tome and Principe,AFRO,16,743,0,14,729
2020-07-26,ST,Sao Tome and Principe,AFRO,119,862,0,14,848
2020-08-02,ST,Sao Tome and Principe,AFRO,12,874,1,15,859
2020-08-09,ST,Sao Tome and Principe,AFRO,4,878,0,15,863
2020-08-16,ST,Sao Tome and Principe,AFRO,7,885,0,15,870
2020-08-23,ST,Sao Tome and Principe,AFRO,7,892,0,15,877
2020-08-30,ST,Sao Tome and Principe,AFRO,3,895,0,15,880
2020-09-06,ST,Sao Tome and Principe,AFRO,3,898,0,15,883
2020-09-13,ST,Sao Tome and Principe,AFRO,8,906,0,15,891
2020-09-20,ST,Sao Tome and Principe,AFRO,2,908,0,15,893
2020-09-27,ST,Sao Tome and Principe,AFRO,3,911,0,15,896
2020-10-04,ST,Sao Tome and Principe,AFRO,2,913,0,15,898
2020-10-11,ST,Sao Tome and Principe,AFRO,9,922,0,15,907
2020-10-18,ST,Sao Tome and Principe,AFRO,10,932,0,15,917
2020-10-25,ST,Sao Tome and Principe,AFRO,8,940,0,15,925
2020-11-01,ST,Sao Tome and Principe,AFRO,5,945,1,16,929
2020-11-08,ST,Sao Tome and Principe,AFRO,17,962,0,16,946
2020-11-15,ST,Sao Tome and Principe,AFRO,2,964,0,16,948
2020-11-22,ST,Sao Tome and Principe,AFRO,15,979,1,17,962
2020-11-29,ST,Sao Tome and Principe,AFRO,6,985,0,17,968
2020-12-06,ST,Sao Tome and Principe,AFRO,14,999,0,17,982
2020-12-13,ST,Sao Tome and Principe,AFRO,10,1009,0,17,992
2020-12-20,ST,Sao Tome and Principe,AFRO,3,1012,0,17,995
2020-12-27,ST,Sao Tome and Principe,AFRO,2,1014,0,17,997
2021-01-03,ST,Sao Tome and Principe,AFRO,10,1024,0,17,1007
2021-01-10,ST,Sao Tome and Principe,AFRO,42,1066,0,17,1049
2021-01-17,ST,Sao Tome and Principe,AFRO,64,1130,0,17,1113
2021-01-24,ST,Sao Tome and Principe,AFRO,52,1182,0,17,1165
2021-01-31,ST,Sao Tome and Principe,AFRO,74,1256,0,17,1239
2021-02-07,ST,Sao Tome and Principe,AFRO,83,1339,1,18,1321
2021-02-14,ST,Sao Tome and Principe,AFRO,143,1482,1,19,1463
2021-02-21,ST,Sao Tome and Principe,AFRO,96,1578,2,21,1557
2021-02-28,ST,Sao Tome and Principe,AFRO,208,1786,7,28,1758
2021-03-07,ST,Sao Tome and Principe,AFRO,152,1938,3,31,1907
2021-03-14,ST,Sao Tome and Principe,AFRO,140,2078,1,32,2046
2021-03-21,ST,Sao Tome and Principe,AFRO,64,2142,2,34,2108
2021-03-28,ST,Sao Tome and Principe,AFRO,68,2210,0,34,2176
2021-04-04,ST,Sao Tome and Principe,AFRO,30,2240,1,35,2205
2021-04-11,ST,Sao Tome and Principe,AFRO,23,2263,0,35,2228
2021-04-18,ST,Sao Tome and Principe,AFRO,12,2275,0,35,2240
2021-04-25,ST,Sao Tome and Principe,AFRO,22,2297,0,35,2262
2021-05-02,ST,Sao Tome and Principe,AFRO,13,2310,0,35,2275
2021-05-09,ST,Sao Tome and Principe,AFRO,8,2318,0,35,2283
2021-05-16,ST,Sao Tome and Principe,AFRO,9,2327,0,35,2292
2021-05-23,ST,Sao Tome and Principe,AFRO,9,2336,2,37,2299
2021-05-30,ST,Sao Tome and Principe,AFRO,9,2345,0,37,2308
2021-06-06,ST,Sao Tome and Principe,AFRO,8,2353,0,37,2316
2021-06-13,ST,Sao Tome and Principe,AFRO,4,2357,0,37,2320
2021-06-20,ST,Sao Tome and Principe,AFRO,5,2362,0,37,2325
2021-06-27,ST,Sao Tome and Principe,AFRO,3,2365,0,37,2328
2021-07-04,ST,Sao Tome and Principe,AFRO,11,2376,0,37,2339
2021-07-11,ST,Sao Tome and Principe,AFRO,16,2392,0,37,2355
2021-07-18,ST,Sao Tome and Principe,AFRO,18,2410,0,37,2373
2021-07-25,ST,Sao Tome and Principe,AFRO,14,2424,0,37,2387
2021-08-01,ST,Sao Tome and Principe,AFRO,30,2454,0,37,2417
2021-08-08,ST,Sao Tome and Principe,AFRO,16,2470,0,37,2433
2021-08-15,ST,Sao Tome and Principe,AFRO,18,2488,0,37,2451
2021-08-22,ST,Sao Tome and Principe,AFRO,36,2524,0,37,2487
2021-08-29,ST,Sao Tome and Principe,AFRO,66,2590,0,37,2553
2021-09-05,ST,Sao Tome and Principe,AFRO,93,2683,0,37,2646
2021-09-12,ST,Sao Tome and Principe,AFRO,131,2814,2,39,2775
2021-09-19,ST,Sao Tome and Principe,AFRO,226,3040,4,43,2997
2021-09-26,ST,Sao Tome and Principe,AFRO,298,3338,6,49,3289
2021-10-03,ST,Sao Tome and Principe,AFRO,193,3531,3,52,3479
2021-10-10,ST,Sao Tome and Principe,AFRO,95,3626,4,56,3570
2021-10-17,ST,Sao Tome and Principe,AFRO,49,3675,0,56,3619
2021-10-24,ST,Sao Tome and Principe,AFRO,22,3697,0,56,3641
2021-10-31,ST,Sao Tome and Principe,AFRO,15,3712,0,56,3656
2021-11-07,ST,Sao Tome and Principe,AFRO,9,3721,0,56,3665
2021-11-14,ST,Sao Tome and Principe,AFRO,9,3730,0,56,3674
2021-11-21,ST,Sao Tome and Principe,AFRO,1,3731,0,56,3675
2021-11-28,ST,Sao Tome and Principe,AFRO,0,3731,0,56,3675
2021-12-05,ST,Sao Tome and Principe,AFRO,1,3732,0,56,3676
2021-12-12,ST,Sao Tome and Principe,AFRO,1,3733,1,57,3676
2021-12-19,ST,Sao Tome and Principe,AFRO,2,3735,0,57,3678
2021-12-26,ST,Sao Tome and Principe,AFRO,9,3744,0,57,3687
2022-01-02,ST,Sao Tome and Principe,AFRO,159,3903,0,57,3846
2022-01-09,ST,Sao Tome and Principe,AFRO,832,4735,6,63,4672
2022-01-16,ST,Sao Tome and Principe,AFRO,760,5495,2,65,5430
2022-01-23,ST,Sao Tome and Principe,AFRO,321,5816,3,68,5748
2022-01-30,ST,Sao Tome and Principe,AFRO,67,5883,1,69,5814
2022-02-06,ST,Sao Tome and Principe,AFRO,28,5911,2,71,5840
2022-02-13,ST,Sao Tome and Principe,AFRO,9,5920,0,71,5849
2022-02-20,ST,Sao Tome and Principe,AFRO,5,5925,0,71,5854
2022-02-27,ST,Sao Tome and Principe,AFRO,8,5933,1,72,5861
2022-03-06,ST,Sao Tome and Principe,AFRO,1,5934,0,72,5862
2022-03-13,ST,Sao Tome and Principe,AFRO,0,5934,0,72,5862
2022-03-20,ST,Sao Tome and Principe,AFRO,6,5940,1,73,5867
2022-03-27,ST,Sao Tome and Principe,AFRO,5,5945,0,73,5872
2022-04-03,ST,Sao Tome and Principe,AFRO,0,5945,0,73,5872
2022-04-10,ST,Sao Tome and Principe,AFRO,3,5948,0,73,5875
2022-04-17,ST,Sao Tome and Principe,AFRO,0,5948,0,73,5875
2022-04-24,ST,Sao Tome and Principe,AFRO,5,5953,0,73,5880
2022-05-01,ST,Sao Tome and Principe,AFRO,4,5957,0,73,5884
2022-05-08,ST,Sao Tome and Principe,AFRO,13,5970,0,73,5897
2022-05-15,ST,Sao Tome and Principe,AFRO,0,5970,0,73,5897
2022-05-22,ST,Sao Tome and Principe,AFRO,0,5970,0,73,5897
2022-05-29,ST,Sao Tome and Principe,AFRO,12,5982,0,73,5909
2022-06-05,ST,Sao Tome and Principe,AFRO,9,5991,0,73,5918
2022-06-12,ST,Sao Tome and Principe,AFRO,12,6003,0,73,5930
2022-06-19,ST,Sao Tome and Principe,AFRO,7,6010,0,73,5937
2022-06-26,ST,Sao Tome and Principe,AFRO,13,6023,0,73,5950
2022-07-03,ST,Sao Tome and Principe,AFRO,20,6043,0,73,5970
2022-07-10,ST,Sao Tome and Principe,AFRO,21,6064,1,74,5990
2022-07-17,ST,Sao Tome and Principe,AFRO,15,6079,0,74,6005
2022-07-24,ST,Sao Tome and Principe,AFRO,8,6087,0,74,6013
2022-07-31,ST,Sao Tome and Principe,AFRO,13,6100,0,74,6026
2022-08-07,ST,Sao Tome and Principe,AFRO,15,6115,1,75,6040
2022-08-14,ST,Sao Tome and Principe,AFRO,5,6120,1,76,6044
2022-08-21,ST,Sao Tome and Principe,AFRO,3,6123,0,76,6047
2022-08-28,ST,Sao Tome and Principe,AFRO,13,6136,0,76,6060
2022-09-04,ST,Sao Tome and Principe,AFRO,17,6153,0,76,6077
2022-09-11,ST,Sao Tome and Principe,AFRO,24,6177,0,76,6101
2022-09-18,ST,Sao Tome and Principe,AFRO,16,6193,0,76,6117
2022-09-25,ST,Sao Tome and Principe,AFRO,16,6209,1,77,6132
2022-10-02,ST,Sao Tome and Principe,AFRO,21,6230,0,77,6153
2022-10-09,ST,Sao Tome and Principe,AFRO,6,6236,0,77,6159
2022-10-16,ST,Sao Tome and Principe,AFRO,16,6252,0,77,6175
2022-10-23,ST,Sao Tome and Principe,AFRO,11,6263,0,77,6186
2022-10-30,ST,Sao Tome and Principe,AFRO,3,6266,0,77,6189
2022-11-06,ST,Sao Tome and Principe,AFRO,4,6270,0,77,6193
2022-11-13,ST,Sao Tome and Principe,AFRO,5,6275,0,77,6198
2022-11-20,ST,Sao Tome and Principe,AFRO,0,6275,0,77,6198
2022-11-27,ST,Sao Tome and Principe,AFRO,3,6278,0,77,6201
2022-12-04,ST,Sao Tome and Principe,AFRO,0,6278,0,77,6201
2022-12-11,ST,Sao Tome and Principe,AFRO,1,6279,0,77,6202
2022-12-18,ST,Sao Tome and Principe,AFRO,0,6279,0,77,6202
2022-12-25,ST,Sao Tome and Principe,AFRO,0,6279,0,77,6202
2023-01-01,ST,Sao Tome and Principe,AFRO,0,6279,0,77,6202
2023-01-08,ST,Sao Tome and Principe,AFRO,0,6279,0,77,6202
2023-01-15,ST,Sao Tome and Principe,AFRO,0,6279,0,77,6202
2023-01-22,ST,Sao Tome and Principe,AFRO,0,6279,0,77,6202
2023-01-29,ST,Sao Tome and Principe,AFRO,0,6279,0,77,6202
2023-02-05,ST,Sao Tome and Principe,AFRO,1,6280,0,77,6203
2023-02-12,ST,Sao Tome and Principe,AFRO,0,6280,0,77,6203
2023-02-19,ST,Sao Tome and Principe,AFRO,0,6280,0,77,6203
2023-02-26,ST,Sao Tome and Principe,AFRO,1,6281,0,77,6204
2023-03-05,ST,Sao Tome and Principe,AFRO,0,6281,0,77,6204
2023-03-12,ST,Sao Tome and Principe,AFRO,0,6281,0,77,6204
2023-03-19,ST,Sao Tome and Principe,AFRO,15,6296,0,77,6219
2023-03-26,ST,Sao Tome and Principe,AFRO,53,6349,0,77,6272
2023-04-02,ST,Sao Tome and Principe,AFRO,88,6437,1,78,6359
2023-04-09,ST,Sao Tome and Principe,AFRO,63,6500,1,79,6421
2023-04-16,ST,Sao Tome and Principe,AFRO,42,6542,1,80,6462
2023-04-23,ST,Sao Tome and Principe,AFRO,20,6562,0,80,6482
2023-04-30,ST,Sao Tome and Principe,AFRO,6,6568,0,80,6488
2023-05-07,ST,Sao Tome and Principe,AFRO,1,6569,0,80,6489
2023-05-14,ST,Sao Tome and Principe,AFRO,6,6575,0,80,6495
2023-05-21,ST,Sao Tome and Principe,AFRO,2,6577,0,80,6497
2023-05-28,ST,Sao Tome and Principe,AFRO,4,6581,0,80,6501
2023-06-04,ST,Sao Tome and Principe,AFRO,4,6585,0,80,6505
2023-06-11,ST,Sao Tome and Principe,AFRO,2,6587,0,80,6507
2023-06-18,ST,Sao Tome and Principe,AFRO,1,6588,0,80,6508
2023-06-25,ST,Sao Tome and Principe,AFRO,0,6588,0,80,6508
2023-07-02,ST,Sao Tome and Principe,AFRO,0,6588,0,80,6508
2023-07-09,ST,Sao Tome and Principe,AFRO,0,6588,0,80,6508
2023-07-16,ST,Sao Tome and Principe,AFRO,1,6589,0,80,6509
2023-07-23,ST,Sao Tome and Principe,AFRO,0,6589,0,80,6509
2023-07-30,ST,Sao Tome and Principe,AFRO,0,6589,0,80,6509
2023-08-06,ST,Sao Tome and Principe,AFRO,0,6589,0,80,6509
2023-08-13,ST,Sao Tome and Principe,AFRO,0,6589,0,80,6509
2023-08-20,ST,Sao Tome and Principe,AFRO,0,6589,0,80,6509
2023-08-27,ST,Sao Tome and Principe,AFRO,0,6589,0,80,6509
2023-09-03,ST,Sao Tome and Principe,AFRO,7,6596,0,80,6516
2023-09-10,ST,Sao Tome and Principe,AFRO,0,6596,0,80,6516
2023-09-17,ST,Sao Tome and Principe,AFRO,1,6597,0,80,6517
2023-09-24,ST,Sao Tome and Principe,AFRO,0,6597,0,80,6517
2023-10-01,ST,Sao Tome and Principe,AFRO,0,6597,0,80,6517
2023-10-08,ST,Sao Tome and Principe,AFRO,1,6598,0,80,6518
2023-10-15,ST,Sao Tome and Principe,AFRO,1,6599,0,80,6519
2023-10-22,ST,Sao Tome and Principe,AFRO,2,6601,0,80,6521
2023-10-29,ST,Sao Tome and Principe,AFRO,0,6601,0,80,6521
2023-11-05,ST,Sao Tome and Principe,AFRO,3,6604,0,80,6524
2023-11-12,ST,Sao Tome and Principe,AFRO,3,6607,0,80,6527
2023-11-19,ST,Sao Tome and Principe,AFRO,28,6635,0,80,6555
2023-11-26,ST,Sao Tome and Principe,AFRO,51,6686,0,80,6606
2023-12-03,ST,Sao Tome and Principe,AFRO,33,6719,0,80,6639
2023-12-10,ST,Sao Tome and Principe,AFRO,10,6729,0,80,6649
2023-12-17,ST,Sao Tome and Principe,AFRO,3,6732,0,80,6652
2023-12-24,ST,Sao Tome and Principe,AFRO,2,6734,0,80,6654
2023-12-31,ST,Sao Tome and Principe,AFRO,2,6736,0,80,6656
2024-01-07,ST,Sao Tome and Principe,AFRO,0,6736,0,80,6656
2024-01-14,ST,Sao Tome and Principe,AFRO,0,6736,0,80,6656
2024-01-21,ST,Sao Tome and Principe,AFRO,0,6736,0,80,6656
2024-01-28,ST,Sao Tome and Principe,AFRO,0,6736,0,80,6656
2024-02-04,ST,Sao Tome and Principe,AFRO,0,6736,0,80,6656
2024-02-11,ST,Sao Tome and Principe,AFRO,0,6736,0,80,6656
2024-02-18,ST,Sao Tome and Principe,AFRO,0,6736,0,80,6656
2024-02-25,ST,Sao Tome and Principe,AFRO,0,6736,0,80,6656
2024-03-03,ST,Sao Tome and Principe,AFRO,0,6736,0,80,6656
2024-03-10,ST,Sao Tome and Principe,AFRO,0,6736,0,80,6656
2024-03-17,ST,Sao Tome and Principe,AFRO,5,6741,0,80,6661
2024-03-24,ST,Sao Tome and Principe,AFRO,2,6743,0,80,6663
2024-03-31,ST,Sao Tome and Principe,AFRO,6,6749,0,80,6669
2024-04-07,ST,Sao Tome and Principe,AFRO,13,6762,0,80,6682
2024-04-14,ST,Sao Tome and Principe,AFRO,4,6766,0,80,6686
2024-04-21,ST,Sao Tome and Principe,AFRO,1,6767,0,80,6687
2024-04-28,ST,Sao Tome and Principe,AFRO,3,6770,0,80,6690
2024-05-05,ST,Sao Tome and Principe,AFRO,1,6771,0,80,6691
2024-05-12,ST,Sao Tome and Principe,AFRO,0,6771,0,80,6691
2024-05-19,ST,Sao Tome and Principe,AFRO,0,6771,0,80,6691
2024-05-26,ST,Sao Tome and Principe,AFRO,0,6771,0,80,6691
2024-06-02,ST,Sao Tome and Principe,AFRO,0,6771,0,80,6691
2024-06-09,ST,Sao Tome and Principe,AFRO,0,6771,0,80,6691
2024-06-16,ST,Sao Tome and Principe,AFRO,0,6771,0,80,6691
2024-06-23,ST,Sao Tome and Principe,AFRO,0,6771,0,80,6691
2024-06-30,ST,Sao Tome and Principe,AFRO,0,6771,0,80,6691
2024-07-07,ST,Sao Tome and Principe,AFRO,0,6771,0,80,6691
2024-07-14,ST,Sao Tome and Principe,AFRO,0,6771,0,80,6691
2024-07-21,ST,Sao Tome and Principe,AFRO,0,6771,0,80,6691
2024-07-28,ST,Sao Tome and Principe,AFRO,0,6771,0,80,6691
2024-08-04,ST,Sao Tome and Principe,AFRO,0,6771,0,80,6691
2024-08-11,ST,Sao Tome and Principe,AFRO,0,6771,0,80,6691
2024-08-18,ST,Sao Tome and Principe,AFRO,0,6771,0,80,6691
2024-08-25,ST,Sao Tome and Principe,AFRO,0,6771,0,80,6691
2024-09-01,ST,Sao Tome and Principe,AFRO,0,6771,0,80,6691
2024-09-08,ST,Sao Tome and Principe,AFRO,0,6771,0,80,6691
2024-09-15,ST,Sao Tome and Principe,AFRO,0,6771,0,80,6691
2024-09-22,ST,Sao Tome and Principe,AFRO,0,6771,0,80,6691
2024-09-29,ST,Sao Tome and Principe,AFRO,0,6771,0,80,6691
2024-10-06,ST,Sao Tome and Principe,AFRO,0,6771,0,80,6691
2024-10-13,ST,Sao Tome and Principe,AFRO,0,6771,0,80,6691
2024-10-20,ST,Sao Tome and Principe,AFRO,0,6771,0,80,6691
2024-10-27,ST,Sao Tome and Principe,AFRO,0,6771,0,80,6691
2024-11-03,ST,Sao Tome and Principe,AFRO,0,6771,0,80,6691
2024-11-10,ST,Sao Tome and Principe,AFRO,0,6771,0,80,6691
2024-11-17,ST,Sao Tome and Principe,AFRO,0,6771,0,80,6691
2020-01-05,SA,Saudi Arabia,EMRO,0,0,0,0,0
2020-01-12,SA,Saudi Arabia,EMRO,0,0,0,0,0
2020-01-19,SA,Saudi Arabia,EMRO,0,0,0,0,0
2020-01-26,SA,Saudi Arabia,EMRO,0,0,0,0,0
2020-02-02,SA,Saudi Arabia,EMRO,0,0,0,0,0
2020-02-09,SA,Saudi Arabia,EMRO,0,0,0,0,0
2020-02-16,SA,Saudi Arabia,EMRO,0,0,0,0,0
2020-02-23,SA,Saudi Arabia,EMRO,0,0,0,0,0
2020-03-01,SA,Saudi Arabia,EMRO,0,0,0,0,0
2020-03-08,SA,Saudi Arabia,EMRO,7,7,0,0,7
2020-03-15,SA,Saudi Arabia,EMRO,96,103,0,0,103
2020-03-22,SA,Saudi Arabia,EMRO,289,392,0,0,392
2020-03-29,SA,Saudi Arabia,EMRO,811,1203,4,4,1199
2020-04-05,SA,Saudi Arabia,EMRO,976,2179,25,29,2150
2020-04-12,SA,Saudi Arabia,EMRO,1854,4033,23,52,3981
2020-04-19,SA,Saudi Arabia,EMRO,4241,8274,40,92,8182
2020-04-26,SA,Saudi Arabia,EMRO,8025,16299,44,136,16163
2020-05-03,SA,Saudi Arabia,EMRO,9160,25459,40,176,25283
2020-05-10,SA,Saudi Arabia,EMRO,11677,37136,63,239,36897
2020-05-17,SA,Saudi Arabia,EMRO,14880,52016,63,302,51714
2020-05-24,SA,Saudi Arabia,EMRO,18145,70161,77,379,69782
2020-05-31,SA,Saudi Arabia,EMRO,13223,83384,101,480,82904
2020-06-07,SA,Saudi Arabia,EMRO,15485,98869,196,676,98193
2020-06-14,SA,Saudi Arabia,EMRO,24439,123308,256,932,122376
2020-06-21,SA,Saudi Arabia,EMRO,30925,154233,298,1230,153003
2020-06-28,SA,Saudi Arabia,EMRO,24271,178504,281,1511,176993
2020-07-05,SA,Saudi Arabia,EMRO,27425,205929,347,1858,204071
2020-07-12,SA,Saudi Arabia,EMRO,23551,229480,323,2181,227299
2020-07-19,SA,Saudi Arabia,EMRO,18936,248416,266,2447,245969
2020-07-26,SA,Saudi Arabia,EMRO,16557,264973,256,2703,262270
2020-08-02,SA,Saudi Arabia,EMRO,12505,277478,184,2887,274591
2020-08-09,SA,Saudi Arabia,EMRO,9784,287262,243,3130,284132
2020-08-16,SA,Saudi Arabia,EMRO,10053,297315,239,3369,293946
2020-08-23,SA,Saudi Arabia,EMRO,9055,306370,250,3619,302751
2020-08-30,SA,Saudi Arabia,EMRO,7541,313911,221,3840,310071
2020-09-06,SA,Saudi Arabia,EMRO,6021,319932,209,4049,315883
2020-09-13,SA,Saudi Arabia,EMRO,5118,325050,191,4240,320810
2020-09-20,SA,Saudi Arabia,EMRO,4221,329271,218,4458,324813
2020-09-27,SA,Saudi Arabia,EMRO,3519,332790,197,4655,328135
2020-10-04,SA,Saudi Arabia,EMRO,3207,335997,195,4850,331147
2020-10-11,SA,Saudi Arabia,EMRO,2947,338944,168,5018,333926
2020-10-18,SA,Saudi Arabia,EMRO,2910,341854,147,5165,336689
2020-10-25,SA,Saudi Arabia,EMRO,2698,344552,116,5281,339271
2020-11-01,SA,Saudi Arabia,EMRO,2730,347282,121,5402,341880
2020-11-08,SA,Saudi Arabia,EMRO,2947,350229,123,5525,344704
2020-11-15,SA,Saudi Arabia,EMRO,2721,352950,116,5641,347309
2020-11-22,SA,Saudi Arabia,EMRO,2084,355034,120,5761,349273
2020-11-29,SA,Saudi Arabia,EMRO,1877,356911,109,5870,351041
2020-12-06,SA,Saudi Arabia,EMRO,1615,358526,84,5954,352572
2020-12-13,SA,Saudi Arabia,EMRO,1223,359749,82,6036,353713
2020-12-20,SA,Saudi Arabia,EMRO,1099,360848,76,6112,354736
2020-12-27,SA,Saudi Arabia,EMRO,1218,362066,64,6176,355890
2021-01-03,SA,Saudi Arabia,EMRO,913,362979,63,6239,356740
2021-01-10,SA,Saudi Arabia,EMRO,713,363692,47,6286,357406
2021-01-17,SA,Saudi Arabia,EMRO,1061,364753,32,6318,358435
2021-01-24,SA,Saudi Arabia,EMRO,1432,366185,32,6350,359835
2021-01-31,SA,Saudi Arabia,EMRO,1628,367813,22,6372,361441
2021-02-07,SA,Saudi Arabia,EMRO,2148,369961,25,6397,363564
2021-02-14,SA,Saudi Arabia,EMRO,2449,372410,31,6428,365982
2021-02-21,SA,Saudi Arabia,EMRO,2281,374691,29,6457,368234
2021-02-28,SA,Saudi Arabia,EMRO,2370,377061,31,6488,370573
2021-03-07,SA,Saudi Arabia,EMRO,2413,379474,36,6524,372950
2021-03-14,SA,Saudi Arabia,EMRO,2585,382059,39,6563,375496
2021-03-21,SA,Saudi Arabia,EMRO,2594,384653,39,6602,378051
2021-03-28,SA,Saudi Arabia,EMRO,3141,387794,41,6643,381151
2021-04-04,SA,Saudi Arabia,EMRO,4215,392009,47,6690,385319
2021-04-11,SA,Saudi Arabia,EMRO,5627,397636,57,6747,390889
2021-04-18,SA,Saudi Arabia,EMRO,6418,404054,63,6810,397244
2021-04-25,SA,Saudi Arabia,EMRO,7209,411263,77,6887,404376
2021-05-02,SA,Saudi Arabia,EMRO,7148,418411,81,6968,411443
2021-05-09,SA,Saudi Arabia,EMRO,7031,425442,91,7059,418383
2021-05-16,SA,Saudi Arabia,EMRO,6827,432269,88,7147,425122
2021-05-23,SA,Saudi Arabia,EMRO,7578,439847,90,7237,432610
2021-05-30,SA,Saudi Arabia,EMRO,8437,448284,97,7334,440950
2021-06-06,SA,Saudi Arabia,EMRO,8278,456562,106,7440,449122
2021-06-13,SA,Saudi Arabia,EMRO,8218,464780,113,7553,457227
2021-06-20,SA,Saudi Arabia,EMRO,8332,473112,110,7663,465449
2021-06-27,SA,Saudi Arabia,EMRO,8891,482003,97,7760,474243
2021-07-04,SA,Saudi Arabia,EMRO,9609,491612,103,7863,483749
2021-07-11,SA,Saudi Arabia,EMRO,8471,500083,100,7963,492120
2021-07-18,SA,Saudi Arabia,EMRO,8438,508521,100,8063,500458
2021-07-25,SA,Saudi Arabia,EMRO,8428,516949,92,8155,508794
2021-08-01,SA,Saudi Arabia,EMRO,8781,525730,82,8237,517493
2021-08-08,SA,Saudi Arabia,EMRO,7055,532785,83,8320,524465
2021-08-15,SA,Saudi Arabia,EMRO,5198,537983,79,8399,529584
2021-08-22,SA,Saudi Arabia,EMRO,3627,541610,70,8469,533141
2021-08-29,SA,Saudi Arabia,EMRO,2186,543796,57,8526,535270
2021-09-05,SA,Saudi Arabia,EMRO,1327,545123,46,8572,536551
2021-09-12,SA,Saudi Arabia,EMRO,789,545912,45,8617,537295
2021-09-19,SA,Saudi Arabia,EMRO,567,546479,39,8656,537823
2021-09-26,SA,Saudi Arabia,EMRO,403,546882,38,8694,538188
2021-10-03,SA,Saudi Arabia,EMRO,339,547221,28,8722,538499
2021-10-10,SA,Saudi Arabia,EMRO,311,547532,21,8743,538789
2021-10-17,SA,Saudi Arabia,EMRO,358,547890,17,8760,539130
2021-10-24,SA,Saudi Arabia,EMRO,315,548205,16,8776,539429
2021-10-31,SA,Saudi Arabia,EMRO,366,548571,17,8793,539778
2021-11-07,SA,Saudi Arabia,EMRO,319,548890,10,8803,540087
2021-11-14,SA,Saudi Arabia,EMRO,302,549192,8,8811,540381
2021-11-21,SA,Saudi Arabia,EMRO,251,549443,12,8823,540620
2021-11-28,SA,Saudi Arabia,EMRO,228,549671,9,8832,540839
2021-12-05,SA,Saudi Arabia,EMRO,206,549877,10,8842,541035
2021-12-12,SA,Saudi Arabia,EMRO,312,550189,10,8852,541337
2021-12-19,SA,Saudi Arabia,EMRO,549,550738,9,8861,541877
2021-12-26,SA,Saudi Arabia,EMRO,1668,552406,9,8870,543536
2022-01-02,SA,Saudi Arabia,EMRO,4676,557082,8,8878,548204
2022-01-09,SA,Saudi Arabia,EMRO,18211,575293,14,8892,566401
2022-01-16,SA,Saudi Arabia,EMRO,34660,609953,13,8905,601048
2022-01-23,SA,Saudi Arabia,EMRO,37866,647819,13,8918,638901
2022-01-30,SA,Saudi Arabia,EMRO,31565,679384,15,8933,670451
2022-02-06,SA,Saudi Arabia,EMRO,26253,705637,20,8953,696684
2022-02-13,SA,Saudi Arabia,EMRO,20614,726251,18,8971,717280
2022-02-20,SA,Saudi Arabia,EMRO,12080,738331,11,8982,729349
2022-02-27,SA,Saudi Arabia,EMRO,5411,743742,12,8994,734748
2022-03-06,SA,Saudi Arabia,EMRO,3377,747119,12,9006,738113
2022-03-13,SA,Saudi Arabia,EMRO,1505,748624,11,9017,739607
2022-03-20,SA,Saudi Arabia,EMRO,847,749471,10,9027,740444
2022-03-27,SA,Saudi Arabia,EMRO,787,750258,11,9038,741220
2022-04-03,SA,Saudi Arabia,EMRO,740,750998,9,9047,741951
2022-04-10,SA,Saudi Arabia,EMRO,719,751717,8,9055,742662
2022-04-17,SA,Saudi Arabia,EMRO,762,752479,13,9068,743411
2022-04-24,SA,Saudi Arabia,EMRO,853,753332,8,9076,744256
2022-05-01,SA,Saudi Arabia,EMRO,679,754011,12,9088,744923
2022-05-08,SA,Saudi Arabia,EMRO,1065,755076,11,9099,745977
2022-05-15,SA,Saudi Arabia,EMRO,3719,758795,15,9114,749681
2022-05-22,SA,Saudi Arabia,EMRO,3780,762575,14,9128,753447
2022-05-29,SA,Saudi Arabia,EMRO,3621,766196,15,9143,757053
2022-06-05,SA,Saudi Arabia,EMRO,4454,770650,12,9155,761495
2022-06-12,SA,Saudi Arabia,EMRO,6240,776890,15,9170,767720
2022-06-19,SA,Saudi Arabia,EMRO,7017,783907,15,9185,774722
2022-06-26,SA,Saudi Arabia,EMRO,7050,790957,13,9198,781759
2022-07-03,SA,Saudi Arabia,EMRO,5311,796268,13,9211,787057
2022-07-10,SA,Saudi Arabia,EMRO,3520,799788,9,9220,790568
2022-07-17,SA,Saudi Arabia,EMRO,3370,803158,10,9230,793928
2022-07-24,SA,Saudi Arabia,EMRO,4057,807215,8,9238,797977
2022-07-31,SA,Saudi Arabia,EMRO,2234,809449,12,9250,800199
2022-08-07,SA,Saudi Arabia,EMRO,1438,810887,10,9260,801627
2022-08-14,SA,Saudi Arabia,EMRO,966,811853,9,9269,802584
2022-08-21,SA,Saudi Arabia,EMRO,682,812535,7,9276,803259
2022-08-28,SA,Saudi Arabia,EMRO,572,813107,13,9289,803818
2022-09-04,SA,Saudi Arabia,EMRO,575,813682,13,9302,804380
2022-09-11,SA,Saudi Arabia,EMRO,674,814356,13,9315,805041
2022-09-18,SA,Saudi Arabia,EMRO,741,815097,15,9330,805767
2022-09-25,SA,Saudi Arabia,EMRO,646,815743,11,9341,806402
2022-10-02,SA,Saudi Arabia,EMRO,832,816575,12,9353,807222
2022-10-09,SA,Saudi Arabia,EMRO,915,817490,12,9365,808125
2022-10-16,SA,Saudi Arabia,EMRO,1208,818698,15,9380,809318
2022-10-23,SA,Saudi Arabia,EMRO,1458,820156,12,9392,810764
2022-10-30,SA,Saudi Arabia,EMRO,1781,821937,13,9405,812532
2022-11-06,SA,Saudi Arabia,EMRO,1557,823494,12,9417,814077
2022-11-13,SA,Saudi Arabia,EMRO,944,824438,15,9432,815006
2022-11-20,SA,Saudi Arabia,EMRO,591,825029,14,9446,815583
2022-11-27,SA,Saudi Arabia,EMRO,373,825402,11,9457,815945
2022-12-04,SA,Saudi Arabia,EMRO,316,825718,14,9471,816247
2022-12-11,SA,Saudi Arabia,EMRO,435,826153,11,9482,816671
2022-12-18,SA,Saudi Arabia,EMRO,325,826478,12,9494,816984
2022-12-25,SA,Saudi Arabia,EMRO,288,826766,14,9508,817258
2023-01-01,SA,Saudi Arabia,EMRO,238,827004,10,9518,817486
2023-01-08,SA,Saudi Arabia,EMRO,186,827190,11,9529,817661
2023-01-15,SA,Saudi Arabia,EMRO,182,827372,13,9542,817830
2023-01-22,SA,Saudi Arabia,EMRO,206,827578,13,9555,818023
2023-01-29,SA,Saudi Arabia,EMRO,250,827828,13,9568,818260
2023-02-05,SA,Saudi Arabia,EMRO,303,828131,11,9579,818552
2023-02-12,SA,Saudi Arabia,EMRO,355,828486,12,9591,818895
2023-02-19,SA,Saudi Arabia,EMRO,388,828874,9,9600,819274
2023-02-26,SA,Saudi Arabia,EMRO,354,829228,13,9613,819615
2023-03-05,SA,Saudi Arabia,EMRO,502,829730,4,9617,820113
2023-03-12,SA,Saudi Arabia,EMRO,563,830293,4,9621,820672
2023-03-19,SA,Saudi Arabia,EMRO,1018,831311,3,9624,821687
2023-03-26,SA,Saudi Arabia,EMRO,1118,832429,3,9627,822802
2023-04-02,SA,Saudi Arabia,EMRO,1638,834067,4,9631,824436
2023-04-09,SA,Saudi Arabia,EMRO,2375,836442,4,9635,826807
2023-04-16,SA,Saudi Arabia,EMRO,1933,838375,3,9638,828737
2023-04-23,SA,Saudi Arabia,EMRO,844,839219,3,9641,829578
2023-04-30,SA,Saudi Arabia,EMRO,1306,840525,3,9644,830881
2023-05-07,SA,Saudi Arabia,EMRO,944,841469,2,9646,831823
2023-05-14,SA,Saudi Arabia,EMRO,0,841469,0,9646,831823
2023-05-21,SA,Saudi Arabia,EMRO,0,841469,0,9646,831823
2023-05-28,SA,Saudi Arabia,EMRO,0,841469,0,9646,831823
2023-06-04,SA,Saudi Arabia,EMRO,0,841469,0,9646,831823
2023-06-11,SA,Saudi Arabia,EMRO,0,841469,0,9646,831823
2023-06-18,SA,Saudi Arabia,EMRO,0,841469,0,9646,831823
2023-06-25,SA,Saudi Arabia,EMRO,0,841469,0,9646,831823
2023-07-02,SA,Saudi Arabia,EMRO,0,841469,0,9646,831823
2023-07-09,SA,Saudi Arabia,EMRO,0,841469,0,9646,831823
2023-07-16,SA,Saudi Arabia,EMRO,0,841469,0,9646,831823
2023-07-23,SA,Saudi Arabia,EMRO,0,841469,0,9646,831823
2023-07-30,SA,Saudi Arabia,EMRO,0,841469,0,9646,831823
2023-08-06,SA,Saudi Arabia,EMRO,0,841469,0,9646,831823
2023-08-13,SA,Saudi Arabia,EMRO,0,841469,0,9646,831823
2023-08-20,SA,Saudi Arabia,EMRO,0,841469,0,9646,831823
2023-08-27,SA,Saudi Arabia,EMRO,0,841469,0,9646,831823
2023-09-03,SA,Saudi Arabia,EMRO,0,841469,0,9646,831823
2023-09-10,SA,Saudi Arabia,EMRO,0,841469,0,9646,831823
2023-09-17,SA,Saudi Arabia,EMRO,0,841469,0,9646,831823
2023-09-24,SA,Saudi Arabia,EMRO,0,841469,0,9646,831823
2023-10-01,SA,Saudi Arabia,EMRO,0,841469,0,9646,831823
2023-10-08,SA,Saudi Arabia,EMRO,0,841469,0,9646,831823
2023-10-15,SA,Saudi Arabia,EMRO,0,841469,0,9646,831823
2023-10-22,SA,Saudi Arabia,EMRO,0,841469,0,9646,831823
2023-10-29,SA,Saudi Arabia,EMRO,0,841469,0,9646,831823
2023-11-05,SA,Saudi Arabia,EMRO,0,841469,0,9646,831823
2023-11-12,SA,Saudi Arabia,EMRO,0,841469,0,9646,831823
2023-11-19,SA,Saudi Arabia,EMRO,0,841469,0,9646,831823
2023-11-26,SA,Saudi Arabia,EMRO,0,841469,0,9646,831823
2023-12-03,SA,Saudi Arabia,EMRO,0,841469,0,9646,831823
2023-12-10,SA,Saudi Arabia,EMRO,0,841469,0,9646,831823
2023-12-17,SA,Saudi Arabia,EMRO,0,841469,0,9646,831823
2023-12-24,SA,Saudi Arabia,EMRO,0,841469,0,9646,831823
2023-12-31,SA,Saudi Arabia,EMRO,0,841469,0,9646,831823
2024-01-07,SA,Saudi Arabia,EMRO,0,841469,0,9646,831823
2024-01-14,SA,Saudi Arabia,EMRO,0,841469,0,9646,831823
2024-01-21,SA,Saudi Arabia,EMRO,0,841469,0,9646,831823
2024-01-28,SA,Saudi Arabia,EMRO,0,841469,0,9646,831823
2024-02-04,SA,Saudi Arabia,EMRO,0,841469,0,9646,831823
2024-02-11,SA,Saudi Arabia,EMRO,0,841469,0,9646,831823
2024-02-18,SA,Saudi Arabia,EMRO,0,841469,0,9646,831823
2024-02-25,SA,Saudi Arabia,EMRO,0,841469,0,9646,831823
2024-03-03,SA,Saudi Arabia,EMRO,0,841469,0,9646,831823
2024-03-10,SA,Saudi Arabia,EMRO,0,841469,0,9646,831823
2024-03-17,SA,Saudi Arabia,EMRO,0,841469,0,9646,831823
2024-03-24,SA,Saudi Arabia,EMRO,0,841469,0,9646,831823
2024-03-31,SA,Saudi Arabia,EMRO,0,841469,0,9646,831823
2024-04-07,SA,Saudi Arabia,EMRO,0,841469,0,9646,831823
2024-04-14,SA,Saudi Arabia,EMRO,0,841469,0,9646,831823
2024-04-21,SA,Saudi Arabia,EMRO,0,841469,0,9646,831823
2024-04-28,SA,Saudi Arabia,EMRO,0,841469,0,9646,831823
2024-05-05,SA,Saudi Arabia,EMRO,0,841469,0,9646,831823
2024-05-12,SA,Saudi Arabia,EMRO,0,841469,0,9646,831823
2024-05-19,SA,Saudi Arabia,EMRO,0,841469,0,9646,831823
2024-05-26,SA,Saudi Arabia,EMRO,0,841469,0,9646,831823
2024-06-02,SA,Saudi Arabia,EMRO,0,841469,0,9646,831823
2024-06-09,SA,Saudi Arabia,EMRO,0,841469,0,9646,831823
2024-06-16,SA,Saudi Arabia,EMRO,0,841469,0,9646,831823
2024-06-23,SA,Saudi Arabia,EMRO,0,841469,0,9646,831823
2024-06-30,SA,Saudi Arabia,EMRO,0,841469,0,9646,831823
2024-07-07,SA,Saudi Arabia,EMRO,0,841469,0,9646,831823
2024-07-14,SA,Saudi Arabia,EMRO,0,841469,0,9646,831823
2024-07-21,SA,Saudi Arabia,EMRO,0,841469,0,9646,831823
2024-07-28,SA,Saudi Arabia,EMRO,0,841469,0,9646,831823
2024-08-04,SA,Saudi Arabia,EMRO,0,841469,0,9646,831823
2024-08-11,SA,Saudi Arabia,EMRO,0,841469,0,9646,831823
2024-08-18,SA,Saudi Arabia,EMRO,0,841469,0,9646,831823
2024-08-25,SA,Saudi Arabia,EMRO,0,841469,0,9646,831823
2024-09-01,SA,Saudi Arabia,EMRO,0,841469,0,9646,831823
2024-09-08,SA,Saudi Arabia,EMRO,0,841469,0,9646,831823
2024-09-15,SA,Saudi Arabia,EMRO,0,841469,0,9646,831823
2024-09-22,SA,Saudi Arabia,EMRO,0,841469,0,9646,831823
2024-09-29,SA,Saudi Arabia,EMRO,0,841469,0,9646,831823
2024-10-06,SA,Saudi Arabia,EMRO,0,841469,0,9646,831823
2024-10-13,SA,Saudi Arabia,EMRO,0,841469,0,9646,831823
2024-10-20,SA,Saudi Arabia,EMRO,0,841469,0,9646,831823
2024-10-27,SA,Saudi Arabia,EMRO,0,841469,0,9646,831823
2024-11-03,SA,Saudi Arabia,EMRO,0,841469,0,9646,831823
2024-11-10,SA,Saudi Arabia,EMRO,0,841469,0,9646,831823
2024-11-17,SA,Saudi Arabia,EMRO,0,841469,0,9646,831823
2020-01-05,SN,Senegal,AFRO,0,0,0,0,0
2020-01-12,SN,Senegal,AFRO,0,0,0,0,0
2020-01-19,SN,Senegal,AFRO,0,0,0,0,0
2020-01-26,SN,Senegal,AFRO,0,0,0,0,0
2020-02-02,SN,Senegal,AFRO,0,0,0,0,0
2020-02-09,SN,Senegal,AFRO,0,0,0,0,0
2020-02-16,SN,Senegal,AFRO,0,0,0,0,0
2020-02-23,SN,Senegal,AFRO,0,0,0,0,0
2020-03-01,SN,Senegal,AFRO,0,0,0,0,0
2020-03-08,SN,Senegal,AFRO,4,4,0,0,4
2020-03-15,SN,Senegal,AFRO,23,27,0,0,27
2020-03-22,SN,Senegal,AFRO,43,70,0,0,70
2020-03-29,SN,Senegal,AFRO,74,144,0,0,144
2020-04-05,SN,Senegal,AFRO,80,224,0,0,224
2020-04-12,SN,Senegal,AFRO,66,290,0,0,290
2020-04-19,SN,Senegal,AFRO,49,339,0,0,339
2020-04-26,SN,Senegal,AFRO,181,520,0,0,520
2020-05-03,SN,Senegal,AFRO,595,1115,0,0,1115
2020-05-10,SN,Senegal,AFRO,519,1634,0,0,1634
2020-05-17,SN,Senegal,AFRO,795,2429,0,0,2429
2020-05-24,SN,Senegal,AFRO,547,2976,0,0,2976
2020-05-31,SN,Senegal,AFRO,559,3535,0,0,3535
2020-06-07,SN,Senegal,AFRO,714,4249,0,0,4249
2020-06-14,SN,Senegal,AFRO,747,4996,0,0,4996
2020-06-21,SN,Senegal,AFRO,787,5783,0,0,5783
2020-06-28,SN,Senegal,AFRO,676,6459,0,0,6459
2020-07-05,SN,Senegal,AFRO,813,7272,0,0,7272
2020-07-12,SN,Senegal,AFRO,742,8014,148,148,7866
2020-07-19,SN,Senegal,AFRO,655,8669,19,167,8502
2020-07-26,SN,Senegal,AFRO,883,9552,24,191,9361
2020-08-02,SN,Senegal,AFRO,732,10284,18,209,10075
2020-08-09,SN,Senegal,AFRO,719,11003,23,232,10771
2020-08-16,SN,Senegal,AFRO,1029,12032,21,253,11779
2020-08-23,SN,Senegal,AFRO,818,12850,16,269,12581
2020-08-30,SN,Senegal,AFRO,606,13456,15,284,13172
2020-09-06,SN,Senegal,AFRO,492,13948,6,290,13658
2020-09-13,SN,Senegal,AFRO,289,14237,7,297,13940
2020-09-20,SN,Senegal,AFRO,451,14688,5,302,14386
2020-09-27,SN,Senegal,AFRO,181,14869,6,308,14561
2020-10-04,SN,Senegal,AFRO,199,15068,4,312,14756
2020-10-11,SN,Senegal,AFRO,176,15244,2,314,14930
2020-10-18,SN,Senegal,AFRO,148,15392,3,317,15075
2020-10-25,SN,Senegal,AFRO,151,15543,4,321,15222
2020-11-01,SN,Senegal,AFRO,73,15616,4,325,15291
2020-11-08,SN,Senegal,AFRO,77,15693,1,326,15367
2020-11-15,SN,Senegal,AFRO,86,15779,1,327,15452
2020-11-22,SN,Senegal,AFRO,86,15865,3,330,15535
2020-11-29,SN,Senegal,AFRO,162,16027,3,333,15694
2020-12-06,SN,Senegal,AFRO,370,16397,4,337,16060
2020-12-13,SN,Senegal,AFRO,664,17061,12,349,16712
2020-12-20,SN,Senegal,AFRO,609,17670,12,361,17309
2020-12-27,SN,Senegal,AFRO,853,18523,26,387,18136
2021-01-03,SN,Senegal,AFRO,988,19511,29,416,19095
2021-01-10,SN,Senegal,AFRO,1489,21000,43,459,20541
2021-01-17,SN,Senegal,AFRO,1738,22738,50,509,22229
2021-01-24,SN,Senegal,AFRO,1722,24460,60,569,23891
2021-01-31,SN,Senegal,AFRO,1753,26213,52,621,25592
2021-02-07,SN,Senegal,AFRO,2276,28489,54,675,27814
2021-02-14,SN,Senegal,AFRO,2152,30641,66,741,29900
2021-02-21,SN,Senegal,AFRO,1989,32630,54,795,31835
2021-02-28,SN,Senegal,AFRO,1625,34255,71,866,33389
2021-03-07,SN,Senegal,AFRO,1377,35632,53,919,34713
2021-03-14,SN,Senegal,AFRO,1094,36726,44,963,35763
2021-03-21,SN,Senegal,AFRO,967,37693,50,1013,36680
2021-03-28,SN,Senegal,AFRO,763,38456,21,1034,37422
2021-04-04,SN,Senegal,AFRO,497,38953,29,1063,37890
2021-04-11,SN,Senegal,AFRO,411,39364,14,1077,38287
2021-04-18,SN,Senegal,AFRO,367,39731,13,1090,38641
2021-04-25,SN,Senegal,AFRO,351,40082,9,1099,38983
2021-05-02,SN,Senegal,AFRO,306,40388,10,1109,39279
2021-05-09,SN,Senegal,AFRO,277,40665,8,1117,39548
2021-05-16,SN,Senegal,AFRO,163,40828,7,1124,39704
2021-05-23,SN,Senegal,AFRO,234,41062,6,1130,39932
2021-05-30,SN,Senegal,AFRO,269,41331,8,1138,40193
2021-06-06,SN,Senegal,AFRO,300,41631,7,1145,40486
2021-06-13,SN,Senegal,AFRO,321,41952,6,1151,40801
2021-06-20,SN,Senegal,AFRO,381,42333,7,1158,41175
2021-06-27,SN,Senegal,AFRO,518,42851,5,1163,41688
2021-07-04,SN,Senegal,AFRO,776,43627,8,1171,42456
2021-07-11,SN,Senegal,AFRO,2019,45646,19,1190,44456
2021-07-18,SN,Senegal,AFRO,4728,50374,24,1214,49160
2021-07-25,SN,Senegal,AFRO,6199,56573,55,1269,55304
2021-08-01,SN,Senegal,AFRO,5717,62290,84,1353,60937
2021-08-08,SN,Senegal,AFRO,4608,66898,114,1467,65431
2021-08-15,SN,Senegal,AFRO,3515,70413,120,1587,68826
2021-08-22,SN,Senegal,AFRO,1359,71772,72,1659,70113
2021-08-29,SN,Senegal,AFRO,846,72618,83,1742,70876
2021-09-05,SN,Senegal,AFRO,486,73104,52,1794,71310
2021-09-12,SN,Senegal,AFRO,336,73440,34,1828,71612
2021-09-19,SN,Senegal,AFRO,182,73622,17,1845,71777
2021-09-26,SN,Senegal,AFRO,106,73728,10,1855,71873
2021-10-03,SN,Senegal,AFRO,65,73793,4,1859,71934
2021-10-10,SN,Senegal,AFRO,42,73835,9,1868,71967
2021-10-17,SN,Senegal,AFRO,30,73865,3,1871,71994
2021-10-24,SN,Senegal,AFRO,26,73891,6,1877,72014
2021-10-31,SN,Senegal,AFRO,26,73917,1,1878,72039
2021-11-07,SN,Senegal,AFRO,18,73935,2,1880,72055
2021-11-14,SN,Senegal,AFRO,16,73951,1,1881,72070
2021-11-21,SN,Senegal,AFRO,14,73965,2,1883,72082
2021-11-28,SN,Senegal,AFRO,16,73981,2,1885,72096
2021-12-05,SN,Senegal,AFRO,32,74013,1,1886,72127
2021-12-12,SN,Senegal,AFRO,63,74076,0,1886,72190
2021-12-19,SN,Senegal,AFRO,65,74141,0,1886,72255
2021-12-26,SN,Senegal,AFRO,212,74353,4,1890,72463
2022-01-02,SN,Senegal,AFRO,984,75337,0,1890,73447
2022-01-09,SN,Senegal,AFRO,3287,78624,6,1896,76728
2022-01-16,SN,Senegal,AFRO,3647,82271,12,1908,80363
2022-01-23,SN,Senegal,AFRO,1847,84118,15,1923,82195
2022-01-30,SN,Senegal,AFRO,738,84856,18,1941,82915
2022-02-06,SN,Senegal,AFRO,322,85178,14,1955,83223
2022-02-13,SN,Senegal,AFRO,192,85370,1,1956,83414
2022-02-20,SN,Senegal,AFRO,175,85545,2,1958,83587
2022-02-27,SN,Senegal,AFRO,121,85666,2,1960,83706
2022-03-06,SN,Senegal,AFRO,81,85747,1,1961,83786
2022-03-13,SN,Senegal,AFRO,45,85792,3,1964,83828
2022-03-20,SN,Senegal,AFRO,29,85821,0,1964,83857
2022-03-27,SN,Senegal,AFRO,39,85860,0,1964,83896
2022-04-03,SN,Senegal,AFRO,51,85911,1,1965,83946
2022-04-10,SN,Senegal,AFRO,38,85949,0,1965,83984
2022-04-17,SN,Senegal,AFRO,18,85967,0,1965,84002
2022-04-24,SN,Senegal,AFRO,17,85984,1,1966,84018
2022-05-01,SN,Senegal,AFRO,13,85997,0,1966,84031
2022-05-08,SN,Senegal,AFRO,15,86012,0,1966,84046
2022-05-15,SN,Senegal,AFRO,23,86035,0,1966,84069
2022-05-22,SN,Senegal,AFRO,32,86067,0,1966,84101
2022-05-29,SN,Senegal,AFRO,34,86101,0,1966,84135
2022-06-05,SN,Senegal,AFRO,32,86133,0,1966,84167
2022-06-12,SN,Senegal,AFRO,17,86150,1,1967,84183
2022-06-19,SN,Senegal,AFRO,51,86201,1,1968,84233
2022-06-26,SN,Senegal,AFRO,74,86275,0,1968,84307
2022-07-03,SN,Senegal,AFRO,73,86348,0,1968,84380
2022-07-10,SN,Senegal,AFRO,133,86481,0,1968,84513
2022-07-17,SN,Senegal,AFRO,263,86744,0,1968,84776
2022-07-24,SN,Senegal,AFRO,293,87037,0,1968,85069
2022-07-31,SN,Senegal,AFRO,305,87342,0,1968,85374
2022-08-07,SN,Senegal,AFRO,208,87550,0,1968,85582
2022-08-14,SN,Senegal,AFRO,202,87752,0,1968,85784
2022-08-21,SN,Senegal,AFRO,192,87944,0,1968,85976
2022-08-28,SN,Senegal,AFRO,108,88052,0,1968,86084
2022-09-04,SN,Senegal,AFRO,80,88132,0,1968,86164
2022-09-11,SN,Senegal,AFRO,67,88199,0,1968,86231
2022-09-18,SN,Senegal,AFRO,80,88279,0,1968,86311
2022-09-25,SN,Senegal,AFRO,70,88349,0,1968,86381
2022-10-02,SN,Senegal,AFRO,70,88419,0,1968,86451
2022-10-09,SN,Senegal,AFRO,100,88519,0,1968,86551
2022-10-16,SN,Senegal,AFRO,92,88611,0,1968,86643
2022-10-23,SN,Senegal,AFRO,91,88702,0,1968,86734
2022-10-30,SN,Senegal,AFRO,77,88779,0,1968,86811
2022-11-06,SN,Senegal,AFRO,40,88819,0,1968,86851
2022-11-13,SN,Senegal,AFRO,19,88838,0,1968,86870
2022-11-20,SN,Senegal,AFRO,15,88853,0,1968,86885
2022-11-27,SN,Senegal,AFRO,16,88869,0,1968,86901
2022-12-04,SN,Senegal,AFRO,13,88882,0,1968,86914
2022-12-11,SN,Senegal,AFRO,6,88888,0,1968,86920
2022-12-18,SN,Senegal,AFRO,7,88895,0,1968,86927
2022-12-25,SN,Senegal,AFRO,5,88900,0,1968,86932
2023-01-01,SN,Senegal,AFRO,0,88900,0,1968,86932
2023-01-08,SN,Senegal,AFRO,0,88900,3,1971,86929
2023-01-15,SN,Senegal,AFRO,2,88902,0,1971,86931
2023-01-22,SN,Senegal,AFRO,0,88902,0,1971,86931
2023-01-29,SN,Senegal,AFRO,3,88905,0,1971,86934
2023-02-05,SN,Senegal,AFRO,1,88906,0,1971,86935
2023-02-12,SN,Senegal,AFRO,1,88907,0,1971,86936
2023-02-19,SN,Senegal,AFRO,3,88910,0,1971,86939
2023-02-26,SN,Senegal,AFRO,7,88917,0,1971,86946
2023-03-05,SN,Senegal,AFRO,9,88926,0,1971,86955
2023-03-12,SN,Senegal,AFRO,7,88933,0,1971,86962
2023-03-19,SN,Senegal,AFRO,12,88945,0,1971,86974
2023-03-26,SN,Senegal,AFRO,6,88951,0,1971,86980
2023-04-02,SN,Senegal,AFRO,22,88973,0,1971,87002
2023-04-09,SN,Senegal,AFRO,5,88978,0,1971,87007
2023-04-16,SN,Senegal,AFRO,11,88989,0,1971,87018
2023-04-23,SN,Senegal,AFRO,4,88993,0,1971,87022
2023-04-30,SN,Senegal,AFRO,4,88997,0,1971,87026
2023-05-07,SN,Senegal,AFRO,0,88997,0,1971,87026
2023-05-14,SN,Senegal,AFRO,1,88998,0,1971,87027
2023-05-21,SN,Senegal,AFRO,1,88999,0,1971,87028
2023-05-28,SN,Senegal,AFRO,0,88999,0,1971,87028
2023-06-04,SN,Senegal,AFRO,0,88999,0,1971,87028
2023-06-11,SN,Senegal,AFRO,0,88999,0,1971,87028
2023-06-18,SN,Senegal,AFRO,0,88999,0,1971,87028
2023-06-25,SN,Senegal,AFRO,4,89003,0,1971,87032
2023-07-02,SN,Senegal,AFRO,2,89005,0,1971,87034
2023-07-09,SN,Senegal,AFRO,2,89007,0,1971,87036
2023-07-16,SN,Senegal,AFRO,0,89007,0,1971,87036
2023-07-23,SN,Senegal,AFRO,1,89008,0,1971,87037
2023-07-30,SN,Senegal,AFRO,3,89011,0,1971,87040
2023-08-06,SN,Senegal,AFRO,3,89014,0,1971,87043
2023-08-13,SN,Senegal,AFRO,0,89014,0,1971,87043
2023-08-20,SN,Senegal,AFRO,6,89020,0,1971,87049
2023-08-27,SN,Senegal,AFRO,0,89020,0,1971,87049
2023-09-03,SN,Senegal,AFRO,1,89021,0,1971,87050
2023-09-10,SN,Senegal,AFRO,1,89022,0,1971,87051
2023-09-17,SN,Senegal,AFRO,0,89022,0,1971,87051
2023-09-24,SN,Senegal,AFRO,0,89022,0,1971,87051
2023-10-01,SN,Senegal,AFRO,0,89022,0,1971,87051
2023-10-08,SN,Senegal,AFRO,2,89024,0,1971,87053
2023-10-15,SN,Senegal,AFRO,2,89026,0,1971,87055
2023-10-22,SN,Senegal,AFRO,1,89027,0,1971,87056
2023-10-29,SN,Senegal,AFRO,0,89027,0,1971,87056
2023-11-05,SN,Senegal,AFRO,0,89027,0,1971,87056
2023-11-12,SN,Senegal,AFRO,0,89027,0,1971,87056
2023-11-19,SN,Senegal,AFRO,2,89029,0,1971,87058
2023-11-26,SN,Senegal,AFRO,1,89030,0,1971,87059
2023-12-03,SN,Senegal,AFRO,3,89033,0,1971,87062
2023-12-10,SN,Senegal,AFRO,0,89033,0,1971,87062
2023-12-17,SN,Senegal,AFRO,17,89050,0,1971,87079
2023-12-24,SN,Senegal,AFRO,0,89050,0,1971,87079
2023-12-31,SN,Senegal,AFRO,0,89050,0,1971,87079
2024-01-07,SN,Senegal,AFRO,0,89050,0,1971,87079
2024-01-14,SN,Senegal,AFRO,0,89050,0,1971,87079
2024-01-21,SN,Senegal,AFRO,0,89050,0,1971,87079
2024-01-28,SN,Senegal,AFRO,0,89050,0,1971,87079
2024-02-04,SN,Senegal,AFRO,0,89050,0,1971,87079
2024-02-11,SN,Senegal,AFRO,3,89053,0,1971,87082
2024-02-18,SN,Senegal,AFRO,0,89053,0,1971,87082
2024-02-25,SN,Senegal,AFRO,1,89054,0,1971,87083
2024-03-03,SN,Senegal,AFRO,1,89055,0,1971,87084
2024-03-10,SN,Senegal,AFRO,1,89056,0,1971,87085
2024-03-17,SN,Senegal,AFRO,1,89057,0,1971,87086
2024-03-24,SN,Senegal,AFRO,1,89058,0,1971,87087
2024-03-31,SN,Senegal,AFRO,9,89067,0,1971,87096
2024-04-07,SN,Senegal,AFRO,0,89067,0,1971,87096
2024-04-14,SN,Senegal,AFRO,9,89076,0,1971,87105
2024-04-21,SN,Senegal,AFRO,0,89076,0,1971,87105
2024-04-28,SN,Senegal,AFRO,0,89076,0,1971,87105
2024-05-05,SN,Senegal,AFRO,1,89077,0,1971,87106
2024-05-12,SN,Senegal,AFRO,1,89078,0,1971,87107
2024-05-19,SN,Senegal,AFRO,0,89078,0,1971,87107
2024-05-26,SN,Senegal,AFRO,10,89088,0,1971,87117
2024-06-02,SN,Senegal,AFRO,4,89092,0,1971,87121
2024-06-09,SN,Senegal,AFRO,9,89101,0,1971,87130
2024-06-16,SN,Senegal,AFRO,5,89106,0,1971,87135
2024-06-23,SN,Senegal,AFRO,14,89120,0,1971,87149
2024-06-30,SN,Senegal,AFRO,31,89151,0,1971,87180
2024-07-07,SN,Senegal,AFRO,29,89180,0,1971,87209
2024-07-14,SN,Senegal,AFRO,13,89193,0,1971,87222
2024-07-21,SN,Senegal,AFRO,15,89208,0,1971,87237
2024-07-28,SN,Senegal,AFRO,18,89226,0,1971,87255
2024-08-04,SN,Senegal,AFRO,32,89258,0,1971,87287
2024-08-11,SN,Senegal,AFRO,12,89270,1,1972,87298
2024-08-18,SN,Senegal,AFRO,14,89284,0,1972,87312
2024-08-25,SN,Senegal,AFRO,8,89292,0,1972,87320
2024-09-01,SN,Senegal,AFRO,10,89302,0,1972,87330
2024-09-08,SN,Senegal,AFRO,2,89304,0,1972,87332
2024-09-15,SN,Senegal,AFRO,6,89310,0,1972,87338
2024-09-22,SN,Senegal,AFRO,1,89311,0,1972,87339
2024-09-29,SN,Senegal,AFRO,0,89311,0,1972,87339
2024-10-06,SN,Senegal,AFRO,0,89311,0,1972,87339
2024-10-13,SN,Senegal,AFRO,0,89311,0,1972,87339
2024-10-20,SN,Senegal,AFRO,1,89312,0,1972,87340
2024-10-27,SN,Senegal,AFRO,3,89315,0,1972,87343
2024-11-03,SN,Senegal,AFRO,0,89315,0,1972,87343
2024-11-10,SN,Senegal,AFRO,0,89315,0,1972,87343
2024-11-17,SN,Senegal,AFRO,0,89315,0,1972,87343
2020-01-05,RS,Serbia,EURO,0,0,0,0,0
2020-01-12,RS,Serbia,EURO,0,0,0,0,0
2020-01-19,RS,Serbia,EURO,0,0,0,0,0
2020-01-26,RS,Serbia,EURO,0,0,0,0,0
2020-02-02,RS,Serbia,EURO,0,0,0,0,0
2020-02-09,RS,Serbia,EURO,0,0,0,0,0
2020-02-16,RS,Serbia,EURO,0,0,0,0,0
2020-02-23,RS,Serbia,EURO,0,0,0,0,0
2020-03-01,RS,Serbia,EURO,0,0,0,0,0
2020-03-08,RS,Serbia,EURO,1,1,0,0,1
2020-03-15,RS,Serbia,EURO,45,46,0,0,46
2020-03-22,RS,Serbia,EURO,125,171,1,1,170
2020-03-29,RS,Serbia,EURO,488,659,9,10,649
2020-04-05,RS,Serbia,EURO,965,1624,34,44,1580
2020-04-12,RS,Serbia,EURO,1756,3380,30,74,3306
2020-04-19,RS,Serbia,EURO,2614,5994,43,117,5877
2020-04-26,RS,Serbia,EURO,1785,7779,34,151,7628
2020-05-03,RS,Serbia,EURO,1583,9362,38,189,9173
2020-05-10,RS,Serbia,EURO,670,10032,24,213,9819
2020-05-17,RS,Serbia,EURO,464,10496,15,228,10268
2020-05-24,RS,Serbia,EURO,596,11092,10,238,10854
2020-05-31,RS,Serbia,EURO,289,11381,4,242,11139
2020-06-07,RS,Serbia,EURO,360,11741,6,248,11493
2020-06-14,RS,Serbia,EURO,510,12251,5,253,11998
2020-06-21,RS,Serbia,EURO,552,12803,7,260,12543
2020-06-28,RS,Serbia,EURO,989,13792,7,267,13525
2020-07-05,RS,Serbia,EURO,2037,15829,39,306,15523
2020-07-12,RS,Serbia,EURO,2244,18073,76,382,17691
2020-07-19,RS,Serbia,EURO,2425,20498,79,461,20037
2020-07-26,RS,Serbia,EURO,2765,23263,65,526,22737
2020-08-02,RS,Serbia,EURO,2619,25882,56,582,25300
2020-08-09,RS,Serbia,EURO,1981,27863,50,632,27231
2020-08-16,RS,Serbia,EURO,1608,29471,38,670,28801
2020-08-23,RS,Serbia,EURO,1077,30548,25,695,29853
2020-08-30,RS,Serbia,EURO,734,31282,15,710,30572
2020-09-06,RS,Serbia,EURO,567,31849,13,723,31126
2020-09-13,RS,Serbia,EURO,451,32300,8,731,31569
2020-09-20,RS,Serbia,EURO,540,32840,9,740,32100
2020-09-27,RS,Serbia,EURO,472,33312,6,746,32566
2020-10-04,RS,Serbia,EURO,530,33842,7,753,33089
2020-10-11,RS,Serbia,EURO,843,34685,9,762,33923
2020-10-18,RS,Serbia,EURO,1261,35946,12,774,35172
2020-10-25,RS,Serbia,EURO,2926,38872,15,789,38083
2020-11-01,RS,Serbia,EURO,8082,46954,31,820,46134
2020-11-08,RS,Serbia,EURO,13681,60635,60,880,59755
2020-11-15,RS,Serbia,EURO,20451,81086,109,989,80097
2020-11-22,RS,Serbia,EURO,35039,116125,179,1168,114957
2020-11-29,RS,Serbia,EURO,46910,163035,316,1484,161551
2020-12-06,RS,Serbia,EURO,50808,213843,407,1891,211952
2020-12-13,RS,Serbia,EURO,47594,261437,384,2275,259162
2020-12-20,RS,Serbia,EURO,35091,296528,357,2632,293896
2020-12-27,RS,Serbia,EURO,26839,323367,351,2983,320384
2021-01-03,RS,Serbia,EURO,18537,341904,305,3288,338616
2021-01-10,RS,Serbia,EURO,15990,357894,260,3548,354346
2021-01-17,RS,Serbia,EURO,13322,371216,182,3730,367486
2021-01-24,RS,Serbia,EURO,11069,382285,138,3868,378417
2021-01-31,RS,Serbia,EURO,11612,393897,132,4000,389897
2021-02-07,RS,Serbia,EURO,12455,406352,112,4112,402240
2021-02-14,RS,Serbia,EURO,13141,419493,102,4214,415279
2021-02-21,RS,Serbia,EURO,14629,434122,107,4321,429801
2021-02-28,RS,Serbia,EURO,22328,456450,108,4429,452021
2021-03-07,RS,Serbia,EURO,25947,482397,113,4542,477855
2021-03-14,RS,Serbia,EURO,29654,512051,152,4694,507357
2021-03-21,RS,Serbia,EURO,34845,546896,206,4900,541996
2021-03-28,RS,Serbia,EURO,34721,581617,251,5151,576466
2021-04-04,RS,Serbia,EURO,32748,614365,271,5422,608943
2021-04-11,RS,Serbia,EURO,25111,639476,278,5700,633776
2021-04-18,RS,Serbia,EURO,20823,660299,254,5954,654345
2021-04-25,RS,Serbia,EURO,17673,677972,242,6196,671776
2021-05-02,RS,Serbia,EURO,12959,690931,190,6386,684545
2021-05-09,RS,Serbia,EURO,8643,699574,153,6539,693035
2021-05-16,RS,Serbia,EURO,6316,705890,125,6664,699226
2021-05-23,RS,Serbia,EURO,3783,709673,102,6766,702907
2021-05-30,RS,Serbia,EURO,2373,712046,78,6844,705202
2021-06-06,RS,Serbia,EURO,1516,713562,65,6909,706653
2021-06-13,RS,Serbia,EURO,1191,714753,49,6958,707795
2021-06-20,RS,Serbia,EURO,940,715693,39,6997,708696
2021-06-27,RS,Serbia,EURO,545,716238,32,7029,709209
2021-07-04,RS,Serbia,EURO,558,716796,26,7055,709741
2021-07-11,RS,Serbia,EURO,684,717480,15,7070,710410
2021-07-18,RS,Serbia,EURO,985,718465,10,7080,711385
2021-07-25,RS,Serbia,EURO,1448,719913,23,7103,712810
2021-08-01,RS,Serbia,EURO,2005,721918,11,7114,714804
2021-08-08,RS,Serbia,EURO,3327,725245,21,7135,718110
2021-08-15,RS,Serbia,EURO,5982,731227,28,7163,724064
2021-08-22,RS,Serbia,EURO,9844,741071,43,7206,733865
2021-08-29,RS,Serbia,EURO,14824,755895,51,7257,748638
2021-09-05,RS,Serbia,EURO,21028,776923,101,7358,769565
2021-09-12,RS,Serbia,EURO,34986,811909,162,7520,804389
2021-09-19,RS,Serbia,EURO,48522,860431,213,7733,852698
2021-09-26,RS,Serbia,EURO,45246,905677,275,8008,897669
2021-10-03,RS,Serbia,EURO,49995,955672,323,8331,947341
2021-10-10,RS,Serbia,EURO,44693,1000365,352,8683,991682
2021-10-17,RS,Serbia,EURO,43393,1043758,369,9052,1034706
2021-10-24,RS,Serbia,EURO,48718,1092476,396,9448,1083028
2021-10-31,RS,Serbia,EURO,45344,1137820,442,9890,1127930
2021-11-07,RS,Serbia,EURO,41317,1179137,446,10336,1168801
2021-11-14,RS,Serbia,EURO,29249,1208386,445,10781,1197605
2021-11-21,RS,Serbia,EURO,22590,1230976,385,11166,1219810
2021-11-28,RS,Serbia,EURO,17743,1248719,371,11537,1237182
2021-12-05,RS,Serbia,EURO,13700,1262419,339,11876,1250543
2021-12-12,RS,Serbia,EURO,10684,1273103,272,12148,1260955
2021-12-19,RS,Serbia,EURO,8556,1281659,216,12364,1269295
2021-12-26,RS,Serbia,EURO,7834,1289493,204,12568,1276925
2022-01-02,RS,Serbia,EURO,11456,1300949,171,12739,1288210
2022-01-09,RS,Serbia,EURO,41697,1342646,151,12890,1329756
2022-01-16,RS,Serbia,EURO,82501,1425147,155,13045,1412102
2022-01-23,RS,Serbia,EURO,107594,1532741,194,13239,1519502
2022-01-30,RS,Serbia,EURO,116552,1649293,274,13513,1635780
2022-02-06,RS,Serbia,EURO,108448,1757741,415,13928,1743813
2022-02-13,RS,Serbia,EURO,77233,1834974,438,14366,1820608
2022-02-20,RS,Serbia,EURO,44263,1879237,421,14787,1864450
2022-02-27,RS,Serbia,EURO,26905,1906142,368,15155,1890987
2022-03-06,RS,Serbia,EURO,17835,1923977,250,15405,1908572
2022-03-13,RS,Serbia,EURO,15173,1939150,165,15570,1923580
2022-03-20,RS,Serbia,EURO,14747,1953897,106,15676,1938221
2022-03-27,RS,Serbia,EURO,13874,1967771,70,15746,1952025
2022-04-03,RS,Serbia,EURO,11958,1979729,72,15818,1963911
2022-04-10,RS,Serbia,EURO,8987,1988716,59,15877,1972839
2022-04-17,RS,Serbia,EURO,6635,1995351,46,15923,1979428
2022-04-24,RS,Serbia,EURO,5793,2001144,30,15953,1985191
2022-05-01,RS,Serbia,EURO,5209,2006353,38,15991,1990362
2022-05-08,RS,Serbia,EURO,3324,2009677,33,16024,1993653
2022-05-15,RS,Serbia,EURO,2920,2012597,22,16046,1996551
2022-05-22,RS,Serbia,EURO,2303,2014900,17,16063,1998837
2022-05-29,RS,Serbia,EURO,1893,2016793,15,16078,2000715
2022-06-05,RS,Serbia,EURO,1644,2018437,9,16087,2002350
2022-06-12,RS,Serbia,EURO,1736,2020173,12,16099,2004074
2022-06-19,RS,Serbia,EURO,2079,2022252,9,16108,2006144
2022-06-26,RS,Serbia,EURO,3325,2025577,12,16120,2009457
2022-07-03,RS,Serbia,EURO,5594,2031171,9,16129,2015042
2022-07-10,RS,Serbia,EURO,9056,2040227,18,16147,2024080
2022-07-17,RS,Serbia,EURO,14409,2054636,21,16168,2038468
2022-07-24,RS,Serbia,EURO,25753,2080389,38,16206,2064183
2022-07-31,RS,Serbia,EURO,38284,2118673,65,16271,2102402
2022-08-07,RS,Serbia,EURO,41580,2160253,76,16347,2143906
2022-08-14,RS,Serbia,EURO,42786,2203039,91,16438,2186601
2022-08-21,RS,Serbia,EURO,37513,2240552,87,16525,2224027
2022-08-28,RS,Serbia,EURO,28869,2269421,106,16631,2252790
2022-09-04,RS,Serbia,EURO,22749,2292170,87,16718,2275452
2022-09-11,RS,Serbia,EURO,21176,2313346,91,16809,2296537
2022-09-18,RS,Serbia,EURO,19163,2332509,65,16874,2315635
2022-09-25,RS,Serbia,EURO,14997,2347506,66,16940,2330566
2022-10-02,RS,Serbia,EURO,15882,2363388,72,17012,2346376
2022-10-09,RS,Serbia,EURO,13311,2376699,65,17077,2359622
2022-10-16,RS,Serbia,EURO,10983,2387682,51,17128,2370554
2022-10-23,RS,Serbia,EURO,8205,2395887,48,17176,2378711
2022-10-30,RS,Serbia,EURO,6867,2402754,52,17228,2385526
2022-11-06,RS,Serbia,EURO,5376,2408130,47,17275,2390855
2022-11-13,RS,Serbia,EURO,4620,2412750,33,17308,2395442
2022-11-20,RS,Serbia,EURO,4520,2417270,35,17343,2399927
2022-11-27,RS,Serbia,EURO,4004,2421274,22,17365,2403909
2022-12-04,RS,Serbia,EURO,3803,2425077,34,17399,2407678
2022-12-11,RS,Serbia,EURO,4443,2429520,34,17433,2412087
2022-12-18,RS,Serbia,EURO,4757,2434277,32,17465,2416812
2022-12-25,RS,Serbia,EURO,5453,2439730,30,17495,2422235
2023-01-01,RS,Serbia,EURO,6523,2446253,26,17521,2428732
2023-01-08,RS,Serbia,EURO,6240,2452493,39,17560,2434933
2023-01-15,RS,Serbia,EURO,6492,2458985,40,17600,2441385
2023-01-22,RS,Serbia,EURO,5524,2464509,49,17649,2446860
2023-01-29,RS,Serbia,EURO,4563,2469072,39,17688,2451384
2023-02-05,RS,Serbia,EURO,5123,2474195,30,17718,2456477
2023-02-12,RS,Serbia,EURO,5108,2479303,20,17738,2461565
2023-02-19,RS,Serbia,EURO,4966,2484269,28,17766,2466503
2023-02-26,RS,Serbia,EURO,6062,2490331,41,17807,2472524
2023-03-05,RS,Serbia,EURO,5477,2495808,40,17847,2477961
2023-03-12,RS,Serbia,EURO,5846,2501654,41,17888,2483766
2023-03-19,RS,Serbia,EURO,5909,2507563,37,17925,2489638
2023-03-26,RS,Serbia,EURO,6124,2513687,31,17956,2495731
2023-04-02,RS,Serbia,EURO,5265,2518952,14,17970,2500982
2023-04-09,RS,Serbia,EURO,4608,2523560,23,17993,2505567
2023-04-16,RS,Serbia,EURO,4080,2527640,9,18002,2509638
2023-04-23,RS,Serbia,EURO,3818,2531458,10,18012,2513446
2023-04-30,RS,Serbia,EURO,2892,2534350,6,18018,2516332
2023-05-07,RS,Serbia,EURO,2442,2536792,8,18026,2518766
2023-05-14,RS,Serbia,EURO,1752,2538544,10,18036,2520508
2023-05-21,RS,Serbia,EURO,1443,2539987,11,18047,2521940
2023-05-28,RS,Serbia,EURO,1261,2541248,4,18051,2523197
2023-06-04,RS,Serbia,EURO,966,2542214,2,18053,2524161
2023-06-11,RS,Serbia,EURO,617,2542831,4,18057,2524774
2023-06-18,RS,Serbia,EURO,354,2543185,0,18057,2525128
2023-06-25,RS,Serbia,EURO,535,2543720,0,18057,2525663
2023-07-02,RS,Serbia,EURO,281,2544001,0,18057,2525944
2023-07-09,RS,Serbia,EURO,227,2544228,0,18057,2526171
2023-07-16,RS,Serbia,EURO,163,2544391,0,18057,2526334
2023-07-23,RS,Serbia,EURO,147,2544538,0,18057,2526481
2023-07-30,RS,Serbia,EURO,203,2544741,0,18057,2526684
2023-08-06,RS,Serbia,EURO,211,2544952,0,18057,2526895
2023-08-13,RS,Serbia,EURO,0,2544952,0,18057,2526895
2023-08-20,RS,Serbia,EURO,234,2545186,0,18057,2527129
2023-08-27,RS,Serbia,EURO,420,2545606,0,18057,2527549
2023-09-03,RS,Serbia,EURO,590,2546196,0,18057,2528139
2023-09-10,RS,Serbia,EURO,686,2546882,0,18057,2528825
2023-09-17,RS,Serbia,EURO,964,2547846,0,18057,2529789
2023-09-24,RS,Serbia,EURO,1529,2549375,0,18057,2531318
2023-10-01,RS,Serbia,EURO,2803,2552178,0,18057,2534121
2023-10-08,RS,Serbia,EURO,3848,2556026,0,18057,2537969
2023-10-15,RS,Serbia,EURO,3998,2560024,0,18057,2541967
2023-10-22,RS,Serbia,EURO,3970,2563994,0,18057,2545937
2023-10-29,RS,Serbia,EURO,3968,2567962,0,18057,2549905
2023-11-05,RS,Serbia,EURO,4378,2572340,0,18057,2554283
2023-11-12,RS,Serbia,EURO,3862,2576202,0,18057,2558145
2023-11-19,RS,Serbia,EURO,3684,2579886,0,18057,2561829
2023-11-26,RS,Serbia,EURO,3584,2583470,0,18057,2565413
2023-12-03,RS,Serbia,EURO,0,2583470,0,18057,2565413
2023-12-10,RS,Serbia,EURO,0,2583470,0,18057,2565413
2023-12-17,RS,Serbia,EURO,0,2583470,0,18057,2565413
2023-12-24,RS,Serbia,EURO,0,2583470,0,18057,2565413
2023-12-31,RS,Serbia,EURO,0,2583470,0,18057,2565413
2024-01-07,RS,Serbia,EURO,0,2583470,0,18057,2565413
2024-01-14,RS,Serbia,EURO,0,2583470,0,18057,2565413
2024-01-21,RS,Serbia,EURO,0,2583470,0,18057,2565413
2024-01-28,RS,Serbia,EURO,0,2583470,0,18057,2565413
2024-02-04,RS,Serbia,EURO,0,2583470,0,18057,2565413
2024-02-11,RS,Serbia,EURO,0,2583470,0,18057,2565413
2024-02-18,RS,Serbia,EURO,0,2583470,0,18057,2565413
2024-02-25,RS,Serbia,EURO,0,2583470,0,18057,2565413
2024-03-03,RS,Serbia,EURO,0,2583470,0,18057,2565413
2024-03-10,RS,Serbia,EURO,0,2583470,0,18057,2565413
2024-03-17,RS,Serbia,EURO,0,2583470,0,18057,2565413
2024-03-24,RS,Serbia,EURO,0,2583470,0,18057,2565413
2024-03-31,RS,Serbia,EURO,0,2583470,0,18057,2565413
2024-04-07,RS,Serbia,EURO,0,2583470,0,18057,2565413
2024-04-14,RS,Serbia,EURO,0,2583470,0,18057,2565413
2024-04-21,RS,Serbia,EURO,0,2583470,0,18057,2565413
2024-04-28,RS,Serbia,EURO,0,2583470,0,18057,2565413
2024-05-05,RS,Serbia,EURO,0,2583470,0,18057,2565413
2024-05-12,RS,Serbia,EURO,0,2583470,0,18057,2565413
2024-05-19,RS,Serbia,EURO,0,2583470,0,18057,2565413
2024-05-26,RS,Serbia,EURO,0,2583470,0,18057,2565413
2024-06-02,RS,Serbia,EURO,0,2583470,0,18057,2565413
2024-06-09,RS,Serbia,EURO,0,2583470,0,18057,2565413
2024-06-16,RS,Serbia,EURO,0,2583470,0,18057,2565413
2024-06-23,RS,Serbia,EURO,0,2583470,0,18057,2565413
2024-06-30,RS,Serbia,EURO,0,2583470,0,18057,2565413
2024-07-07,RS,Serbia,EURO,0,2583470,0,18057,2565413
2024-07-14,RS,Serbia,EURO,0,2583470,0,18057,2565413
2024-07-21,RS,Serbia,EURO,0,2583470,0,18057,2565413
2024-07-28,RS,Serbia,EURO,0,2583470,0,18057,2565413
2024-08-04,RS,Serbia,EURO,0,2583470,0,18057,2565413
2024-08-11,RS,Serbia,EURO,0,2583470,0,18057,2565413
2024-08-18,RS,Serbia,EURO,0,2583470,0,18057,2565413
2024-08-25,RS,Serbia,EURO,0,2583470,0,18057,2565413
2024-09-01,RS,Serbia,EURO,0,2583470,0,18057,2565413
2024-09-08,RS,Serbia,EURO,0,2583470,0,18057,2565413
2024-09-15,RS,Serbia,EURO,0,2583470,0,18057,2565413
2024-09-22,RS,Serbia,EURO,0,2583470,0,18057,2565413
2024-09-29,RS,Serbia,EURO,0,2583470,0,18057,2565413
2024-10-06,RS,Serbia,EURO,0,2583470,0,18057,2565413
2024-10-13,RS,Serbia,EURO,0,2583470,0,18057,2565413
2024-10-20,RS,Serbia,EURO,0,2583470,0,18057,2565413
2024-10-27,RS,Serbia,EURO,0,2583470,0,18057,2565413
2024-11-03,RS,Serbia,EURO,0,2583470,0,18057,2565413
2024-11-10,RS,Serbia,EURO,0,2583470,0,18057,2565413
2024-11-17,RS,Serbia,EURO,0,2583470,0,18057,2565413
2020-01-05,SC,Seychelles,AFRO,0,0,0,0,0
2020-01-12,SC,Seychelles,AFRO,0,0,0,0,0
2020-01-19,SC,Seychelles,AFRO,0,0,0,0,0
2020-01-26,SC,Seychelles,AFRO,0,0,0,0,0
2020-02-02,SC,Seychelles,AFRO,0,0,0,0,0
2020-02-09,SC,Seychelles,AFRO,0,0,0,0,0
2020-02-16,SC,Seychelles,AFRO,0,0,0,0,0
2020-02-23,SC,Seychelles,AFRO,0,0,0,0,0
2020-03-01,SC,Seychelles,AFRO,0,0,0,0,0
2020-03-08,SC,Seychelles,AFRO,0,0,0,0,0
2020-03-15,SC,Seychelles,AFRO,2,2,0,0,2
2020-03-22,SC,Seychelles,AFRO,5,7,0,0,7
2020-03-29,SC,Seychelles,AFRO,1,8,0,0,8
2020-04-05,SC,Seychelles,AFRO,2,10,0,0,10
2020-04-12,SC,Seychelles,AFRO,1,11,0,0,11
2020-04-19,SC,Seychelles,AFRO,0,11,0,0,11
2020-04-26,SC,Seychelles,AFRO,0,11,0,0,11
2020-05-03,SC,Seychelles,AFRO,0,11,0,0,11
2020-05-10,SC,Seychelles,AFRO,0,11,0,0,11
2020-05-17,SC,Seychelles,AFRO,0,11,0,0,11
2020-05-24,SC,Seychelles,AFRO,0,11,0,0,11
2020-05-31,SC,Seychelles,AFRO,0,11,0,0,11
2020-06-07,SC,Seychelles,AFRO,0,11,0,0,11
2020-06-14,SC,Seychelles,AFRO,0,11,0,0,11
2020-06-21,SC,Seychelles,AFRO,0,11,0,0,11
2020-06-28,SC,Seychelles,AFRO,70,81,0,0,81
2020-07-05,SC,Seychelles,AFRO,0,81,0,0,81
2020-07-12,SC,Seychelles,AFRO,25,106,0,0,106
2020-07-19,SC,Seychelles,AFRO,8,114,0,0,114
2020-07-26,SC,Seychelles,AFRO,1,115,0,0,115
2020-08-02,SC,Seychelles,AFRO,11,126,0,0,126
2020-08-09,SC,Seychelles,AFRO,0,126,0,0,126
2020-08-16,SC,Seychelles,AFRO,9,135,0,0,135
2020-08-23,SC,Seychelles,AFRO,0,135,0,0,135
2020-08-30,SC,Seychelles,AFRO,0,135,0,0,135
2020-09-06,SC,Seychelles,AFRO,1,136,0,0,136
2020-09-13,SC,Seychelles,AFRO,3,139,0,0,139
2020-09-20,SC,Seychelles,AFRO,0,139,0,0,139
2020-09-27,SC,Seychelles,AFRO,2,141,0,0,141
2020-10-04,SC,Seychelles,AFRO,6,147,0,0,147
2020-10-11,SC,Seychelles,AFRO,1,148,0,0,148
2020-10-18,SC,Seychelles,AFRO,1,149,0,0,149
2020-10-25,SC,Seychelles,AFRO,5,154,0,0,154
2020-11-01,SC,Seychelles,AFRO,0,154,0,0,154
2020-11-08,SC,Seychelles,AFRO,4,158,0,0,158
2020-11-15,SC,Seychelles,AFRO,3,161,0,0,161
2020-11-22,SC,Seychelles,AFRO,4,165,0,0,165
2020-11-29,SC,Seychelles,AFRO,7,172,0,0,172
2020-12-06,SC,Seychelles,AFRO,10,182,0,0,182
2020-12-13,SC,Seychelles,AFRO,3,185,0,0,185
2020-12-20,SC,Seychelles,AFRO,17,202,0,0,202
2020-12-27,SC,Seychelles,AFRO,9,211,0,0,211
2021-01-03,SC,Seychelles,AFRO,73,284,0,0,284
2021-01-10,SC,Seychelles,AFRO,218,502,1,1,501
2021-01-17,SC,Seychelles,AFRO,186,688,0,1,687
2021-01-24,SC,Seychelles,AFRO,345,1033,2,3,1030
2021-01-31,SC,Seychelles,AFRO,191,1224,0,3,1221
2021-02-07,SC,Seychelles,AFRO,280,1504,3,6,1498
2021-02-14,SC,Seychelles,AFRO,388,1892,2,8,1884
2021-02-21,SC,Seychelles,AFRO,436,2328,2,10,2318
2021-02-28,SC,Seychelles,AFRO,290,2618,1,11,2607
2021-03-07,SC,Seychelles,AFRO,332,2950,4,15,2935
2021-03-14,SC,Seychelles,AFRO,223,3173,1,16,3157
2021-03-21,SC,Seychelles,AFRO,443,3616,2,18,3598
2021-03-28,SC,Seychelles,AFRO,438,4054,0,18,4036
2021-04-04,SC,Seychelles,AFRO,240,4294,4,22,4272
2021-04-11,SC,Seychelles,AFRO,196,4490,2,24,4466
2021-04-18,SC,Seychelles,AFRO,344,4834,1,25,4809
2021-04-25,SC,Seychelles,AFRO,182,5016,0,25,4991
2021-05-02,SC,Seychelles,AFRO,1053,6069,3,28,6041
2021-05-09,SC,Seychelles,AFRO,2103,8172,0,28,8144
2021-05-16,SC,Seychelles,AFRO,1371,9543,7,35,9508
2021-05-23,SC,Seychelles,AFRO,1126,10669,3,38,10631
2021-05-30,SC,Seychelles,AFRO,746,11415,2,40,11375
2021-06-06,SC,Seychelles,AFRO,823,12238,2,42,12196
2021-06-13,SC,Seychelles,AFRO,1176,13414,1,43,13371
2021-06-20,SC,Seychelles,AFRO,1000,14414,9,52,14362
2021-06-27,SC,Seychelles,AFRO,1013,15427,3,55,15372
2021-07-04,SC,Seychelles,AFRO,722,16149,2,57,16092
2021-07-11,SC,Seychelles,AFRO,750,16899,11,68,16831
2021-07-18,SC,Seychelles,AFRO,536,17435,7,75,17360
2021-07-25,SC,Seychelles,AFRO,621,18056,11,86,17970
2021-08-01,SC,Seychelles,AFRO,306,18362,5,91,18271
2021-08-08,SC,Seychelles,AFRO,383,18745,0,91,18654
2021-08-15,SC,Seychelles,AFRO,404,19149,7,98,19051
2021-08-22,SC,Seychelles,AFRO,437,19586,0,98,19488
2021-08-29,SC,Seychelles,AFRO,406,19992,4,102,19890
2021-09-05,SC,Seychelles,AFRO,348,20340,1,103,20237
2021-09-12,SC,Seychelles,AFRO,425,20765,3,106,20659
2021-09-19,SC,Seychelles,AFRO,370,21135,4,110,21025
2021-09-26,SC,Seychelles,AFRO,269,21404,0,110,21294
2021-10-03,SC,Seychelles,AFRO,172,21576,2,112,21464
2021-10-10,SC,Seychelles,AFRO,221,21797,0,112,21685
2021-10-17,SC,Seychelles,AFRO,163,21960,2,114,21846
2021-10-24,SC,Seychelles,AFRO,188,22148,0,114,22034
2021-10-31,SC,Seychelles,AFRO,130,22278,0,114,22164
2021-11-07,SC,Seychelles,AFRO,161,22439,0,114,22325
2021-11-14,SC,Seychelles,AFRO,234,22673,0,114,22559
2021-11-21,SC,Seychelles,AFRO,301,22974,8,122,22852
2021-11-28,SC,Seychelles,AFRO,375,23349,0,122,23227
2021-12-05,SC,Seychelles,AFRO,302,23651,0,122,23529
2021-12-12,SC,Seychelles,AFRO,217,23868,4,126,23742
2021-12-19,SC,Seychelles,AFRO,231,24099,0,126,23973
2021-12-26,SC,Seychelles,AFRO,282,24381,0,126,24255
2022-01-02,SC,Seychelles,AFRO,782,25163,0,126,25037
2022-01-09,SC,Seychelles,AFRO,3095,28258,0,126,28132
2022-01-16,SC,Seychelles,AFRO,3936,32194,0,126,32068
2022-01-23,SC,Seychelles,AFRO,2984,35178,10,136,35042
2022-01-30,SC,Seychelles,AFRO,1845,37023,6,142,36881
2022-02-06,SC,Seychelles,AFRO,1003,38026,5,147,37879
2022-02-13,SC,Seychelles,AFRO,633,38659,3,150,38509
2022-02-20,SC,Seychelles,AFRO,431,39090,1,151,38939
2022-02-27,SC,Seychelles,AFRO,252,39342,12,163,39179
2022-03-06,SC,Seychelles,AFRO,174,39516,0,163,39353
2022-03-13,SC,Seychelles,AFRO,151,39667,0,163,39504
2022-03-20,SC,Seychelles,AFRO,216,39883,0,163,39720
2022-03-27,SC,Seychelles,AFRO,240,40123,0,163,39960
2022-04-03,SC,Seychelles,AFRO,514,40637,0,163,40474
2022-04-10,SC,Seychelles,AFRO,694,41331,0,163,41168
2022-04-17,SC,Seychelles,AFRO,520,41851,0,163,41688
2022-04-24,SC,Seychelles,AFRO,425,42276,0,163,42113
2022-05-01,SC,Seychelles,AFRO,357,42633,3,166,42467
2022-05-08,SC,Seychelles,AFRO,447,43080,0,166,42914
2022-05-15,SC,Seychelles,AFRO,393,43473,1,167,43306
2022-05-22,SC,Seychelles,AFRO,324,43797,0,167,43630
2022-05-29,SC,Seychelles,AFRO,208,44005,0,167,43838
2022-06-05,SC,Seychelles,AFRO,187,44192,0,167,44025
2022-06-12,SC,Seychelles,AFRO,205,44397,0,167,44230
2022-06-19,SC,Seychelles,AFRO,88,44485,0,167,44318
2022-06-26,SC,Seychelles,AFRO,184,44669,0,167,44502
2022-07-03,SC,Seychelles,AFRO,249,44918,0,167,44751
2022-07-10,SC,Seychelles,AFRO,171,45089,0,167,44922
2022-07-17,SC,Seychelles,AFRO,173,45262,1,168,45094
2022-07-24,SC,Seychelles,AFRO,7,45269,0,168,45101
2022-07-31,SC,Seychelles,AFRO,160,45429,0,168,45261
2022-08-07,SC,Seychelles,AFRO,111,45540,0,168,45372
2022-08-14,SC,Seychelles,AFRO,152,45692,0,168,45524
2022-08-21,SC,Seychelles,AFRO,160,45852,0,168,45684
2022-08-28,SC,Seychelles,AFRO,0,45852,0,168,45684
2022-09-04,SC,Seychelles,AFRO,229,46081,1,169,45912
2022-09-11,SC,Seychelles,AFRO,94,46175,0,169,46006
2022-09-18,SC,Seychelles,AFRO,183,46358,0,169,46189
2022-09-25,SC,Seychelles,AFRO,0,46358,0,169,46189
2022-10-02,SC,Seychelles,AFRO,783,47141,0,169,46972
2022-10-09,SC,Seychelles,AFRO,0,47141,0,169,46972
2022-10-16,SC,Seychelles,AFRO,1042,48183,1,170,48013
2022-10-23,SC,Seychelles,AFRO,852,49035,1,171,48864
2022-10-30,SC,Seychelles,AFRO,345,49380,0,171,49209
2022-11-06,SC,Seychelles,AFRO,266,49646,0,171,49475
2022-11-13,SC,Seychelles,AFRO,216,49862,0,171,49691
2022-11-20,SC,Seychelles,AFRO,206,50068,0,171,49897
2022-11-27,SC,Seychelles,AFRO,0,50068,0,171,49897
2022-12-04,SC,Seychelles,AFRO,287,50355,1,172,50183
2022-12-11,SC,Seychelles,AFRO,0,50355,0,172,50183
2022-12-18,SC,Seychelles,AFRO,0,50355,0,172,50183
2022-12-25,SC,Seychelles,AFRO,0,50355,0,172,50183
2023-01-01,SC,Seychelles,AFRO,310,50665,0,172,50493
2023-01-08,SC,Seychelles,AFRO,0,50665,0,172,50493
2023-01-15,SC,Seychelles,AFRO,0,50665,0,172,50493
2023-01-22,SC,Seychelles,AFRO,0,50665,0,172,50493
2023-01-29,SC,Seychelles,AFRO,0,50665,0,172,50493
2023-02-05,SC,Seychelles,AFRO,0,50665,0,172,50493
2023-02-12,SC,Seychelles,AFRO,0,50665,0,172,50493
2023-02-19,SC,Seychelles,AFRO,0,50665,0,172,50493
2023-02-26,SC,Seychelles,AFRO,0,50665,0,172,50493
2023-03-05,SC,Seychelles,AFRO,272,50937,0,172,50765
2023-03-12,SC,Seychelles,AFRO,0,50937,0,172,50765
2023-03-19,SC,Seychelles,AFRO,0,50937,0,172,50765
2023-03-26,SC,Seychelles,AFRO,0,50937,0,172,50765
2023-04-02,SC,Seychelles,AFRO,0,50937,0,172,50765
2023-04-09,SC,Seychelles,AFRO,0,50937,0,172,50765
2023-04-16,SC,Seychelles,AFRO,0,50937,0,172,50765
2023-04-23,SC,Seychelles,AFRO,0,50937,0,172,50765
2023-04-30,SC,Seychelles,AFRO,0,50937,0,172,50765
2023-05-07,SC,Seychelles,AFRO,0,50937,0,172,50765
2023-05-14,SC,Seychelles,AFRO,0,50937,0,172,50765
2023-05-21,SC,Seychelles,AFRO,0,50937,0,172,50765
2023-05-28,SC,Seychelles,AFRO,0,50937,0,172,50765
2023-06-04,SC,Seychelles,AFRO,0,50937,0,172,50765
2023-06-11,SC,Seychelles,AFRO,0,50937,0,172,50765
2023-06-18,SC,Seychelles,AFRO,0,50937,0,172,50765
2023-06-25,SC,Seychelles,AFRO,0,50937,0,172,50765
2023-07-02,SC,Seychelles,AFRO,0,50937,0,172,50765
2023-07-09,SC,Seychelles,AFRO,0,50937,0,172,50765
2023-07-16,SC,Seychelles,AFRO,0,50937,0,172,50765
2023-07-23,SC,Seychelles,AFRO,0,50937,0,172,50765
2023-07-30,SC,Seychelles,AFRO,0,50937,0,172,50765
2023-08-06,SC,Seychelles,AFRO,0,50937,0,172,50765
2023-08-13,SC,Seychelles,AFRO,0,50937,0,172,50765
2023-08-20,SC,Seychelles,AFRO,0,50937,0,172,50765
2023-08-27,SC,Seychelles,AFRO,0,50937,0,172,50765
2023-09-03,SC,Seychelles,AFRO,0,50937,0,172,50765
2023-09-10,SC,Seychelles,AFRO,0,50937,0,172,50765
2023-09-17,SC,Seychelles,AFRO,0,50937,0,172,50765
2023-09-24,SC,Seychelles,AFRO,0,50937,0,172,50765
2023-10-01,SC,Seychelles,AFRO,0,50937,0,172,50765
2023-10-08,SC,Seychelles,AFRO,17,50954,0,172,50782
2023-10-15,SC,Seychelles,AFRO,11,50965,0,172,50793
2023-10-22,SC,Seychelles,AFRO,0,50965,0,172,50793
2023-10-29,SC,Seychelles,AFRO,12,50977,0,172,50805
2023-11-05,SC,Seychelles,AFRO,24,51001,0,172,50829
2023-11-12,SC,Seychelles,AFRO,44,51045,0,172,50873
2023-11-19,SC,Seychelles,AFRO,41,51086,0,172,50914
2023-11-26,SC,Seychelles,AFRO,53,51139,0,172,50967
2023-12-03,SC,Seychelles,AFRO,81,51220,0,172,51048
2023-12-10,SC,Seychelles,AFRO,0,51220,0,172,51048
2023-12-17,SC,Seychelles,AFRO,0,51220,0,172,51048
2023-12-24,SC,Seychelles,AFRO,0,51220,0,172,51048
2023-12-31,SC,Seychelles,AFRO,0,51220,0,172,51048
2024-01-07,SC,Seychelles,AFRO,126,51346,0,172,51174
2024-01-14,SC,Seychelles,AFRO,104,51450,0,172,51278
2024-01-21,SC,Seychelles,AFRO,77,51527,0,172,51355
2024-01-28,SC,Seychelles,AFRO,52,51579,0,172,51407
2024-02-04,SC,Seychelles,AFRO,30,51609,0,172,51437
2024-02-11,SC,Seychelles,AFRO,26,51635,0,172,51463
2024-02-18,SC,Seychelles,AFRO,5,51640,0,172,51468
2024-02-25,SC,Seychelles,AFRO,12,51652,0,172,51480
2024-03-03,SC,Seychelles,AFRO,1,51653,0,172,51481
2024-03-10,SC,Seychelles,AFRO,2,51655,0,172,51483
2024-03-17,SC,Seychelles,AFRO,1,51656,0,172,51484
2024-03-24,SC,Seychelles,AFRO,10,51666,0,172,51494
2024-03-31,SC,Seychelles,AFRO,6,51672,0,172,51500
2024-04-07,SC,Seychelles,AFRO,7,51679,0,172,51507
2024-04-14,SC,Seychelles,AFRO,5,51684,0,172,51512
2024-04-21,SC,Seychelles,AFRO,2,51686,0,172,51514
2024-04-28,SC,Seychelles,AFRO,0,51686,0,172,51514
2024-05-05,SC,Seychelles,AFRO,0,51686,0,172,51514
2024-05-12,SC,Seychelles,AFRO,8,51694,0,172,51522
2024-05-19,SC,Seychelles,AFRO,1,51695,0,172,51523
2024-05-26,SC,Seychelles,AFRO,8,51703,0,172,51531
2024-06-02,SC,Seychelles,AFRO,32,51735,0,172,51563
2024-06-09,SC,Seychelles,AFRO,35,51770,0,172,51598
2024-06-16,SC,Seychelles,AFRO,52,51822,0,172,51650
2024-06-23,SC,Seychelles,AFRO,52,51874,0,172,51702
2024-06-30,SC,Seychelles,AFRO,12,51886,0,172,51714
2024-07-07,SC,Seychelles,AFRO,0,51886,0,172,51714
2024-07-14,SC,Seychelles,AFRO,4,51890,0,172,51718
2024-07-21,SC,Seychelles,AFRO,1,51891,0,172,51719
2024-07-28,SC,Seychelles,AFRO,0,51891,0,172,51719
2024-08-04,SC,Seychelles,AFRO,0,51891,0,172,51719
2024-08-11,SC,Seychelles,AFRO,0,51891,0,172,51719
2024-08-18,SC,Seychelles,AFRO,0,51891,0,172,51719
2024-08-25,SC,Seychelles,AFRO,0,51891,0,172,51719
2024-09-01,SC,Seychelles,AFRO,0,51891,0,172,51719
2024-09-08,SC,Seychelles,AFRO,0,51891,0,172,51719
2024-09-15,SC,Seychelles,AFRO,0,51891,0,172,51719
2024-09-22,SC,Seychelles,AFRO,0,51891,0,172,51719
2024-09-29,SC,Seychelles,AFRO,0,51891,0,172,51719
2024-10-06,SC,Seychelles,AFRO,1,51892,0,172,51720
2024-10-13,SC,Seychelles,AFRO,0,51892,0,172,51720
2024-10-20,SC,Seychelles,AFRO,0,51892,0,172,51720
2024-10-27,SC,Seychelles,AFRO,0,51892,0,172,51720
2024-11-03,SC,Seychelles,AFRO,0,51892,0,172,51720
2024-11-10,SC,Seychelles,AFRO,0,51892,0,172,51720
2024-11-17,SC,Seychelles,AFRO,0,51892,0,172,51720
2020-01-05,SL,Sierra Leone,AFRO,0,0,0,0,0
2020-01-12,SL,Sierra Leone,AFRO,0,0,0,0,0
2020-01-19,SL,Sierra Leone,AFRO,0,0,0,0,0
2020-01-26,SL,Sierra Leone,AFRO,0,0,0,0,0
2020-02-02,SL,Sierra Leone,AFRO,0,0,0,0,0
2020-02-09,SL,Sierra Leone,AFRO,0,0,0,0,0
2020-02-16,SL,Sierra Leone,AFRO,0,0,0,0,0
2020-02-23,SL,Sierra Leone,AFRO,0,0,0,0,0
2020-03-01,SL,Sierra Leone,AFRO,0,0,0,0,0
2020-03-08,SL,Sierra Leone,AFRO,0,0,0,0,0
2020-03-15,SL,Sierra Leone,AFRO,0,0,0,0,0
2020-03-22,SL,Sierra Leone,AFRO,0,0,0,0,0
2020-03-29,SL,Sierra Leone,AFRO,0,0,0,0,0
2020-04-05,SL,Sierra Leone,AFRO,4,4,0,0,4
2020-04-12,SL,Sierra Leone,AFRO,6,10,0,0,10
2020-04-19,SL,Sierra Leone,AFRO,20,30,0,0,30
2020-04-26,SL,Sierra Leone,AFRO,56,86,4,4,82
2020-05-03,SL,Sierra Leone,AFRO,69,155,5,9,146
2020-05-10,SL,Sierra Leone,AFRO,136,291,10,19,272
2020-05-17,SL,Sierra Leone,AFRO,171,462,11,30,432
2020-05-24,SL,Sierra Leone,AFRO,159,621,10,40,581
2020-05-31,SL,Sierra Leone,AFRO,231,852,7,47,805
2020-06-07,SL,Sierra Leone,AFRO,94,946,2,49,897
2020-06-14,SL,Sierra Leone,AFRO,186,1132,3,52,1080
2020-06-21,SL,Sierra Leone,AFRO,177,1309,2,54,1255
2020-06-28,SL,Sierra Leone,AFRO,101,1410,6,60,1350
2020-07-05,SL,Sierra Leone,AFRO,123,1533,3,63,1470
2020-07-12,SL,Sierra Leone,AFRO,85,1618,1,64,1554
2020-07-19,SL,Sierra Leone,AFRO,83,1701,1,65,1636
2020-07-26,SL,Sierra Leone,AFRO,67,1768,0,65,1703
2020-08-02,SL,Sierra Leone,AFRO,67,1835,3,68,1767
2020-08-09,SL,Sierra Leone,AFRO,60,1895,1,69,1826
2020-08-16,SL,Sierra Leone,AFRO,59,1954,1,70,1884
2020-08-23,SL,Sierra Leone,AFRO,26,1980,0,70,1910
2020-08-30,SL,Sierra Leone,AFRO,39,2019,1,71,1948
2020-09-06,SL,Sierra Leone,AFRO,24,2043,1,72,1971
2020-09-13,SL,Sierra Leone,AFRO,53,2096,1,73,2023
2020-09-20,SL,Sierra Leone,AFRO,63,2159,0,73,2086
2020-09-27,SL,Sierra Leone,AFRO,49,2208,0,73,2135
2020-10-04,SL,Sierra Leone,AFRO,51,2259,0,73,2186
2020-10-11,SL,Sierra Leone,AFRO,41,2300,0,73,2227
2020-10-18,SL,Sierra Leone,AFRO,27,2327,1,74,2253
2020-10-25,SL,Sierra Leone,AFRO,18,2345,1,75,2270
2020-11-01,SL,Sierra Leone,AFRO,21,2366,0,75,2291
2020-11-08,SL,Sierra Leone,AFRO,15,2381,0,75,2306
2020-11-15,SL,Sierra Leone,AFRO,10,2391,0,75,2316
2020-11-22,SL,Sierra Leone,AFRO,14,2405,0,75,2330
2020-11-29,SL,Sierra Leone,AFRO,5,2410,0,75,2335
2020-12-06,SL,Sierra Leone,AFRO,10,2420,0,75,2345
2020-12-13,SL,Sierra Leone,AFRO,20,2440,1,76,2364
2020-12-20,SL,Sierra Leone,AFRO,57,2497,0,76,2421
2020-12-27,SL,Sierra Leone,AFRO,52,2549,0,76,2473
2021-01-03,SL,Sierra Leone,AFRO,97,2646,0,76,2570
2021-01-10,SL,Sierra Leone,AFRO,157,2803,1,77,2726
2021-01-17,SL,Sierra Leone,AFRO,167,2970,0,77,2893
2021-01-24,SL,Sierra Leone,AFRO,150,3120,0,77,3043
2021-01-31,SL,Sierra Leone,AFRO,408,3528,2,79,3449
2021-02-07,SL,Sierra Leone,AFRO,244,3772,0,79,3693
2021-02-14,SL,Sierra Leone,AFRO,49,3821,0,79,3742
2021-02-21,SL,Sierra Leone,AFRO,28,3849,0,79,3770
2021-02-28,SL,Sierra Leone,AFRO,38,3887,0,79,3808
2021-03-07,SL,Sierra Leone,AFRO,31,3918,0,79,3839
2021-03-14,SL,Sierra Leone,AFRO,19,3937,0,79,3858
2021-03-21,SL,Sierra Leone,AFRO,11,3948,0,79,3869
2021-03-28,SL,Sierra Leone,AFRO,14,3962,0,79,3883
2021-04-04,SL,Sierra Leone,AFRO,25,3987,0,79,3908
2021-04-11,SL,Sierra Leone,AFRO,8,3995,0,79,3916
2021-04-18,SL,Sierra Leone,AFRO,25,4020,0,79,3941
2021-04-25,SL,Sierra Leone,AFRO,24,4044,0,79,3965
2021-05-02,SL,Sierra Leone,AFRO,13,4057,0,79,3978
2021-05-09,SL,Sierra Leone,AFRO,11,4068,0,79,3989
2021-05-16,SL,Sierra Leone,AFRO,37,4105,0,79,4026
2021-05-23,SL,Sierra Leone,AFRO,16,4121,0,79,4042
2021-05-30,SL,Sierra Leone,AFRO,20,4141,0,79,4062
2021-06-06,SL,Sierra Leone,AFRO,47,4188,0,79,4109
2021-06-13,SL,Sierra Leone,AFRO,124,4312,3,82,4230
2021-06-20,SL,Sierra Leone,AFRO,390,4702,0,82,4620
2021-06-27,SL,Sierra Leone,AFRO,604,5306,11,93,5213
2021-07-04,SL,Sierra Leone,AFRO,442,5748,11,104,5644
2021-07-11,SL,Sierra Leone,AFRO,255,6003,6,110,5893
2021-07-18,SL,Sierra Leone,AFRO,163,6166,5,115,6051
2021-07-25,SL,Sierra Leone,AFRO,52,6218,3,118,6100
2021-08-01,SL,Sierra Leone,AFRO,65,6283,2,120,6163
2021-08-08,SL,Sierra Leone,AFRO,30,6313,0,120,6193
2021-08-15,SL,Sierra Leone,AFRO,25,6338,1,121,6217
2021-08-22,SL,Sierra Leone,AFRO,14,6352,0,121,6231
2021-08-29,SL,Sierra Leone,AFRO,11,6363,0,121,6242
2021-09-05,SL,Sierra Leone,AFRO,9,6372,0,121,6251
2021-09-12,SL,Sierra Leone,AFRO,7,6379,0,121,6258
2021-09-19,SL,Sierra Leone,AFRO,9,6388,0,121,6267
2021-09-26,SL,Sierra Leone,AFRO,0,6388,0,121,6267
2021-10-03,SL,Sierra Leone,AFRO,8,6396,0,121,6275
2021-10-10,SL,Sierra Leone,AFRO,0,6396,0,121,6275
2021-10-17,SL,Sierra Leone,AFRO,1,6397,0,121,6276
2021-10-24,SL,Sierra Leone,AFRO,0,6397,0,121,6276
2021-10-31,SL,Sierra Leone,AFRO,1,6398,0,121,6277
2021-11-07,SL,Sierra Leone,AFRO,0,6398,0,121,6277
2021-11-14,SL,Sierra Leone,AFRO,2,6400,0,121,6279
2021-11-21,SL,Sierra Leone,AFRO,0,6400,0,121,6279
2021-11-28,SL,Sierra Leone,AFRO,2,6402,0,121,6281
2021-12-05,SL,Sierra Leone,AFRO,0,6402,0,121,6281
2021-12-12,SL,Sierra Leone,AFRO,20,6422,0,121,6301
2021-12-19,SL,Sierra Leone,AFRO,49,6471,0,121,6350
2021-12-26,SL,Sierra Leone,AFRO,188,6659,2,123,6536
2022-01-02,SL,Sierra Leone,AFRO,455,7114,0,123,6991
2022-01-09,SL,Sierra Leone,AFRO,291,7405,0,123,7282
2022-01-16,SL,Sierra Leone,AFRO,124,7529,2,125,7404
2022-01-23,SL,Sierra Leone,AFRO,55,7584,0,125,7459
2022-01-30,SL,Sierra Leone,AFRO,31,7615,0,125,7490
2022-02-06,SL,Sierra Leone,AFRO,12,7627,0,125,7502
2022-02-13,SL,Sierra Leone,AFRO,25,7652,0,125,7527
2022-02-20,SL,Sierra Leone,AFRO,11,7663,0,125,7538
2022-02-27,SL,Sierra Leone,AFRO,2,7665,0,125,7540
2022-03-06,SL,Sierra Leone,AFRO,0,7665,0,125,7540
2022-03-13,SL,Sierra Leone,AFRO,2,7667,0,125,7542
2022-03-20,SL,Sierra Leone,AFRO,6,7673,0,125,7548
2022-03-27,SL,Sierra Leone,AFRO,1,7674,0,125,7549
2022-04-03,SL,Sierra Leone,AFRO,0,7674,0,125,7549
2022-04-10,SL,Sierra Leone,AFRO,3,7677,0,125,7552
2022-04-17,SL,Sierra Leone,AFRO,0,7677,0,125,7552
2022-04-24,SL,Sierra Leone,AFRO,0,7677,0,125,7552
2022-05-01,SL,Sierra Leone,AFRO,4,7681,0,125,7556
2022-05-08,SL,Sierra Leone,AFRO,1,7682,0,125,7557
2022-05-15,SL,Sierra Leone,AFRO,0,7682,0,125,7557
2022-05-22,SL,Sierra Leone,AFRO,0,7682,0,125,7557
2022-05-29,SL,Sierra Leone,AFRO,0,7682,0,125,7557
2022-06-05,SL,Sierra Leone,AFRO,0,7682,1,126,7556
2022-06-12,SL,Sierra Leone,AFRO,0,7682,-1,125,7557
2022-06-19,SL,Sierra Leone,AFRO,6,7688,0,125,7563
2022-06-26,SL,Sierra Leone,AFRO,5,7693,0,125,7568
2022-07-03,SL,Sierra Leone,AFRO,9,7702,0,125,7577
2022-07-10,SL,Sierra Leone,AFRO,16,7718,0,125,7593
2022-07-17,SL,Sierra Leone,AFRO,4,7722,0,125,7597
2022-07-24,SL,Sierra Leone,AFRO,6,7728,0,125,7603
2022-07-31,SL,Sierra Leone,AFRO,5,7733,0,125,7608
2022-08-07,SL,Sierra Leone,AFRO,3,7736,0,125,7611
2022-08-14,SL,Sierra Leone,AFRO,4,7740,0,125,7615
2022-08-21,SL,Sierra Leone,AFRO,4,7744,0,125,7619
2022-08-28,SL,Sierra Leone,AFRO,2,7746,0,125,7621
2022-09-04,SL,Sierra Leone,AFRO,1,7747,0,125,7622
2022-09-11,SL,Sierra Leone,AFRO,2,7749,0,125,7624
2022-09-18,SL,Sierra Leone,AFRO,0,7749,0,125,7624
2022-09-25,SL,Sierra Leone,AFRO,1,7750,0,125,7625
2022-10-02,SL,Sierra Leone,AFRO,1,7751,0,125,7626
2022-10-09,SL,Sierra Leone,AFRO,0,7751,0,125,7626
2022-10-16,SL,Sierra Leone,AFRO,1,7752,0,125,7627
2022-10-23,SL,Sierra Leone,AFRO,0,7752,0,125,7627
2022-10-30,SL,Sierra Leone,AFRO,2,7754,0,125,7629
2022-11-06,SL,Sierra Leone,AFRO,3,7757,0,125,7632
2022-11-13,SL,Sierra Leone,AFRO,1,7758,0,125,7633
2022-11-20,SL,Sierra Leone,AFRO,1,7759,0,125,7634
2022-11-27,SL,Sierra Leone,AFRO,0,7759,0,125,7634
2022-12-04,SL,Sierra Leone,AFRO,1,7760,0,125,7635
2022-12-11,SL,Sierra Leone,AFRO,0,7760,0,125,7635
2022-12-18,SL,Sierra Leone,AFRO,0,7760,0,125,7635
2022-12-25,SL,Sierra Leone,AFRO,0,7760,0,125,7635
2023-01-01,SL,Sierra Leone,AFRO,0,7760,0,125,7635
2023-01-08,SL,Sierra Leone,AFRO,0,7760,0,125,7635
2023-01-15,SL,Sierra Leone,AFRO,0,7760,0,125,7635
2023-01-22,SL,Sierra Leone,AFRO,0,7760,0,125,7635
2023-01-29,SL,Sierra Leone,AFRO,0,7760,0,125,7635
2023-02-05,SL,Sierra Leone,AFRO,0,7760,0,125,7635
2023-02-12,SL,Sierra Leone,AFRO,0,7760,0,125,7635
2023-02-19,SL,Sierra Leone,AFRO,0,7760,0,125,7635
2023-02-26,SL,Sierra Leone,AFRO,0,7760,0,125,7635
2023-03-05,SL,Sierra Leone,AFRO,0,7760,0,125,7635
2023-03-12,SL,Sierra Leone,AFRO,0,7760,0,125,7635
2023-03-19,SL,Sierra Leone,AFRO,2,7762,0,125,7637
2023-03-26,SL,Sierra Leone,AFRO,0,7762,0,125,7637
2023-04-02,SL,Sierra Leone,AFRO,0,7762,0,125,7637
2023-04-09,SL,Sierra Leone,AFRO,0,7762,0,125,7637
2023-04-16,SL,Sierra Leone,AFRO,0,7762,0,125,7637
2023-04-23,SL,Sierra Leone,AFRO,0,7762,0,125,7637
2023-04-30,SL,Sierra Leone,AFRO,0,7762,0,125,7637
2023-05-07,SL,Sierra Leone,AFRO,0,7762,0,125,7637
2023-05-14,SL,Sierra Leone,AFRO,0,7762,0,125,7637
2023-05-21,SL,Sierra Leone,AFRO,0,7762,0,125,7637
2023-05-28,SL,Sierra Leone,AFRO,0,7762,0,125,7637
2023-06-04,SL,Sierra Leone,AFRO,0,7762,0,125,7637
2023-06-11,SL,Sierra Leone,AFRO,0,7762,0,125,7637
2023-06-18,SL,Sierra Leone,AFRO,0,7762,0,125,7637
2023-06-25,SL,Sierra Leone,AFRO,0,7762,0,125,7637
2023-07-02,SL,Sierra Leone,AFRO,0,7762,0,125,7637
2023-07-09,SL,Sierra Leone,AFRO,0,7762,0,125,7637
2023-07-16,SL,Sierra Leone,AFRO,0,7762,0,125,7637
2023-07-23,SL,Sierra Leone,AFRO,0,7762,0,125,7637
2023-07-30,SL,Sierra Leone,AFRO,0,7762,0,125,7637
2023-08-06,SL,Sierra Leone,AFRO,0,7762,0,125,7637
2023-08-13,SL,Sierra Leone,AFRO,0,7762,0,125,7637
2023-08-20,SL,Sierra Leone,AFRO,4,7766,0,125,7641
2023-08-27,SL,Sierra Leone,AFRO,0,7766,0,125,7641
2023-09-03,SL,Sierra Leone,AFRO,0,7766,0,125,7641
2023-09-10,SL,Sierra Leone,AFRO,0,7766,0,125,7641
2023-09-17,SL,Sierra Leone,AFRO,0,7766,0,125,7641
2023-09-24,SL,Sierra Leone,AFRO,0,7766,0,125,7641
2023-10-01,SL,Sierra Leone,AFRO,0,7766,0,125,7641
2023-10-08,SL,Sierra Leone,AFRO,0,7766,0,125,7641
2023-10-15,SL,Sierra Leone,AFRO,0,7766,0,125,7641
2023-10-22,SL,Sierra Leone,AFRO,0,7766,0,125,7641
2023-10-29,SL,Sierra Leone,AFRO,0,7766,0,125,7641
2023-11-05,SL,Sierra Leone,AFRO,0,7766,0,125,7641
2023-11-12,SL,Sierra Leone,AFRO,0,7766,0,125,7641
2023-11-19,SL,Sierra Leone,AFRO,0,7766,0,125,7641
2023-11-26,SL,Sierra Leone,AFRO,0,7766,0,125,7641
2023-12-03,SL,Sierra Leone,AFRO,0,7766,0,125,7641
2023-12-10,SL,Sierra Leone,AFRO,0,7766,0,125,7641
2023-12-17,SL,Sierra Leone,AFRO,5,7771,0,125,7646
2023-12-24,SL,Sierra Leone,AFRO,8,7779,0,125,7654
2023-12-31,SL,Sierra Leone,AFRO,0,7779,0,125,7654
2024-01-07,SL,Sierra Leone,AFRO,0,7779,0,125,7654
2024-01-14,SL,Sierra Leone,AFRO,0,7779,0,125,7654
2024-01-21,SL,Sierra Leone,AFRO,0,7779,0,125,7654
2024-01-28,SL,Sierra Leone,AFRO,0,7779,0,125,7654
2024-02-04,SL,Sierra Leone,AFRO,0,7779,0,125,7654
2024-02-11,SL,Sierra Leone,AFRO,0,7779,0,125,7654
2024-02-18,SL,Sierra Leone,AFRO,0,7779,0,125,7654
2024-02-25,SL,Sierra Leone,AFRO,0,7779,0,125,7654
2024-03-03,SL,Sierra Leone,AFRO,0,7779,0,125,7654
2024-03-10,SL,Sierra Leone,AFRO,7,7786,0,125,7661
2024-03-17,SL,Sierra Leone,AFRO,5,7791,0,125,7666
2024-03-24,SL,Sierra Leone,AFRO,3,7794,0,125,7669
2024-03-31,SL,Sierra Leone,AFRO,0,7794,0,125,7669
2024-04-07,SL,Sierra Leone,AFRO,0,7794,0,125,7669
2024-04-14,SL,Sierra Leone,AFRO,0,7794,0,125,7669
2024-04-21,SL,Sierra Leone,AFRO,1,7795,0,125,7670
2024-04-28,SL,Sierra Leone,AFRO,15,7810,0,125,7685
2024-05-05,SL,Sierra Leone,AFRO,8,7818,0,125,7693
2024-05-12,SL,Sierra Leone,AFRO,18,7836,0,125,7711
2024-05-19,SL,Sierra Leone,AFRO,0,7836,0,125,7711
2024-05-26,SL,Sierra Leone,AFRO,21,7857,0,125,7732
2024-06-02,SL,Sierra Leone,AFRO,19,7876,0,125,7751
2024-06-09,SL,Sierra Leone,AFRO,20,7896,0,125,7771
2024-06-16,SL,Sierra Leone,AFRO,1,7897,0,125,7772
2024-06-23,SL,Sierra Leone,AFRO,4,7901,0,125,7776
2024-06-30,SL,Sierra Leone,AFRO,24,7925,0,125,7800
2024-07-07,SL,Sierra Leone,AFRO,25,7950,0,125,7825
2024-07-14,SL,Sierra Leone,AFRO,23,7973,0,125,7848
2024-07-21,SL,Sierra Leone,AFRO,6,7979,0,125,7854
2024-07-28,SL,Sierra Leone,AFRO,0,7979,0,125,7854
2024-08-04,SL,Sierra Leone,AFRO,0,7979,0,125,7854
2024-08-11,SL,Sierra Leone,AFRO,1,7980,0,125,7855
2024-08-18,SL,Sierra Leone,AFRO,0,7980,0,125,7855
2024-08-25,SL,Sierra Leone,AFRO,1,7981,0,125,7856
2024-09-01,SL,Sierra Leone,AFRO,0,7981,0,125,7856
2024-09-08,SL,Sierra Leone,AFRO,0,7981,0,125,7856
2024-09-15,SL,Sierra Leone,AFRO,1,7982,0,125,7857
2024-09-22,SL,Sierra Leone,AFRO,1,7983,0,125,7858
2024-09-29,SL,Sierra Leone,AFRO,0,7983,0,125,7858
2024-10-06,SL,Sierra Leone,AFRO,0,7983,0,125,7858
2024-10-13,SL,Sierra Leone,AFRO,0,7983,0,125,7858
2024-10-20,SL,Sierra Leone,AFRO,2,7985,0,125,7860
2024-10-27,SL,Sierra Leone,AFRO,0,7985,0,125,7860
2024-11-03,SL,Sierra Leone,AFRO,0,7985,0,125,7860
2024-11-10,SL,Sierra Leone,AFRO,0,7985,0,125,7860
2024-11-17,SL,Sierra Leone,AFRO,0,7985,0,125,7860
2020-01-05,SG,Singapore,WPRO,0,0,0,0,0
2020-01-12,SG,Singapore,WPRO,0,0,0,0,0
2020-01-19,SG,Singapore,WPRO,0,0,0,0,0
2020-01-26,SG,Singapore,WPRO,4,4,0,0,4
2020-02-02,SG,Singapore,WPRO,14,18,0,0,18
2020-02-09,SG,Singapore,WPRO,22,40,0,0,40
2020-02-16,SG,Singapore,WPRO,32,72,0,0,72
2020-02-23,SG,Singapore,WPRO,17,89,0,0,89
2020-03-01,SG,Singapore,WPRO,13,102,0,0,102
2020-03-08,SG,Singapore,WPRO,36,138,0,0,138
2020-03-15,SG,Singapore,WPRO,74,212,0,0,212
2020-03-22,SG,Singapore,WPRO,220,432,2,2,430
2020-03-29,SG,Singapore,WPRO,370,802,0,2,800
2020-04-05,SG,Singapore,WPRO,387,1189,3,5,1184
2020-04-12,SG,Singapore,WPRO,1110,2299,3,8,2291
2020-04-19,SG,Singapore,WPRO,3693,5992,3,11,5981
2020-04-26,SG,Singapore,WPRO,6701,12693,1,12,12681
2020-05-03,SG,Singapore,WPRO,4855,17548,5,17,17531
2020-05-10,SG,Singapore,WPRO,4912,22460,3,20,22440
2020-05-17,SG,Singapore,WPRO,4896,27356,2,22,27334
2020-05-24,SG,Singapore,WPRO,3712,31068,1,23,31045
2020-05-31,SG,Singapore,WPRO,3298,34366,0,23,34343
2020-06-07,SG,Singapore,WPRO,3161,37527,2,25,37502
2020-06-14,SG,Singapore,WPRO,2670,40197,1,26,40171
2020-06-21,SG,Singapore,WPRO,1636,41833,0,26,41807
2020-06-28,SG,Singapore,WPRO,1413,43246,0,26,43220
2020-07-05,SG,Singapore,WPRO,1418,44664,0,26,44638
2020-07-12,SG,Singapore,WPRO,1118,45782,0,26,45756
2020-07-19,SG,Singapore,WPRO,1873,47655,1,27,47628
2020-07-26,SG,Singapore,WPRO,2233,49888,0,27,49861
2020-08-02,SG,Singapore,WPRO,2624,52512,0,27,52485
2020-08-09,SG,Singapore,WPRO,2417,54929,0,27,54902
2020-08-16,SG,Singapore,WPRO,732,55661,0,27,55634
2020-08-23,SG,Singapore,WPRO,605,56266,0,27,56239
2020-08-30,SG,Singapore,WPRO,451,56717,0,27,56690
2020-09-06,SG,Singapore,WPRO,265,56982,0,27,56955
2020-09-13,SG,Singapore,WPRO,375,57357,0,27,57330
2020-09-20,SG,Singapore,WPRO,201,57558,0,27,57531
2020-09-27,SG,Singapore,WPRO,127,57685,0,27,57658
2020-10-04,SG,Singapore,WPRO,115,57800,0,27,57773
2020-10-11,SG,Singapore,WPRO,66,57866,0,27,57839
2020-10-18,SG,Singapore,WPRO,38,57904,1,28,57876
2020-10-25,SG,Singapore,WPRO,61,57965,0,28,57937
2020-11-01,SG,Singapore,WPRO,50,58015,0,28,57987
2020-11-08,SG,Singapore,WPRO,39,58054,0,28,58026
2020-11-15,SG,Singapore,WPRO,62,58116,0,28,58088
2020-11-22,SG,Singapore,WPRO,32,58148,0,28,58120
2020-11-29,SG,Singapore,WPRO,57,58205,1,29,58176
2020-12-06,SG,Singapore,WPRO,50,58255,0,29,58226
2020-12-13,SG,Singapore,WPRO,58,58313,0,29,58284
2020-12-20,SG,Singapore,WPRO,90,58403,0,29,58374
2020-12-27,SG,Singapore,WPRO,116,58519,0,29,58490
2021-01-03,SG,Singapore,WPRO,178,58697,0,29,58668
2021-01-10,SG,Singapore,WPRO,210,58907,0,29,58878
2021-01-17,SG,Singapore,WPRO,206,59113,0,29,59084
2021-01-24,SG,Singapore,WPRO,195,59308,0,29,59279
2021-01-31,SG,Singapore,WPRO,228,59536,0,29,59507
2021-02-07,SG,Singapore,WPRO,163,59699,0,29,59670
2021-02-14,SG,Singapore,WPRO,101,59800,0,29,59771
2021-02-21,SG,Singapore,WPRO,69,59869,0,29,59840
2021-02-28,SG,Singapore,WPRO,67,59936,0,29,59907
2021-03-07,SG,Singapore,WPRO,97,60033,0,29,60004
2021-03-14,SG,Singapore,WPRO,72,60105,0,29,60076
2021-03-21,SG,Singapore,WPRO,91,60196,0,29,60167
2021-03-28,SG,Singapore,WPRO,104,60300,0,29,60271
2021-04-04,SG,Singapore,WPRO,178,60478,0,29,60449
2021-04-11,SG,Singapore,WPRO,175,60653,0,29,60624
2021-04-18,SG,Singapore,WPRO,178,60831,0,29,60802
2021-04-25,SG,Singapore,WPRO,175,61006,0,29,60977
2021-05-02,SG,Singapore,WPRO,212,61218,2,31,61187
2021-05-09,SG,Singapore,WPRO,141,61359,0,31,61328
2021-05-16,SG,Singapore,WPRO,226,61585,0,31,61554
2021-05-23,SG,Singapore,WPRO,239,61824,1,32,61792
2021-05-30,SG,Singapore,WPRO,204,62028,1,33,61995
2021-06-06,SG,Singapore,WPRO,168,62196,0,33,62163
2021-06-13,SG,Singapore,WPRO,80,62276,1,34,62242
2021-06-20,SG,Singapore,WPRO,138,62414,0,34,62380
2021-06-27,SG,Singapore,WPRO,130,62544,2,36,62508
2021-07-04,SG,Singapore,WPRO,73,62617,0,36,62581
2021-07-11,SG,Singapore,WPRO,75,62692,0,36,62656
2021-07-18,SG,Singapore,WPRO,381,63073,0,36,63037
2021-07-25,SG,Singapore,WPRO,1106,64179,1,37,64142
2021-08-01,SG,Singapore,WPRO,923,65102,0,37,65065
2021-08-08,SG,Singapore,WPRO,662,65764,5,42,65722
2021-08-15,SG,Singapore,WPRO,408,66172,2,44,66128
2021-08-22,SG,Singapore,WPRO,306,66478,5,49,66429
2021-08-29,SG,Singapore,WPRO,826,67304,6,55,67249
2021-09-05,SG,Singapore,WPRO,1356,68660,0,55,68605
2021-09-12,SG,Singapore,WPRO,3027,71687,3,58,71629
2021-09-19,SG,Singapore,WPRO,6117,77804,2,60,77744
2021-09-26,SG,Singapore,WPRO,10088,87892,18,78,87814
2021-10-03,SG,Singapore,WPRO,15951,103843,35,113,103730
2021-10-10,SG,Singapore,WPRO,23123,126966,49,162,126804
2021-10-17,SG,Singapore,WPRO,21212,148178,71,233,147945
2021-10-24,SG,Singapore,WPRO,24466,172644,82,315,172329
2021-10-31,SG,Singapore,WPRO,25730,198374,92,407,197967
2021-11-07,SG,Singapore,WPRO,19959,218333,90,497,217836
2021-11-14,SG,Singapore,WPRO,18870,237203,89,586,236617
2021-11-21,SG,Singapore,WPRO,14985,252188,76,662,251526
2021-11-28,SG,Singapore,WPRO,10195,262383,39,701,261682
2021-12-05,SG,Singapore,WPRO,6828,269211,58,759,268452
2021-12-12,SG,Singapore,WPRO,4151,273362,35,794,272568
2021-12-19,SG,Singapore,WPRO,2548,275910,19,813,275097
2021-12-26,SG,Singapore,WPRO,1854,277764,9,822,276942
2022-01-02,SG,Singapore,WPRO,2526,280290,7,829,279461
2022-01-09,SG,Singapore,WPRO,5357,285647,9,838,284809
2022-01-16,SG,Singapore,WPRO,6202,291849,5,843,291006
2022-01-23,SG,Singapore,WPRO,21923,313772,5,848,312924
2022-01-30,SG,Singapore,WPRO,34558,348330,6,854,347476
2022-02-06,SG,Singapore,WPRO,49493,397823,17,871,396952
2022-02-13,SG,Singapore,WPRO,71672,469495,26,897,468598
2022-02-20,SG,Singapore,WPRO,113143,582638,48,945,581693
2022-02-27,SG,Singapore,WPRO,128242,710880,62,1007,709873
2022-03-06,SG,Singapore,WPRO,121941,832821,71,1078,831743
2022-03-13,SG,Singapore,WPRO,106615,939436,67,1145,938291
2022-03-20,SG,Singapore,WPRO,75581,1015017,53,1198,1013819
2022-03-27,SG,Singapore,WPRO,56988,1072005,48,1246,1070759
2022-04-03,SG,Singapore,WPRO,37739,1109744,28,1274,1108470
2022-04-10,SG,Singapore,WPRO,28257,1138001,20,1294,1136707
2022-04-17,SG,Singapore,WPRO,22299,1160300,22,1316,1158984
2022-04-24,SG,Singapore,WPRO,21868,1182168,9,1325,1180843
2022-05-01,SG,Singapore,WPRO,17472,1199640,11,1336,1198304
2022-05-08,SG,Singapore,WPRO,18282,1217922,16,1352,1216570
2022-05-15,SG,Singapore,WPRO,24962,1242884,11,1363,1241521
2022-05-22,SG,Singapore,WPRO,26751,1269635,12,1375,1268260
2022-05-29,SG,Singapore,WPRO,26285,1295920,8,1383,1294537
2022-06-05,SG,Singapore,WPRO,23064,1318984,10,1393,1317591
2022-06-12,SG,Singapore,WPRO,22272,1341256,5,1398,1339858
2022-06-19,SG,Singapore,WPRO,26505,1367761,7,1405,1366356
2022-06-26,SG,Singapore,WPRO,40597,1408358,4,1409,1406949
2022-07-03,SG,Singapore,WPRO,52749,1461107,10,1419,1459688
2022-07-10,SG,Singapore,WPRO,62774,1523881,13,1432,1522449
2022-07-17,SG,Singapore,WPRO,65218,1589099,25,1457,1587642
2022-07-24,SG,Singapore,WPRO,63882,1652981,26,1483,1651498
2022-07-31,SG,Singapore,WPRO,55969,1708950,37,1520,1707430
2022-08-07,SG,Singapore,WPRO,45827,1754777,21,1541,1753236
2022-08-14,SG,Singapore,WPRO,36269,1791046,19,1560,1789486
2022-08-21,SG,Singapore,WPRO,23871,1814917,24,1584,1813333
2022-08-28,SG,Singapore,WPRO,16415,1831332,7,1591,1829741
2022-09-04,SG,Singapore,WPRO,13453,1844785,5,1596,1843189
2022-09-11,SG,Singapore,WPRO,13712,1858497,6,1602,1856895
2022-09-18,SG,Singapore,WPRO,14793,1873290,6,1608,1871682
2022-09-25,SG,Singapore,WPRO,16254,1889544,7,1615,1887929
2022-10-02,SG,Singapore,WPRO,21873,1911417,7,1622,1909795
2022-10-09,SG,Singapore,WPRO,36985,1948402,10,1632,1946770
2022-10-16,SG,Singapore,WPRO,57482,2005884,14,1646,2004238
2022-10-23,SG,Singapore,WPRO,53825,2059709,17,1663,2058046
2022-10-30,SG,Singapore,WPRO,36811,2096520,17,1680,2094840
2022-11-06,SG,Singapore,WPRO,24915,2121435,10,1690,2119745
2022-11-13,SG,Singapore,WPRO,16441,2137876,7,1697,2136179
2022-11-20,SG,Singapore,WPRO,10918,2148794,3,1700,2147094
2022-11-27,SG,Singapore,WPRO,13800,2162594,2,1702,2160892
2022-12-04,SG,Singapore,WPRO,8795,2171389,4,1706,2169683
2022-12-11,SG,Singapore,WPRO,8366,2179755,1,1707,2178048
2022-12-18,SG,Singapore,WPRO,8654,2188409,3,1710,2186699
2022-12-25,SG,Singapore,WPRO,5481,2193890,1,1711,2192179
2023-01-01,SG,Singapore,WPRO,8324,2202214,0,1711,2200503
2023-01-08,SG,Singapore,WPRO,5456,2207670,1,1712,2205958
2023-01-15,SG,Singapore,WPRO,3876,2211546,0,1712,2209834
2023-01-22,SG,Singapore,WPRO,2518,2214064,0,1712,2212352
2023-01-29,SG,Singapore,WPRO,1825,2215889,0,1712,2214177
2023-02-05,SG,Singapore,WPRO,2992,2218881,10,1722,2217159
2023-02-12,SG,Singapore,WPRO,2881,2221762,0,1722,2220040
2023-02-19,SG,Singapore,WPRO,244,2222006,0,1722,2220284
2023-02-26,SG,Singapore,WPRO,3849,2225855,0,1722,2224133
2023-03-05,SG,Singapore,WPRO,4471,2230326,0,1722,2228604
2023-03-12,SG,Singapore,WPRO,4426,2234752,0,1722,2233030
2023-03-19,SG,Singapore,WPRO,10352,2245104,0,1722,2243382
2023-03-26,SG,Singapore,WPRO,10464,2255568,0,1722,2253846
2023-04-02,SG,Singapore,WPRO,14467,2270035,0,1722,2268313
2023-04-09,SG,Singapore,WPRO,28410,2298445,12,1734,2296711
2023-04-16,SG,Singapore,WPRO,16018,2314463,0,1734,2312729
2023-04-23,SG,Singapore,WPRO,26072,2340535,0,1734,2338801
2023-04-30,SG,Singapore,WPRO,27818,2368353,0,1734,2366619
2023-05-07,SG,Singapore,WPRO,23417,2391770,54,1788,2389982
2023-05-14,SG,Singapore,WPRO,22624,2414394,0,1788,2412606
2023-05-21,SG,Singapore,WPRO,24296,2438690,0,1788,2436902
2023-05-28,SG,Singapore,WPRO,20767,2459457,0,1788,2457669
2023-06-04,SG,Singapore,WPRO,14851,2474308,53,1841,2472467
2023-06-11,SG,Singapore,WPRO,8531,2482839,0,1841,2480998
2023-06-18,SG,Singapore,WPRO,10432,2493271,4,1845,2491426
2023-06-25,SG,Singapore,WPRO,6717,2499988,27,1872,2498116
2023-07-02,SG,Singapore,WPRO,11736,2511724,0,1872,2509852
2023-07-09,SG,Singapore,WPRO,4302,2516026,0,1872,2514154
2023-07-16,SG,Singapore,WPRO,8544,2524570,0,1872,2522698
2023-07-23,SG,Singapore,WPRO,5632,2530202,0,1872,2528330
2023-07-30,SG,Singapore,WPRO,4738,2534940,0,1872,2533068
2023-08-06,SG,Singapore,WPRO,4951,2539891,0,1872,2538019
2023-08-13,SG,Singapore,WPRO,3485,2543376,7,1879,2541497
2023-08-20,SG,Singapore,WPRO,4951,2548327,0,1879,2546448
2023-08-27,SG,Singapore,WPRO,7045,2555372,0,1879,2553493
2023-09-03,SG,Singapore,WPRO,6650,2562022,0,1879,2560143
2023-09-10,SG,Singapore,WPRO,4295,2566317,10,1889,2564428
2023-09-17,SG,Singapore,WPRO,7248,2573565,0,1889,2571676
2023-09-24,SG,Singapore,WPRO,6401,2579966,0,1889,2578077
2023-10-01,SG,Singapore,WPRO,14843,2594809,0,1889,2592920
2023-10-08,SG,Singapore,WPRO,15336,2610145,17,1906,2608239
2023-10-15,SG,Singapore,WPRO,16250,2626395,0,1906,2624489
2023-10-22,SG,Singapore,WPRO,14801,2641196,0,1906,2639290
2023-10-29,SG,Singapore,WPRO,17123,2658319,0,1906,2656413
2023-11-05,SG,Singapore,WPRO,16062,2674381,0,1906,2672475
2023-11-12,SG,Singapore,WPRO,16395,2690776,27,1933,2688843
2023-11-19,SG,Singapore,WPRO,15441,2706217,0,1933,2704284
2023-11-26,SG,Singapore,WPRO,10726,2716943,0,1933,2715010
2023-12-03,SG,Singapore,WPRO,22094,2739037,0,1933,2737104
2023-12-10,SG,Singapore,WPRO,32035,2771072,21,1954,2769118
2023-12-17,SG,Singapore,WPRO,56043,2827115,0,1954,2825161
2023-12-24,SG,Singapore,WPRO,58300,2885415,0,1954,2883461
2023-12-31,SG,Singapore,WPRO,39100,2924515,0,1954,2922561
2024-01-07,SG,Singapore,WPRO,21200,2945715,70,2024,2943691
2024-01-14,SG,Singapore,WPRO,19800,2965515,0,2024,2963491
2024-01-21,SG,Singapore,WPRO,12200,2977715,0,2024,2975691
2024-01-28,SG,Singapore,WPRO,10700,2988415,0,2024,2986391
2024-02-04,SG,Singapore,WPRO,5880,2994295,0,2024,2992271
2024-02-11,SG,Singapore,WPRO,4370,2998665,0,2024,2996641
2024-02-18,SG,Singapore,WPRO,3000,3001665,0,2024,2999641
2024-02-25,SG,Singapore,WPRO,2040,3003705,0,2024,3001681
2024-03-03,SG,Singapore,WPRO,2450,3006155,0,2024,3004131
2024-03-10,SG,Singapore,WPRO,0,3006155,0,2024,3004131
2024-03-17,SG,Singapore,WPRO,0,3006155,0,2024,3004131
2024-03-24,SG,Singapore,WPRO,0,3006155,0,2024,3004131
2024-03-31,SG,Singapore,WPRO,0,3006155,0,2024,3004131
2024-04-07,SG,Singapore,WPRO,0,3006155,0,2024,3004131
2024-04-14,SG,Singapore,WPRO,0,3006155,0,2024,3004131
2024-04-21,SG,Singapore,WPRO,0,3006155,0,2024,3004131
2024-04-28,SG,Singapore,WPRO,0,3006155,0,2024,3004131
2024-05-05,SG,Singapore,WPRO,0,3006155,0,2024,3004131
2024-05-12,SG,Singapore,WPRO,0,3006155,0,2024,3004131
2024-05-19,SG,Singapore,WPRO,0,3006155,0,2024,3004131
2024-05-26,SG,Singapore,WPRO,0,3006155,0,2024,3004131
2024-06-02,SG,Singapore,WPRO,0,3006155,0,2024,3004131
2024-06-09,SG,Singapore,WPRO,0,3006155,0,2024,3004131
2024-06-16,SG,Singapore,WPRO,0,3006155,0,2024,3004131
2024-06-23,SG,Singapore,WPRO,0,3006155,0,2024,3004131
2024-06-30,SG,Singapore,WPRO,0,3006155,0,2024,3004131
2024-07-07,SG,Singapore,WPRO,0,3006155,0,2024,3004131
2024-07-14,SG,Singapore,WPRO,0,3006155,0,2024,3004131
2024-07-21,SG,Singapore,WPRO,0,3006155,0,2024,3004131
2024-07-28,SG,Singapore,WPRO,0,3006155,0,2024,3004131
2024-08-04,SG,Singapore,WPRO,0,3006155,0,2024,3004131
2024-08-11,SG,Singapore,WPRO,0,3006155,0,2024,3004131
2024-08-18,SG,Singapore,WPRO,0,3006155,0,2024,3004131
2024-08-25,SG,Singapore,WPRO,0,3006155,0,2024,3004131
2024-09-01,SG,Singapore,WPRO,0,3006155,0,2024,3004131
2024-09-08,SG,Singapore,WPRO,0,3006155,0,2024,3004131
2024-09-15,SG,Singapore,WPRO,0,3006155,0,2024,3004131
2024-09-22,SG,Singapore,WPRO,0,3006155,0,2024,3004131
2024-09-29,SG,Singapore,WPRO,0,3006155,0,2024,3004131
2024-10-06,SG,Singapore,WPRO,0,3006155,0,2024,3004131
2024-10-13,SG,Singapore,WPRO,0,3006155,0,2024,3004131
2024-10-20,SG,Singapore,WPRO,0,3006155,0,2024,3004131
2024-10-27,SG,Singapore,WPRO,0,3006155,0,2024,3004131
2024-11-03,SG,Singapore,WPRO,0,3006155,0,2024,3004131
2024-11-10,SG,Singapore,WPRO,0,3006155,0,2024,3004131
2024-11-17,SG,Singapore,WPRO,0,3006155,0,2024,3004131
2020-01-05,SX,Sint Maarten (Dutch part),AMRO,0,0,0,0,0
2020-01-12,SX,Sint Maarten (Dutch part),AMRO,0,0,0,0,0
2020-01-19,SX,Sint Maarten (Dutch part),AMRO,0,0,0,0,0
2020-01-26,SX,Sint Maarten (Dutch part),AMRO,0,0,0,0,0
2020-02-02,SX,Sint Maarten (Dutch part),AMRO,0,0,0,0,0
2020-02-09,SX,Sint Maarten (Dutch part),AMRO,0,0,0,0,0
2020-02-16,SX,Sint Maarten (Dutch part),AMRO,0,0,0,0,0
2020-02-23,SX,Sint Maarten (Dutch part),AMRO,0,0,0,0,0
2020-03-01,SX,Sint Maarten (Dutch part),AMRO,0,0,0,0,0
2020-03-08,SX,Sint Maarten (Dutch part),AMRO,0,0,0,0,0
2020-03-15,SX,Sint Maarten (Dutch part),AMRO,0,0,0,0,0
2020-03-22,SX,Sint Maarten (Dutch part),AMRO,1,1,0,0,1
2020-03-29,SX,Sint Maarten (Dutch part),AMRO,2,3,0,0,3
2020-04-05,SX,Sint Maarten (Dutch part),AMRO,20,23,2,2,21
2020-04-12,SX,Sint Maarten (Dutch part),AMRO,27,50,7,9,41
2020-04-19,SX,Sint Maarten (Dutch part),AMRO,7,57,0,9,48
2020-04-26,SX,Sint Maarten (Dutch part),AMRO,16,73,3,12,61
2020-05-03,SX,Sint Maarten (Dutch part),AMRO,3,76,1,13,63
2020-05-10,SX,Sint Maarten (Dutch part),AMRO,1,77,2,15,62
2020-05-17,SX,Sint Maarten (Dutch part),AMRO,1,78,0,15,63
2020-05-24,SX,Sint Maarten (Dutch part),AMRO,0,78,0,15,63
2020-05-31,SX,Sint Maarten (Dutch part),AMRO,0,78,0,15,63
2020-06-07,SX,Sint Maarten (Dutch part),AMRO,0,77,0,15,62
2020-06-14,SX,Sint Maarten (Dutch part),AMRO,0,77,0,15,62
2020-06-21,SX,Sint Maarten (Dutch part),AMRO,0,77,0,15,62
2020-06-28,SX,Sint Maarten (Dutch part),AMRO,0,77,0,15,62
2020-07-05,SX,Sint Maarten (Dutch part),AMRO,1,78,0,15,63
2020-07-12,SX,Sint Maarten (Dutch part),AMRO,0,78,0,15,63
2020-07-19,SX,Sint Maarten (Dutch part),AMRO,1,79,0,15,64
2020-07-26,SX,Sint Maarten (Dutch part),AMRO,15,94,0,15,79
2020-08-02,SX,Sint Maarten (Dutch part),AMRO,34,128,0,15,113
2020-08-09,SX,Sint Maarten (Dutch part),AMRO,48,176,1,16,160
2020-08-16,SX,Sint Maarten (Dutch part),AMRO,87,263,1,17,246
2020-08-23,SX,Sint Maarten (Dutch part),AMRO,90,353,0,17,336
2020-08-30,SX,Sint Maarten (Dutch part),AMRO,91,444,0,17,427
2020-09-06,SX,Sint Maarten (Dutch part),AMRO,60,504,2,19,485
2020-09-13,SX,Sint Maarten (Dutch part),AMRO,26,530,0,19,511
2020-09-20,SX,Sint Maarten (Dutch part),AMRO,35,565,0,19,546
2020-09-27,SX,Sint Maarten (Dutch part),AMRO,53,618,3,22,596
2020-10-04,SX,Sint Maarten (Dutch part),AMRO,50,668,0,22,646
2020-10-11,SX,Sint Maarten (Dutch part),AMRO,31,699,0,22,677
2020-10-18,SX,Sint Maarten (Dutch part),AMRO,38,737,0,22,715
2020-10-25,SX,Sint Maarten (Dutch part),AMRO,39,776,0,22,754
2020-11-01,SX,Sint Maarten (Dutch part),AMRO,29,805,0,22,783
2020-11-08,SX,Sint Maarten (Dutch part),AMRO,65,870,0,22,848
2020-11-15,SX,Sint Maarten (Dutch part),AMRO,44,914,1,23,891
2020-11-22,SX,Sint Maarten (Dutch part),AMRO,59,973,1,24,949
2020-11-29,SX,Sint Maarten (Dutch part),AMRO,68,1041,1,25,1016
2020-12-06,SX,Sint Maarten (Dutch part),AMRO,64,1105,0,25,1080
2020-12-13,SX,Sint Maarten (Dutch part),AMRO,96,1201,1,26,1175
2020-12-20,SX,Sint Maarten (Dutch part),AMRO,93,1294,0,26,1268
2020-12-27,SX,Sint Maarten (Dutch part),AMRO,76,1370,0,26,1344
2021-01-03,SX,Sint Maarten (Dutch part),AMRO,64,1434,1,27,1407
2021-01-10,SX,Sint Maarten (Dutch part),AMRO,97,1531,0,27,1504
2021-01-17,SX,Sint Maarten (Dutch part),AMRO,98,1629,0,27,1602
2021-01-24,SX,Sint Maarten (Dutch part),AMRO,79,1708,0,27,1681
2021-01-31,SX,Sint Maarten (Dutch part),AMRO,114,1822,0,27,1795
2021-02-07,SX,Sint Maarten (Dutch part),AMRO,89,1911,0,27,1884
2021-02-14,SX,Sint Maarten (Dutch part),AMRO,74,1985,0,27,1958
2021-02-21,SX,Sint Maarten (Dutch part),AMRO,42,2027,0,27,2000
2021-02-28,SX,Sint Maarten (Dutch part),AMRO,24,2051,0,27,2024
2021-03-07,SX,Sint Maarten (Dutch part),AMRO,15,2066,0,27,2039
2021-03-14,SX,Sint Maarten (Dutch part),AMRO,12,2078,0,27,2051
2021-03-21,SX,Sint Maarten (Dutch part),AMRO,15,2093,0,27,2066
2021-03-28,SX,Sint Maarten (Dutch part),AMRO,25,2118,0,27,2091
2021-04-04,SX,Sint Maarten (Dutch part),AMRO,33,2151,0,27,2124
2021-04-11,SX,Sint Maarten (Dutch part),AMRO,23,2174,0,27,2147
2021-04-18,SX,Sint Maarten (Dutch part),AMRO,28,2202,0,27,2175
2021-04-25,SX,Sint Maarten (Dutch part),AMRO,10,2212,0,27,2185
2021-05-02,SX,Sint Maarten (Dutch part),AMRO,18,2230,0,27,2203
2021-05-09,SX,Sint Maarten (Dutch part),AMRO,20,2250,0,27,2223
2021-05-16,SX,Sint Maarten (Dutch part),AMRO,22,2272,0,27,2245
2021-05-23,SX,Sint Maarten (Dutch part),AMRO,74,2346,0,27,2319
2021-05-30,SX,Sint Maarten (Dutch part),AMRO,58,2404,1,28,2376
2021-06-06,SX,Sint Maarten (Dutch part),AMRO,44,2448,0,28,2420
2021-06-13,SX,Sint Maarten (Dutch part),AMRO,63,2511,3,31,2480
2021-06-20,SX,Sint Maarten (Dutch part),AMRO,50,2561,1,32,2529
2021-06-27,SX,Sint Maarten (Dutch part),AMRO,33,2594,1,33,2561
2021-07-04,SX,Sint Maarten (Dutch part),AMRO,24,2618,0,33,2585
2021-07-11,SX,Sint Maarten (Dutch part),AMRO,15,2633,1,34,2599
2021-07-18,SX,Sint Maarten (Dutch part),AMRO,26,2659,0,34,2625
2021-07-25,SX,Sint Maarten (Dutch part),AMRO,39,2698,0,34,2664
2021-08-01,SX,Sint Maarten (Dutch part),AMRO,62,2760,0,34,2726
2021-08-08,SX,Sint Maarten (Dutch part),AMRO,131,2891,0,34,2857
2021-08-15,SX,Sint Maarten (Dutch part),AMRO,237,3128,5,39,3089
2021-08-22,SX,Sint Maarten (Dutch part),AMRO,238,3366,3,42,3324
2021-08-29,SX,Sint Maarten (Dutch part),AMRO,214,3580,5,47,3533
2021-09-05,SX,Sint Maarten (Dutch part),AMRO,195,3775,9,56,3719
2021-09-12,SX,Sint Maarten (Dutch part),AMRO,172,3947,1,57,3890
2021-09-19,SX,Sint Maarten (Dutch part),AMRO,106,4053,2,59,3994
2021-09-26,SX,Sint Maarten (Dutch part),AMRO,125,4178,2,61,4117
2021-10-03,SX,Sint Maarten (Dutch part),AMRO,113,4291,5,66,4225
2021-10-10,SX,Sint Maarten (Dutch part),AMRO,95,4386,2,68,4318
2021-10-17,SX,Sint Maarten (Dutch part),AMRO,52,4438,2,70,4368
2021-10-24,SX,Sint Maarten (Dutch part),AMRO,30,4468,5,75,4393
2021-10-31,SX,Sint Maarten (Dutch part),AMRO,20,4488,0,75,4413
2021-11-07,SX,Sint Maarten (Dutch part),AMRO,13,4501,0,75,4426
2021-11-14,SX,Sint Maarten (Dutch part),AMRO,25,4526,0,75,4451
2021-11-21,SX,Sint Maarten (Dutch part),AMRO,28,4554,0,75,4479
2021-11-28,SX,Sint Maarten (Dutch part),AMRO,19,4573,0,75,4498
2021-12-05,SX,Sint Maarten (Dutch part),AMRO,20,4593,0,75,4518
2021-12-12,SX,Sint Maarten (Dutch part),AMRO,31,4624,0,75,4549
2021-12-19,SX,Sint Maarten (Dutch part),AMRO,40,4664,0,75,4589
2021-12-26,SX,Sint Maarten (Dutch part),AMRO,84,4748,0,75,4673
2022-01-02,SX,Sint Maarten (Dutch part),AMRO,449,5197,0,75,5122
2022-01-09,SX,Sint Maarten (Dutch part),AMRO,916,6113,0,75,6038
2022-01-16,SX,Sint Maarten (Dutch part),AMRO,2137,8250,0,75,8175
2022-01-23,SX,Sint Maarten (Dutch part),AMRO,715,8965,2,77,8888
2022-01-30,SX,Sint Maarten (Dutch part),AMRO,264,9229,2,79,9150
2022-02-06,SX,Sint Maarten (Dutch part),AMRO,144,9373,0,79,9294
2022-02-13,SX,Sint Maarten (Dutch part),AMRO,96,9469,4,83,9386
2022-02-20,SX,Sint Maarten (Dutch part),AMRO,42,9511,1,84,9427
2022-02-27,SX,Sint Maarten (Dutch part),AMRO,33,9544,1,85,9459
2022-03-06,SX,Sint Maarten (Dutch part),AMRO,26,9570,0,85,9485
2022-03-13,SX,Sint Maarten (Dutch part),AMRO,16,9586,0,85,9501
2022-03-20,SX,Sint Maarten (Dutch part),AMRO,43,9629,0,85,9544
2022-03-27,SX,Sint Maarten (Dutch part),AMRO,28,9657,1,86,9571
2022-04-03,SX,Sint Maarten (Dutch part),AMRO,41,9698,0,86,9612
2022-04-10,SX,Sint Maarten (Dutch part),AMRO,89,9787,0,86,9701
2022-04-17,SX,Sint Maarten (Dutch part),AMRO,86,9873,0,86,9787
2022-04-24,SX,Sint Maarten (Dutch part),AMRO,47,9920,0,86,9834
2022-05-01,SX,Sint Maarten (Dutch part),AMRO,98,10018,0,86,9932
2022-05-08,SX,Sint Maarten (Dutch part),AMRO,47,10065,0,86,9979
2022-05-15,SX,Sint Maarten (Dutch part),AMRO,58,10123,0,86,10037
2022-05-22,SX,Sint Maarten (Dutch part),AMRO,0,10123,0,86,10037
2022-05-29,SX,Sint Maarten (Dutch part),AMRO,156,10279,0,86,10193
2022-06-05,SX,Sint Maarten (Dutch part),AMRO,74,10353,0,86,10267
2022-06-12,SX,Sint Maarten (Dutch part),AMRO,81,10434,0,86,10348
2022-06-19,SX,Sint Maarten (Dutch part),AMRO,74,10508,0,86,10422
2022-06-26,SX,Sint Maarten (Dutch part),AMRO,0,10508,0,86,10422
2022-07-03,SX,Sint Maarten (Dutch part),AMRO,72,10580,0,86,10494
2022-07-10,SX,Sint Maarten (Dutch part),AMRO,21,10601,1,87,10514
2022-07-17,SX,Sint Maarten (Dutch part),AMRO,0,10601,0,87,10514
2022-07-24,SX,Sint Maarten (Dutch part),AMRO,55,10656,0,87,10569
2022-07-31,SX,Sint Maarten (Dutch part),AMRO,85,10741,0,87,10654
2022-08-07,SX,Sint Maarten (Dutch part),AMRO,24,10765,0,87,10678
2022-08-14,SX,Sint Maarten (Dutch part),AMRO,0,10765,0,87,10678
2022-08-21,SX,Sint Maarten (Dutch part),AMRO,44,10809,0,87,10722
2022-08-28,SX,Sint Maarten (Dutch part),AMRO,0,10809,0,87,10722
2022-09-04,SX,Sint Maarten (Dutch part),AMRO,27,10836,0,87,10749
2022-09-11,SX,Sint Maarten (Dutch part),AMRO,11,10847,0,87,10760
2022-09-18,SX,Sint Maarten (Dutch part),AMRO,8,10855,0,87,10768
2022-09-25,SX,Sint Maarten (Dutch part),AMRO,0,10855,0,87,10768
2022-10-02,SX,Sint Maarten (Dutch part),AMRO,8,10863,0,87,10776
2022-10-09,SX,Sint Maarten (Dutch part),AMRO,2,10865,0,87,10778
2022-10-16,SX,Sint Maarten (Dutch part),AMRO,11,10876,0,87,10789
2022-10-23,SX,Sint Maarten (Dutch part),AMRO,32,10908,0,87,10821
2022-10-30,SX,Sint Maarten (Dutch part),AMRO,14,10922,1,88,10834
2022-11-06,SX,Sint Maarten (Dutch part),AMRO,9,10931,1,89,10842
2022-11-13,SX,Sint Maarten (Dutch part),AMRO,0,10931,0,89,10842
2022-11-20,SX,Sint Maarten (Dutch part),AMRO,12,10943,0,89,10854
2022-11-27,SX,Sint Maarten (Dutch part),AMRO,6,10949,0,89,10860
2022-12-04,SX,Sint Maarten (Dutch part),AMRO,5,10954,0,89,10865
2022-12-11,SX,Sint Maarten (Dutch part),AMRO,0,10954,0,89,10865
2022-12-18,SX,Sint Maarten (Dutch part),AMRO,10,10964,0,89,10875
2022-12-25,SX,Sint Maarten (Dutch part),AMRO,24,10988,0,89,10899
2023-01-01,SX,Sint Maarten (Dutch part),AMRO,4,10992,0,89,10903
2023-01-08,SX,Sint Maarten (Dutch part),AMRO,0,10992,0,89,10903
2023-01-15,SX,Sint Maarten (Dutch part),AMRO,13,11005,0,89,10916
2023-01-22,SX,Sint Maarten (Dutch part),AMRO,5,11010,0,89,10921
2023-01-29,SX,Sint Maarten (Dutch part),AMRO,0,11010,0,89,10921
2023-02-05,SX,Sint Maarten (Dutch part),AMRO,4,11014,1,90,10924
2023-02-12,SX,Sint Maarten (Dutch part),AMRO,2,11016,0,90,10926
2023-02-19,SX,Sint Maarten (Dutch part),AMRO,0,11016,0,90,10926
2023-02-26,SX,Sint Maarten (Dutch part),AMRO,4,11020,0,90,10930
2023-03-05,SX,Sint Maarten (Dutch part),AMRO,0,11020,0,90,10930
2023-03-12,SX,Sint Maarten (Dutch part),AMRO,3,11023,2,92,10931
2023-03-19,SX,Sint Maarten (Dutch part),AMRO,3,11026,0,92,10934
2023-03-26,SX,Sint Maarten (Dutch part),AMRO,3,11029,0,92,10937
2023-04-02,SX,Sint Maarten (Dutch part),AMRO,1,11030,0,92,10938
2023-04-09,SX,Sint Maarten (Dutch part),AMRO,0,11030,0,92,10938
2023-04-16,SX,Sint Maarten (Dutch part),AMRO,0,11030,0,92,10938
2023-04-23,SX,Sint Maarten (Dutch part),AMRO,0,11030,0,92,10938
2023-04-30,SX,Sint Maarten (Dutch part),AMRO,0,11030,0,92,10938
2023-05-07,SX,Sint Maarten (Dutch part),AMRO,0,11030,0,92,10938
2023-05-14,SX,Sint Maarten (Dutch part),AMRO,0,11030,0,92,10938
2023-05-21,SX,Sint Maarten (Dutch part),AMRO,0,11030,0,92,10938
2023-05-28,SX,Sint Maarten (Dutch part),AMRO,0,11030,0,92,10938
2023-06-04,SX,Sint Maarten (Dutch part),AMRO,21,11051,0,92,10959
2023-06-11,SX,Sint Maarten (Dutch part),AMRO,0,11051,0,92,10959
2023-06-18,SX,Sint Maarten (Dutch part),AMRO,0,11051,0,92,10959
2023-06-25,SX,Sint Maarten (Dutch part),AMRO,0,11051,0,92,10959
2023-07-02,SX,Sint Maarten (Dutch part),AMRO,0,11051,0,92,10959
2023-07-09,SX,Sint Maarten (Dutch part),AMRO,0,11051,0,92,10959
2023-07-16,SX,Sint Maarten (Dutch part),AMRO,0,11051,0,92,10959
2023-07-23,SX,Sint Maarten (Dutch part),AMRO,0,11051,0,92,10959
2023-07-30,SX,Sint Maarten (Dutch part),AMRO,0,11051,0,92,10959
2023-08-06,SX,Sint Maarten (Dutch part),AMRO,0,11051,0,92,10959
2023-08-13,SX,Sint Maarten (Dutch part),AMRO,0,11051,0,92,10959
2023-08-20,SX,Sint Maarten (Dutch part),AMRO,0,11051,0,92,10959
2023-08-27,SX,Sint Maarten (Dutch part),AMRO,0,11051,0,92,10959
2023-09-03,SX,Sint Maarten (Dutch part),AMRO,0,11051,0,92,10959
2023-09-10,SX,Sint Maarten (Dutch part),AMRO,0,11051,0,92,10959
2023-09-17,SX,Sint Maarten (Dutch part),AMRO,0,11051,0,92,10959
2023-09-24,SX,Sint Maarten (Dutch part),AMRO,0,11051,0,92,10959
2023-10-01,SX,Sint Maarten (Dutch part),AMRO,0,11051,0,92,10959
2023-10-08,SX,Sint Maarten (Dutch part),AMRO,0,11051,0,92,10959
2023-10-15,SX,Sint Maarten (Dutch part),AMRO,0,11051,0,92,10959
2023-10-22,SX,Sint Maarten (Dutch part),AMRO,0,11051,0,92,10959
2023-10-29,SX,Sint Maarten (Dutch part),AMRO,0,11051,0,92,10959
2023-11-05,SX,Sint Maarten (Dutch part),AMRO,0,11051,0,92,10959
2023-11-12,SX,Sint Maarten (Dutch part),AMRO,0,11051,0,92,10959
2023-11-19,SX,Sint Maarten (Dutch part),AMRO,0,11051,0,92,10959
2023-11-26,SX,Sint Maarten (Dutch part),AMRO,0,11051,0,92,10959
2023-12-03,SX,Sint Maarten (Dutch part),AMRO,0,11051,0,92,10959
2023-12-10,SX,Sint Maarten (Dutch part),AMRO,0,11051,0,92,10959
2023-12-17,SX,Sint Maarten (Dutch part),AMRO,0,11051,0,92,10959
2023-12-24,SX,Sint Maarten (Dutch part),AMRO,0,11051,0,92,10959
2023-12-31,SX,Sint Maarten (Dutch part),AMRO,0,11051,0,92,10959
2024-01-07,SX,Sint Maarten (Dutch part),AMRO,0,11051,0,92,10959
2024-01-14,SX,Sint Maarten (Dutch part),AMRO,0,11051,0,92,10959
2024-01-21,SX,Sint Maarten (Dutch part),AMRO,0,11051,0,92,10959
2024-01-28,SX,Sint Maarten (Dutch part),AMRO,0,11051,0,92,10959
2024-02-04,SX,Sint Maarten (Dutch part),AMRO,0,11051,0,92,10959
2024-02-11,SX,Sint Maarten (Dutch part),AMRO,0,11051,0,92,10959
2024-02-18,SX,Sint Maarten (Dutch part),AMRO,0,11051,0,92,10959
2024-02-25,SX,Sint Maarten (Dutch part),AMRO,0,11051,0,92,10959
2024-03-03,SX,Sint Maarten (Dutch part),AMRO,0,11051,0,92,10959
2024-03-10,SX,Sint Maarten (Dutch part),AMRO,0,11051,0,92,10959
2024-03-17,SX,Sint Maarten (Dutch part),AMRO,0,11051,0,92,10959
2024-03-24,SX,Sint Maarten (Dutch part),AMRO,0,11051,0,92,10959
2024-03-31,SX,Sint Maarten (Dutch part),AMRO,0,11051,0,92,10959
2024-04-07,SX,Sint Maarten (Dutch part),AMRO,0,11051,0,92,10959
2024-04-14,SX,Sint Maarten (Dutch part),AMRO,0,11051,0,92,10959
2024-04-21,SX,Sint Maarten (Dutch part),AMRO,0,11051,0,92,10959
2024-04-28,SX,Sint Maarten (Dutch part),AMRO,0,11051,0,92,10959
2024-05-05,SX,Sint Maarten (Dutch part),AMRO,0,11051,0,92,10959
2024-05-12,SX,Sint Maarten (Dutch part),AMRO,0,11051,0,92,10959
2024-05-19,SX,Sint Maarten (Dutch part),AMRO,0,11051,0,92,10959
2024-05-26,SX,Sint Maarten (Dutch part),AMRO,0,11051,0,92,10959
2024-06-02,SX,Sint Maarten (Dutch part),AMRO,0,11051,0,92,10959
2024-06-09,SX,Sint Maarten (Dutch part),AMRO,0,11051,0,92,10959
2024-06-16,SX,Sint Maarten (Dutch part),AMRO,0,11051,0,92,10959
2024-06-23,SX,Sint Maarten (Dutch part),AMRO,0,11051,0,92,10959
2024-06-30,SX,Sint Maarten (Dutch part),AMRO,0,11051,0,92,10959
2024-07-07,SX,Sint Maarten (Dutch part),AMRO,0,11051,0,92,10959
2024-07-14,SX,Sint Maarten (Dutch part),AMRO,0,11051,0,92,10959
2024-07-21,SX,Sint Maarten (Dutch part),AMRO,0,11051,0,92,10959
2024-07-28,SX,Sint Maarten (Dutch part),AMRO,0,11051,0,92,10959
2024-08-04,SX,Sint Maarten (Dutch part),AMRO,0,11051,0,92,10959
2024-08-11,SX,Sint Maarten (Dutch part),AMRO,0,11051,0,92,10959
2024-08-18,SX,Sint Maarten (Dutch part),AMRO,0,11051,0,92,10959
2024-08-25,SX,Sint Maarten (Dutch part),AMRO,0,11051,0,92,10959
2024-09-01,SX,Sint Maarten (Dutch part),AMRO,0,11051,0,92,10959
2024-09-08,SX,Sint Maarten (Dutch part),AMRO,0,11051,0,92,10959
2024-09-15,SX,Sint Maarten (Dutch part),AMRO,0,11051,0,92,10959
2024-09-22,SX,Sint Maarten (Dutch part),AMRO,0,11051,0,92,10959
2024-09-29,SX,Sint Maarten (Dutch part),AMRO,0,11051,0,92,10959
2024-10-06,SX,Sint Maarten (Dutch part),AMRO,0,11051,0,92,10959
2024-10-13,SX,Sint Maarten (Dutch part),AMRO,0,11051,0,92,10959
2024-10-20,SX,Sint Maarten (Dutch part),AMRO,0,11051,0,92,10959
2024-10-27,SX,Sint Maarten (Dutch part),AMRO,0,11051,0,92,10959
2024-11-03,SX,Sint Maarten (Dutch part),AMRO,0,11051,0,92,10959
2024-11-10,SX,Sint Maarten (Dutch part),AMRO,0,11051,0,92,10959
2024-11-17,SX,Sint Maarten (Dutch part),AMRO,0,11051,0,92,10959
2020-01-05,SK,Slovakia,EURO,0,0,0,0,0
2020-01-12,SK,Slovakia,EURO,0,0,0,0,0
2020-01-19,SK,Slovakia,EURO,0,0,0,0,0
2020-01-26,SK,Slovakia,EURO,0,0,0,0,0
2020-02-02,SK,Slovakia,EURO,0,0,0,0,0
2020-02-09,SK,Slovakia,EURO,0,0,0,0,0
2020-02-16,SK,Slovakia,EURO,0,0,0,0,0
2020-02-23,SK,Slovakia,EURO,0,0,0,0,0
2020-03-01,SK,Slovakia,EURO,0,0,0,0,0
2020-03-08,SK,Slovakia,EURO,3,3,0,0,3
2020-03-15,SK,Slovakia,EURO,41,44,0,0,44
2020-03-22,SK,Slovakia,EURO,134,178,0,0,178
2020-03-29,SK,Slovakia,EURO,136,314,0,0,314
2020-04-05,SK,Slovakia,EURO,171,485,1,1,484
2020-04-12,SK,Slovakia,EURO,257,742,1,2,740
2020-04-19,SK,Slovakia,EURO,419,1161,10,12,1149
2020-04-26,SK,Slovakia,EURO,218,1379,6,18,1361
2020-05-03,SK,Slovakia,EURO,29,1408,6,24,1384
2020-05-10,SK,Slovakia,EURO,49,1457,2,26,1431
2020-05-17,SK,Slovakia,EURO,37,1494,2,28,1466
2020-05-24,SK,Slovakia,EURO,15,1509,0,28,1481
2020-05-31,SK,Slovakia,EURO,12,1521,0,28,1493
2020-06-07,SK,Slovakia,EURO,7,1528,0,28,1500
2020-06-14,SK,Slovakia,EURO,20,1548,0,28,1520
2020-06-21,SK,Slovakia,EURO,39,1587,0,28,1559
2020-06-28,SK,Slovakia,EURO,77,1664,0,28,1636
2020-07-05,SK,Slovakia,EURO,100,1764,0,28,1736
2020-07-12,SK,Slovakia,EURO,137,1901,0,28,1873
2020-07-19,SK,Slovakia,EURO,78,1979,0,28,1951
2020-07-26,SK,Slovakia,EURO,200,2179,0,28,2151
2020-08-02,SK,Slovakia,EURO,165,2344,1,29,2315
2020-08-09,SK,Slovakia,EURO,252,2596,2,31,2565
2020-08-16,SK,Slovakia,EURO,306,2902,0,31,2871
2020-08-23,SK,Slovakia,EURO,454,3356,2,33,3323
2020-08-30,SK,Slovakia,EURO,520,3876,0,33,3843
2020-09-06,SK,Slovakia,EURO,738,4614,4,37,4577
2020-09-13,SK,Slovakia,EURO,918,5532,1,38,5494
2020-09-20,SK,Slovakia,EURO,1145,6677,1,39,6638
2020-09-27,SK,Slovakia,EURO,2401,9078,5,44,9034
2020-10-04,SK,Slovakia,EURO,4061,13139,11,55,13084
2020-10-11,SK,Slovakia,EURO,6712,19851,6,61,19790
2020-10-18,SK,Slovakia,EURO,9984,29835,27,88,29747
2020-10-25,SK,Slovakia,EURO,14008,43843,71,159,43684
2020-11-01,SK,Slovakia,EURO,16103,59946,60,219,59727
2020-11-08,SK,Slovakia,EURO,15549,75495,132,351,75144
2020-11-15,SK,Slovakia,EURO,11272,86767,159,510,86257
2020-11-22,SK,Slovakia,EURO,9474,96241,161,671,95570
2020-11-29,SK,Slovakia,EURO,9492,105733,145,816,104917
2020-12-06,SK,Slovakia,EURO,10998,116731,180,996,115735
2020-12-13,SK,Slovakia,EURO,16253,132984,179,1175,131809
2020-12-20,SK,Slovakia,EURO,18352,151336,380,1555,149781
2020-12-27,SK,Slovakia,EURO,16187,167523,218,1773,165750
2021-01-03,SK,Slovakia,EURO,19940,187463,544,2317,185146
2021-01-10,SK,Slovakia,EURO,20746,208209,601,2918,205291
2021-01-17,SK,Slovakia,EURO,15116,223325,556,3474,219851
2021-01-24,SK,Slovakia,EURO,13151,236476,594,4068,232408
2021-01-31,SK,Slovakia,EURO,13437,249913,574,4642,245271
2021-02-07,SK,Slovakia,EURO,13413,263326,557,5199,258127
2021-02-14,SK,Slovakia,EURO,14356,277682,686,5885,271797
2021-02-21,SK,Slovakia,EURO,14461,292143,620,6505,285638
2021-02-28,SK,Slovakia,EURO,15940,308083,684,7189,300894
2021-03-07,SK,Slovakia,EURO,15307,323390,647,7836,315554
2021-03-14,SK,Slovakia,EURO,14113,337503,692,8528,328975
2021-03-21,SK,Slovakia,EURO,11366,348869,516,9044,339825
2021-03-28,SK,Slovakia,EURO,9041,357910,452,9496,348414
2021-04-04,SK,Slovakia,EURO,7332,365242,529,10025,355217
2021-04-11,SK,Slovakia,EURO,5820,371062,540,10565,360497
2021-04-18,SK,Slovakia,EURO,4912,375974,541,11106,364868
2021-04-25,SK,Slovakia,EURO,3937,379911,389,11495,368416
2021-05-02,SK,Slovakia,EURO,3187,383098,271,11766,371332
2021-05-09,SK,Slovakia,EURO,2377,385475,253,12019,373456
2021-05-16,SK,Slovakia,EURO,2048,387523,205,12224,375299
2021-05-23,SK,Slovakia,EURO,1312,388835,68,12292,376543
2021-05-30,SK,Slovakia,EURO,855,389690,47,12339,377351
2021-06-06,SK,Slovakia,EURO,746,390436,65,12404,378032
2021-06-13,SK,Slovakia,EURO,590,391026,35,12439,378587
2021-06-20,SK,Slovakia,EURO,299,391325,53,12492,378833
2021-06-27,SK,Slovakia,EURO,226,391551,13,12505,379046
2021-07-04,SK,Slovakia,EURO,166,391717,8,12513,379204
2021-07-11,SK,Slovakia,EURO,201,391918,6,12519,379399
2021-07-18,SK,Slovakia,EURO,182,392100,5,12524,379576
2021-07-25,SK,Slovakia,EURO,248,392348,10,12534,379814
2021-08-01,SK,Slovakia,EURO,356,392704,6,12540,380164
2021-08-08,SK,Slovakia,EURO,336,393040,1,12541,380499
2021-08-15,SK,Slovakia,EURO,489,393529,3,12544,380985
2021-08-22,SK,Slovakia,EURO,553,394082,3,12547,381535
2021-08-29,SK,Slovakia,EURO,660,394742,1,12548,382194
2021-09-05,SK,Slovakia,EURO,1338,396080,1,12549,383531
2021-09-12,SK,Slovakia,EURO,2610,398690,9,12558,386132
2021-09-19,SK,Slovakia,EURO,4118,402808,11,12569,390239
2021-09-26,SK,Slovakia,EURO,5680,408488,27,12596,395892
2021-10-03,SK,Slovakia,EURO,7505,415993,72,12668,403325
2021-10-10,SK,Slovakia,EURO,9576,425569,63,12731,412838
2021-10-17,SK,Slovakia,EURO,11815,437384,115,12846,424538
2021-10-24,SK,Slovakia,EURO,19054,456438,57,12903,443535
2021-10-31,SK,Slovakia,EURO,27335,483773,131,13034,470739
2021-11-07,SK,Slovakia,EURO,34862,518635,195,13229,505406
2021-11-14,SK,Slovakia,EURO,41465,560100,308,13537,546563
2021-11-21,SK,Slovakia,EURO,50040,610140,324,13861,596279
2021-11-28,SK,Slovakia,EURO,57821,667961,413,14274,653687
2021-12-05,SK,Slovakia,EURO,61514,729475,552,14826,714649
2021-12-12,SK,Slovakia,EURO,45382,774857,528,15354,759503
2021-12-19,SK,Slovakia,EURO,31258,806115,660,16014,790101
2021-12-26,SK,Slovakia,EURO,19514,825629,384,16398,809231
2022-01-02,SK,Slovakia,EURO,18980,844609,303,16701,827908
2022-01-09,SK,Slovakia,EURO,18353,862962,261,16962,846000
2022-01-16,SK,Slovakia,EURO,16694,879656,338,17300,862356
2022-01-23,SK,Slovakia,EURO,38262,917918,343,17643,900275
2022-01-30,SK,Slovakia,EURO,82427,1000345,174,17817,982528
2022-02-06,SK,Slovakia,EURO,116710,1117055,141,17958,1099097
2022-02-13,SK,Slovakia,EURO,124066,1241121,137,18095,1223026
2022-02-20,SK,Slovakia,EURO,113227,1354348,145,18240,1336108
2022-02-27,SK,Slovakia,EURO,87846,1442194,213,18453,1423741
2022-03-06,SK,Slovakia,EURO,67300,1509494,234,18687,1490807
2022-03-13,SK,Slovakia,EURO,63617,1573111,231,18918,1554193
2022-03-20,SK,Slovakia,EURO,61558,1634669,192,19110,1615559
2022-03-27,SK,Slovakia,EURO,52756,1687425,160,19270,1668155
2022-04-03,SK,Slovakia,EURO,38062,1725487,147,19417,1706070
2022-04-10,SK,Slovakia,EURO,25054,1750541,156,19573,1730968
2022-04-17,SK,Slovakia,EURO,13454,1763995,168,19741,1744254
2022-04-24,SK,Slovakia,EURO,10813,1774808,98,19839,1754969
2022-05-01,SK,Slovakia,EURO,6884,1781692,78,19917,1761775
2022-05-08,SK,Slovakia,EURO,3441,1785133,61,19978,1765155
2022-05-15,SK,Slovakia,EURO,1960,1787093,63,20041,1767052
2022-05-22,SK,Slovakia,EURO,1359,1788452,39,20080,1768372
2022-05-29,SK,Slovakia,EURO,985,1789437,17,20097,1769340
2022-06-05,SK,Slovakia,EURO,791,1790228,7,20104,1770124
2022-06-12,SK,Slovakia,EURO,964,1791192,12,20116,1771076
2022-06-19,SK,Slovakia,EURO,1125,1792317,17,20133,1772184
2022-06-26,SK,Slovakia,EURO,1994,1794311,9,20142,1774169
2022-07-03,SK,Slovakia,EURO,3094,1797405,9,20151,1777254
2022-07-10,SK,Slovakia,EURO,3633,1801038,9,20160,1780878
2022-07-17,SK,Slovakia,EURO,5052,1806090,12,20172,1785918
2022-07-24,SK,Slovakia,EURO,5960,1812050,25,20197,1791853
2022-07-31,SK,Slovakia,EURO,5729,1817779,26,20223,1797556
2022-08-07,SK,Slovakia,EURO,5480,1823259,36,20259,1803000
2022-08-14,SK,Slovakia,EURO,4452,1827711,44,20303,1807408
2022-08-21,SK,Slovakia,EURO,3341,1831052,30,20333,1810719
2022-08-28,SK,Slovakia,EURO,2639,1833691,15,20348,1813343
2022-09-04,SK,Slovakia,EURO,1586,1835277,15,20363,1814914
2022-09-11,SK,Slovakia,EURO,1946,1837223,39,20402,1816821
2022-09-18,SK,Slovakia,EURO,1933,1839156,34,20436,1818720
2022-09-25,SK,Slovakia,EURO,2346,1841502,12,20448,1821054
2022-10-02,SK,Slovakia,EURO,2898,1844400,13,20461,1823939
2022-10-09,SK,Slovakia,EURO,2846,1847246,17,20478,1826768
2022-10-16,SK,Slovakia,EURO,2281,1849527,33,20511,1829016
2022-10-23,SK,Slovakia,EURO,1756,1851283,46,20557,1830726
2022-10-30,SK,Slovakia,EURO,1269,1852552,44,20601,1831951
2022-11-06,SK,Slovakia,EURO,997,1853549,34,20635,1832914
2022-11-13,SK,Slovakia,EURO,822,1854371,41,20676,1833695
2022-11-20,SK,Slovakia,EURO,628,1854999,35,20711,1834288
2022-11-27,SK,Slovakia,EURO,665,1855664,18,20729,1834935
2022-12-04,SK,Slovakia,EURO,713,1856377,12,20741,1835636
2022-12-11,SK,Slovakia,EURO,812,1857189,20,20761,1836428
2022-12-18,SK,Slovakia,EURO,779,1857968,22,20783,1837185
2022-12-25,SK,Slovakia,EURO,719,1858687,20,20803,1837884
2023-01-01,SK,Slovakia,EURO,549,1859236,20,20823,1838413
2023-01-08,SK,Slovakia,EURO,456,1859692,22,20845,1838847
2023-01-15,SK,Slovakia,EURO,417,1860109,30,20875,1839234
2023-01-22,SK,Slovakia,EURO,330,1860439,31,20906,1839533
2023-01-29,SK,Slovakia,EURO,311,1860750,32,20938,1839812
2023-02-05,SK,Slovakia,EURO,362,1861112,23,20961,1840151
2023-02-12,SK,Slovakia,EURO,473,1861585,19,20980,1840605
2023-02-19,SK,Slovakia,EURO,555,1862140,16,20996,1841144
2023-02-26,SK,Slovakia,EURO,620,1862760,21,21017,1841743
2023-03-05,SK,Slovakia,EURO,638,1863398,13,21030,1842368
2023-03-12,SK,Slovakia,EURO,722,1864120,12,21042,1843078
2023-03-19,SK,Slovakia,EURO,511,1864631,21,21063,1843568
2023-03-26,SK,Slovakia,EURO,424,1865055,20,21083,1843972
2023-04-02,SK,Slovakia,EURO,442,1865497,27,21110,1844387
2023-04-09,SK,Slovakia,EURO,312,1865809,11,21121,1844688
2023-04-16,SK,Slovakia,EURO,262,1866071,23,21144,1844927
2023-04-23,SK,Slovakia,EURO,237,1866308,20,21164,1845144
2023-04-30,SK,Slovakia,EURO,4,1866312,3,21167,1845145
2023-05-07,SK,Slovakia,EURO,158,1866470,0,21167,1845303
2023-05-14,SK,Slovakia,EURO,177,1866647,0,21167,1845480
2023-05-21,SK,Slovakia,EURO,98,1866745,0,21167,1845578
2023-05-28,SK,Slovakia,EURO,69,1866814,0,21167,1845647
2023-06-04,SK,Slovakia,EURO,43,1866857,0,21167,1845690
2023-06-11,SK,Slovakia,EURO,0,1866857,0,21167,1845690
2023-06-18,SK,Slovakia,EURO,0,1866857,0,21167,1845690
2023-06-25,SK,Slovakia,EURO,0,1866857,0,21167,1845690
2023-07-02,SK,Slovakia,EURO,0,1866857,0,21167,1845690
2023-07-09,SK,Slovakia,EURO,0,1866857,0,21167,1845690
2023-07-16,SK,Slovakia,EURO,0,1866857,0,21167,1845690
2023-07-23,SK,Slovakia,EURO,30,1866887,0,21167,1845720
2023-07-30,SK,Slovakia,EURO,11,1866898,0,21167,1845731
2023-08-06,SK,Slovakia,EURO,10,1866908,0,21167,1845741
2023-08-13,SK,Slovakia,EURO,182,1867090,0,21167,1845923
2023-08-20,SK,Slovakia,EURO,27,1867117,0,21167,1845950
2023-08-27,SK,Slovakia,EURO,31,1867148,0,21167,1845981
2023-09-03,SK,Slovakia,EURO,54,1867202,0,21167,1846035
2023-09-10,SK,Slovakia,EURO,39,1867241,0,21167,1846074
2023-09-17,SK,Slovakia,EURO,82,1867323,0,21167,1846156
2023-09-24,SK,Slovakia,EURO,98,1867421,0,21167,1846254
2023-10-01,SK,Slovakia,EURO,104,1867525,0,21167,1846358
2023-10-08,SK,Slovakia,EURO,122,1867647,0,21167,1846480
2023-10-15,SK,Slovakia,EURO,152,1867799,0,21167,1846632
2023-10-22,SK,Slovakia,EURO,134,1867933,0,21167,1846766
2023-10-29,SK,Slovakia,EURO,178,1868111,0,21167,1846944
2023-11-05,SK,Slovakia,EURO,481,1868592,6,21173,1847419
2023-11-12,SK,Slovakia,EURO,509,1869101,3,21176,1847925
2023-11-19,SK,Slovakia,EURO,489,1869590,4,21180,1848410
2023-11-26,SK,Slovakia,EURO,669,1870259,2,21182,1849077
2023-12-03,SK,Slovakia,EURO,840,1871099,3,21185,1849914
2023-12-10,SK,Slovakia,EURO,1113,1872212,6,21191,1851021
2023-12-17,SK,Slovakia,EURO,1274,1873486,6,21197,1852289
2023-12-24,SK,Slovakia,EURO,1317,1874803,4,21201,1853602
2023-12-31,SK,Slovakia,EURO,726,1875529,6,21207,1854322
2024-01-07,SK,Slovakia,EURO,510,1876039,5,21212,1854827
2024-01-14,SK,Slovakia,EURO,423,1876462,6,21218,1855244
2024-01-21,SK,Slovakia,EURO,378,1876840,1,21219,1855621
2024-01-28,SK,Slovakia,EURO,246,1877086,1,21220,1855866
2024-02-04,SK,Slovakia,EURO,189,1877275,2,21222,1856053
2024-02-11,SK,Slovakia,EURO,133,1877408,0,21222,1856186
2024-02-18,SK,Slovakia,EURO,90,1877498,2,21224,1856274
2024-02-25,SK,Slovakia,EURO,55,1877553,0,21224,1856329
2024-03-03,SK,Slovakia,EURO,39,1877592,1,21225,1856367
2024-03-10,SK,Slovakia,EURO,42,1877634,0,21225,1856409
2024-03-17,SK,Slovakia,EURO,28,1877662,1,21226,1856436
2024-03-24,SK,Slovakia,EURO,32,1877694,0,21226,1856468
2024-03-31,SK,Slovakia,EURO,11,1877705,0,21226,1856479
2024-04-07,SK,Slovakia,EURO,12,1877717,0,21226,1856491
2024-04-14,SK,Slovakia,EURO,9,1877726,0,21226,1856500
2024-04-21,SK,Slovakia,EURO,3,1877729,0,21226,1856503
2024-04-28,SK,Slovakia,EURO,12,1877741,0,21226,1856515
2024-05-05,SK,Slovakia,EURO,9,1877750,0,21226,1856524
2024-05-12,SK,Slovakia,EURO,4,1877754,0,21226,1856528
2024-05-19,SK,Slovakia,EURO,7,1877761,0,21226,1856535
2024-05-26,SK,Slovakia,EURO,6,1877767,0,21226,1856541
2024-06-02,SK,Slovakia,EURO,8,1877775,0,21226,1856549
2024-06-09,SK,Slovakia,EURO,11,1877786,0,21226,1856560
2024-06-16,SK,Slovakia,EURO,11,1877797,0,21226,1856571
2024-06-23,SK,Slovakia,EURO,12,1877809,0,21226,1856583
2024-06-30,SK,Slovakia,EURO,9,1877818,0,21226,1856592
2024-07-07,SK,Slovakia,EURO,21,1877839,0,21226,1856613
2024-07-14,SK,Slovakia,EURO,29,1877868,0,21226,1856642
2024-07-21,SK,Slovakia,EURO,30,1877898,1,21227,1856671
2024-07-28,SK,Slovakia,EURO,47,1877945,0,21227,1856718
2024-08-04,SK,Slovakia,EURO,66,1878011,2,21229,1856782
2024-08-11,SK,Slovakia,EURO,103,1878114,0,21229,1856885
2024-08-18,SK,Slovakia,EURO,158,1878272,0,21229,1857043
2024-08-25,SK,Slovakia,EURO,175,1878447,0,21229,1857218
2024-09-01,SK,Slovakia,EURO,175,1878622,0,21229,1857393
2024-09-08,SK,Slovakia,EURO,250,1878872,1,21230,1857642
2024-09-15,SK,Slovakia,EURO,393,1879265,0,21230,1858035
2024-09-22,SK,Slovakia,EURO,617,1879882,1,21231,1858651
2024-09-29,SK,Slovakia,EURO,796,1880678,0,21231,1859447
2024-10-06,SK,Slovakia,EURO,975,1881653,4,21235,1860418
2024-10-13,SK,Slovakia,EURO,867,1882520,10,21245,1861275
2024-10-20,SK,Slovakia,EURO,752,1883272,5,21250,1862022
2024-10-27,SK,Slovakia,EURO,625,1883897,0,21250,1862647
2024-11-03,SK,Slovakia,EURO,360,1884257,3,21253,1863004
2024-11-10,SK,Slovakia,EURO,289,1884546,4,21257,1863289
2024-11-17,SK,Slovakia,EURO,188,1884734,0,21257,1863477
2020-01-05,SI,Slovenia,EURO,0,0,0,0,0
2020-01-12,SI,Slovenia,EURO,0,0,0,0,0
2020-01-19,SI,Slovenia,EURO,0,0,0,0,0
2020-01-26,SI,Slovenia,EURO,0,0,0,0,0
2020-02-02,SI,Slovenia,EURO,0,0,0,0,0
2020-02-09,SI,Slovenia,EURO,0,0,0,0,0
2020-02-16,SI,Slovenia,EURO,0,0,0,0,0
2020-02-23,SI,Slovenia,EURO,0,0,0,0,0
2020-03-01,SI,Slovenia,EURO,0,0,0,0,0
2020-03-08,SI,Slovenia,EURO,20,20,0,0,20
2020-03-15,SI,Slovenia,EURO,230,250,1,1,249
2020-03-22,SI,Slovenia,EURO,192,442,1,2,440
2020-03-29,SI,Slovenia,EURO,315,757,11,13,744
2020-04-05,SI,Slovenia,EURO,264,1021,20,33,988
2020-04-12,SI,Slovenia,EURO,192,1213,28,61,1152
2020-04-19,SI,Slovenia,EURO,123,1336,22,83,1253
2020-04-26,SI,Slovenia,EURO,67,1403,7,90,1313
2020-05-03,SI,Slovenia,EURO,36,1439,15,105,1334
2020-05-10,SI,Slovenia,EURO,21,1460,5,110,1350
2020-05-17,SI,Slovenia,EURO,6,1466,1,111,1355
2020-05-24,SI,Slovenia,EURO,3,1469,2,113,1356
2020-05-31,SI,Slovenia,EURO,4,1473,0,113,1360
2020-06-07,SI,Slovenia,EURO,12,1485,1,114,1371
2020-06-14,SI,Slovenia,EURO,11,1496,0,114,1382
2020-06-21,SI,Slovenia,EURO,25,1521,0,114,1407
2020-06-28,SI,Slovenia,EURO,63,1584,0,114,1470
2020-07-05,SI,Slovenia,EURO,132,1716,0,114,1602
2020-07-12,SI,Slovenia,EURO,134,1850,0,114,1736
2020-07-19,SI,Slovenia,EURO,104,1954,1,115,1839
2020-07-26,SI,Slovenia,EURO,134,2088,4,119,1969
2020-08-02,SI,Slovenia,EURO,94,2182,5,124,2058
2020-08-09,SI,Slovenia,EURO,74,2256,6,130,2126
2020-08-16,SI,Slovenia,EURO,174,2430,1,131,2299
2020-08-23,SI,Slovenia,EURO,236,2666,2,133,2533
2020-08-30,SI,Slovenia,EURO,218,2884,0,133,2751
2020-09-06,SI,Slovenia,EURO,307,3191,1,134,3057
2020-09-13,SI,Slovenia,EURO,559,3750,3,137,3613
2020-09-20,SI,Slovenia,EURO,721,4471,8,145,4326
2020-09-27,SI,Slovenia,EURO,919,5390,10,155,5235
2020-10-04,SI,Slovenia,EURO,1186,6576,7,162,6414
2020-10-11,SI,Slovenia,EURO,2258,8834,17,179,8655
2020-10-18,SI,Slovenia,EURO,4852,13686,34,213,13473
2020-10-25,SI,Slovenia,EURO,10427,24113,76,289,23824
2020-11-01,SI,Slovenia,EURO,12106,36219,153,442,35777
2020-11-08,SI,Slovenia,EURO,9437,45656,204,646,45010
2020-11-15,SI,Slovenia,EURO,9927,55583,270,916,54667
2020-11-22,SI,Slovenia,EURO,10215,65798,291,1207,64591
2020-11-29,SI,Slovenia,EURO,10073,75871,362,1569,74302
2020-12-06,SI,Slovenia,EURO,10459,86330,404,1973,84357
2020-12-13,SI,Slovenia,EURO,10455,96785,353,2326,94459
2020-12-20,SI,Slovenia,EURO,9517,106302,298,2624,103678
2020-12-27,SI,Slovenia,EURO,9109,115411,257,2881,112530
2021-01-03,SI,Slovenia,EURO,10550,125961,248,3129,122832
2021-01-10,SI,Slovenia,EURO,13866,139827,201,3330,136497
2021-01-17,SI,Slovenia,EURO,9749,149576,191,3521,146055
2021-01-24,SI,Slovenia,EURO,8703,158279,187,3708,154571
2021-01-31,SI,Slovenia,EURO,8642,166921,149,3857,163064
2021-02-07,SI,Slovenia,EURO,7100,174021,119,3976,170045
2021-02-14,SI,Slovenia,EURO,5716,179737,91,4067,175670
2021-02-21,SI,Slovenia,EURO,5261,184998,41,4108,180890
2021-02-28,SI,Slovenia,EURO,5427,190425,66,4174,186251
2021-03-07,SI,Slovenia,EURO,5370,195795,38,4212,191583
2021-03-14,SI,Slovenia,EURO,4876,200671,46,4258,196413
2021-03-21,SI,Slovenia,EURO,5797,206468,49,4307,202161
2021-03-28,SI,Slovenia,EURO,6659,213127,53,4360,208767
2021-04-04,SI,Slovenia,EURO,7472,220599,61,4421,216178
2021-04-11,SI,Slovenia,EURO,6378,226977,44,4465,222512
2021-04-18,SI,Slovenia,EURO,5523,232500,46,4511,227989
2021-04-25,SI,Slovenia,EURO,4851,237351,55,4566,232785
2021-05-02,SI,Slovenia,EURO,4680,242031,52,4618,237413
2021-05-09,SI,Slovenia,EURO,4280,246311,31,4649,241662
2021-05-16,SI,Slovenia,EURO,3196,249507,29,4678,244829
2021-05-23,SI,Slovenia,EURO,2351,251858,19,4697,247161
2021-05-30,SI,Slovenia,EURO,1955,253813,19,4716,249097
2021-06-06,SI,Slovenia,EURO,1711,255524,14,4730,250794
2021-06-13,SI,Slovenia,EURO,1033,256557,20,4750,251807
2021-06-20,SI,Slovenia,EURO,532,257089,9,4759,252330
2021-06-27,SI,Slovenia,EURO,251,257340,6,4765,252575
2021-07-04,SI,Slovenia,EURO,177,257517,1,4766,252751
2021-07-11,SI,Slovenia,EURO,387,257904,8,4774,253130
2021-07-18,SI,Slovenia,EURO,377,258281,0,4774,253507
2021-07-25,SI,Slovenia,EURO,473,258754,1,4775,253979
2021-08-01,SI,Slovenia,EURO,631,259385,1,4776,254609
2021-08-08,SI,Slovenia,EURO,849,260234,1,4777,255457
2021-08-15,SI,Slovenia,EURO,1333,261567,0,4777,256790
2021-08-22,SI,Slovenia,EURO,2173,263740,9,4786,258954
2021-08-29,SI,Slovenia,EURO,3001,266741,10,4796,261945
2021-09-05,SI,Slovenia,EURO,3889,270630,8,4804,265826
2021-09-12,SI,Slovenia,EURO,5927,276557,21,4825,271732
2021-09-19,SI,Slovenia,EURO,7321,283878,36,4861,279017
2021-09-26,SI,Slovenia,EURO,6190,290068,45,4906,285162
2021-10-03,SI,Slovenia,EURO,6135,296203,54,4960,291243
2021-10-10,SI,Slovenia,EURO,5560,301763,50,5010,296753
2021-10-17,SI,Slovenia,EURO,6855,308618,35,5045,303573
2021-10-24,SI,Slovenia,EURO,12129,320747,52,5097,315650
2021-10-31,SI,Slovenia,EURO,16496,337243,75,5172,332071
2021-11-07,SI,Slovenia,EURO,20173,357416,104,5276,352140
2021-11-14,SI,Slovenia,EURO,22694,380110,128,5404,374706
2021-11-21,SI,Slovenia,EURO,22116,402226,142,5546,396680
2021-11-28,SI,Slovenia,EURO,16328,418554,148,5694,412860
2021-12-05,SI,Slovenia,EURO,12407,430961,135,5829,425132
2021-12-12,SI,Slovenia,EURO,9762,440723,114,5943,434780
2021-12-19,SI,Slovenia,EURO,8517,449240,85,6028,443212
2021-12-26,SI,Slovenia,EURO,7602,456842,61,6089,450753
2022-01-02,SI,Slovenia,EURO,10794,467636,64,6153,461483
2022-01-09,SI,Slovenia,EURO,25801,493437,57,6210,487227
2022-01-16,SI,Slovenia,EURO,45033,538470,51,6261,532209
2022-01-23,SI,Slovenia,EURO,73730,612200,84,6345,605855
2022-01-30,SI,Slovenia,EURO,98826,711026,119,6464,704562
2022-02-06,SI,Slovenia,EURO,89441,800467,173,6637,793830
2022-02-13,SI,Slovenia,EURO,51552,852019,167,6804,845215
2022-02-20,SI,Slovenia,EURO,28450,880469,185,6989,873480
2022-02-27,SI,Slovenia,EURO,12487,892956,151,7140,885816
2022-03-06,SI,Slovenia,EURO,11796,904752,101,7241,897511
2022-03-13,SI,Slovenia,EURO,14385,919137,80,7321,911816
2022-03-20,SI,Slovenia,EURO,19377,938514,64,7385,931129
2022-03-27,SI,Slovenia,EURO,19975,958489,50,7435,951054
2022-04-03,SI,Slovenia,EURO,17024,975513,60,7495,968018
2022-04-10,SI,Slovenia,EURO,12973,988486,56,7551,980935
2022-04-17,SI,Slovenia,EURO,9487,997973,51,7602,990371
2022-04-24,SI,Slovenia,EURO,6980,1004953,55,7657,997296
2022-05-01,SI,Slovenia,EURO,5976,1010929,40,7697,1003232
2022-05-08,SI,Slovenia,EURO,5157,1016086,42,7739,1008347
2022-05-15,SI,Slovenia,EURO,3804,1019890,31,7770,1012120
2022-05-22,SI,Slovenia,EURO,2754,1022644,18,7788,1014856
2022-05-29,SI,Slovenia,EURO,2024,1024668,11,7799,1016869
2022-06-05,SI,Slovenia,EURO,1735,1026403,13,7812,1018591
2022-06-12,SI,Slovenia,EURO,2006,1028409,9,7821,1020588
2022-06-19,SI,Slovenia,EURO,2853,1031262,7,7828,1023434
2022-06-26,SI,Slovenia,EURO,4205,1035467,4,7832,1027635
2022-07-03,SI,Slovenia,EURO,6062,1041529,11,7843,1033686
2022-07-10,SI,Slovenia,EURO,8766,1050295,20,7863,1042432
2022-07-17,SI,Slovenia,EURO,10756,1061051,24,7887,1053164
2022-07-24,SI,Slovenia,EURO,11499,1072550,53,7940,1064610
2022-07-31,SI,Slovenia,EURO,11465,1084015,47,7987,1076028
2022-08-07,SI,Slovenia,EURO,10282,1094297,50,8037,1086260
2022-08-14,SI,Slovenia,EURO,9878,1104175,51,8088,1096087
2022-08-21,SI,Slovenia,EURO,9473,1113648,34,8122,1105526
2022-08-28,SI,Slovenia,EURO,9414,1123062,41,8163,1114899
2022-09-04,SI,Slovenia,EURO,8906,1131968,28,8191,1123777
2022-09-11,SI,Slovenia,EURO,11450,1143418,23,8214,1135204
2022-09-18,SI,Slovenia,EURO,14454,1157872,33,8247,1149625
2022-09-25,SI,Slovenia,EURO,14000,1171872,21,8268,1163604
2022-10-02,SI,Slovenia,EURO,15885,1187757,37,8305,1179452
2022-10-09,SI,Slovenia,EURO,15708,1203465,49,8354,1195111
2022-10-16,SI,Slovenia,EURO,12986,1216451,49,8403,1208048
2022-10-23,SI,Slovenia,EURO,9803,1226254,49,8452,1217802
2022-10-30,SI,Slovenia,EURO,7447,1233701,34,8486,1225215
2022-11-06,SI,Slovenia,EURO,4567,1238268,33,8519,1229749
2022-11-13,SI,Slovenia,EURO,4362,1242630,22,8541,1234089
2022-11-20,SI,Slovenia,EURO,5422,1248052,22,8563,1239489
2022-11-27,SI,Slovenia,EURO,6877,1254929,27,8590,1246339
2022-12-04,SI,Slovenia,EURO,9278,1264207,34,8624,1255583
2022-12-11,SI,Slovenia,EURO,12161,1276368,41,8665,1267703
2022-12-18,SI,Slovenia,EURO,12766,1289134,61,8726,1280408
2022-12-25,SI,Slovenia,EURO,11669,1300803,75,8801,1292002
2023-01-01,SI,Slovenia,EURO,7698,1308501,70,8871,1299630
2023-01-08,SI,Slovenia,EURO,5940,1314441,71,8942,1305499
2023-01-15,SI,Slovenia,EURO,3281,1317722,52,8994,1308728
2023-01-22,SI,Slovenia,EURO,2025,1319747,50,9044,1310703
2023-01-29,SI,Slovenia,EURO,1621,1321368,32,9076,1312292
2023-02-05,SI,Slovenia,EURO,1384,1322752,11,9087,1313665
2023-02-12,SI,Slovenia,EURO,1238,1323990,18,9105,1314885
2023-02-19,SI,Slovenia,EURO,1653,1325643,18,9123,1316520
2023-02-26,SI,Slovenia,EURO,2046,1327689,25,9148,1318541
2023-03-05,SI,Slovenia,EURO,2355,1330044,13,9161,1320883
2023-03-12,SI,Slovenia,EURO,2843,1332887,16,9177,1323710
2023-03-19,SI,Slovenia,EURO,2888,1335775,23,9200,1326575
2023-03-26,SI,Slovenia,EURO,3044,1338819,27,9227,1329592
2023-04-02,SI,Slovenia,EURO,2432,1341251,17,9244,1332007
2023-04-09,SI,Slovenia,EURO,939,1342190,32,9276,1332914
2023-04-16,SI,Slovenia,EURO,559,1342749,20,9296,1333453
2023-04-23,SI,Slovenia,EURO,456,1343205,23,9319,1333886
2023-04-30,SI,Slovenia,EURO,309,1343514,20,9339,1334175
2023-05-07,SI,Slovenia,EURO,201,1343715,20,9359,1334356
2023-05-14,SI,Slovenia,EURO,182,1343897,18,9377,1334520
2023-05-21,SI,Slovenia,EURO,182,1344079,7,9384,1334695
2023-05-28,SI,Slovenia,EURO,191,1344270,9,9393,1334877
2023-06-04,SI,Slovenia,EURO,110,1344380,6,9399,1334981
2023-06-11,SI,Slovenia,EURO,85,1344465,7,9406,1335059
2023-06-18,SI,Slovenia,EURO,61,1344526,6,9412,1335114
2023-06-25,SI,Slovenia,EURO,36,1344562,10,9422,1335140
2023-07-02,SI,Slovenia,EURO,20,1344582,2,9424,1335158
2023-07-09,SI,Slovenia,EURO,27,1344609,2,9426,1335183
2023-07-16,SI,Slovenia,EURO,6,1344615,3,9429,1335186
2023-07-23,SI,Slovenia,EURO,24,1344639,1,9430,1335209
2023-07-30,SI,Slovenia,EURO,16,1344655,1,9431,1335224
2023-08-06,SI,Slovenia,EURO,24,1344679,2,9433,1335246
2023-08-13,SI,Slovenia,EURO,29,1344708,1,9434,1335274
2023-08-20,SI,Slovenia,EURO,61,1344769,3,9437,1335332
2023-08-27,SI,Slovenia,EURO,74,1344843,0,9437,1335406
2023-09-03,SI,Slovenia,EURO,92,1344935,3,9440,1335495
2023-09-10,SI,Slovenia,EURO,118,1345053,2,9442,1335611
2023-09-17,SI,Slovenia,EURO,152,1345205,7,9449,1335756
2023-09-24,SI,Slovenia,EURO,223,1345428,4,9453,1335975
2023-10-01,SI,Slovenia,EURO,348,1345776,7,9460,1336316
2023-10-08,SI,Slovenia,EURO,399,1346175,9,9469,1336706
2023-10-15,SI,Slovenia,EURO,487,1346662,14,9483,1337179
2023-10-22,SI,Slovenia,EURO,402,1347064,4,9487,1337577
2023-10-29,SI,Slovenia,EURO,0,1347064,0,9487,1337577
2023-11-05,SI,Slovenia,EURO,434,1347498,14,9501,1337997
2023-11-12,SI,Slovenia,EURO,489,1347987,10,9511,1338476
2023-11-19,SI,Slovenia,EURO,737,1348724,15,9526,1339198
2023-11-26,SI,Slovenia,EURO,843,1349567,29,9555,1340012
2023-12-03,SI,Slovenia,EURO,1096,1350663,29,9584,1341079
2023-12-10,SI,Slovenia,EURO,1142,1351805,25,9609,1342196
2023-12-17,SI,Slovenia,EURO,1105,1352910,24,9633,1343277
2023-12-24,SI,Slovenia,EURO,859,1353769,24,9657,1344112
2023-12-31,SI,Slovenia,EURO,648,1354417,33,9690,1344727
2024-01-07,SI,Slovenia,EURO,453,1354870,40,9730,1345140
2024-01-14,SI,Slovenia,EURO,268,1355138,46,9776,1345362
2024-01-21,SI,Slovenia,EURO,189,1355327,26,9802,1345525
2024-01-28,SI,Slovenia,EURO,145,1355472,22,9824,1345648
2024-02-04,SI,Slovenia,EURO,82,1355554,13,9837,1345717
2024-02-11,SI,Slovenia,EURO,94,1355648,11,9848,1345800
2024-02-18,SI,Slovenia,EURO,59,1355707,9,9857,1345850
2024-02-25,SI,Slovenia,EURO,48,1355755,9,9866,1345889
2024-03-03,SI,Slovenia,EURO,22,1355777,6,9872,1345905
2024-03-10,SI,Slovenia,EURO,30,1355807,2,9874,1345933
2024-03-17,SI,Slovenia,EURO,14,1355821,3,9877,1345944
2024-03-24,SI,Slovenia,EURO,14,1355835,2,9879,1345956
2024-03-31,SI,Slovenia,EURO,14,1355849,2,9881,1345968
2024-04-07,SI,Slovenia,EURO,13,1355862,4,9885,1345977
2024-04-14,SI,Slovenia,EURO,9,1355871,1,9886,1345985
2024-04-21,SI,Slovenia,EURO,5,1355876,1,9887,1345989
2024-04-28,SI,Slovenia,EURO,7,1355883,0,9887,1345996
2024-05-05,SI,Slovenia,EURO,8,1355891,0,9887,1346004
2024-05-12,SI,Slovenia,EURO,13,1355904,0,9887,1346017
2024-05-19,SI,Slovenia,EURO,11,1355915,0,9887,1346028
2024-05-26,SI,Slovenia,EURO,28,1355943,3,9890,1346053
2024-06-02,SI,Slovenia,EURO,23,1355966,2,9892,1346074
2024-06-09,SI,Slovenia,EURO,23,1355989,1,9893,1346096
2024-06-16,SI,Slovenia,EURO,33,1356022,0,9893,1346129
2024-06-23,SI,Slovenia,EURO,41,1356063,2,9895,1346168
2024-06-30,SI,Slovenia,EURO,23,1356086,1,9896,1346190
2024-07-07,SI,Slovenia,EURO,56,1356142,3,9899,1346243
2024-07-14,SI,Slovenia,EURO,83,1356225,1,9900,1346325
2024-07-21,SI,Slovenia,EURO,101,1356326,4,9904,1346422
2024-07-28,SI,Slovenia,EURO,114,1356440,6,9910,1346530
2024-08-04,SI,Slovenia,EURO,157,1356597,4,9914,1346683
2024-08-11,SI,Slovenia,EURO,160,1356757,0,9914,1346843
2024-08-18,SI,Slovenia,EURO,203,1356960,0,9914,1347046
2024-08-25,SI,Slovenia,EURO,241,1357201,0,9914,1347287
2024-09-01,SI,Slovenia,EURO,258,1357459,0,9914,1347545
2024-09-08,SI,Slovenia,EURO,256,1357715,0,9914,1347801
2024-09-15,SI,Slovenia,EURO,283,1357998,0,9914,1348084
2024-09-22,SI,Slovenia,EURO,391,1358389,0,9914,1348475
2024-09-29,SI,Slovenia,EURO,383,1358772,0,9914,1348858
2024-10-06,SI,Slovenia,EURO,328,1359100,0,9914,1349186
2024-10-13,SI,Slovenia,EURO,353,1359453,0,9914,1349539
2024-10-20,SI,Slovenia,EURO,240,1359693,0,9914,1349779
2024-10-27,SI,Slovenia,EURO,207,1359900,0,9914,1349986
2024-11-03,SI,Slovenia,EURO,135,1360035,0,9914,1350121
2024-11-10,SI,Slovenia,EURO,113,1360148,0,9914,1350234
2024-11-17,SI,Slovenia,EURO,123,1360271,0,9914,1350357
2020-01-05,SB,Solomon Islands,WPRO,0,0,0,0,0
2020-01-12,SB,Solomon Islands,WPRO,0,0,0,0,0
2020-01-19,SB,Solomon Islands,WPRO,0,0,0,0,0
2020-01-26,SB,Solomon Islands,WPRO,0,0,0,0,0
2020-02-02,SB,Solomon Islands,WPRO,0,0,0,0,0
2020-02-09,SB,Solomon Islands,WPRO,0,0,0,0,0
2020-02-16,SB,Solomon Islands,WPRO,0,0,0,0,0
2020-02-23,SB,Solomon Islands,WPRO,0,0,0,0,0
2020-03-01,SB,Solomon Islands,WPRO,0,0,0,0,0
2020-03-08,SB,Solomon Islands,WPRO,0,0,0,0,0
2020-03-15,SB,Solomon Islands,WPRO,0,0,0,0,0
2020-03-22,SB,Solomon Islands,WPRO,0,0,0,0,0
2020-03-29,SB,Solomon Islands,WPRO,0,0,0,0,0
2020-04-05,SB,Solomon Islands,WPRO,0,0,0,0,0
2020-04-12,SB,Solomon Islands,WPRO,0,0,0,0,0
2020-04-19,SB,Solomon Islands,WPRO,0,0,0,0,0
2020-04-26,SB,Solomon Islands,WPRO,0,0,0,0,0
2020-05-03,SB,Solomon Islands,WPRO,0,0,0,0,0
2020-05-10,SB,Solomon Islands,WPRO,0,0,0,0,0
2020-05-17,SB,Solomon Islands,WPRO,0,0,0,0,0
2020-05-24,SB,Solomon Islands,WPRO,0,0,0,0,0
2020-05-31,SB,Solomon Islands,WPRO,0,0,0,0,0
2020-06-07,SB,Solomon Islands,WPRO,0,0,0,0,0
2020-06-14,SB,Solomon Islands,WPRO,0,0,0,0,0
2020-06-21,SB,Solomon Islands,WPRO,0,0,0,0,0
2020-06-28,SB,Solomon Islands,WPRO,0,0,0,0,0
2020-07-05,SB,Solomon Islands,WPRO,0,0,0,0,0
2020-07-12,SB,Solomon Islands,WPRO,0,0,0,0,0
2020-07-19,SB,Solomon Islands,WPRO,0,0,0,0,0
2020-07-26,SB,Solomon Islands,WPRO,0,0,0,0,0
2020-08-02,SB,Solomon Islands,WPRO,0,0,0,0,0
2020-08-09,SB,Solomon Islands,WPRO,0,0,0,0,0
2020-08-16,SB,Solomon Islands,WPRO,0,0,0,0,0
2020-08-23,SB,Solomon Islands,WPRO,0,0,0,0,0
2020-08-30,SB,Solomon Islands,WPRO,0,0,0,0,0
2020-09-06,SB,Solomon Islands,WPRO,0,0,0,0,0
2020-09-13,SB,Solomon Islands,WPRO,0,0,0,0,0
2020-09-20,SB,Solomon Islands,WPRO,0,0,0,0,0
2020-09-27,SB,Solomon Islands,WPRO,0,0,0,0,0
2020-10-04,SB,Solomon Islands,WPRO,1,1,0,0,1
2020-10-11,SB,Solomon Islands,WPRO,0,1,0,0,1
2020-10-18,SB,Solomon Islands,WPRO,2,3,0,0,3
2020-10-25,SB,Solomon Islands,WPRO,1,4,0,0,4
2020-11-01,SB,Solomon Islands,WPRO,4,8,0,0,8
2020-11-08,SB,Solomon Islands,WPRO,5,13,0,0,13
2020-11-15,SB,Solomon Islands,WPRO,3,16,0,0,16
2020-11-22,SB,Solomon Islands,WPRO,0,16,0,0,16
2020-11-29,SB,Solomon Islands,WPRO,1,17,0,0,17
2020-12-06,SB,Solomon Islands,WPRO,0,17,0,0,17
2020-12-13,SB,Solomon Islands,WPRO,0,17,0,0,17
2020-12-20,SB,Solomon Islands,WPRO,0,17,0,0,17
2020-12-27,SB,Solomon Islands,WPRO,0,17,0,0,17
2021-01-03,SB,Solomon Islands,WPRO,0,17,0,0,17
2021-01-10,SB,Solomon Islands,WPRO,0,17,0,0,17
2021-01-17,SB,Solomon Islands,WPRO,0,17,0,0,17
2021-01-24,SB,Solomon Islands,WPRO,0,17,0,0,17
2021-01-31,SB,Solomon Islands,WPRO,0,17,0,0,17
2021-02-07,SB,Solomon Islands,WPRO,0,17,0,0,17
2021-02-14,SB,Solomon Islands,WPRO,1,18,0,0,18
2021-02-21,SB,Solomon Islands,WPRO,0,18,0,0,18
2021-02-28,SB,Solomon Islands,WPRO,0,18,0,0,18
2021-03-07,SB,Solomon Islands,WPRO,0,18,0,0,18
2021-03-14,SB,Solomon Islands,WPRO,0,18,0,0,18
2021-03-21,SB,Solomon Islands,WPRO,0,18,0,0,18
2021-03-28,SB,Solomon Islands,WPRO,1,19,0,0,19
2021-04-04,SB,Solomon Islands,WPRO,0,19,0,0,19
2021-04-11,SB,Solomon Islands,WPRO,1,20,0,0,20
2021-04-18,SB,Solomon Islands,WPRO,0,20,0,0,20
2021-04-25,SB,Solomon Islands,WPRO,0,20,0,0,20
2021-05-02,SB,Solomon Islands,WPRO,0,20,0,0,20
2021-05-09,SB,Solomon Islands,WPRO,0,20,0,0,20
2021-05-16,SB,Solomon Islands,WPRO,0,20,0,0,20
2021-05-23,SB,Solomon Islands,WPRO,0,20,0,0,20
2021-05-30,SB,Solomon Islands,WPRO,0,20,0,0,20
2021-06-06,SB,Solomon Islands,WPRO,0,20,0,0,20
2021-06-13,SB,Solomon Islands,WPRO,0,20,0,0,20
2021-06-20,SB,Solomon Islands,WPRO,0,20,0,0,20
2021-06-27,SB,Solomon Islands,WPRO,0,20,0,0,20
2021-07-04,SB,Solomon Islands,WPRO,0,20,0,0,20
2021-07-11,SB,Solomon Islands,WPRO,0,20,0,0,20
2021-07-18,SB,Solomon Islands,WPRO,0,20,0,0,20
2021-07-25,SB,Solomon Islands,WPRO,0,20,0,0,20
2021-08-01,SB,Solomon Islands,WPRO,0,20,0,0,20
2021-08-08,SB,Solomon Islands,WPRO,0,20,0,0,20
2021-08-15,SB,Solomon Islands,WPRO,0,20,0,0,20
2021-08-22,SB,Solomon Islands,WPRO,0,20,0,0,20
2021-08-29,SB,Solomon Islands,WPRO,0,20,0,0,20
2021-09-05,SB,Solomon Islands,WPRO,0,20,0,0,20
2021-09-12,SB,Solomon Islands,WPRO,0,20,0,0,20
2021-09-19,SB,Solomon Islands,WPRO,0,20,0,0,20
2021-09-26,SB,Solomon Islands,WPRO,0,20,0,0,20
2021-10-03,SB,Solomon Islands,WPRO,0,20,0,0,20
2021-10-10,SB,Solomon Islands,WPRO,0,20,0,0,20
2021-10-17,SB,Solomon Islands,WPRO,0,20,0,0,20
2021-10-24,SB,Solomon Islands,WPRO,0,20,0,0,20
2021-10-31,SB,Solomon Islands,WPRO,0,20,0,0,20
2021-11-07,SB,Solomon Islands,WPRO,0,20,0,0,20
2021-11-14,SB,Solomon Islands,WPRO,0,20,0,0,20
2021-11-21,SB,Solomon Islands,WPRO,0,20,0,0,20
2021-11-28,SB,Solomon Islands,WPRO,0,20,0,0,20
2021-12-05,SB,Solomon Islands,WPRO,0,20,0,0,20
2021-12-12,SB,Solomon Islands,WPRO,0,20,0,0,20
2021-12-19,SB,Solomon Islands,WPRO,0,20,0,0,20
2021-12-26,SB,Solomon Islands,WPRO,2,22,0,0,22
2022-01-02,SB,Solomon Islands,WPRO,2,24,0,0,24
2022-01-09,SB,Solomon Islands,WPRO,1,25,0,0,25
2022-01-16,SB,Solomon Islands,WPRO,0,25,0,0,25
2022-01-23,SB,Solomon Islands,WPRO,264,289,0,0,289
2022-01-30,SB,Solomon Islands,WPRO,894,1183,9,9,1174
2022-02-06,SB,Solomon Islands,WPRO,2012,3195,24,33,3162
2022-02-13,SB,Solomon Islands,WPRO,1430,4625,25,58,4567
2022-02-20,SB,Solomon Islands,WPRO,1188,5813,25,83,5730
2022-02-27,SB,Solomon Islands,WPRO,1124,6937,13,96,6841
2022-03-06,SB,Solomon Islands,WPRO,1089,8026,20,116,7910
2022-03-13,SB,Solomon Islands,WPRO,1098,9124,4,120,9004
2022-03-20,SB,Solomon Islands,WPRO,727,9851,7,127,9724
2022-03-27,SB,Solomon Islands,WPRO,927,10778,6,133,10645
2022-04-03,SB,Solomon Islands,WPRO,692,11470,0,133,11337
2022-04-10,SB,Solomon Islands,WPRO,535,12005,4,137,11868
2022-04-17,SB,Solomon Islands,WPRO,280,12285,2,139,12146
2022-04-24,SB,Solomon Islands,WPRO,1897,14182,1,140,14042
2022-05-01,SB,Solomon Islands,WPRO,1078,15260,1,141,15119
2022-05-08,SB,Solomon Islands,WPRO,1181,16441,2,143,16298
2022-05-15,SB,Solomon Islands,WPRO,1733,18174,3,146,18028
2022-05-22,SB,Solomon Islands,WPRO,0,18174,0,146,18028
2022-05-29,SB,Solomon Islands,WPRO,0,18174,0,146,18028
2022-06-05,SB,Solomon Islands,WPRO,3063,21237,3,149,21088
2022-06-12,SB,Solomon Islands,WPRO,307,21544,0,149,21395
2022-06-19,SB,Solomon Islands,WPRO,0,21544,4,153,21391
2022-06-26,SB,Solomon Islands,WPRO,0,21544,0,153,21391
2022-07-03,SB,Solomon Islands,WPRO,0,21544,0,153,21391
2022-07-10,SB,Solomon Islands,WPRO,0,21544,0,153,21391
2022-07-17,SB,Solomon Islands,WPRO,0,21544,0,153,21391
2022-07-24,SB,Solomon Islands,WPRO,0,21544,0,153,21391
2022-07-31,SB,Solomon Islands,WPRO,0,21544,0,153,21391
2022-08-07,SB,Solomon Islands,WPRO,0,21544,0,153,21391
2022-08-14,SB,Solomon Islands,WPRO,0,21544,0,153,21391
2022-08-21,SB,Solomon Islands,WPRO,0,21544,0,153,21391
2022-08-28,SB,Solomon Islands,WPRO,0,21544,0,153,21391
2022-09-04,SB,Solomon Islands,WPRO,0,21544,0,153,21391
2022-09-11,SB,Solomon Islands,WPRO,0,21544,0,153,21391
2022-09-18,SB,Solomon Islands,WPRO,0,21544,0,153,21391
2022-09-25,SB,Solomon Islands,WPRO,0,21544,0,153,21391
2022-10-02,SB,Solomon Islands,WPRO,0,21544,0,153,21391
2022-10-09,SB,Solomon Islands,WPRO,0,21544,0,153,21391
2022-10-16,SB,Solomon Islands,WPRO,0,21544,0,153,21391
2022-10-23,SB,Solomon Islands,WPRO,0,21544,0,153,21391
2022-10-30,SB,Solomon Islands,WPRO,0,21544,0,153,21391
2022-11-06,SB,Solomon Islands,WPRO,19,21563,0,153,21410
2022-11-13,SB,Solomon Islands,WPRO,0,21563,0,153,21410
2022-11-20,SB,Solomon Islands,WPRO,48,21611,0,153,21458
2022-11-27,SB,Solomon Islands,WPRO,0,21611,0,153,21458
2022-12-04,SB,Solomon Islands,WPRO,0,21611,0,153,21458
2022-12-11,SB,Solomon Islands,WPRO,0,21611,0,153,21458
2022-12-18,SB,Solomon Islands,WPRO,0,21611,0,153,21458
2022-12-25,SB,Solomon Islands,WPRO,0,21611,0,153,21458
2023-01-01,SB,Solomon Islands,WPRO,0,21611,0,153,21458
2023-01-08,SB,Solomon Islands,WPRO,0,21611,0,153,21458
2023-01-15,SB,Solomon Islands,WPRO,0,21611,0,153,21458
2023-01-22,SB,Solomon Islands,WPRO,0,21611,0,153,21458
2023-01-29,SB,Solomon Islands,WPRO,0,21611,0,153,21458
2023-02-05,SB,Solomon Islands,WPRO,0,21611,0,153,21458
2023-02-12,SB,Solomon Islands,WPRO,0,21611,0,153,21458
2023-02-19,SB,Solomon Islands,WPRO,0,21611,0,153,21458
2023-02-26,SB,Solomon Islands,WPRO,0,21611,0,153,21458
2023-03-05,SB,Solomon Islands,WPRO,0,21611,0,153,21458
2023-03-12,SB,Solomon Islands,WPRO,0,21611,0,153,21458
2023-03-19,SB,Solomon Islands,WPRO,0,21611,0,153,21458
2023-03-26,SB,Solomon Islands,WPRO,0,21611,0,153,21458
2023-04-02,SB,Solomon Islands,WPRO,0,21611,0,153,21458
2023-04-09,SB,Solomon Islands,WPRO,0,21611,0,153,21458
2023-04-16,SB,Solomon Islands,WPRO,0,21611,0,153,21458
2023-04-23,SB,Solomon Islands,WPRO,0,21611,0,153,21458
2023-04-30,SB,Solomon Islands,WPRO,0,21611,0,153,21458
2023-05-07,SB,Solomon Islands,WPRO,0,21611,0,153,21458
2023-05-14,SB,Solomon Islands,WPRO,0,21611,0,153,21458
2023-05-21,SB,Solomon Islands,WPRO,0,21611,0,153,21458
2023-05-28,SB,Solomon Islands,WPRO,0,21611,0,153,21458
2023-06-04,SB,Solomon Islands,WPRO,0,21611,0,153,21458
2023-06-11,SB,Solomon Islands,WPRO,0,21611,0,153,21458
2023-06-18,SB,Solomon Islands,WPRO,0,21611,0,153,21458
2023-06-25,SB,Solomon Islands,WPRO,0,21611,0,153,21458
2023-07-02,SB,Solomon Islands,WPRO,0,21611,0,153,21458
2023-07-09,SB,Solomon Islands,WPRO,0,21611,0,153,21458
2023-07-16,SB,Solomon Islands,WPRO,0,21611,0,153,21458
2023-07-23,SB,Solomon Islands,WPRO,0,21611,0,153,21458
2023-07-30,SB,Solomon Islands,WPRO,0,21611,0,153,21458
2023-08-06,SB,Solomon Islands,WPRO,0,21611,0,153,21458
2023-08-13,SB,Solomon Islands,WPRO,0,21611,0,153,21458
2023-08-20,SB,Solomon Islands,WPRO,0,21611,0,153,21458
2023-08-27,SB,Solomon Islands,WPRO,0,21611,0,153,21458
2023-09-03,SB,Solomon Islands,WPRO,0,21611,0,153,21458
2023-09-10,SB,Solomon Islands,WPRO,0,21611,0,153,21458
2023-09-17,SB,Solomon Islands,WPRO,0,21611,0,153,21458
2023-09-24,SB,Solomon Islands,WPRO,0,21611,0,153,21458
2023-10-01,SB,Solomon Islands,WPRO,0,21611,46,199,21412
2023-10-08,SB,Solomon Islands,WPRO,4343,25954,0,199,25755
2023-10-15,SB,Solomon Islands,WPRO,0,25954,0,199,25755
2023-10-22,SB,Solomon Islands,WPRO,0,25954,0,199,25755
2023-10-29,SB,Solomon Islands,WPRO,0,25954,0,199,25755
2023-11-05,SB,Solomon Islands,WPRO,0,25954,0,199,25755
2023-11-12,SB,Solomon Islands,WPRO,0,25954,0,199,25755
2023-11-19,SB,Solomon Islands,WPRO,0,25954,0,199,25755
2023-11-26,SB,Solomon Islands,WPRO,0,25954,0,199,25755
2023-12-03,SB,Solomon Islands,WPRO,0,25954,0,199,25755
2023-12-10,SB,Solomon Islands,WPRO,0,25954,0,199,25755
2023-12-17,SB,Solomon Islands,WPRO,0,25954,0,199,25755
2023-12-24,SB,Solomon Islands,WPRO,0,25954,0,199,25755
2023-12-31,SB,Solomon Islands,WPRO,0,25954,0,199,25755
2024-01-07,SB,Solomon Islands,WPRO,0,25954,0,199,25755
2024-01-14,SB,Solomon Islands,WPRO,0,25954,0,199,25755
2024-01-21,SB,Solomon Islands,WPRO,0,25954,0,199,25755
2024-01-28,SB,Solomon Islands,WPRO,0,25954,0,199,25755
2024-02-04,SB,Solomon Islands,WPRO,0,25954,0,199,25755
2024-02-11,SB,Solomon Islands,WPRO,0,25954,0,199,25755
2024-02-18,SB,Solomon Islands,WPRO,0,25954,0,199,25755
2024-02-25,SB,Solomon Islands,WPRO,0,25954,0,199,25755
2024-03-03,SB,Solomon Islands,WPRO,0,25954,0,199,25755
2024-03-10,SB,Solomon Islands,WPRO,0,25954,0,199,25755
2024-03-17,SB,Solomon Islands,WPRO,0,25954,0,199,25755
2024-03-24,SB,Solomon Islands,WPRO,0,25954,0,199,25755
2024-03-31,SB,Solomon Islands,WPRO,0,25954,0,199,25755
2024-04-07,SB,Solomon Islands,WPRO,0,25954,0,199,25755
2024-04-14,SB,Solomon Islands,WPRO,0,25954,0,199,25755
2024-04-21,SB,Solomon Islands,WPRO,0,25954,0,199,25755
2024-04-28,SB,Solomon Islands,WPRO,0,25954,0,199,25755
2024-05-05,SB,Solomon Islands,WPRO,0,25954,0,199,25755
2024-05-12,SB,Solomon Islands,WPRO,0,25954,0,199,25755
2024-05-19,SB,Solomon Islands,WPRO,0,25954,0,199,25755
2024-05-26,SB,Solomon Islands,WPRO,0,25954,0,199,25755
2024-06-02,SB,Solomon Islands,WPRO,0,25954,0,199,25755
2024-06-09,SB,Solomon Islands,WPRO,0,25954,0,199,25755
2024-06-16,SB,Solomon Islands,WPRO,0,25954,0,199,25755
2024-06-23,SB,Solomon Islands,WPRO,0,25954,0,199,25755
2024-06-30,SB,Solomon Islands,WPRO,0,25954,0,199,25755
2024-07-07,SB,Solomon Islands,WPRO,0,25954,0,199,25755
2024-07-14,SB,Solomon Islands,WPRO,0,25954,0,199,25755
2024-07-21,SB,Solomon Islands,WPRO,0,25954,0,199,25755
2024-07-28,SB,Solomon Islands,WPRO,0,25954,0,199,25755
2024-08-04,SB,Solomon Islands,WPRO,0,25954,0,199,25755
2024-08-11,SB,Solomon Islands,WPRO,0,25954,0,199,25755
2024-08-18,SB,Solomon Islands,WPRO,0,25954,0,199,25755
2024-08-25,SB,Solomon Islands,WPRO,0,25954,0,199,25755
2024-09-01,SB,Solomon Islands,WPRO,0,25954,0,199,25755
2024-09-08,SB,Solomon Islands,WPRO,0,25954,0,199,25755
2024-09-15,SB,Solomon Islands,WPRO,0,25954,0,199,25755
2024-09-22,SB,Solomon Islands,WPRO,0,25954,0,199,25755
2024-09-29,SB,Solomon Islands,WPRO,0,25954,0,199,25755
2024-10-06,SB,Solomon Islands,WPRO,0,25954,0,199,25755
2024-10-13,SB,Solomon Islands,WPRO,0,25954,0,199,25755
2024-10-20,SB,Solomon Islands,WPRO,0,25954,0,199,25755
2024-10-27,SB,Solomon Islands,WPRO,0,25954,0,199,25755
2024-11-03,SB,Solomon Islands,WPRO,0,25954,0,199,25755
2024-11-10,SB,Solomon Islands,WPRO,0,25954,0,199,25755
2024-11-17,SB,Solomon Islands,WPRO,0,25954,0,199,25755
2020-01-05,SO,Somalia,EMRO,0,0,0,0,0
2020-01-12,SO,Somalia,EMRO,0,0,0,0,0
2020-01-19,SO,Somalia,EMRO,0,0,0,0,0
2020-01-26,SO,Somalia,EMRO,0,0,0,0,0
2020-02-02,SO,Somalia,EMRO,0,0,0,0,0
2020-02-09,SO,Somalia,EMRO,0,0,0,0,0
2020-02-16,SO,Somalia,EMRO,0,0,0,0,0
2020-02-23,SO,Somalia,EMRO,0,0,0,0,0
2020-03-01,SO,Somalia,EMRO,0,0,0,0,0
2020-03-08,SO,Somalia,EMRO,0,0,0,0,0
2020-03-15,SO,Somalia,EMRO,0,0,0,0,0
2020-03-22,SO,Somalia,EMRO,1,1,0,0,1
2020-03-29,SO,Somalia,EMRO,2,3,0,0,3
2020-04-05,SO,Somalia,EMRO,4,7,0,0,7
2020-04-12,SO,Somalia,EMRO,14,21,1,1,20
2020-04-19,SO,Somalia,EMRO,114,135,6,7,128
2020-04-26,SO,Somalia,EMRO,255,390,11,18,372
2020-05-03,SO,Somalia,EMRO,281,671,13,31,640
2020-05-10,SO,Somalia,EMRO,326,997,17,48,949
2020-05-17,SO,Somalia,EMRO,360,1357,7,55,1302
2020-05-24,SO,Somalia,EMRO,237,1594,6,61,1533
2020-05-31,SO,Somalia,EMRO,322,1916,12,73,1843
2020-06-07,SO,Somalia,EMRO,373,2289,9,82,2207
2020-06-14,SO,Somalia,EMRO,290,2579,5,87,2492
2020-06-21,SO,Somalia,EMRO,176,2755,1,88,2667
2020-06-28,SO,Somalia,EMRO,123,2878,2,90,2788
2020-07-05,SO,Somalia,EMRO,83,2961,2,92,2869
2020-07-12,SO,Somalia,EMRO,90,3051,0,92,2959
2020-07-19,SO,Somalia,EMRO,60,3111,1,93,3018
2020-07-26,SO,Somalia,EMRO,67,3178,0,93,3085
2020-08-02,SO,Somalia,EMRO,34,3212,0,93,3119
2020-08-09,SO,Somalia,EMRO,15,3227,0,93,3134
2020-08-16,SO,Somalia,EMRO,29,3256,0,93,3163
2020-08-23,SO,Somalia,EMRO,13,3269,0,93,3176
2020-08-30,SO,Somalia,EMRO,41,3310,4,97,3213
2020-09-06,SO,Somalia,EMRO,52,3362,0,97,3265
2020-09-13,SO,Somalia,EMRO,14,3376,1,98,3278
2020-09-20,SO,Somalia,EMRO,25,3401,0,98,3303
2020-09-27,SO,Somalia,EMRO,187,3588,1,99,3489
2020-10-04,SO,Somalia,EMRO,5,3593,0,99,3494
2020-10-11,SO,Somalia,EMRO,254,3847,0,99,3748
2020-10-18,SO,Somalia,EMRO,17,3864,0,99,3765
2020-10-25,SO,Somalia,EMRO,33,3897,3,102,3795
2020-11-01,SO,Somalia,EMRO,44,3941,2,104,3837
2020-11-08,SO,Somalia,EMRO,288,4229,3,107,4122
2020-11-15,SO,Somalia,EMRO,72,4301,0,107,4194
2020-11-22,SO,Somalia,EMRO,81,4382,1,108,4274
2020-11-29,SO,Somalia,EMRO,69,4451,5,113,4338
2020-12-06,SO,Somalia,EMRO,74,4525,8,121,4404
2020-12-13,SO,Somalia,EMRO,54,4579,0,121,4458
2020-12-20,SO,Somalia,EMRO,83,4662,3,124,4538
2020-12-27,SO,Somalia,EMRO,28,4690,3,127,4563
2021-01-03,SO,Somalia,EMRO,24,4714,3,130,4584
2021-01-10,SO,Somalia,EMRO,12,4726,0,130,4596
2021-01-17,SO,Somalia,EMRO,18,4744,0,130,4614
2021-01-24,SO,Somalia,EMRO,10,4754,0,130,4624
2021-01-31,SO,Somalia,EMRO,30,4784,0,130,4654
2021-02-07,SO,Somalia,EMRO,70,4854,4,134,4720
2021-02-14,SO,Somalia,EMRO,238,5092,14,148,4944
2021-02-21,SO,Somalia,EMRO,797,5889,46,194,5695
2021-02-28,SO,Somalia,EMRO,1102,6991,37,231,6760
2021-03-07,SO,Somalia,EMRO,1050,8041,63,294,7747
2021-03-14,SO,Somalia,EMRO,905,8946,55,349,8597
2021-03-21,SO,Somalia,EMRO,1022,9968,70,419,9549
2021-03-28,SO,Somalia,EMRO,870,10838,69,488,10350
2021-04-04,SO,Somalia,EMRO,785,11623,58,546,11077
2021-04-11,SO,Somalia,EMRO,648,12271,59,605,11666
2021-04-18,SO,Somalia,EMRO,566,12837,51,656,12181
2021-04-25,SO,Somalia,EMRO,622,13459,33,689,12770
2021-05-02,SO,Somalia,EMRO,456,13915,24,713,13202
2021-05-09,SO,Somalia,EMRO,500,14415,34,747,13668
2021-05-16,SO,Somalia,EMRO,71,14486,6,753,13733
2021-05-23,SO,Somalia,EMRO,137,14623,14,767,13856
2021-05-30,SO,Somalia,EMRO,30,14653,1,768,13885
2021-06-06,SO,Somalia,EMRO,76,14729,5,773,13956
2021-06-13,SO,Somalia,EMRO,50,14779,1,774,14005
2021-06-20,SO,Somalia,EMRO,73,14852,1,775,14077
2021-06-27,SO,Somalia,EMRO,40,14892,0,775,14117
2021-07-04,SO,Somalia,EMRO,54,14946,0,775,14171
2021-07-11,SO,Somalia,EMRO,49,14995,0,775,14220
2021-07-18,SO,Somalia,EMRO,90,15085,6,781,14304
2021-07-25,SO,Somalia,EMRO,118,15203,8,789,14414
2021-08-01,SO,Somalia,EMRO,200,15403,22,811,14592
2021-08-08,SO,Somalia,EMRO,395,15798,36,847,14951
2021-08-15,SO,Somalia,EMRO,467,16265,31,878,15387
2021-08-22,SO,Somalia,EMRO,270,16535,19,897,15638
2021-08-29,SO,Somalia,EMRO,675,17210,56,953,16257
2021-09-05,SO,Somalia,EMRO,516,17726,44,997,16729
2021-09-12,SO,Somalia,EMRO,647,18373,26,1023,17350
2021-09-19,SO,Somalia,EMRO,631,19004,40,1063,17941
2021-09-26,SO,Somalia,EMRO,719,19723,40,1103,18620
2021-10-03,SO,Somalia,EMRO,257,19980,8,1111,18869
2021-10-10,SO,Somalia,EMRO,920,20900,41,1152,19748
2021-10-17,SO,Somalia,EMRO,369,21269,28,1180,20089
2021-10-24,SO,Somalia,EMRO,729,21998,28,1208,20790
2021-10-31,SO,Somalia,EMRO,0,21998,0,1208,20790
2021-11-07,SO,Somalia,EMRO,695,22693,86,1294,21399
2021-11-14,SO,Somalia,EMRO,144,22837,19,1313,21524
2021-11-21,SO,Somalia,EMRO,132,22969,11,1324,21645
2021-11-28,SO,Somalia,EMRO,47,23016,3,1327,21689
2021-12-05,SO,Somalia,EMRO,35,23051,4,1331,21720
2021-12-12,SO,Somalia,EMRO,23,23074,2,1333,21741
2021-12-19,SO,Somalia,EMRO,95,23169,0,1333,21836
2021-12-26,SO,Somalia,EMRO,363,23532,0,1333,22199
2022-01-02,SO,Somalia,EMRO,729,24261,2,1335,22926
2022-01-09,SO,Somalia,EMRO,0,24261,0,1335,22926
2022-01-16,SO,Somalia,EMRO,0,24261,0,1335,22926
2022-01-23,SO,Somalia,EMRO,61,24322,0,1335,22987
2022-01-30,SO,Somalia,EMRO,1066,25388,0,1335,24053
2022-02-06,SO,Somalia,EMRO,679,26067,0,1335,24732
2022-02-13,SO,Somalia,EMRO,136,26203,5,1340,24863
2022-02-20,SO,Somalia,EMRO,57,26260,5,1345,24915
2022-02-27,SO,Somalia,EMRO,53,26313,3,1348,24965
2022-03-06,SO,Somalia,EMRO,87,26400,11,1359,25041
2022-03-13,SO,Somalia,EMRO,0,26400,0,1359,25041
2022-03-20,SO,Somalia,EMRO,10,26410,2,1361,25049
2022-03-27,SO,Somalia,EMRO,0,26410,0,1361,25049
2022-04-03,SO,Somalia,EMRO,0,26410,0,1361,25049
2022-04-10,SO,Somalia,EMRO,61,26471,0,1361,25110
2022-04-17,SO,Somalia,EMRO,0,26471,0,1361,25110
2022-04-24,SO,Somalia,EMRO,14,26485,0,1361,25124
2022-05-01,SO,Somalia,EMRO,0,26485,0,1361,25124
2022-05-08,SO,Somalia,EMRO,0,26485,0,1361,25124
2022-05-15,SO,Somalia,EMRO,33,26518,0,1361,25157
2022-05-22,SO,Somalia,EMRO,4,26522,0,1361,25161
2022-05-29,SO,Somalia,EMRO,13,26535,0,1361,25174
2022-06-05,SO,Somalia,EMRO,30,26565,0,1361,25204
2022-06-12,SO,Somalia,EMRO,0,26565,0,1361,25204
2022-06-19,SO,Somalia,EMRO,110,26675,0,1361,25314
2022-06-26,SO,Somalia,EMRO,128,26803,0,1361,25442
2022-07-03,SO,Somalia,EMRO,0,26803,0,1361,25442
2022-07-10,SO,Somalia,EMRO,97,26900,0,1361,25539
2022-07-17,SO,Somalia,EMRO,0,26900,0,1361,25539
2022-07-24,SO,Somalia,EMRO,12,26912,0,1361,25551
2022-07-31,SO,Somalia,EMRO,45,26957,0,1361,25596
2022-08-07,SO,Somalia,EMRO,63,27020,0,1361,25659
2022-08-14,SO,Somalia,EMRO,0,27020,0,1361,25659
2022-08-21,SO,Somalia,EMRO,0,27020,0,1361,25659
2022-08-28,SO,Somalia,EMRO,161,27181,0,1361,25820
2022-09-04,SO,Somalia,EMRO,16,27197,0,1361,25836
2022-09-11,SO,Somalia,EMRO,10,27207,0,1361,25846
2022-09-18,SO,Somalia,EMRO,0,27207,0,1361,25846
2022-09-25,SO,Somalia,EMRO,9,27216,0,1361,25855
2022-10-02,SO,Somalia,EMRO,7,27223,0,1361,25862
2022-10-09,SO,Somalia,EMRO,2,27225,0,1361,25864
2022-10-16,SO,Somalia,EMRO,12,27237,0,1361,25876
2022-10-23,SO,Somalia,EMRO,0,27237,0,1361,25876
2022-10-30,SO,Somalia,EMRO,0,27237,0,1361,25876
2022-11-06,SO,Somalia,EMRO,30,27267,0,1361,25906
2022-11-13,SO,Somalia,EMRO,19,27286,0,1361,25925
2022-11-20,SO,Somalia,EMRO,0,27286,0,1361,25925
2022-11-27,SO,Somalia,EMRO,0,27286,0,1361,25925
2022-12-04,SO,Somalia,EMRO,0,27286,0,1361,25925
2022-12-11,SO,Somalia,EMRO,0,27286,0,1361,25925
2022-12-18,SO,Somalia,EMRO,0,27286,0,1361,25925
2022-12-25,SO,Somalia,EMRO,14,27300,0,1361,25939
2023-01-01,SO,Somalia,EMRO,10,27310,0,1361,25949
2023-01-08,SO,Somalia,EMRO,0,27310,0,1361,25949
2023-01-15,SO,Somalia,EMRO,0,27310,0,1361,25949
2023-01-22,SO,Somalia,EMRO,8,27318,0,1361,25957
2023-01-29,SO,Somalia,EMRO,0,27318,0,1361,25957
2023-02-05,SO,Somalia,EMRO,4,27322,0,1361,25961
2023-02-12,SO,Somalia,EMRO,0,27322,0,1361,25961
2023-02-19,SO,Somalia,EMRO,2,27324,0,1361,25963
2023-02-26,SO,Somalia,EMRO,0,27324,0,1361,25963
2023-03-05,SO,Somalia,EMRO,10,27334,0,1361,25973
2023-03-12,SO,Somalia,EMRO,0,27334,0,1361,25973
2023-03-19,SO,Somalia,EMRO,0,27334,0,1361,25973
2023-03-26,SO,Somalia,EMRO,0,27334,0,1361,25973
2023-04-02,SO,Somalia,EMRO,0,27334,0,1361,25973
2023-04-09,SO,Somalia,EMRO,0,27334,0,1361,25973
2023-04-16,SO,Somalia,EMRO,0,27334,0,1361,25973
2023-04-23,SO,Somalia,EMRO,0,27334,0,1361,25973
2023-04-30,SO,Somalia,EMRO,0,27334,0,1361,25973
2023-05-07,SO,Somalia,EMRO,0,27334,0,1361,25973
2023-05-14,SO,Somalia,EMRO,0,27334,0,1361,25973
2023-05-21,SO,Somalia,EMRO,0,27334,0,1361,25973
2023-05-28,SO,Somalia,EMRO,0,27334,0,1361,25973
2023-06-04,SO,Somalia,EMRO,0,27334,0,1361,25973
2023-06-11,SO,Somalia,EMRO,0,27334,0,1361,25973
2023-06-18,SO,Somalia,EMRO,0,27334,0,1361,25973
2023-06-25,SO,Somalia,EMRO,0,27334,0,1361,25973
2023-07-02,SO,Somalia,EMRO,0,27334,0,1361,25973
2023-07-09,SO,Somalia,EMRO,0,27334,0,1361,25973
2023-07-16,SO,Somalia,EMRO,0,27334,0,1361,25973
2023-07-23,SO,Somalia,EMRO,0,27334,0,1361,25973
2023-07-30,SO,Somalia,EMRO,0,27334,0,1361,25973
2023-08-06,SO,Somalia,EMRO,0,27334,0,1361,25973
2023-08-13,SO,Somalia,EMRO,0,27334,0,1361,25973
2023-08-20,SO,Somalia,EMRO,0,27334,0,1361,25973
2023-08-27,SO,Somalia,EMRO,0,27334,0,1361,25973
2023-09-03,SO,Somalia,EMRO,0,27334,0,1361,25973
2023-09-10,SO,Somalia,EMRO,0,27334,0,1361,25973
2023-09-17,SO,Somalia,EMRO,0,27334,0,1361,25973
2023-09-24,SO,Somalia,EMRO,0,27334,0,1361,25973
2023-10-01,SO,Somalia,EMRO,0,27334,0,1361,25973
2023-10-08,SO,Somalia,EMRO,0,27334,0,1361,25973
2023-10-15,SO,Somalia,EMRO,0,27334,0,1361,25973
2023-10-22,SO,Somalia,EMRO,0,27334,0,1361,25973
2023-10-29,SO,Somalia,EMRO,0,27334,0,1361,25973
2023-11-05,SO,Somalia,EMRO,0,27334,0,1361,25973
2023-11-12,SO,Somalia,EMRO,0,27334,0,1361,25973
2023-11-19,SO,Somalia,EMRO,0,27334,0,1361,25973
2023-11-26,SO,Somalia,EMRO,0,27334,0,1361,25973
2023-12-03,SO,Somalia,EMRO,0,27334,0,1361,25973
2023-12-10,SO,Somalia,EMRO,0,27334,0,1361,25973
2023-12-17,SO,Somalia,EMRO,0,27334,0,1361,25973
2023-12-24,SO,Somalia,EMRO,0,27334,0,1361,25973
2023-12-31,SO,Somalia,EMRO,0,27334,0,1361,25973
2024-01-07,SO,Somalia,EMRO,0,27334,0,1361,25973
2024-01-14,SO,Somalia,EMRO,0,27334,0,1361,25973
2024-01-21,SO,Somalia,EMRO,0,27334,0,1361,25973
2024-01-28,SO,Somalia,EMRO,0,27334,0,1361,25973
2024-02-04,SO,Somalia,EMRO,0,27334,0,1361,25973
2024-02-11,SO,Somalia,EMRO,0,27334,0,1361,25973
2024-02-18,SO,Somalia,EMRO,0,27334,0,1361,25973
2024-02-25,SO,Somalia,EMRO,0,27334,0,1361,25973
2024-03-03,SO,Somalia,EMRO,0,27334,0,1361,25973
2024-03-10,SO,Somalia,EMRO,0,27334,0,1361,25973
2024-03-17,SO,Somalia,EMRO,0,27334,0,1361,25973
2024-03-24,SO,Somalia,EMRO,0,27334,0,1361,25973
2024-03-31,SO,Somalia,EMRO,0,27334,0,1361,25973
2024-04-07,SO,Somalia,EMRO,0,27334,0,1361,25973
2024-04-14,SO,Somalia,EMRO,0,27334,0,1361,25973
2024-04-21,SO,Somalia,EMRO,0,27334,0,1361,25973
2024-04-28,SO,Somalia,EMRO,0,27334,0,1361,25973
2024-05-05,SO,Somalia,EMRO,0,27334,0,1361,25973
2024-05-12,SO,Somalia,EMRO,0,27334,0,1361,25973
2024-05-19,SO,Somalia,EMRO,0,27334,0,1361,25973
2024-05-26,SO,Somalia,EMRO,0,27334,0,1361,25973
2024-06-02,SO,Somalia,EMRO,0,27334,0,1361,25973
2024-06-09,SO,Somalia,EMRO,0,27334,0,1361,25973
2024-06-16,SO,Somalia,EMRO,0,27334,0,1361,25973
2024-06-23,SO,Somalia,EMRO,0,27334,0,1361,25973
2024-06-30,SO,Somalia,EMRO,0,27334,0,1361,25973
2024-07-07,SO,Somalia,EMRO,0,27334,0,1361,25973
2024-07-14,SO,Somalia,EMRO,0,27334,0,1361,25973
2024-07-21,SO,Somalia,EMRO,0,27334,0,1361,25973
2024-07-28,SO,Somalia,EMRO,0,27334,0,1361,25973
2024-08-04,SO,Somalia,EMRO,0,27334,0,1361,25973
2024-08-11,SO,Somalia,EMRO,0,27334,0,1361,25973
2024-08-18,SO,Somalia,EMRO,0,27334,0,1361,25973
2024-08-25,SO,Somalia,EMRO,0,27334,0,1361,25973
2024-09-01,SO,Somalia,EMRO,0,27334,0,1361,25973
2024-09-08,SO,Somalia,EMRO,0,27334,0,1361,25973
2024-09-15,SO,Somalia,EMRO,0,27334,0,1361,25973
2024-09-22,SO,Somalia,EMRO,0,27334,0,1361,25973
2024-09-29,SO,Somalia,EMRO,0,27334,0,1361,25973
2024-10-06,SO,Somalia,EMRO,0,27334,0,1361,25973
2024-10-13,SO,Somalia,EMRO,0,27334,0,1361,25973
2024-10-20,SO,Somalia,EMRO,0,27334,0,1361,25973
2024-10-27,SO,Somalia,EMRO,0,27334,0,1361,25973
2024-11-03,SO,Somalia,EMRO,0,27334,0,1361,25973
2024-11-10,SO,Somalia,EMRO,0,27334,0,1361,25973
2024-11-17,SO,Somalia,EMRO,0,27334,0,1361,25973
2020-01-05,ZA,South Africa,AFRO,0,0,0,0,0
2020-01-12,ZA,South Africa,AFRO,0,0,0,0,0
2020-01-19,ZA,South Africa,AFRO,0,0,0,0,0
2020-01-26,ZA,South Africa,AFRO,0,0,0,0,0
2020-02-02,ZA,South Africa,AFRO,0,0,0,0,0
2020-02-09,ZA,South Africa,AFRO,0,0,0,0,0
2020-02-16,ZA,South Africa,AFRO,0,0,0,0,0
2020-02-23,ZA,South Africa,AFRO,0,0,0,0,0
2020-03-01,ZA,South Africa,AFRO,0,0,0,0,0
2020-03-08,ZA,South Africa,AFRO,2,2,0,0,2
2020-03-15,ZA,South Africa,AFRO,36,38,0,0,38
2020-03-22,ZA,South Africa,AFRO,202,240,0,0,240
2020-03-29,ZA,South Africa,AFRO,947,1187,1,1,1186
2020-04-05,ZA,South Africa,AFRO,398,1585,8,9,1576
2020-04-12,ZA,South Africa,AFRO,443,2028,19,28,2000
2020-04-19,ZA,South Africa,AFRO,1006,3034,24,52,2982
2020-04-26,ZA,South Africa,AFRO,1327,4361,34,86,4275
2020-05-03,ZA,South Africa,AFRO,1975,6336,37,123,6213
2020-05-10,ZA,South Africa,AFRO,3084,9420,63,186,9234
2020-05-17,ZA,South Africa,AFRO,4935,14355,75,261,14094
2020-05-24,ZA,South Africa,AFRO,6988,21343,146,407,20936
2020-05-31,ZA,South Africa,AFRO,9624,30967,236,643,30324
2020-06-07,ZA,South Africa,AFRO,15006,45973,1012,1655,44318
2020-06-14,ZA,South Africa,AFRO,19763,65736,792,2447,63289
2020-06-21,ZA,South Africa,AFRO,26945,92681,1007,3454,89227
2020-06-28,ZA,South Africa,AFRO,39119,131800,1184,4638,127162
2020-07-05,ZA,South Africa,AFRO,56177,187977,874,5512,182465
2020-07-12,ZA,South Africa,AFRO,76207,264184,945,6457,257727
2020-07-19,ZA,South Africa,AFRO,86695,350879,977,7434,343445
2020-07-26,ZA,South Africa,AFRO,83321,434200,1707,9141,425059
2020-08-02,ZA,South Africa,AFRO,69090,503290,1498,10639,492651
2020-08-09,ZA,South Africa,AFRO,49898,553188,2057,12696,540492
2020-08-16,ZA,South Africa,AFRO,30465,583653,1467,14163,569490
2020-08-23,ZA,South Africa,AFRO,23392,607045,1310,15473,591572
2020-08-30,ZA,South Africa,AFRO,15506,622551,994,16467,606084
2020-09-06,ZA,South Africa,AFRO,14333,636884,798,17265,619619
2020-09-13,ZA,South Africa,AFRO,11330,648214,648,17913,630301
2020-09-20,ZA,South Africa,AFRO,11442,659656,513,18426,641230
2020-09-27,ZA,South Africa,AFRO,9842,669498,436,18862,650636
2020-10-04,ZA,South Africa,AFRO,10218,679716,562,19424,660292
2020-10-11,ZA,South Africa,AFRO,11180,690896,620,20044,670852
2020-10-18,ZA,South Africa,AFRO,11235,702131,77,20121,682010
2020-10-25,ZA,South Africa,AFRO,12115,714246,220,20341,693905
2020-11-01,ZA,South Africa,AFRO,11206,725452,85,20426,705026
2020-11-08,ZA,South Africa,AFRO,10454,735906,72,20498,715408
2020-11-15,ZA,South Africa,AFRO,13276,749182,140,20638,728544
2020-11-22,ZA,South Africa,AFRO,16227,765409,207,20845,744564
2020-11-29,ZA,South Africa,AFRO,19730,785139,594,21439,763700
2020-12-06,ZA,South Africa,AFRO,25310,810449,628,22067,788382
2020-12-13,ZA,South Africa,AFRO,42516,852965,1039,23106,829859
2020-12-20,ZA,South Africa,AFRO,59512,912477,1433,24539,887938
2020-12-27,ZA,South Africa,AFRO,82434,994911,1982,26521,968390
2021-01-03,ZA,South Africa,AFRO,93978,1088889,2654,29175,1059714
2021-01-10,ZA,South Africa,AFRO,125287,1214176,3649,32824,1181352
2021-01-17,ZA,South Africa,AFRO,111483,1325659,4027,36851,1288808
2021-01-24,ZA,South Africa,AFRO,79180,1404839,3723,40574,1364265
2021-01-31,ZA,South Africa,AFRO,44397,1449236,3377,43951,1405285
2021-02-07,ZA,South Africa,AFRO,24464,1473700,2229,46180,1427520
2021-02-14,ZA,South Africa,AFRO,16363,1490063,1641,47821,1442242
2021-02-21,ZA,South Africa,AFRO,12304,1502367,1119,48940,1453427
2021-02-28,ZA,South Africa,AFRO,9858,1512225,1001,49941,1462284
2021-03-07,ZA,South Africa,AFRO,7981,1520206,706,50647,1469559
2021-03-14,ZA,South Africa,AFRO,8208,1528414,614,51261,1477153
2021-03-21,ZA,South Africa,AFRO,8387,1536801,821,52082,1484719
2021-03-28,ZA,South Africa,AFRO,7665,1544466,566,52648,1491818
2021-04-04,ZA,South Africa,AFRO,7035,1551501,306,52954,1498547
2021-04-11,ZA,South Africa,AFRO,6026,1557527,302,53256,1504271
2021-04-18,ZA,South Africa,AFRO,8153,1565680,455,53711,1511969
2021-04-25,ZA,South Africa,AFRO,8690,1574370,414,54125,1520245
2021-05-02,ZA,South Africa,AFRO,8472,1582842,281,54406,1528436
2021-05-09,ZA,South Africa,AFRO,11975,1594817,318,54724,1540093
2021-05-16,ZA,South Africa,AFRO,16326,1611143,459,55183,1555960
2021-05-23,ZA,South Africa,AFRO,21428,1632571,589,55772,1576799
2021-05-30,ZA,South Africa,AFRO,26499,1659070,591,56363,1602707
2021-06-06,ZA,South Africa,AFRO,32421,1691491,566,56929,1634562
2021-06-13,ZA,South Africa,AFRO,47934,1739425,724,57653,1681772
2021-06-20,ZA,South Africa,AFRO,70739,1810164,937,58590,1751574
2021-06-27,ZA,South Africa,AFRO,103697,1913861,1188,59778,1854083
2021-07-04,ZA,South Africa,AFRO,132450,2046311,1729,61507,1984804
2021-07-11,ZA,South Africa,AFRO,132986,2179297,2631,64138,2115159
2021-07-18,ZA,South Africa,AFRO,104583,2283880,2538,66676,2217204
2021-07-25,ZA,South Africa,AFRO,84225,2368105,2812,69488,2298617
2021-08-01,ZA,South Africa,AFRO,79349,2447454,2525,72013,2375441
2021-08-08,ZA,South Africa,AFRO,76034,2523488,2610,74623,2448865
2021-08-15,ZA,South Africa,AFRO,71959,2595447,2246,76869,2518578
2021-08-22,ZA,South Africa,AFRO,84778,2680225,2382,79251,2600974
2021-08-29,ZA,South Africa,AFRO,76966,2757191,2210,81461,2675730
2021-09-05,ZA,South Africa,AFRO,56823,2814014,1882,83343,2730671
2021-09-12,ZA,South Africa,AFRO,40220,2854234,1408,84751,2769483
2021-09-19,ZA,South Africa,AFRO,26115,2880349,1365,86116,2794233
2021-09-26,ZA,South Africa,AFRO,15627,2895976,885,87001,2808975
2021-10-03,ZA,South Africa,AFRO,9637,2905613,752,87753,2817860
2021-10-10,ZA,South Africa,AFRO,5884,2911497,539,88292,2823205
2021-10-17,ZA,South Africa,AFRO,4682,2916179,295,88587,2827592
2021-10-24,ZA,South Africa,AFRO,3153,2919332,327,88914,2830418
2021-10-31,ZA,South Africa,AFRO,2554,2921886,249,89163,2832723
2021-11-07,ZA,South Africa,AFRO,1865,2923751,156,89319,2834432
2021-11-14,ZA,South Africa,AFRO,1926,2925677,157,89476,2836201
2021-11-21,ZA,South Africa,AFRO,3498,2929175,96,89572,2839603
2021-11-28,ZA,South Africa,AFRO,29373,2958548,219,89791,2868757
2021-12-05,ZA,South Africa,AFRO,62021,3020569,174,89965,2930604
2021-12-12,ZA,South Africa,AFRO,109053,3129622,151,90116,3039506
2021-12-19,ZA,South Africa,AFRO,162987,3292609,229,90345,3202264
2021-12-26,ZA,South Africa,AFRO,115328,3407937,428,90773,3317164
2022-01-02,ZA,South Africa,AFRO,60142,3468079,425,91198,3376881
2022-01-09,ZA,South Africa,AFRO,53433,3521512,1173,92371,3429141
2022-01-16,ZA,South Africa,AFRO,35121,3556633,907,93278,3463355
2022-01-23,ZA,South Africa,AFRO,22795,3579428,785,94063,3485365
2022-01-30,ZA,South Africa,AFRO,22202,3601630,842,94905,3506725
2022-02-06,ZA,South Africa,AFRO,20580,3622210,912,95817,3526393
2022-02-13,ZA,South Africa,AFRO,17952,3640162,1168,96985,3543177
2022-02-20,ZA,South Africa,AFRO,16929,3657091,1632,98617,3558474
2022-02-27,ZA,South Africa,AFRO,14900,3671991,574,99191,3572800
2022-03-06,ZA,South Africa,AFRO,11181,3683172,352,99543,3583629
2022-03-13,ZA,South Africa,AFRO,10360,3693532,169,99712,3593820
2022-03-20,ZA,South Africa,AFRO,9797,3703329,167,99879,3603450
2022-03-27,ZA,South Africa,AFRO,8934,3712263,86,99965,3612298
2022-04-03,ZA,South Africa,AFRO,9802,3722065,81,100046,3622019
2022-04-10,ZA,South Africa,AFRO,9182,3731247,50,100096,3631151
2022-04-17,ZA,South Africa,AFRO,9151,3740398,48,100144,3640254
2022-04-24,ZA,South Africa,AFRO,19291,3759689,154,100298,3659391
2022-05-01,ZA,South Africa,AFRO,32236,3791925,65,100363,3691562
2022-05-08,ZA,South Africa,AFRO,43977,3835902,153,100516,3735386
2022-05-15,ZA,South Africa,AFRO,51547,3887449,237,100753,3786696
2022-05-22,ZA,South Africa,AFRO,39203,3926652,178,100931,3825721
2022-05-29,ZA,South Africa,AFRO,25541,3952193,211,101142,3851051
2022-06-05,ZA,South Africa,AFRO,14885,3967078,171,101313,3865765
2022-06-12,ZA,South Africa,AFRO,10550,3977628,164,101477,3876151
2022-06-19,ZA,South Africa,AFRO,7978,3985606,121,101598,3884008
2022-06-26,ZA,South Africa,AFRO,6843,3992449,133,101731,3890718
2022-07-03,ZA,South Africa,AFRO,2842,3995291,81,101812,3893479
2022-07-10,ZA,South Africa,AFRO,1978,3997269,64,101876,3895393
2022-07-17,ZA,South Africa,AFRO,2482,3999751,42,101918,3897833
2022-07-24,ZA,South Africa,AFRO,2382,4002133,25,101943,3900190
2022-07-31,ZA,South Africa,AFRO,2991,4005124,39,101982,3903142
2022-08-07,ZA,South Africa,AFRO,1747,4006871,0,101982,3904889
2022-08-14,ZA,South Africa,AFRO,1293,4008164,0,101982,3906182
2022-08-21,ZA,South Africa,AFRO,1566,4009730,84,102066,3907664
2022-08-28,ZA,South Africa,AFRO,1480,4011210,18,102084,3909126
2022-09-04,ZA,South Africa,AFRO,1275,4012485,24,102108,3910377
2022-09-11,ZA,South Africa,AFRO,1792,4014277,21,102129,3912148
2022-09-18,ZA,South Africa,AFRO,1603,4015880,17,102146,3913734
2022-09-25,ZA,South Africa,AFRO,1283,4017163,23,102169,3914994
2022-10-02,ZA,South Africa,AFRO,1605,4018768,16,102185,3916583
2022-10-09,ZA,South Africa,AFRO,2020,4020788,9,102194,3918594
2022-10-16,ZA,South Africa,AFRO,2570,4023358,52,102246,3921112
2022-10-23,ZA,South Africa,AFRO,2017,4025375,11,102257,3923118
2022-10-30,ZA,South Africa,AFRO,2369,4027744,54,102311,3925433
2022-11-06,ZA,South Africa,AFRO,1993,4029737,52,102363,3927374
2022-11-13,ZA,South Africa,AFRO,3445,4033182,8,102371,3930811
2022-11-20,ZA,South Africa,AFRO,4039,4037221,24,102395,3934826
2022-11-27,ZA,South Africa,AFRO,3718,4040939,33,102428,3938511
2022-12-04,ZA,South Africa,AFRO,1973,4042912,36,102464,3940448
2022-12-11,ZA,South Africa,AFRO,0,4042912,86,102550,3940362
2022-12-18,ZA,South Africa,AFRO,2350,4045262,18,102568,3942694
2022-12-25,ZA,South Africa,AFRO,2970,4048232,0,102568,3945664
2023-01-01,ZA,South Africa,AFRO,348,4048580,0,102568,3946012
2023-01-08,ZA,South Africa,AFRO,1708,4050288,0,102568,3947720
2023-01-15,ZA,South Africa,AFRO,1499,4051787,0,102568,3949219
2023-01-22,ZA,South Africa,AFRO,2419,4054206,27,102595,3951611
2023-01-29,ZA,South Africa,AFRO,1450,4055656,0,102595,3953061
2023-02-05,ZA,South Africa,AFRO,1478,4057134,0,102595,3954539
2023-02-12,ZA,South Africa,AFRO,1781,4058915,0,102595,3956320
2023-02-19,ZA,South Africa,AFRO,1470,4060385,0,102595,3957790
2023-02-26,ZA,South Africa,AFRO,1193,4061578,0,102595,3958983
2023-03-05,ZA,South Africa,AFRO,4165,4065743,0,102595,3963148
2023-03-12,ZA,South Africa,AFRO,2481,4068224,0,102595,3965629
2023-03-19,ZA,South Africa,AFRO,2210,4070434,0,102595,3967839
2023-03-26,ZA,South Africa,AFRO,2099,4072533,0,102595,3969938
2023-04-02,ZA,South Africa,AFRO,0,4072533,0,102595,3969938
2023-04-09,ZA,South Africa,AFRO,0,4072533,0,102595,3969938
2023-04-16,ZA,South Africa,AFRO,0,4072533,0,102595,3969938
2023-04-23,ZA,South Africa,AFRO,0,4072533,0,102595,3969938
2023-04-30,ZA,South Africa,AFRO,0,4072533,0,102595,3969938
2023-05-07,ZA,South Africa,AFRO,0,4072533,0,102595,3969938
2023-05-14,ZA,South Africa,AFRO,0,4072533,0,102595,3969938
2023-05-21,ZA,South Africa,AFRO,0,4072533,0,102595,3969938
2023-05-28,ZA,South Africa,AFRO,0,4072533,0,102595,3969938
2023-06-04,ZA,South Africa,AFRO,0,4072533,0,102595,3969938
2023-06-11,ZA,South Africa,AFRO,0,4072533,0,102595,3969938
2023-06-18,ZA,South Africa,AFRO,0,4072533,0,102595,3969938
2023-06-25,ZA,South Africa,AFRO,0,4072533,0,102595,3969938
2023-07-02,ZA,South Africa,AFRO,0,4072533,0,102595,3969938
2023-07-09,ZA,South Africa,AFRO,0,4072533,0,102595,3969938
2023-07-16,ZA,South Africa,AFRO,0,4072533,0,102595,3969938
2023-07-23,ZA,South Africa,AFRO,0,4072533,0,102595,3969938
2023-07-30,ZA,South Africa,AFRO,0,4072533,0,102595,3969938
2023-08-06,ZA,South Africa,AFRO,0,4072533,0,102595,3969938
2023-08-13,ZA,South Africa,AFRO,0,4072533,0,102595,3969938
2023-08-20,ZA,South Africa,AFRO,0,4072533,0,102595,3969938
2023-08-27,ZA,South Africa,AFRO,0,4072533,0,102595,3969938
2023-09-03,ZA,South Africa,AFRO,0,4072533,0,102595,3969938
2023-09-10,ZA,South Africa,AFRO,0,4072533,0,102595,3969938
2023-09-17,ZA,South Africa,AFRO,0,4072533,0,102595,3969938
2023-09-24,ZA,South Africa,AFRO,0,4072533,0,102595,3969938
2023-10-01,ZA,South Africa,AFRO,0,4072533,0,102595,3969938
2023-10-08,ZA,South Africa,AFRO,8,4072541,0,102595,3969946
2023-10-15,ZA,South Africa,AFRO,20,4072561,0,102595,3969966
2023-10-22,ZA,South Africa,AFRO,15,4072576,0,102595,3969981
2023-10-29,ZA,South Africa,AFRO,5,4072581,0,102595,3969986
2023-11-05,ZA,South Africa,AFRO,10,4072591,0,102595,3969996
2023-11-12,ZA,South Africa,AFRO,12,4072603,0,102595,3970008
2023-11-19,ZA,South Africa,AFRO,14,4072617,0,102595,3970022
2023-11-26,ZA,South Africa,AFRO,12,4072629,0,102595,3970034
2023-12-03,ZA,South Africa,AFRO,7,4072636,0,102595,3970041
2023-12-10,ZA,South Africa,AFRO,0,4072636,0,102595,3970041
2023-12-17,ZA,South Africa,AFRO,0,4072636,0,102595,3970041
2023-12-24,ZA,South Africa,AFRO,0,4072636,0,102595,3970041
2023-12-31,ZA,South Africa,AFRO,0,4072636,0,102595,3970041
2024-01-07,ZA,South Africa,AFRO,0,4072636,0,102595,3970041
2024-01-14,ZA,South Africa,AFRO,0,4072636,0,102595,3970041
2024-01-21,ZA,South Africa,AFRO,0,4072636,0,102595,3970041
2024-01-28,ZA,South Africa,AFRO,0,4072636,0,102595,3970041
2024-02-04,ZA,South Africa,AFRO,0,4072636,0,102595,3970041
2024-02-11,ZA,South Africa,AFRO,0,4072636,0,102595,3970041
2024-02-18,ZA,South Africa,AFRO,0,4072636,0,102595,3970041
2024-02-25,ZA,South Africa,AFRO,0,4072636,0,102595,3970041
2024-03-03,ZA,South Africa,AFRO,0,4072636,0,102595,3970041
2024-03-10,ZA,South Africa,AFRO,0,4072636,0,102595,3970041
2024-03-17,ZA,South Africa,AFRO,2,4072638,0,102595,3970043
2024-03-24,ZA,South Africa,AFRO,4,4072642,0,102595,3970047
2024-03-31,ZA,South Africa,AFRO,6,4072648,0,102595,3970053
2024-04-07,ZA,South Africa,AFRO,5,4072653,0,102595,3970058
2024-04-14,ZA,South Africa,AFRO,8,4072661,0,102595,3970066
2024-04-21,ZA,South Africa,AFRO,12,4072673,0,102595,3970078
2024-04-28,ZA,South Africa,AFRO,4,4072677,0,102595,3970082
2024-05-05,ZA,South Africa,AFRO,4,4072681,0,102595,3970086
2024-05-12,ZA,South Africa,AFRO,3,4072684,0,102595,3970089
2024-05-19,ZA,South Africa,AFRO,13,4072697,0,102595,3970102
2024-05-26,ZA,South Africa,AFRO,11,4072708,0,102595,3970113
2024-06-02,ZA,South Africa,AFRO,4,4072712,0,102595,3970117
2024-06-09,ZA,South Africa,AFRO,8,4072720,0,102595,3970125
2024-06-16,ZA,South Africa,AFRO,6,4072726,0,102595,3970131
2024-06-23,ZA,South Africa,AFRO,9,4072735,0,102595,3970140
2024-06-30,ZA,South Africa,AFRO,5,4072740,0,102595,3970145
2024-07-07,ZA,South Africa,AFRO,4,4072744,0,102595,3970149
2024-07-14,ZA,South Africa,AFRO,7,4072751,0,102595,3970156
2024-07-21,ZA,South Africa,AFRO,8,4072759,0,102595,3970164
2024-07-28,ZA,South Africa,AFRO,4,4072763,0,102595,3970168
2024-08-04,ZA,South Africa,AFRO,3,4072766,0,102595,3970171
2024-08-11,ZA,South Africa,AFRO,9,4072775,0,102595,3970180
2024-08-18,ZA,South Africa,AFRO,2,4072777,0,102595,3970182
2024-08-25,ZA,South Africa,AFRO,5,4072782,0,102595,3970187
2024-09-01,ZA,South Africa,AFRO,4,4072786,0,102595,3970191
2024-09-08,ZA,South Africa,AFRO,13,4072799,0,102595,3970204
2024-09-15,ZA,South Africa,AFRO,6,4072805,0,102595,3970210
2024-09-22,ZA,South Africa,AFRO,1,4072806,0,102595,3970211
2024-09-29,ZA,South Africa,AFRO,1,4072807,0,102595,3970212
2024-10-06,ZA,South Africa,AFRO,2,4072809,0,102595,3970214
2024-10-13,ZA,South Africa,AFRO,2,4072811,0,102595,3970216
2024-10-20,ZA,South Africa,AFRO,2,4072813,0,102595,3970218
2024-10-27,ZA,South Africa,AFRO,4,4072817,0,102595,3970222
2024-11-03,ZA,South Africa,AFRO,2,4072819,0,102595,3970224
2024-11-10,ZA,South Africa,AFRO,0,4072819,0,102595,3970224
2024-11-17,ZA,South Africa,AFRO,0,4072819,0,102595,3970224
2020-01-05,SS,South Sudan,AFRO,0,0,0,0,0
2020-01-12,SS,South Sudan,AFRO,0,0,0,0,0
2020-01-19,SS,South Sudan,AFRO,0,0,0,0,0
2020-01-26,SS,South Sudan,AFRO,0,0,0,0,0
2020-02-02,SS,South Sudan,AFRO,0,0,0,0,0
2020-02-09,SS,South Sudan,AFRO,0,0,0,0,0
2020-02-16,SS,South Sudan,AFRO,0,0,0,0,0
2020-02-23,SS,South Sudan,AFRO,0,0,0,0,0
2020-03-01,SS,South Sudan,AFRO,0,0,0,0,0
2020-03-08,SS,South Sudan,AFRO,0,0,0,0,0
2020-03-15,SS,South Sudan,AFRO,0,0,0,0,0
2020-03-22,SS,South Sudan,AFRO,0,0,0,0,0
2020-03-29,SS,South Sudan,AFRO,0,0,0,0,0
2020-04-05,SS,South Sudan,AFRO,0,0,0,0,0
2020-04-12,SS,South Sudan,AFRO,4,4,0,0,4
2020-04-19,SS,South Sudan,AFRO,0,4,0,0,4
2020-04-26,SS,South Sudan,AFRO,2,6,0,0,6
2020-05-03,SS,South Sudan,AFRO,40,46,0,0,46
2020-05-10,SS,South Sudan,AFRO,74,120,0,0,120
2020-05-17,SS,South Sudan,AFRO,165,285,6,6,279
2020-05-24,SS,South Sudan,AFRO,370,655,4,10,645
2020-05-31,SS,South Sudan,AFRO,492,1147,4,14,1133
2020-06-07,SS,South Sudan,AFRO,326,1473,8,22,1451
2020-06-14,SS,South Sudan,AFRO,220,1693,7,29,1664
2020-06-21,SS,South Sudan,AFRO,189,1882,7,36,1846
2020-06-28,SS,South Sudan,AFRO,84,1966,2,38,1928
2020-07-05,SS,South Sudan,AFRO,99,2065,4,42,2023
2020-07-12,SS,South Sudan,AFRO,80,2145,1,43,2102
2020-07-19,SS,South Sudan,AFRO,55,2200,2,45,2155
2020-07-26,SS,South Sudan,AFRO,86,2286,2,47,2239
2020-08-02,SS,South Sudan,AFRO,143,2429,1,48,2381
2020-08-09,SS,South Sudan,AFRO,42,2471,1,49,2422
2020-08-16,SS,South Sudan,AFRO,18,2489,0,49,2440
2020-08-23,SS,South Sudan,AFRO,15,2504,0,49,2455
2020-08-30,SS,South Sudan,AFRO,21,2525,0,49,2476
2020-09-06,SS,South Sudan,AFRO,19,2544,1,50,2494
2020-09-13,SS,South Sudan,AFRO,40,2584,1,51,2533
2020-09-20,SS,South Sudan,AFRO,60,2644,0,51,2593
2020-09-27,SS,South Sudan,AFRO,48,2692,0,51,2641
2020-10-04,SS,South Sudan,AFRO,34,2726,1,52,2674
2020-10-11,SS,South Sudan,AFRO,61,2787,5,57,2730
2020-10-18,SS,South Sudan,AFRO,55,2842,0,57,2785
2020-10-25,SS,South Sudan,AFRO,41,2883,1,58,2825
2020-11-01,SS,South Sudan,AFRO,43,2926,3,61,2865
2020-11-08,SS,South Sudan,AFRO,34,2960,0,61,2899
2020-11-15,SS,South Sudan,AFRO,54,3014,0,61,2953
2020-11-22,SS,South Sudan,AFRO,70,3084,1,62,3022
2020-11-29,SS,South Sudan,AFRO,23,3107,0,62,3045
2020-12-06,SS,South Sudan,AFRO,67,3174,1,63,3111
2020-12-13,SS,South Sudan,AFRO,32,3206,0,63,3143
2020-12-20,SS,South Sudan,AFRO,25,3231,0,63,3168
2020-12-27,SS,South Sudan,AFRO,274,3505,0,63,3442
2021-01-03,SS,South Sudan,AFRO,71,3576,1,64,3512
2021-01-10,SS,South Sudan,AFRO,73,3649,0,64,3585
2021-01-17,SS,South Sudan,AFRO,93,3742,0,64,3678
2021-01-24,SS,South Sudan,AFRO,101,3843,1,65,3778
2021-01-31,SS,South Sudan,AFRO,194,4037,0,65,3972
2021-02-07,SS,South Sudan,AFRO,455,4492,2,67,4425
2021-02-14,SS,South Sudan,AFRO,921,5413,7,74,5339
2021-02-21,SS,South Sudan,AFRO,1171,6584,12,86,6498
2021-02-28,SS,South Sudan,AFRO,1353,7937,7,93,7844
2021-03-07,SS,South Sudan,AFRO,840,8777,9,102,8675
2021-03-14,SS,South Sudan,AFRO,724,9501,2,104,9397
2021-03-21,SS,South Sudan,AFRO,389,9890,2,106,9784
2021-03-28,SS,South Sudan,AFRO,208,10098,2,108,9990
2021-04-04,SS,South Sudan,AFRO,169,10267,5,113,10154
2021-04-11,SS,South Sudan,AFRO,105,10372,1,114,10258
2021-04-18,SS,South Sudan,AFRO,101,10473,0,114,10359
2021-04-25,SS,South Sudan,AFRO,60,10533,0,114,10419
2021-05-02,SS,South Sudan,AFRO,65,10598,1,115,10483
2021-05-09,SS,South Sudan,AFRO,39,10637,0,115,10522
2021-05-16,SS,South Sudan,AFRO,16,10653,0,115,10538
2021-05-23,SS,South Sudan,AFRO,17,10670,0,115,10555
2021-05-30,SS,South Sudan,AFRO,18,10688,0,115,10573
2021-06-06,SS,South Sudan,AFRO,0,10688,0,115,10573
2021-06-13,SS,South Sudan,AFRO,0,10688,0,115,10573
2021-06-20,SS,South Sudan,AFRO,98,10786,0,115,10671
2021-06-27,SS,South Sudan,AFRO,38,10824,1,116,10708
2021-07-04,SS,South Sudan,AFRO,52,10876,1,117,10759
2021-07-11,SS,South Sudan,AFRO,15,10891,0,117,10774
2021-07-18,SS,South Sudan,AFRO,26,10917,0,117,10800
2021-07-25,SS,South Sudan,AFRO,0,10917,0,117,10800
2021-08-01,SS,South Sudan,AFRO,146,11063,2,119,10944
2021-08-08,SS,South Sudan,AFRO,56,11119,1,120,10999
2021-08-15,SS,South Sudan,AFRO,61,11180,0,120,11060
2021-08-22,SS,South Sudan,AFRO,121,11301,0,120,11181
2021-08-29,SS,South Sudan,AFRO,116,11417,0,120,11297
2021-09-05,SS,South Sudan,AFRO,100,11517,0,120,11397
2021-09-12,SS,South Sudan,AFRO,93,11610,0,120,11490
2021-09-19,SS,South Sudan,AFRO,195,11805,1,121,11684
2021-09-26,SS,South Sudan,AFRO,131,11936,7,128,11808
2021-10-03,SS,South Sudan,AFRO,99,12035,2,130,11905
2021-10-10,SS,South Sudan,AFRO,79,12114,0,130,11984
2021-10-17,SS,South Sudan,AFRO,109,12223,0,130,12093
2021-10-24,SS,South Sudan,AFRO,70,12293,3,133,12160
2021-10-31,SS,South Sudan,AFRO,109,12402,0,133,12269
2021-11-07,SS,South Sudan,AFRO,88,12490,0,133,12357
2021-11-14,SS,South Sudan,AFRO,95,12585,0,133,12452
2021-11-21,SS,South Sudan,AFRO,90,12675,0,133,12542
2021-11-28,SS,South Sudan,AFRO,76,12751,0,133,12618
2021-12-05,SS,South Sudan,AFRO,68,12819,0,133,12686
2021-12-12,SS,South Sudan,AFRO,72,12891,0,133,12758
2021-12-19,SS,South Sudan,AFRO,568,13459,0,133,13326
2021-12-26,SS,South Sudan,AFRO,1351,14810,2,135,14675
2022-01-02,SS,South Sudan,AFRO,828,15638,1,136,15502
2022-01-09,SS,South Sudan,AFRO,572,16210,0,136,16074
2022-01-16,SS,South Sudan,AFRO,312,16522,0,136,16386
2022-01-23,SS,South Sudan,AFRO,171,16693,1,137,16556
2022-01-30,SS,South Sudan,AFRO,95,16788,0,137,16651
2022-02-06,SS,South Sudan,AFRO,61,16849,0,137,16712
2022-02-13,SS,South Sudan,AFRO,47,16896,0,137,16759
2022-02-20,SS,South Sudan,AFRO,34,16930,0,137,16793
2022-02-27,SS,South Sudan,AFRO,36,16966,0,137,16829
2022-03-06,SS,South Sudan,AFRO,45,17011,0,137,16874
2022-03-13,SS,South Sudan,AFRO,50,17061,1,138,16923
2022-03-20,SS,South Sudan,AFRO,68,17129,0,138,16991
2022-03-27,SS,South Sudan,AFRO,84,17213,0,138,17075
2022-04-03,SS,South Sudan,AFRO,73,17286,0,138,17148
2022-04-10,SS,South Sudan,AFRO,64,17350,0,138,17212
2022-04-17,SS,South Sudan,AFRO,52,17402,0,138,17264
2022-04-24,SS,South Sudan,AFRO,36,17438,0,138,17300
2022-05-01,SS,South Sudan,AFRO,41,17479,0,138,17341
2022-05-08,SS,South Sudan,AFRO,29,17508,0,138,17370
2022-05-15,SS,South Sudan,AFRO,39,17547,0,138,17409
2022-05-22,SS,South Sudan,AFRO,27,17574,0,138,17436
2022-05-29,SS,South Sudan,AFRO,16,17590,0,138,17452
2022-06-05,SS,South Sudan,AFRO,40,17630,0,138,17492
2022-06-12,SS,South Sudan,AFRO,18,17648,0,138,17510
2022-06-19,SS,South Sudan,AFRO,36,17684,0,138,17546
2022-06-26,SS,South Sudan,AFRO,25,17709,0,138,17571
2022-07-03,SS,South Sudan,AFRO,27,17736,0,138,17598
2022-07-10,SS,South Sudan,AFRO,18,17754,0,138,17616
2022-07-17,SS,South Sudan,AFRO,12,17766,0,138,17628
2022-07-24,SS,South Sudan,AFRO,13,17779,0,138,17641
2022-07-31,SS,South Sudan,AFRO,1,17780,0,138,17642
2022-08-07,SS,South Sudan,AFRO,0,17780,0,138,17642
2022-08-14,SS,South Sudan,AFRO,0,17780,0,138,17642
2022-08-21,SS,South Sudan,AFRO,0,17780,0,138,17642
2022-08-28,SS,South Sudan,AFRO,0,17780,0,138,17642
2022-09-04,SS,South Sudan,AFRO,0,17780,0,138,17642
2022-09-11,SS,South Sudan,AFRO,0,17780,0,138,17642
2022-09-18,SS,South Sudan,AFRO,280,18060,0,138,17922
2022-09-25,SS,South Sudan,AFRO,55,18115,0,138,17977
2022-10-02,SS,South Sudan,AFRO,0,18115,0,138,17977
2022-10-09,SS,South Sudan,AFRO,132,18247,0,138,18109
2022-10-16,SS,South Sudan,AFRO,14,18261,0,138,18123
2022-10-23,SS,South Sudan,AFRO,31,18292,0,138,18154
2022-10-30,SS,South Sudan,AFRO,21,18313,0,138,18175
2022-11-06,SS,South Sudan,AFRO,16,18329,0,138,18191
2022-11-13,SS,South Sudan,AFRO,12,18341,0,138,18203
2022-11-20,SS,South Sudan,AFRO,7,18348,0,138,18210
2022-11-27,SS,South Sudan,AFRO,2,18350,0,138,18212
2022-12-04,SS,South Sudan,AFRO,2,18352,0,138,18214
2022-12-11,SS,South Sudan,AFRO,16,18368,0,138,18230
2022-12-18,SS,South Sudan,AFRO,0,18368,0,138,18230
2022-12-25,SS,South Sudan,AFRO,0,18368,0,138,18230
2023-01-01,SS,South Sudan,AFRO,0,18368,0,138,18230
2023-01-08,SS,South Sudan,AFRO,0,18368,0,138,18230
2023-01-15,SS,South Sudan,AFRO,0,18368,0,138,18230
2023-01-22,SS,South Sudan,AFRO,0,18368,0,138,18230
2023-01-29,SS,South Sudan,AFRO,0,18368,0,138,18230
2023-02-05,SS,South Sudan,AFRO,0,18368,0,138,18230
2023-02-12,SS,South Sudan,AFRO,0,18368,0,138,18230
2023-02-19,SS,South Sudan,AFRO,0,18368,0,138,18230
2023-02-26,SS,South Sudan,AFRO,0,18368,0,138,18230
2023-03-05,SS,South Sudan,AFRO,0,18368,0,138,18230
2023-03-12,SS,South Sudan,AFRO,0,18368,0,138,18230
2023-03-19,SS,South Sudan,AFRO,0,18368,0,138,18230
2023-03-26,SS,South Sudan,AFRO,0,18368,0,138,18230
2023-04-02,SS,South Sudan,AFRO,0,18368,0,138,18230
2023-04-09,SS,South Sudan,AFRO,0,18368,0,138,18230
2023-04-16,SS,South Sudan,AFRO,0,18368,0,138,18230
2023-04-23,SS,South Sudan,AFRO,0,18368,0,138,18230
2023-04-30,SS,South Sudan,AFRO,0,18368,0,138,18230
2023-05-07,SS,South Sudan,AFRO,0,18368,0,138,18230
2023-05-14,SS,South Sudan,AFRO,0,18368,0,138,18230
2023-05-21,SS,South Sudan,AFRO,0,18368,0,138,18230
2023-05-28,SS,South Sudan,AFRO,0,18368,0,138,18230
2023-06-04,SS,South Sudan,AFRO,0,18368,0,138,18230
2023-06-11,SS,South Sudan,AFRO,0,18368,0,138,18230
2023-06-18,SS,South Sudan,AFRO,0,18368,0,138,18230
2023-06-25,SS,South Sudan,AFRO,0,18368,0,138,18230
2023-07-02,SS,South Sudan,AFRO,0,18368,0,138,18230
2023-07-09,SS,South Sudan,AFRO,0,18368,0,138,18230
2023-07-16,SS,South Sudan,AFRO,0,18368,0,138,18230
2023-07-23,SS,South Sudan,AFRO,0,18368,0,138,18230
2023-07-30,SS,South Sudan,AFRO,0,18368,0,138,18230
2023-08-06,SS,South Sudan,AFRO,0,18368,0,138,18230
2023-08-13,SS,South Sudan,AFRO,0,18368,0,138,18230
2023-08-20,SS,South Sudan,AFRO,0,18368,0,138,18230
2023-08-27,SS,South Sudan,AFRO,0,18368,0,138,18230
2023-09-03,SS,South Sudan,AFRO,0,18368,0,138,18230
2023-09-10,SS,South Sudan,AFRO,0,18368,0,138,18230
2023-09-17,SS,South Sudan,AFRO,0,18368,0,138,18230
2023-09-24,SS,South Sudan,AFRO,0,18368,0,138,18230
2023-10-01,SS,South Sudan,AFRO,0,18368,0,138,18230
2023-10-08,SS,South Sudan,AFRO,31,18399,9,147,18252
2023-10-15,SS,South Sudan,AFRO,137,18536,0,147,18389
2023-10-22,SS,South Sudan,AFRO,59,18595,0,147,18448
2023-10-29,SS,South Sudan,AFRO,101,18696,0,147,18549
2023-11-05,SS,South Sudan,AFRO,26,18722,0,147,18575
2023-11-12,SS,South Sudan,AFRO,36,18758,0,147,18611
2023-11-19,SS,South Sudan,AFRO,5,18763,0,147,18616
2023-11-26,SS,South Sudan,AFRO,2,18765,0,147,18618
2023-12-03,SS,South Sudan,AFRO,54,18819,0,147,18672
2023-12-10,SS,South Sudan,AFRO,0,18819,0,147,18672
2023-12-17,SS,South Sudan,AFRO,0,18819,0,147,18672
2023-12-24,SS,South Sudan,AFRO,0,18819,0,147,18672
2023-12-31,SS,South Sudan,AFRO,0,18819,0,147,18672
2024-01-07,SS,South Sudan,AFRO,0,18819,0,147,18672
2024-01-14,SS,South Sudan,AFRO,0,18819,0,147,18672
2024-01-21,SS,South Sudan,AFRO,0,18819,0,147,18672
2024-01-28,SS,South Sudan,AFRO,0,18819,0,147,18672
2024-02-04,SS,South Sudan,AFRO,0,18819,0,147,18672
2024-02-11,SS,South Sudan,AFRO,0,18819,0,147,18672
2024-02-18,SS,South Sudan,AFRO,0,18819,0,147,18672
2024-02-25,SS,South Sudan,AFRO,0,18819,0,147,18672
2024-03-03,SS,South Sudan,AFRO,0,18819,0,147,18672
2024-03-10,SS,South Sudan,AFRO,0,18819,0,147,18672
2024-03-17,SS,South Sudan,AFRO,0,18819,0,147,18672
2024-03-24,SS,South Sudan,AFRO,1,18820,0,147,18673
2024-03-31,SS,South Sudan,AFRO,0,18820,0,147,18673
2024-04-07,SS,South Sudan,AFRO,3,18823,0,147,18676
2024-04-14,SS,South Sudan,AFRO,0,18823,0,147,18676
2024-04-21,SS,South Sudan,AFRO,0,18823,0,147,18676
2024-04-28,SS,South Sudan,AFRO,0,18823,0,147,18676
2024-05-05,SS,South Sudan,AFRO,0,18823,0,147,18676
2024-05-12,SS,South Sudan,AFRO,0,18823,0,147,18676
2024-05-19,SS,South Sudan,AFRO,0,18823,0,147,18676
2024-05-26,SS,South Sudan,AFRO,0,18823,0,147,18676
2024-06-02,SS,South Sudan,AFRO,0,18823,0,147,18676
2024-06-09,SS,South Sudan,AFRO,0,18823,0,147,18676
2024-06-16,SS,South Sudan,AFRO,0,18823,0,147,18676
2024-06-23,SS,South Sudan,AFRO,0,18823,0,147,18676
2024-06-30,SS,South Sudan,AFRO,0,18823,0,147,18676
2024-07-07,SS,South Sudan,AFRO,0,18823,0,147,18676
2024-07-14,SS,South Sudan,AFRO,0,18823,0,147,18676
2024-07-21,SS,South Sudan,AFRO,0,18823,0,147,18676
2024-07-28,SS,South Sudan,AFRO,0,18823,0,147,18676
2024-08-04,SS,South Sudan,AFRO,0,18823,0,147,18676
2024-08-11,SS,South Sudan,AFRO,0,18823,0,147,18676
2024-08-18,SS,South Sudan,AFRO,0,18823,0,147,18676
2024-08-25,SS,South Sudan,AFRO,2,18825,0,147,18678
2024-09-01,SS,South Sudan,AFRO,1,18826,0,147,18679
2024-09-08,SS,South Sudan,AFRO,1,18827,0,147,18680
2024-09-15,SS,South Sudan,AFRO,0,18827,0,147,18680
2024-09-22,SS,South Sudan,AFRO,3,18830,0,147,18683
2024-09-29,SS,South Sudan,AFRO,4,18834,0,147,18687
2024-10-06,SS,South Sudan,AFRO,3,18837,0,147,18690
2024-10-13,SS,South Sudan,AFRO,7,18844,0,147,18697
2024-10-20,SS,South Sudan,AFRO,3,18847,0,147,18700
2024-10-27,SS,South Sudan,AFRO,3,18850,0,147,18703
2024-11-03,SS,South Sudan,AFRO,5,18855,0,147,18708
2024-11-10,SS,South Sudan,AFRO,0,18855,0,147,18708
2024-11-17,SS,South Sudan,AFRO,0,18855,0,147,18708
2020-01-05,ES,Spain,EURO,0,0,0,0,0
2020-01-12,ES,Spain,EURO,0,0,0,0,0
2020-01-19,ES,Spain,EURO,2,2,0,0,2
2020-01-26,ES,Spain,EURO,1,3,0,0,3
2020-02-02,ES,Spain,EURO,2,5,0,0,5
2020-02-09,ES,Spain,EURO,2,7,0,0,7
2020-02-16,ES,Spain,EURO,4,11,1,1,10
2020-02-23,ES,Spain,EURO,8,19,0,1,18
2020-03-01,ES,Spain,EURO,129,148,0,1,147
2020-03-08,ES,Spain,EURO,1423,1571,24,25,1546
2020-03-15,ES,Spain,EURO,11603,13174,457,482,12692
2020-03-22,ES,Spain,EURO,36346,49520,2432,2914,46606
2020-03-29,ES,Spain,EURO,59344,108864,5663,8577,100287
2020-04-05,ES,Spain,EURO,44403,153267,5841,14418,138849
2020-04-12,ES,Spain,EURO,30585,183852,4766,19184,164668
2020-04-19,ES,Spain,EURO,21250,205102,3576,22760,182342
2020-04-26,ES,Spain,EURO,14574,219676,2386,25146,194530
2020-05-03,ES,Spain,EURO,8099,227775,1551,26697,201078
2020-05-10,ES,Spain,EURO,5624,233399,1069,27766,205633
2020-05-17,ES,Spain,EURO,5398,238797,612,28378,210419
2020-05-24,ES,Spain,EURO,4394,243191,452,28830,214361
2020-05-31,ES,Spain,EURO,3818,247009,338,29168,217841
2020-06-07,ES,Spain,EURO,3029,250038,240,29408,220630
2020-06-14,ES,Spain,EURO,2360,252398,160,29568,222830
2020-06-21,ES,Spain,EURO,2209,254607,113,29681,224926
2020-06-28,ES,Spain,EURO,2353,256960,57,29738,227222
2020-07-05,ES,Spain,EURO,2806,259766,48,29786,229980
2020-07-12,ES,Spain,EURO,4866,264632,29,29815,234817
2020-07-19,ES,Spain,EURO,10235,274867,21,29836,245031
2020-07-26,ES,Spain,EURO,14507,289374,51,29887,259487
2020-08-02,ES,Spain,EURO,20321,309695,90,29977,279718
2020-08-09,ES,Spain,EURO,28301,337996,147,30124,307872
2020-08-16,ES,Spain,EURO,40123,378119,204,30328,347791
2020-08-23,ES,Spain,EURO,52062,430181,308,30636,399545
2020-08-30,ES,Spain,EURO,61080,491261,394,31030,460231
2020-09-06,ES,Spain,EURO,65500,556761,510,31540,525221
2020-09-13,ES,Spain,EURO,74073,630834,680,32220,598614
2020-09-20,ES,Spain,EURO,80808,711642,827,33047,678595
2020-09-27,ES,Spain,EURO,72474,784116,880,33927,750189
2020-10-04,ES,Spain,EURO,65133,849249,947,34874,814375
2020-10-11,ES,Spain,EURO,77797,927046,944,35818,891228
2020-10-18,ES,Spain,EURO,91151,1018197,1053,36871,981326
2020-10-25,ES,Spain,EURO,135288,1153485,1387,38258,1115227
2020-11-01,ES,Spain,EURO,144877,1298362,1798,40056,1258306
2020-11-08,ES,Spain,EURO,133375,1431737,2304,42360,1389377
2020-11-15,ES,Spain,EURO,112091,1543828,2344,44704,1499124
2020-11-22,ES,Spain,EURO,81232,1625060,2183,46887,1578173
2020-11-29,ES,Spain,EURO,58537,1683597,1873,48760,1634837
2020-12-06,ES,Spain,EURO,50703,1734300,1526,50286,1684014
2020-12-13,ES,Spain,EURO,50685,1784985,1360,51646,1733339
2020-12-20,ES,Spain,EURO,68392,1853377,1146,52792,1800585
2020-12-27,ES,Spain,EURO,66172,1919549,1172,53964,1865585
2021-01-03,ES,Spain,EURO,98951,2018500,1287,55251,1963249
2021-01-10,ES,Spain,EURO,160591,2179091,1577,56828,2122263
2021-01-17,ES,Spain,EURO,234083,2413174,2325,59153,2354021
2021-01-24,ES,Spain,EURO,244667,2657841,3407,62560,2595281
2021-01-31,ES,Spain,EURO,202047,2859888,3819,66379,2793509
2021-02-07,ES,Spain,EURO,130543,2990431,3315,69694,2920737
2021-02-14,ES,Spain,EURO,75699,3066130,2459,72153,2993977
2021-02-21,ES,Spain,EURO,50400,3116530,1692,73845,3042685
2021-02-28,ES,Spain,EURO,38936,3155466,1315,75160,3080306
2021-03-07,ES,Spain,EURO,33692,3189158,927,76087,3113071
2021-03-14,ES,Spain,EURO,32524,3221682,717,76804,3144878
2021-03-21,ES,Spain,EURO,34096,3255778,592,77396,3178382
2021-03-28,ES,Spain,EURO,42834,3298612,533,77929,3220683
2021-04-04,ES,Spain,EURO,43342,3341954,538,78467,3263487
2021-04-11,ES,Spain,EURO,60150,3402104,563,79030,3323074
2021-04-18,ES,Spain,EURO,58926,3461030,570,79600,3381430
2021-04-25,ES,Spain,EURO,57972,3519002,528,80128,3438874
2021-05-02,ES,Spain,EURO,52880,3571882,453,80581,3491301
2021-05-09,ES,Spain,EURO,41911,3613793,458,81039,3532754
2021-05-16,ES,Spain,EURO,34703,3648496,363,81402,3567094
2021-05-23,ES,Spain,EURO,32321,3680817,253,81655,3599162
2021-05-30,ES,Spain,EURO,30781,3711598,191,81846,3629752
2021-06-06,ES,Spain,EURO,28289,3739887,209,82055,3657832
2021-06-13,ES,Spain,EURO,24345,3764232,145,82200,3682032
2021-06-20,ES,Spain,EURO,23600,3787832,130,82330,3705502
2021-06-27,ES,Spain,EURO,29773,3817605,113,82443,3735162
2021-07-04,ES,Spain,EURO,78950,3896555,89,82532,3814023
2021-07-11,ES,Spain,EURO,135337,4031892,89,82621,3949271
2021-07-18,ES,Spain,EURO,176564,4208456,162,82783,4125673
2021-07-25,ES,Spain,EURO,185713,4394169,397,83180,4310989
2021-08-01,ES,Spain,EURO,157658,4551827,556,83736,4468091
2021-08-08,ES,Spain,EURO,119244,4671071,710,84446,4586625
2021-08-15,ES,Spain,EURO,90657,4761728,803,85249,4676479
2021-08-22,ES,Spain,EURO,68431,4830159,713,85962,4744197
2021-08-29,ES,Spain,EURO,51814,4881973,641,86603,4795370
2021-09-05,ES,Spain,EURO,34174,4916147,562,87165,4828982
2021-09-12,ES,Spain,EURO,23147,4939294,442,87607,4851687
2021-09-19,ES,Spain,EURO,17787,4957081,373,87980,4869101
2021-09-26,ES,Spain,EURO,14420,4971501,253,88233,4883268
2021-10-03,ES,Spain,EURO,12085,4983586,192,88425,4895161
2021-10-10,ES,Spain,EURO,10316,4993902,151,88576,4905326
2021-10-17,ES,Spain,EURO,10582,5004484,129,88705,4915779
2021-10-24,ES,Spain,EURO,12402,5016886,123,88828,4928058
2021-10-31,ES,Spain,EURO,13400,5030286,106,88934,4941352
2021-11-07,ES,Spain,EURO,16049,5046335,96,89030,4957305
2021-11-14,ES,Spain,EURO,25438,5071773,161,89191,4982582
2021-11-21,ES,Spain,EURO,40613,5112386,155,89346,5023040
2021-11-28,ES,Spain,EURO,59198,5171584,194,89540,5082044
2021-12-05,ES,Spain,EURO,89893,5261477,295,89835,5171642
2021-12-12,ES,Spain,EURO,116016,5377493,355,90190,5287303
2021-12-19,ES,Spain,EURO,231599,5609092,501,90691,5518401
2021-12-26,ES,Spain,EURO,491046,6100138,584,91275,6008863
2022-01-02,ES,Spain,EURO,793378,6893516,731,92006,6801510
2022-01-09,ES,Spain,EURO,892500,7786016,1047,93053,7692963
2022-01-16,ES,Spain,EURO,956506,8742522,1387,94440,8648082
2022-01-23,ES,Spain,EURO,847389,9589911,1568,96008,9493903
2022-01-30,ES,Spain,EURO,625727,10215638,1769,97777,10117861
2022-02-06,ES,Spain,EURO,383768,10599406,1706,99483,10499923
2022-02-13,ES,Spain,EURO,244929,10844335,1400,100883,10743452
2022-02-20,ES,Spain,EURO,158925,11003260,943,101826,10901434
2022-02-27,ES,Spain,EURO,117945,11121205,662,102488,11018717
2022-03-06,ES,Spain,EURO,111287,11232492,528,103016,11129476
2022-03-13,ES,Spain,EURO,110619,11343111,444,103460,11239651
2022-03-20,ES,Spain,EURO,118670,11461781,373,103833,11357948
2022-03-27,ES,Spain,EURO,123403,11585184,311,104144,11481040
2022-04-03,ES,Spain,EURO,67059,11652243,313,104457,11547786
2022-04-10,ES,Spain,EURO,72198,11724441,336,104793,11619648
2022-04-17,ES,Spain,EURO,74154,11798595,385,105178,11693417
2022-04-24,ES,Spain,EURO,102380,11900975,419,105597,11795378
2022-05-01,ES,Spain,EURO,119043,12020018,417,106014,11914004
2022-05-08,ES,Spain,EURO,120608,12140626,494,106508,12034118
2022-05-15,ES,Spain,EURO,123129,12263755,552,107060,12156695
2022-05-22,ES,Spain,EURO,100265,12364020,532,107592,12256428
2022-05-29,ES,Spain,EURO,78838,12442858,454,108046,12334812
2022-06-05,ES,Spain,EURO,77617,12520475,442,108488,12411987
2022-06-12,ES,Spain,EURO,79575,12600050,427,108915,12491135
2022-06-19,ES,Spain,EURO,95721,12695771,497,109412,12586359
2022-06-26,ES,Spain,EURO,129495,12825266,525,109937,12715329
2022-07-03,ES,Spain,EURO,159628,12984894,643,110580,12874314
2022-07-10,ES,Spain,EURO,146154,13131048,853,111433,13019615
2022-07-17,ES,Spain,EURO,101461,13232509,1104,112537,13119972
2022-07-24,ES,Spain,EURO,68057,13300566,958,113495,13187071
2022-07-31,ES,Spain,EURO,45541,13346107,788,114283,13231824
2022-08-07,ES,Spain,EURO,32376,13378483,597,114880,13263603
2022-08-14,ES,Spain,EURO,23157,13401640,498,115378,13286262
2022-08-21,ES,Spain,EURO,17529,13419169,339,115717,13303452
2022-08-28,ES,Spain,EURO,17231,13436400,305,116022,13320378
2022-09-04,ES,Spain,EURO,15221,13451621,252,116274,13335347
2022-09-11,ES,Spain,EURO,13517,13465138,171,116445,13348693
2022-09-18,ES,Spain,EURO,15587,13480725,165,116610,13364115
2022-09-25,ES,Spain,EURO,16469,13497194,107,116717,13380477
2022-10-02,ES,Spain,EURO,17740,13514934,126,116843,13398091
2022-10-09,ES,Spain,EURO,22273,13537207,150,116993,13420214
2022-10-16,ES,Spain,EURO,21512,13558719,147,117140,13441579
2022-10-23,ES,Spain,EURO,22259,13580978,179,117319,13463659
2022-10-30,ES,Spain,EURO,20302,13601280,166,117485,13483795
2022-11-06,ES,Spain,EURO,18527,13619807,142,117627,13502180
2022-11-13,ES,Spain,EURO,20387,13640194,147,117774,13522420
2022-11-20,ES,Spain,EURO,21950,13662144,163,117937,13544207
2022-11-27,ES,Spain,EURO,19892,13682036,175,118112,13563924
2022-12-04,ES,Spain,EURO,19294,13701330,183,118295,13583035
2022-12-11,ES,Spain,EURO,16989,13718319,190,118485,13599834
2022-12-18,ES,Spain,EURO,19638,13737957,241,118726,13619231
2022-12-25,ES,Spain,EURO,17005,13754962,217,118943,13636019
2023-01-01,ES,Spain,EURO,14823,13769785,210,119153,13650632
2023-01-08,ES,Spain,EURO,12663,13782448,202,119355,13663093
2023-01-15,ES,Spain,EURO,11960,13794408,178,119533,13674875
2023-01-22,ES,Spain,EURO,7480,13801888,197,119730,13682158
2023-01-29,ES,Spain,EURO,5787,13807675,136,119866,13687809
2023-02-05,ES,Spain,EURO,5699,13813374,116,119982,13693392
2023-02-12,ES,Spain,EURO,6074,13819448,103,120085,13699363
2023-02-19,ES,Spain,EURO,6051,13825499,85,120170,13705329
2023-02-26,ES,Spain,EURO,6455,13831954,91,120261,13711693
2023-03-05,ES,Spain,EURO,6566,13838520,82,120343,13718177
2023-03-12,ES,Spain,EURO,8286,13846806,97,120440,13726366
2023-03-19,ES,Spain,EURO,7421,13854227,123,120563,13733664
2023-03-26,ES,Spain,EURO,7577,13861804,95,120658,13741146
2023-04-02,ES,Spain,EURO,7962,13869766,84,120742,13749024
2023-04-09,ES,Spain,EURO,6617,13876383,86,120828,13755555
2023-04-16,ES,Spain,EURO,10278,13886661,80,120908,13765753
2023-04-23,ES,Spain,EURO,10867,13897528,112,121020,13776508
2023-04-30,ES,Spain,EURO,11183,13908711,128,121148,13787563
2023-05-07,ES,Spain,EURO,10603,13919314,98,121246,13798068
2023-05-14,ES,Spain,EURO,11262,13930576,102,121348,13809228
2023-05-21,ES,Spain,EURO,11023,13941599,100,121448,13820151
2023-05-28,ES,Spain,EURO,11262,13952861,99,121547,13831314
2023-06-04,ES,Spain,EURO,8917,13961778,98,121645,13840133
2023-06-11,ES,Spain,EURO,6866,13968644,89,121734,13846910
2023-06-18,ES,Spain,EURO,5430,13974074,65,121799,13852275
2023-06-25,ES,Spain,EURO,4502,13978576,42,121841,13856735
2023-07-02,ES,Spain,EURO,1764,13980340,11,121852,13858488
2023-07-09,ES,Spain,EURO,0,13980340,0,121852,13858488
2023-07-16,ES,Spain,EURO,0,13980340,0,121852,13858488
2023-07-23,ES,Spain,EURO,0,13980340,0,121852,13858488
2023-07-30,ES,Spain,EURO,0,13980340,0,121852,13858488
2023-08-06,ES,Spain,EURO,0,13980340,0,121852,13858488
2023-08-13,ES,Spain,EURO,0,13980340,0,121852,13858488
2023-08-20,ES,Spain,EURO,0,13980340,0,121852,13858488
2023-08-27,ES,Spain,EURO,0,13980340,0,121852,13858488
2023-09-03,ES,Spain,EURO,0,13980340,0,121852,13858488
2023-09-10,ES,Spain,EURO,0,13980340,0,121852,13858488
2023-09-17,ES,Spain,EURO,0,13980340,0,121852,13858488
2023-09-24,ES,Spain,EURO,0,13980340,0,121852,13858488
2023-10-01,ES,Spain,EURO,0,13980340,0,121852,13858488
2023-10-08,ES,Spain,EURO,0,13980340,0,121852,13858488
2023-10-15,ES,Spain,EURO,0,13980340,0,121852,13858488
2023-10-22,ES,Spain,EURO,0,13980340,0,121852,13858488
2023-10-29,ES,Spain,EURO,0,13980340,0,121852,13858488
2023-11-05,ES,Spain,EURO,0,13980340,0,121852,13858488
2023-11-12,ES,Spain,EURO,0,13980340,0,121852,13858488
2023-11-19,ES,Spain,EURO,0,13980340,0,121852,13858488
2023-11-26,ES,Spain,EURO,0,13980340,0,121852,13858488
2023-12-03,ES,Spain,EURO,0,13980340,0,121852,13858488
2023-12-10,ES,Spain,EURO,0,13980340,0,121852,13858488
2023-12-17,ES,Spain,EURO,0,13980340,0,121852,13858488
2023-12-24,ES,Spain,EURO,0,13980340,0,121852,13858488
2023-12-31,ES,Spain,EURO,0,13980340,0,121852,13858488
2024-01-07,ES,Spain,EURO,0,13980340,0,121852,13858488
2024-01-14,ES,Spain,EURO,0,13980340,0,121852,13858488
2024-01-21,ES,Spain,EURO,0,13980340,0,121852,13858488
2024-01-28,ES,Spain,EURO,0,13980340,0,121852,13858488
2024-02-04,ES,Spain,EURO,0,13980340,0,121852,13858488
2024-02-11,ES,Spain,EURO,0,13980340,0,121852,13858488
2024-02-18,ES,Spain,EURO,0,13980340,0,121852,13858488
2024-02-25,ES,Spain,EURO,0,13980340,0,121852,13858488
2024-03-03,ES,Spain,EURO,0,13980340,0,121852,13858488
2024-03-10,ES,Spain,EURO,0,13980340,0,121852,13858488
2024-03-17,ES,Spain,EURO,0,13980340,0,121852,13858488
2024-03-24,ES,Spain,EURO,0,13980340,0,121852,13858488
2024-03-31,ES,Spain,EURO,0,13980340,0,121852,13858488
2024-04-07,ES,Spain,EURO,0,13980340,0,121852,13858488
2024-04-14,ES,Spain,EURO,0,13980340,0,121852,13858488
2024-04-21,ES,Spain,EURO,0,13980340,0,121852,13858488
2024-04-28,ES,Spain,EURO,0,13980340,0,121852,13858488
2024-05-05,ES,Spain,EURO,0,13980340,0,121852,13858488
2024-05-12,ES,Spain,EURO,0,13980340,0,121852,13858488
2024-05-19,ES,Spain,EURO,0,13980340,0,121852,13858488
2024-05-26,ES,Spain,EURO,0,13980340,0,121852,13858488
2024-06-02,ES,Spain,EURO,0,13980340,0,121852,13858488
2024-06-09,ES,Spain,EURO,0,13980340,0,121852,13858488
2024-06-16,ES,Spain,EURO,0,13980340,0,121852,13858488
2024-06-23,ES,Spain,EURO,0,13980340,0,121852,13858488
2024-06-30,ES,Spain,EURO,0,13980340,0,121852,13858488
2024-07-07,ES,Spain,EURO,0,13980340,0,121852,13858488
2024-07-14,ES,Spain,EURO,0,13980340,0,121852,13858488
2024-07-21,ES,Spain,EURO,0,13980340,0,121852,13858488
2024-07-28,ES,Spain,EURO,0,13980340,0,121852,13858488
2024-08-04,ES,Spain,EURO,0,13980340,0,121852,13858488
2024-08-11,ES,Spain,EURO,0,13980340,0,121852,13858488
2024-08-18,ES,Spain,EURO,0,13980340,0,121852,13858488
2024-08-25,ES,Spain,EURO,0,13980340,0,121852,13858488
2024-09-01,ES,Spain,EURO,0,13980340,0,121852,13858488
2024-09-08,ES,Spain,EURO,0,13980340,0,121852,13858488
2024-09-15,ES,Spain,EURO,0,13980340,0,121852,13858488
2024-09-22,ES,Spain,EURO,0,13980340,0,121852,13858488
2024-09-29,ES,Spain,EURO,0,13980340,0,121852,13858488
2024-10-06,ES,Spain,EURO,0,13980340,0,121852,13858488
2024-10-13,ES,Spain,EURO,0,13980340,0,121852,13858488
2024-10-20,ES,Spain,EURO,0,13980340,0,121852,13858488
2024-10-27,ES,Spain,EURO,0,13980340,0,121852,13858488
2024-11-03,ES,Spain,EURO,0,13980340,0,121852,13858488
2024-11-10,ES,Spain,EURO,0,13980340,0,121852,13858488
2024-11-17,ES,Spain,EURO,0,13980340,0,121852,13858488
2020-01-05,LK,Sri Lanka,SEARO,0,0,0,0,0
2020-01-12,LK,Sri Lanka,SEARO,0,0,0,0,0
2020-01-19,LK,Sri Lanka,SEARO,0,0,0,0,0
2020-01-26,LK,Sri Lanka,SEARO,0,0,0,0,0
2020-02-02,LK,Sri Lanka,SEARO,5,5,0,0,5
2020-02-09,LK,Sri Lanka,SEARO,0,5,0,0,5
2020-02-16,LK,Sri Lanka,SEARO,0,5,0,0,5
2020-02-23,LK,Sri Lanka,SEARO,0,5,0,0,5
2020-03-01,LK,Sri Lanka,SEARO,0,5,0,0,5
2020-03-08,LK,Sri Lanka,SEARO,0,5,0,0,5
2020-03-15,LK,Sri Lanka,SEARO,6,11,0,0,11
2020-03-22,LK,Sri Lanka,SEARO,71,82,0,0,82
2020-03-29,LK,Sri Lanka,SEARO,33,115,1,1,114
2020-04-05,LK,Sri Lanka,SEARO,51,166,4,5,161
2020-04-12,LK,Sri Lanka,SEARO,33,199,2,7,192
2020-04-19,LK,Sri Lanka,SEARO,55,254,0,7,247
2020-04-26,LK,Sri Lanka,SEARO,206,460,0,7,453
2020-05-03,LK,Sri Lanka,SEARO,245,705,0,7,698
2020-05-10,LK,Sri Lanka,SEARO,142,847,2,9,838
2020-05-17,LK,Sri Lanka,SEARO,134,981,0,9,972
2020-05-24,LK,Sri Lanka,SEARO,160,1141,0,9,1132
2020-05-31,LK,Sri Lanka,SEARO,492,1633,1,10,1623
2020-06-07,LK,Sri Lanka,SEARO,202,1835,1,11,1824
2020-06-14,LK,Sri Lanka,SEARO,54,1889,0,11,1878
2020-06-21,LK,Sri Lanka,SEARO,61,1950,0,11,1939
2020-06-28,LK,Sri Lanka,SEARO,87,2037,0,11,2026
2020-07-05,LK,Sri Lanka,SEARO,39,2076,0,11,2065
2020-07-12,LK,Sri Lanka,SEARO,541,2617,0,11,2606
2020-07-19,LK,Sri Lanka,SEARO,107,2724,0,11,2713
2020-07-26,LK,Sri Lanka,SEARO,58,2782,0,11,2771
2020-08-02,LK,Sri Lanka,SEARO,41,2823,0,11,2812
2020-08-09,LK,Sri Lanka,SEARO,21,2844,0,11,2833
2020-08-16,LK,Sri Lanka,SEARO,46,2890,0,11,2879
2020-08-23,LK,Sri Lanka,SEARO,57,2947,1,12,2935
2020-08-30,LK,Sri Lanka,SEARO,65,3012,0,12,3000
2020-09-06,LK,Sri Lanka,SEARO,111,3123,0,12,3111
2020-09-13,LK,Sri Lanka,SEARO,111,3234,0,12,3222
2020-09-20,LK,Sri Lanka,SEARO,53,3287,1,13,3274
2020-09-27,LK,Sri Lanka,SEARO,73,3360,0,13,3347
2020-10-04,LK,Sri Lanka,SEARO,42,3402,0,13,3389
2020-10-11,LK,Sri Lanka,SEARO,1350,4752,0,13,4739
2020-10-18,LK,Sri Lanka,SEARO,786,5538,0,13,5525
2020-10-25,LK,Sri Lanka,SEARO,2334,7872,2,15,7857
2020-11-01,LK,Sri Lanka,SEARO,3188,11060,6,21,11039
2020-11-08,LK,Sri Lanka,SEARO,2869,13929,14,35,13894
2020-11-15,LK,Sri Lanka,SEARO,3358,17287,23,58,17229
2020-11-22,LK,Sri Lanka,SEARO,2884,20171,29,87,20084
2020-11-29,LK,Sri Lanka,SEARO,3313,23484,29,116,23368
2020-12-06,LK,Sri Lanka,SEARO,4393,27877,24,140,27737
2020-12-13,LK,Sri Lanka,SEARO,4913,32790,12,152,32638
2020-12-20,LK,Sri Lanka,SEARO,4471,37261,24,176,37085
2020-12-27,LK,Sri Lanka,SEARO,3793,41054,15,191,40863
2021-01-03,LK,Sri Lanka,SEARO,3720,44774,22,213,44561
2021-01-10,LK,Sri Lanka,SEARO,3606,48380,19,232,48148
2021-01-17,LK,Sri Lanka,SEARO,4682,53062,32,264,52798
2021-01-24,LK,Sri Lanka,SEARO,5368,58430,19,283,58147
2021-01-31,LK,Sri Lanka,SEARO,5727,64157,33,316,63841
2021-02-07,LK,Sri Lanka,SEARO,5191,69348,40,356,68992
2021-02-14,LK,Sri Lanka,SEARO,6306,75654,41,397,75257
2021-02-21,LK,Sri Lanka,SEARO,4345,79999,48,445,79554
2021-02-28,LK,Sri Lanka,SEARO,3243,83242,26,471,82771
2021-03-07,LK,Sri Lanka,SEARO,2453,85695,31,502,85193
2021-03-14,LK,Sri Lanka,SEARO,2212,87907,25,527,87380
2021-03-21,LK,Sri Lanka,SEARO,2293,90200,19,546,89654
2021-03-28,LK,Sri Lanka,SEARO,1888,92088,15,561,91527
2021-04-04,LK,Sri Lanka,SEARO,1348,93436,20,581,92855
2021-04-11,LK,Sri Lanka,SEARO,1695,95131,17,598,94533
2021-04-18,LK,Sri Lanka,SEARO,1665,96796,20,618,96178
2021-04-25,LK,Sri Lanka,SEARO,4583,101379,24,642,100737
2021-05-02,LK,Sri Lanka,SEARO,10374,111753,45,687,111066
2021-05-09,LK,Sri Lanka,SEARO,14153,125906,114,801,125105
2021-05-16,LK,Sri Lanka,SEARO,16840,142746,161,962,141784
2021-05-23,LK,Sri Lanka,SEARO,21455,164201,248,1210,162991
2021-05-30,LK,Sri Lanka,SEARO,19251,183452,231,1441,182011
2021-06-06,LK,Sri Lanka,SEARO,21881,205333,301,1742,203591
2021-06-13,LK,Sri Lanka,SEARO,18305,223638,394,2136,221502
2021-06-20,LK,Sri Lanka,SEARO,16051,239689,388,2524,237165
2021-06-27,LK,Sri Lanka,SEARO,13929,253618,363,2887,250731
2021-07-04,LK,Sri Lanka,SEARO,12012,265630,292,3179,262451
2021-07-11,LK,Sri Lanka,SEARO,8908,274538,266,3445,271093
2021-07-18,LK,Sri Lanka,SEARO,10394,284932,277,3722,281210
2021-07-25,LK,Sri Lanka,SEARO,11584,296516,320,4042,292474
2021-08-01,LK,Sri Lanka,SEARO,14833,311349,409,4451,306898
2021-08-08,LK,Sri Lanka,SEARO,18645,329994,603,5054,324940
2021-08-15,LK,Sri Lanka,SEARO,24974,354968,985,6039,348929
2021-08-22,LK,Sri Lanka,SEARO,35032,390000,1327,7366,382634
2021-08-29,LK,Sri Lanka,SEARO,41519,431519,1409,8775,422744
2021-09-05,LK,Sri Lanka,SEARO,31248,462767,1365,10140,452627
2021-09-12,LK,Sri Lanka,SEARO,23155,485922,1156,11296,474626
2021-09-19,LK,Sri Lanka,SEARO,18569,504491,829,12125,492366
2021-09-26,LK,Sri Lanka,SEARO,9118,513609,555,12680,500929
2021-10-03,LK,Sri Lanka,SEARO,6823,520432,379,13059,507373
2021-10-10,LK,Sri Lanka,SEARO,5951,526383,272,13331,513052
2021-10-17,LK,Sri Lanka,SEARO,5265,531648,153,13484,518164
2021-10-24,LK,Sri Lanka,SEARO,4436,536084,127,13611,522473
2021-10-31,LK,Sri Lanka,SEARO,4989,541073,132,13743,527330
2021-11-07,LK,Sri Lanka,SEARO,4183,545256,113,13856,531400
2021-11-14,LK,Sri Lanka,SEARO,6286,551542,139,13995,537547
2021-11-21,LK,Sri Lanka,SEARO,5084,556626,132,14127,542499
2021-11-28,LK,Sri Lanka,SEARO,5894,562520,178,14305,548215
2021-12-05,LK,Sri Lanka,SEARO,5162,567682,156,14461,553221
2021-12-12,LK,Sri Lanka,SEARO,5220,572902,153,14614,558288
2021-12-19,LK,Sri Lanka,SEARO,6783,579685,138,14752,564933
2021-12-26,LK,Sri Lanka,SEARO,3964,583649,132,14884,568765
2022-01-02,LK,Sri Lanka,SEARO,4286,587935,135,15019,572916
2022-01-09,LK,Sri Lanka,SEARO,3732,591667,100,15119,576548
2022-01-16,LK,Sri Lanka,SEARO,4680,596347,92,15211,581136
2022-01-23,LK,Sri Lanka,SEARO,5539,601886,88,15299,586587
2022-01-30,LK,Sri Lanka,SEARO,8217,610103,121,15420,594683
2022-02-06,LK,Sri Lanka,SEARO,8417,618520,175,15595,602925
2022-02-13,LK,Sri Lanka,SEARO,9596,628116,213,15808,612308
2022-02-20,LK,Sri Lanka,SEARO,8721,636837,186,15994,620843
2022-02-27,LK,Sri Lanka,SEARO,8200,645037,196,16190,628847
2022-03-06,LK,Sri Lanka,SEARO,5103,650140,141,16331,633809
2022-03-13,LK,Sri Lanka,SEARO,5901,656041,66,16397,639644
2022-03-20,LK,Sri Lanka,SEARO,2156,658197,34,16431,641766
2022-03-27,LK,Sri Lanka,SEARO,2693,660890,28,16459,644431
2022-04-03,LK,Sri Lanka,SEARO,1101,661991,22,16481,645510
2022-04-10,LK,Sri Lanka,SEARO,601,662592,8,16489,646103
2022-04-17,LK,Sri Lanka,SEARO,272,662864,7,16496,646368
2022-04-24,LK,Sri Lanka,SEARO,296,663160,6,16502,646658
2022-05-01,LK,Sri Lanka,SEARO,213,663373,3,16505,646868
2022-05-08,LK,Sri Lanka,SEARO,188,663561,4,16509,647052
2022-05-15,LK,Sri Lanka,SEARO,110,663671,2,16511,647160
2022-05-22,LK,Sri Lanka,SEARO,87,663758,1,16512,647246
2022-05-29,LK,Sri Lanka,SEARO,58,663816,4,16516,647300
2022-06-05,LK,Sri Lanka,SEARO,53,663869,2,16518,647351
2022-06-12,LK,Sri Lanka,SEARO,81,663950,1,16519,647431
2022-06-19,LK,Sri Lanka,SEARO,47,663997,1,16520,647477
2022-06-26,LK,Sri Lanka,SEARO,83,664080,1,16521,647559
2022-07-03,LK,Sri Lanka,SEARO,87,664167,1,16522,647645
2022-07-10,LK,Sri Lanka,SEARO,106,664273,3,16525,647748
2022-07-17,LK,Sri Lanka,SEARO,175,664448,3,16528,647920
2022-07-24,LK,Sri Lanka,SEARO,452,664900,9,16537,648363
2022-07-31,LK,Sri Lanka,SEARO,839,665739,19,16556,649183
2022-08-07,LK,Sri Lanka,SEARO,1025,666764,30,16586,650178
2022-08-14,LK,Sri Lanka,SEARO,1248,668012,35,16621,651391
2022-08-21,LK,Sri Lanka,SEARO,1021,669033,33,16654,652379
2022-08-28,LK,Sri Lanka,SEARO,716,669749,33,16687,653062
2022-09-04,LK,Sri Lanka,SEARO,427,670176,24,16711,653465
2022-09-11,LK,Sri Lanka,SEARO,268,670444,17,16728,653716
2022-09-18,LK,Sri Lanka,SEARO,152,670596,19,16747,653849
2022-09-25,LK,Sri Lanka,SEARO,113,670709,8,16755,653954
2022-10-02,LK,Sri Lanka,SEARO,81,670790,7,16762,654028
2022-10-09,LK,Sri Lanka,SEARO,79,670869,6,16768,654101
2022-10-16,LK,Sri Lanka,SEARO,52,670921,1,16769,654152
2022-10-23,LK,Sri Lanka,SEARO,73,670994,5,16774,654220
2022-10-30,LK,Sri Lanka,SEARO,76,671070,5,16779,654291
2022-11-06,LK,Sri Lanka,SEARO,258,671328,3,16782,654546
2022-11-13,LK,Sri Lanka,SEARO,89,671417,2,16784,654633
2022-11-20,LK,Sri Lanka,SEARO,88,671505,7,16791,654714
2022-11-27,LK,Sri Lanka,SEARO,133,671638,9,16800,654838
2022-12-04,LK,Sri Lanka,SEARO,65,671703,5,16805,654898
2022-12-11,LK,Sri Lanka,SEARO,49,671752,3,16808,654944
2022-12-18,LK,Sri Lanka,SEARO,56,671808,6,16814,654994
2022-12-25,LK,Sri Lanka,SEARO,43,671851,1,16815,655036
2023-01-01,LK,Sri Lanka,SEARO,40,671891,2,16817,655074
2023-01-08,LK,Sri Lanka,SEARO,36,671927,1,16818,655109
2023-01-15,LK,Sri Lanka,SEARO,36,671963,5,16823,655140
2023-01-22,LK,Sri Lanka,SEARO,13,671976,2,16825,655151
2023-01-29,LK,Sri Lanka,SEARO,11,671987,2,16827,655160
2023-02-05,LK,Sri Lanka,SEARO,13,672000,1,16828,655172
2023-02-12,LK,Sri Lanka,SEARO,7,672007,0,16828,655179
2023-02-19,LK,Sri Lanka,SEARO,13,672020,1,16829,655191
2023-02-26,LK,Sri Lanka,SEARO,6,672026,1,16830,655196
2023-03-05,LK,Sri Lanka,SEARO,6,672032,0,16830,655202
2023-03-12,LK,Sri Lanka,SEARO,8,672040,0,16830,655210
2023-03-19,LK,Sri Lanka,SEARO,12,672052,1,16831,655221
2023-03-26,LK,Sri Lanka,SEARO,11,672063,2,16833,655230
2023-04-02,LK,Sri Lanka,SEARO,13,672076,1,16834,655242
2023-04-09,LK,Sri Lanka,SEARO,13,672089,0,16834,655255
2023-04-16,LK,Sri Lanka,SEARO,15,672104,1,16835,655269
2023-04-23,LK,Sri Lanka,SEARO,28,672132,3,16838,655294
2023-04-30,LK,Sri Lanka,SEARO,32,672164,4,16842,655322
2023-05-07,LK,Sri Lanka,SEARO,51,672215,5,16847,655368
2023-05-14,LK,Sri Lanka,SEARO,68,672283,8,16855,655428
2023-05-21,LK,Sri Lanka,SEARO,83,672366,10,16865,655501
2023-05-28,LK,Sri Lanka,SEARO,73,672439,5,16870,655569
2023-06-04,LK,Sri Lanka,SEARO,46,672485,5,16875,655610
2023-06-11,LK,Sri Lanka,SEARO,29,672514,1,16876,655638
2023-06-18,LK,Sri Lanka,SEARO,13,672527,1,16877,655650
2023-06-25,LK,Sri Lanka,SEARO,7,672534,0,16877,655657
2023-07-02,LK,Sri Lanka,SEARO,8,672542,2,16879,655663
2023-07-09,LK,Sri Lanka,SEARO,10,672552,1,16880,655672
2023-07-16,LK,Sri Lanka,SEARO,8,672560,0,16880,655680
2023-07-23,LK,Sri Lanka,SEARO,3,672563,0,16880,655683
2023-07-30,LK,Sri Lanka,SEARO,5,672568,0,16880,655688
2023-08-06,LK,Sri Lanka,SEARO,1,672569,2,16882,655687
2023-08-13,LK,Sri Lanka,SEARO,4,672573,0,16882,655691
2023-08-20,LK,Sri Lanka,SEARO,2,672575,0,16882,655693
2023-08-27,LK,Sri Lanka,SEARO,2,672577,0,16882,655695
2023-09-03,LK,Sri Lanka,SEARO,2,672579,0,16882,655697
2023-09-10,LK,Sri Lanka,SEARO,0,672579,0,16882,655697
2023-09-17,LK,Sri Lanka,SEARO,4,672583,0,16882,655701
2023-09-24,LK,Sri Lanka,SEARO,4,672587,0,16882,655705
2023-10-01,LK,Sri Lanka,SEARO,2,672589,0,16882,655707
2023-10-08,LK,Sri Lanka,SEARO,1,672590,0,16882,655708
2023-10-15,LK,Sri Lanka,SEARO,3,672593,0,16882,655711
2023-10-22,LK,Sri Lanka,SEARO,4,672597,0,16882,655715
2023-10-29,LK,Sri Lanka,SEARO,1,672598,1,16883,655715
2023-11-05,LK,Sri Lanka,SEARO,8,672606,0,16883,655723
2023-11-12,LK,Sri Lanka,SEARO,6,672612,2,16885,655727
2023-11-19,LK,Sri Lanka,SEARO,6,672618,0,16885,655733
2023-11-26,LK,Sri Lanka,SEARO,11,672629,1,16886,655743
2023-12-03,LK,Sri Lanka,SEARO,10,672639,0,16886,655753
2023-12-10,LK,Sri Lanka,SEARO,15,672654,0,16886,655768
2023-12-17,LK,Sri Lanka,SEARO,7,672661,0,16886,655775
2023-12-24,LK,Sri Lanka,SEARO,18,672679,2,16888,655791
2023-12-31,LK,Sri Lanka,SEARO,28,672707,2,16890,655817
2024-01-07,LK,Sri Lanka,SEARO,14,672721,3,16893,655828
2024-01-14,LK,Sri Lanka,SEARO,13,672734,0,16893,655841
2024-01-21,LK,Sri Lanka,SEARO,4,672738,0,16893,655845
2024-01-28,LK,Sri Lanka,SEARO,6,672744,0,16893,655851
2024-02-04,LK,Sri Lanka,SEARO,1,672745,3,16896,655849
2024-02-11,LK,Sri Lanka,SEARO,2,672747,1,16897,655850
2024-02-18,LK,Sri Lanka,SEARO,1,672748,0,16897,655851
2024-02-25,LK,Sri Lanka,SEARO,1,672749,0,16897,655852
2024-03-03,LK,Sri Lanka,SEARO,1,672750,0,16897,655853
2024-03-10,LK,Sri Lanka,SEARO,1,672751,0,16897,655854
2024-03-17,LK,Sri Lanka,SEARO,0,672751,0,16897,655854
2024-03-24,LK,Sri Lanka,SEARO,3,672754,2,16899,655855
2024-03-31,LK,Sri Lanka,SEARO,0,672754,0,16899,655855
2024-04-07,LK,Sri Lanka,SEARO,0,672754,0,16899,655855
2024-04-14,LK,Sri Lanka,SEARO,0,672754,0,16899,655855
2024-04-21,LK,Sri Lanka,SEARO,0,672754,0,16899,655855
2024-04-28,LK,Sri Lanka,SEARO,0,672754,0,16899,655855
2024-05-05,LK,Sri Lanka,SEARO,0,672754,0,16899,655855
2024-05-12,LK,Sri Lanka,SEARO,8,672762,2,16901,655861
2024-05-19,LK,Sri Lanka,SEARO,1,672763,0,16901,655862
2024-05-26,LK,Sri Lanka,SEARO,5,672768,0,16901,655867
2024-06-02,LK,Sri Lanka,SEARO,0,672768,0,16901,655867
2024-06-09,LK,Sri Lanka,SEARO,11,672779,3,16904,655875
2024-06-16,LK,Sri Lanka,SEARO,0,672779,0,16904,655875
2024-06-23,LK,Sri Lanka,SEARO,9,672788,3,16907,655881
2024-06-30,LK,Sri Lanka,SEARO,3,672791,0,16907,655884
2024-07-07,LK,Sri Lanka,SEARO,0,672791,0,16907,655884
2024-07-14,LK,Sri Lanka,SEARO,0,672791,0,16907,655884
2024-07-21,LK,Sri Lanka,SEARO,6,672797,0,16907,655890
2024-07-28,LK,Sri Lanka,SEARO,0,672797,0,16907,655890
2024-08-04,LK,Sri Lanka,SEARO,1,672798,0,16907,655891
2024-08-11,LK,Sri Lanka,SEARO,0,672798,0,16907,655891
2024-08-18,LK,Sri Lanka,SEARO,0,672798,0,16907,655891
2024-08-25,LK,Sri Lanka,SEARO,0,672798,0,16907,655891
2024-09-01,LK,Sri Lanka,SEARO,0,672798,0,16907,655891
2024-09-08,LK,Sri Lanka,SEARO,4,672802,0,16907,655895
2024-09-15,LK,Sri Lanka,SEARO,0,672802,0,16907,655895
2024-09-22,LK,Sri Lanka,SEARO,0,672802,0,16907,655895
2024-09-29,LK,Sri Lanka,SEARO,0,672802,0,16907,655895
2024-10-06,LK,Sri Lanka,SEARO,0,672802,0,16907,655895
2024-10-13,LK,Sri Lanka,SEARO,0,672802,0,16907,655895
2024-10-20,LK,Sri Lanka,SEARO,0,672802,0,16907,655895
2024-10-27,LK,Sri Lanka,SEARO,7,672809,0,16907,655902
2024-11-03,LK,Sri Lanka,SEARO,0,672809,0,16907,655902
2024-11-10,LK,Sri Lanka,SEARO,0,672809,0,16907,655902
2024-11-17,LK,Sri Lanka,SEARO,0,672809,0,16907,655902
2020-01-05,SD,Sudan,EMRO,0,0,0,0,0
2020-01-12,SD,Sudan,EMRO,0,0,0,0,0
2020-01-19,SD,Sudan,EMRO,0,0,0,0,0
2020-01-26,SD,Sudan,EMRO,0,0,0,0,0
2020-02-02,SD,Sudan,EMRO,0,0,0,0,0
2020-02-09,SD,Sudan,EMRO,0,0,0,0,0
2020-02-16,SD,Sudan,EMRO,0,0,0,0,0
2020-02-23,SD,Sudan,EMRO,0,0,0,0,0
2020-03-01,SD,Sudan,EMRO,0,0,0,0,0
2020-03-08,SD,Sudan,EMRO,0,0,0,0,0
2020-03-15,SD,Sudan,EMRO,1,1,1,1,0
2020-03-22,SD,Sudan,EMRO,1,2,0,1,1
2020-03-29,SD,Sudan,EMRO,3,5,0,1,4
2020-04-05,SD,Sudan,EMRO,5,10,1,2,8
2020-04-12,SD,Sudan,EMRO,9,19,0,2,17
2020-04-19,SD,Sudan,EMRO,47,66,8,10,56
2020-04-26,SD,Sudan,EMRO,147,213,7,17,196
2020-05-03,SD,Sudan,EMRO,379,592,24,41,551
2020-05-10,SD,Sudan,EMRO,572,1164,27,68,1096
2020-05-17,SD,Sudan,EMRO,1125,2289,33,101,2188
2020-05-24,SD,Sudan,EMRO,1345,3634,45,146,3488
2020-05-31,SD,Sudan,EMRO,1166,4800,116,262,4538
2020-06-07,SD,Sudan,EMRO,1281,6081,97,359,5722
2020-06-14,SD,Sudan,EMRO,926,7007,88,447,6560
2020-06-21,SD,Sudan,EMRO,1573,8580,74,521,8059
2020-06-28,SD,Sudan,EMRO,734,9314,55,576,8738
2020-07-05,SD,Sudan,EMRO,453,9767,32,608,9159
2020-07-12,SD,Sudan,EMRO,483,10250,42,650,9600
2020-07-19,SD,Sudan,EMRO,512,10762,30,680,10082
2020-07-26,SD,Sudan,EMRO,623,11385,37,717,10668
2020-08-02,SD,Sudan,EMRO,353,11738,35,752,10986
2020-08-09,SD,Sudan,EMRO,218,11956,29,781,11175
2020-08-16,SD,Sudan,EMRO,454,12410,22,803,11607
2020-08-23,SD,Sudan,EMRO,493,12903,15,818,12085
2020-08-30,SD,Sudan,EMRO,286,13189,5,823,12366
2020-09-06,SD,Sudan,EMRO,248,13437,10,833,12604
2020-09-13,SD,Sudan,EMRO,95,13532,3,836,12696
2020-09-20,SD,Sudan,EMRO,23,13555,0,836,12719
2020-09-27,SD,Sudan,EMRO,55,13610,0,836,12774
2020-10-04,SD,Sudan,EMRO,50,13660,0,836,12824
2020-10-11,SD,Sudan,EMRO,25,13685,0,836,12849
2020-10-18,SD,Sudan,EMRO,26,13711,0,836,12875
2020-10-25,SD,Sudan,EMRO,33,13744,1,837,12907
2020-11-01,SD,Sudan,EMRO,75,13819,0,837,12982
2020-11-08,SD,Sudan,EMRO,336,14155,279,1116,13039
2020-11-15,SD,Sudan,EMRO,573,14728,3,1119,13609
2020-11-22,SD,Sudan,EMRO,1459,16187,80,1199,14988
2020-11-29,SD,Sudan,EMRO,1623,17810,50,1249,16561
2020-12-06,SD,Sudan,EMRO,1937,19747,54,1303,18444
2020-12-13,SD,Sudan,EMRO,1844,21591,54,1357,20234
2020-12-20,SD,Sudan,EMRO,1509,23100,104,1461,21639
2020-12-27,SD,Sudan,EMRO,1594,24694,59,1520,23174
2021-01-03,SD,Sudan,EMRO,1345,26039,77,1597,24442
2021-01-10,SD,Sudan,EMRO,1455,27494,60,1657,25837
2021-01-17,SD,Sudan,EMRO,739,28233,50,1707,26526
2021-01-24,SD,Sudan,EMRO,637,28870,31,1738,27132
2021-01-31,SD,Sudan,EMRO,579,29449,69,1807,27642
2021-02-07,SD,Sudan,EMRO,316,29765,28,1835,27930
2021-02-14,SD,Sudan,EMRO,241,30006,18,1853,28153
2021-02-21,SD,Sudan,EMRO,199,30205,18,1871,28334
2021-02-28,SD,Sudan,EMRO,212,30417,19,1890,28527
2021-03-07,SD,Sudan,EMRO,220,30637,22,1912,28725
2021-03-14,SD,Sudan,EMRO,309,30946,41,1953,28993
2021-03-21,SD,Sudan,EMRO,336,31282,50,2003,29279
2021-03-28,SD,Sudan,EMRO,430,31712,57,2060,29652
2021-04-04,SD,Sudan,EMRO,619,32331,65,2125,30206
2021-04-11,SD,Sudan,EMRO,526,32857,60,2185,30672
2021-04-18,SD,Sudan,EMRO,558,33415,88,2273,31142
2021-04-25,SD,Sudan,EMRO,382,33797,60,2333,31464
2021-05-02,SD,Sudan,EMRO,664,34461,32,2365,32096
2021-05-09,SD,Sudan,EMRO,428,34889,81,2446,32443
2021-05-16,SD,Sudan,EMRO,0,34889,0,2446,32443
2021-05-23,SD,Sudan,EMRO,304,35193,148,2594,32599
2021-05-30,SD,Sudan,EMRO,302,35495,36,2630,32865
2021-06-06,SD,Sudan,EMRO,509,36004,67,2697,33307
2021-06-13,SD,Sudan,EMRO,300,36304,35,2732,33572
2021-06-20,SD,Sudan,EMRO,126,36430,8,2740,33690
2021-06-27,SD,Sudan,EMRO,190,36620,14,2754,33866
2021-07-04,SD,Sudan,EMRO,179,36799,6,2760,34039
2021-07-11,SD,Sudan,EMRO,160,36959,14,2774,34185
2021-07-18,SD,Sudan,EMRO,218,37177,3,2777,34400
2021-07-25,SD,Sudan,EMRO,122,37299,1,2778,34521
2021-08-01,SD,Sudan,EMRO,141,37440,2,2780,34660
2021-08-08,SD,Sudan,EMRO,75,37515,0,2780,34735
2021-08-15,SD,Sudan,EMRO,41,37556,0,2780,34776
2021-08-22,SD,Sudan,EMRO,84,37640,4,2784,34856
2021-08-29,SD,Sudan,EMRO,68,37708,7,2791,34917
2021-09-05,SD,Sudan,EMRO,165,37873,0,2791,35082
2021-09-12,SD,Sudan,EMRO,78,37951,38,2829,35122
2021-09-19,SD,Sudan,EMRO,90,38041,6,2835,35206
2021-09-26,SD,Sudan,EMRO,160,38201,6,2841,35360
2021-10-03,SD,Sudan,EMRO,144,38345,35,2876,35469
2021-10-10,SD,Sudan,EMRO,482,38827,77,2953,35874
2021-10-17,SD,Sudan,EMRO,1012,39839,26,2979,36860
2021-10-24,SD,Sudan,EMRO,594,40433,16,2995,37438
2021-10-31,SD,Sudan,EMRO,349,40782,48,3043,37739
2021-11-07,SD,Sudan,EMRO,219,41001,20,3063,37938
2021-11-14,SD,Sudan,EMRO,327,41328,24,3087,38241
2021-11-21,SD,Sudan,EMRO,466,41794,16,3103,38691
2021-11-28,SD,Sudan,EMRO,1032,42826,38,3141,39685
2021-12-05,SD,Sudan,EMRO,1249,44075,59,3200,40875
2021-12-12,SD,Sudan,EMRO,916,44991,52,3252,41739
2021-12-19,SD,Sudan,EMRO,910,45901,43,3295,42606
2021-12-26,SD,Sudan,EMRO,384,46285,3,3298,42987
2022-01-02,SD,Sudan,EMRO,905,47190,42,3340,43850
2022-01-09,SD,Sudan,EMRO,1416,48606,7,3347,45259
2022-01-16,SD,Sudan,EMRO,3724,52330,43,3390,48940
2022-01-23,SD,Sudan,EMRO,3499,55829,21,3411,52418
2022-01-30,SD,Sudan,EMRO,1803,57632,30,3441,54191
2022-02-06,SD,Sudan,EMRO,1660,59292,191,3632,55660
2022-02-13,SD,Sudan,EMRO,608,59900,187,3819,56081
2022-02-20,SD,Sudan,EMRO,1323,61223,73,3892,57331
2022-02-27,SD,Sudan,EMRO,235,61458,16,3908,57550
2022-03-06,SD,Sudan,EMRO,167,61625,957,4865,56760
2022-03-13,SD,Sudan,EMRO,88,61713,7,4872,56841
2022-03-20,SD,Sudan,EMRO,140,61853,26,4898,56955
2022-03-27,SD,Sudan,EMRO,76,61929,7,4905,57024
2022-04-03,SD,Sudan,EMRO,56,61985,2,4907,57078
2022-04-10,SD,Sudan,EMRO,67,62052,21,4928,57124
2022-04-17,SD,Sudan,EMRO,27,62079,1,4929,57150
2022-04-24,SD,Sudan,EMRO,36,62115,2,4931,57184
2022-05-01,SD,Sudan,EMRO,20,62135,2,4933,57202
2022-05-08,SD,Sudan,EMRO,26,62161,3,4936,57225
2022-05-15,SD,Sudan,EMRO,34,62195,0,4936,57259
2022-05-22,SD,Sudan,EMRO,45,62240,5,4941,57299
2022-05-29,SD,Sudan,EMRO,81,62321,0,4941,57380
2022-06-05,SD,Sudan,EMRO,106,62427,9,4950,57477
2022-06-12,SD,Sudan,EMRO,48,62475,0,4950,57525
2022-06-19,SD,Sudan,EMRO,58,62533,0,4950,57583
2022-06-26,SD,Sudan,EMRO,90,62623,1,4951,57672
2022-07-03,SD,Sudan,EMRO,81,62704,1,4952,57752
2022-07-10,SD,Sudan,EMRO,109,62813,3,4955,57858
2022-07-17,SD,Sudan,EMRO,61,62874,0,4955,57919
2022-07-24,SD,Sudan,EMRO,115,62989,2,4957,58032
2022-07-31,SD,Sudan,EMRO,85,63074,1,4958,58116
2022-08-07,SD,Sudan,EMRO,62,63136,3,4961,58175
2022-08-14,SD,Sudan,EMRO,30,63166,0,4961,58205
2022-08-21,SD,Sudan,EMRO,51,63217,0,4961,58256
2022-08-28,SD,Sudan,EMRO,21,63238,0,4961,58277
2022-09-04,SD,Sudan,EMRO,28,63266,0,4961,58305
2022-09-11,SD,Sudan,EMRO,13,63279,0,4961,58318
2022-09-18,SD,Sudan,EMRO,29,63308,1,4962,58346
2022-09-25,SD,Sudan,EMRO,11,63319,0,4962,58357
2022-10-02,SD,Sudan,EMRO,20,63339,0,4962,58377
2022-10-09,SD,Sudan,EMRO,5,63344,0,4962,58382
2022-10-16,SD,Sudan,EMRO,65,63409,1,4963,58446
2022-10-23,SD,Sudan,EMRO,37,63446,3,4966,58480
2022-10-30,SD,Sudan,EMRO,35,63481,6,4972,58509
2022-11-06,SD,Sudan,EMRO,77,63558,6,4978,58580
2022-11-13,SD,Sudan,EMRO,37,63595,3,4981,58614
2022-11-20,SD,Sudan,EMRO,30,63625,5,4986,58639
2022-11-27,SD,Sudan,EMRO,14,63639,5,4991,58648
2022-12-04,SD,Sudan,EMRO,16,63655,0,4991,58664
2022-12-11,SD,Sudan,EMRO,10,63665,1,4992,58673
2022-12-18,SD,Sudan,EMRO,12,63677,0,4992,58685
2022-12-25,SD,Sudan,EMRO,13,63690,2,4994,58696
2023-01-01,SD,Sudan,EMRO,12,63702,1,4995,58707
2023-01-08,SD,Sudan,EMRO,0,63702,0,4995,58707
2023-01-15,SD,Sudan,EMRO,15,63717,3,4998,58719
2023-01-22,SD,Sudan,EMRO,12,63729,3,5001,58728
2023-01-29,SD,Sudan,EMRO,13,63742,0,5001,58741
2023-02-05,SD,Sudan,EMRO,17,63759,7,5008,58751
2023-02-12,SD,Sudan,EMRO,16,63775,3,5011,58764
2023-02-19,SD,Sudan,EMRO,12,63787,0,5011,58776
2023-02-26,SD,Sudan,EMRO,22,63809,2,5013,58796
2023-03-05,SD,Sudan,EMRO,20,63829,4,5017,58812
2023-03-12,SD,Sudan,EMRO,24,63853,6,5023,58830
2023-03-19,SD,Sudan,EMRO,46,63899,3,5026,58873
2023-03-26,SD,Sudan,EMRO,23,63922,8,5034,58888
2023-04-02,SD,Sudan,EMRO,0,63922,0,5034,58888
2023-04-09,SD,Sudan,EMRO,0,63922,0,5034,58888
2023-04-16,SD,Sudan,EMRO,71,63993,12,5046,58947
2023-04-23,SD,Sudan,EMRO,0,63993,0,5046,58947
2023-04-30,SD,Sudan,EMRO,0,63993,0,5046,58947
2023-05-07,SD,Sudan,EMRO,0,63993,0,5046,58947
2023-05-14,SD,Sudan,EMRO,0,63993,0,5046,58947
2023-05-21,SD,Sudan,EMRO,0,63993,0,5046,58947
2023-05-28,SD,Sudan,EMRO,0,63993,0,5046,58947
2023-06-04,SD,Sudan,EMRO,0,63993,0,5046,58947
2023-06-11,SD,Sudan,EMRO,0,63993,0,5046,58947
2023-06-18,SD,Sudan,EMRO,0,63993,0,5046,58947
2023-06-25,SD,Sudan,EMRO,0,63993,0,5046,58947
2023-07-02,SD,Sudan,EMRO,0,63993,0,5046,58947
2023-07-09,SD,Sudan,EMRO,0,63993,0,5046,58947
2023-07-16,SD,Sudan,EMRO,0,63993,0,5046,58947
2023-07-23,SD,Sudan,EMRO,0,63993,0,5046,58947
2023-07-30,SD,Sudan,EMRO,0,63993,0,5046,58947
2023-08-06,SD,Sudan,EMRO,0,63993,0,5046,58947
2023-08-13,SD,Sudan,EMRO,0,63993,0,5046,58947
2023-08-20,SD,Sudan,EMRO,0,63993,0,5046,58947
2023-08-27,SD,Sudan,EMRO,0,63993,0,5046,58947
2023-09-03,SD,Sudan,EMRO,0,63993,0,5046,58947
2023-09-10,SD,Sudan,EMRO,0,63993,0,5046,58947
2023-09-17,SD,Sudan,EMRO,0,63993,0,5046,58947
2023-09-24,SD,Sudan,EMRO,0,63993,0,5046,58947
2023-10-01,SD,Sudan,EMRO,0,63993,0,5046,58947
2023-10-08,SD,Sudan,EMRO,0,63993,0,5046,58947
2023-10-15,SD,Sudan,EMRO,0,63993,0,5046,58947
2023-10-22,SD,Sudan,EMRO,0,63993,0,5046,58947
2023-10-29,SD,Sudan,EMRO,0,63993,0,5046,58947
2023-11-05,SD,Sudan,EMRO,0,63993,0,5046,58947
2023-11-12,SD,Sudan,EMRO,0,63993,0,5046,58947
2023-11-19,SD,Sudan,EMRO,0,63993,0,5046,58947
2023-11-26,SD,Sudan,EMRO,0,63993,0,5046,58947
2023-12-03,SD,Sudan,EMRO,0,63993,0,5046,58947
2023-12-10,SD,Sudan,EMRO,0,63993,0,5046,58947
2023-12-17,SD,Sudan,EMRO,0,63993,0,5046,58947
2023-12-24,SD,Sudan,EMRO,0,63993,0,5046,58947
2023-12-31,SD,Sudan,EMRO,0,63993,0,5046,58947
2024-01-07,SD,Sudan,EMRO,0,63993,0,5046,58947
2024-01-14,SD,Sudan,EMRO,0,63993,0,5046,58947
2024-01-21,SD,Sudan,EMRO,0,63993,0,5046,58947
2024-01-28,SD,Sudan,EMRO,0,63993,0,5046,58947
2024-02-04,SD,Sudan,EMRO,0,63993,0,5046,58947
2024-02-11,SD,Sudan,EMRO,0,63993,0,5046,58947
2024-02-18,SD,Sudan,EMRO,0,63993,0,5046,58947
2024-02-25,SD,Sudan,EMRO,0,63993,0,5046,58947
2024-03-03,SD,Sudan,EMRO,0,63993,0,5046,58947
2024-03-10,SD,Sudan,EMRO,0,63993,0,5046,58947
2024-03-17,SD,Sudan,EMRO,0,63993,0,5046,58947
2024-03-24,SD,Sudan,EMRO,0,63993,0,5046,58947
2024-03-31,SD,Sudan,EMRO,0,63993,0,5046,58947
2024-04-07,SD,Sudan,EMRO,0,63993,0,5046,58947
2024-04-14,SD,Sudan,EMRO,0,63993,0,5046,58947
2024-04-21,SD,Sudan,EMRO,0,63993,0,5046,58947
2024-04-28,SD,Sudan,EMRO,0,63993,0,5046,58947
2024-05-05,SD,Sudan,EMRO,0,63993,0,5046,58947
2024-05-12,SD,Sudan,EMRO,0,63993,0,5046,58947
2024-05-19,SD,Sudan,EMRO,0,63993,0,5046,58947
2024-05-26,SD,Sudan,EMRO,0,63993,0,5046,58947
2024-06-02,SD,Sudan,EMRO,0,63993,0,5046,58947
2024-06-09,SD,Sudan,EMRO,0,63993,0,5046,58947
2024-06-16,SD,Sudan,EMRO,0,63993,0,5046,58947
2024-06-23,SD,Sudan,EMRO,0,63993,0,5046,58947
2024-06-30,SD,Sudan,EMRO,0,63993,0,5046,58947
2024-07-07,SD,Sudan,EMRO,0,63993,0,5046,58947
2024-07-14,SD,Sudan,EMRO,0,63993,0,5046,58947
2024-07-21,SD,Sudan,EMRO,0,63993,0,5046,58947
2024-07-28,SD,Sudan,EMRO,0,63993,0,5046,58947
2024-08-04,SD,Sudan,EMRO,0,63993,0,5046,58947
2024-08-11,SD,Sudan,EMRO,0,63993,0,5046,58947
2024-08-18,SD,Sudan,EMRO,0,63993,0,5046,58947
2024-08-25,SD,Sudan,EMRO,0,63993,0,5046,58947
2024-09-01,SD,Sudan,EMRO,0,63993,0,5046,58947
2024-09-08,SD,Sudan,EMRO,0,63993,0,5046,58947
2024-09-15,SD,Sudan,EMRO,0,63993,0,5046,58947
2024-09-22,SD,Sudan,EMRO,0,63993,0,5046,58947
2024-09-29,SD,Sudan,EMRO,0,63993,0,5046,58947
2024-10-06,SD,Sudan,EMRO,0,63993,0,5046,58947
2024-10-13,SD,Sudan,EMRO,0,63993,0,5046,58947
2024-10-20,SD,Sudan,EMRO,0,63993,0,5046,58947
2024-10-27,SD,Sudan,EMRO,0,63993,0,5046,58947
2024-11-03,SD,Sudan,EMRO,0,63993,0,5046,58947
2024-11-10,SD,Sudan,EMRO,0,63993,0,5046,58947
2024-11-17,SD,Sudan,EMRO,0,63993,0,5046,58947
2020-01-05,SR,Suriname,AMRO,0,0,0,0,0
2020-01-12,SR,Suriname,AMRO,0,0,0,0,0
2020-01-19,SR,Suriname,AMRO,0,0,0,0,0
2020-01-26,SR,Suriname,AMRO,0,0,0,0,0
2020-02-02,SR,Suriname,AMRO,0,0,0,0,0
2020-02-09,SR,Suriname,AMRO,0,0,0,0,0
2020-02-16,SR,Suriname,AMRO,0,0,0,0,0
2020-02-23,SR,Suriname,AMRO,0,0,0,0,0
2020-03-01,SR,Suriname,AMRO,0,0,0,0,0
2020-03-08,SR,Suriname,AMRO,0,0,0,0,0
2020-03-15,SR,Suriname,AMRO,1,1,0,0,1
2020-03-22,SR,Suriname,AMRO,1,2,0,0,2
2020-03-29,SR,Suriname,AMRO,6,8,0,0,8
2020-04-05,SR,Suriname,AMRO,2,10,0,0,10
2020-04-12,SR,Suriname,AMRO,0,10,1,1,9
2020-04-19,SR,Suriname,AMRO,0,10,0,1,9
2020-04-26,SR,Suriname,AMRO,0,10,0,1,9
2020-05-03,SR,Suriname,AMRO,0,10,0,1,9
2020-05-10,SR,Suriname,AMRO,0,10,0,1,9
2020-05-17,SR,Suriname,AMRO,0,10,0,1,9
2020-05-24,SR,Suriname,AMRO,1,11,0,1,10
2020-05-31,SR,Suriname,AMRO,1,12,0,1,11
2020-06-07,SR,Suriname,AMRO,78,90,0,1,89
2020-06-14,SR,Suriname,AMRO,97,187,2,3,184
2020-06-21,SR,Suriname,AMRO,106,293,5,8,285
2020-06-28,SR,Suriname,AMRO,98,391,2,10,381
2020-07-05,SR,Suriname,AMRO,174,565,4,14,551
2020-07-12,SR,Suriname,AMRO,164,729,4,18,711
2020-07-19,SR,Suriname,AMRO,214,943,1,19,924
2020-07-26,SR,Suriname,AMRO,362,1305,4,23,1282
2020-08-02,SR,Suriname,AMRO,401,1706,3,26,1680
2020-08-09,SR,Suriname,AMRO,497,2203,3,29,2174
2020-08-16,SR,Suriname,AMRO,635,2838,12,41,2797
2020-08-23,SR,Suriname,AMRO,622,3460,15,56,3404
2020-08-30,SR,Suriname,AMRO,388,3848,10,66,3782
2020-09-06,SR,Suriname,AMRO,404,4252,9,75,4177
2020-09-13,SR,Suriname,AMRO,277,4529,18,93,4436
2020-09-20,SR,Suriname,AMRO,162,4691,3,96,4595
2020-09-27,SR,Suriname,AMRO,126,4817,6,102,4715
2020-10-04,SR,Suriname,AMRO,82,4899,3,105,4794
2020-10-11,SR,Suriname,AMRO,119,5018,1,106,4912
2020-10-18,SR,Suriname,AMRO,95,5113,3,109,5004
2020-10-25,SR,Suriname,AMRO,42,5155,0,109,5046
2020-11-01,SR,Suriname,AMRO,46,5201,2,111,5090
2020-11-08,SR,Suriname,AMRO,26,5227,1,112,5115
2020-11-15,SR,Suriname,AMRO,41,5268,2,114,5154
2020-11-22,SR,Suriname,AMRO,21,5289,2,116,5173
2020-11-29,SR,Suriname,AMRO,22,5311,1,117,5194
2020-12-06,SR,Suriname,AMRO,11,5322,0,117,5205
2020-12-13,SR,Suriname,AMRO,17,5339,0,117,5222
2020-12-20,SR,Suriname,AMRO,120,5459,0,117,5342
2020-12-27,SR,Suriname,AMRO,421,5880,2,119,5761
2021-01-03,SR,Suriname,AMRO,397,6277,4,123,6154
2021-01-10,SR,Suriname,AMRO,577,6854,8,131,6723
2021-01-17,SR,Suriname,AMRO,555,7409,8,139,7270
2021-01-24,SR,Suriname,AMRO,536,7945,9,148,7797
2021-01-31,SR,Suriname,AMRO,419,8364,6,154,8210
2021-02-07,SR,Suriname,AMRO,255,8619,4,158,8461
2021-02-14,SR,Suriname,AMRO,159,8778,8,166,8612
2021-02-21,SR,Suriname,AMRO,76,8854,2,168,8686
2021-02-28,SR,Suriname,AMRO,59,8913,2,170,8743
2021-03-07,SR,Suriname,AMRO,53,8966,5,175,8791
2021-03-14,SR,Suriname,AMRO,46,9012,1,176,8836
2021-03-21,SR,Suriname,AMRO,43,9055,0,176,8879
2021-03-28,SR,Suriname,AMRO,33,9088,1,177,8911
2021-04-04,SR,Suriname,AMRO,49,9137,0,177,8960
2021-04-11,SR,Suriname,AMRO,128,9265,1,178,9087
2021-04-18,SR,Suriname,AMRO,231,9496,9,187,9309
2021-04-25,SR,Suriname,AMRO,436,9932,6,193,9739
2021-05-02,SR,Suriname,AMRO,431,10363,11,204,10159
2021-05-09,SR,Suriname,AMRO,570,10933,10,214,10719
2021-05-16,SR,Suriname,AMRO,774,11707,9,223,11484
2021-05-23,SR,Suriname,AMRO,1035,12742,20,243,12499
2021-05-30,SR,Suriname,AMRO,1563,14305,39,282,14023
2021-06-06,SR,Suriname,AMRO,1704,16009,50,332,15677
2021-06-13,SR,Suriname,AMRO,1790,17799,58,390,17409
2021-06-20,SR,Suriname,AMRO,1777,19576,53,443,19133
2021-06-27,SR,Suriname,AMRO,1335,20911,51,494,20417
2021-07-04,SR,Suriname,AMRO,1152,22063,45,539,21524
2021-07-11,SR,Suriname,AMRO,1106,23169,29,568,22601
2021-07-18,SR,Suriname,AMRO,886,24055,39,607,23448
2021-07-25,SR,Suriname,AMRO,634,24689,20,627,24062
2021-08-01,SR,Suriname,AMRO,598,25287,18,645,24642
2021-08-08,SR,Suriname,AMRO,566,25853,14,659,25194
2021-08-15,SR,Suriname,AMRO,580,26433,17,676,25757
2021-08-22,SR,Suriname,AMRO,777,27210,20,696,26514
2021-08-29,SR,Suriname,AMRO,1252,28462,13,709,27753
2021-09-05,SR,Suriname,AMRO,1658,30120,24,733,29387
2021-09-12,SR,Suriname,AMRO,2644,32764,23,756,32008
2021-09-19,SR,Suriname,AMRO,3664,36428,40,796,35632
2021-09-26,SR,Suriname,AMRO,3181,39609,45,841,38768
2021-10-03,SR,Suriname,AMRO,2258,41867,52,893,40974
2021-10-10,SR,Suriname,AMRO,2169,44036,60,953,43083
2021-10-17,SR,Suriname,AMRO,2096,46132,54,1007,45125
2021-10-24,SR,Suriname,AMRO,1743,47875,47,1054,46821
2021-10-31,SR,Suriname,AMRO,1024,48899,28,1082,47817
2021-11-07,SR,Suriname,AMRO,605,49504,30,1112,48392
2021-11-14,SR,Suriname,AMRO,509,50013,21,1133,48880
2021-11-21,SR,Suriname,AMRO,397,50410,13,1146,49264
2021-11-28,SR,Suriname,AMRO,300,50710,16,1162,49548
2021-12-05,SR,Suriname,AMRO,250,50960,8,1170,49790
2021-12-12,SR,Suriname,AMRO,207,51167,6,1176,49991
2021-12-19,SR,Suriname,AMRO,217,51384,4,1180,50204
2021-12-26,SR,Suriname,AMRO,179,51563,6,1186,50377
2022-01-02,SR,Suriname,AMRO,883,52446,3,1189,51257
2022-01-09,SR,Suriname,AMRO,4346,56792,7,1196,55596
2022-01-16,SR,Suriname,AMRO,5942,62734,12,1208,61526
2022-01-23,SR,Suriname,AMRO,6541,69275,23,1231,68044
2022-01-30,SR,Suriname,AMRO,3668,72943,26,1257,71686
2022-02-06,SR,Suriname,AMRO,2309,75252,17,1274,73978
2022-02-13,SR,Suriname,AMRO,1624,76876,24,1298,75578
2022-02-20,SR,Suriname,AMRO,758,77634,11,1309,76325
2022-02-27,SR,Suriname,AMRO,436,78070,6,1315,76755
2022-03-06,SR,Suriname,AMRO,384,78454,2,1317,77137
2022-03-13,SR,Suriname,AMRO,286,78740,3,1320,77420
2022-03-20,SR,Suriname,AMRO,176,78916,3,1323,77593
2022-03-27,SR,Suriname,AMRO,217,79133,1,1324,77809
2022-04-03,SR,Suriname,AMRO,96,79229,1,1325,77904
2022-04-10,SR,Suriname,AMRO,12,79241,0,1325,77916
2022-04-17,SR,Suriname,AMRO,35,79276,0,1325,77951
2022-04-24,SR,Suriname,AMRO,26,79302,2,1327,77975
2022-05-01,SR,Suriname,AMRO,34,79336,1,1328,78008
2022-05-08,SR,Suriname,AMRO,57,79393,0,1328,78065
2022-05-15,SR,Suriname,AMRO,615,80008,9,1337,78671
2022-05-22,SR,Suriname,AMRO,232,80240,2,1339,78901
2022-05-29,SR,Suriname,AMRO,176,80416,2,1341,79075
2022-06-05,SR,Suriname,AMRO,131,80547,9,1350,79197
2022-06-12,SR,Suriname,AMRO,126,80673,2,1352,79321
2022-06-19,SR,Suriname,AMRO,93,80766,3,1355,79411
2022-06-26,SR,Suriname,AMRO,51,80817,4,1359,79458
2022-07-03,SR,Suriname,AMRO,47,80864,10,1369,79495
2022-07-10,SR,Suriname,AMRO,26,80890,7,1376,79514
2022-07-17,SR,Suriname,AMRO,29,80919,1,1377,79542
2022-07-24,SR,Suriname,AMRO,30,80949,2,1379,79570
2022-07-31,SR,Suriname,AMRO,17,80966,1,1380,79586
2022-08-07,SR,Suriname,AMRO,16,80982,0,1380,79602
2022-08-14,SR,Suriname,AMRO,6,80988,0,1380,79608
2022-08-21,SR,Suriname,AMRO,19,81007,2,1382,79625
2022-08-28,SR,Suriname,AMRO,15,81022,1,1383,79639
2022-09-04,SR,Suriname,AMRO,17,81039,0,1383,79656
2022-09-11,SR,Suriname,AMRO,18,81057,1,1384,79673
2022-09-18,SR,Suriname,AMRO,21,81078,0,1384,79694
2022-09-25,SR,Suriname,AMRO,21,81099,1,1385,79714
2022-10-02,SR,Suriname,AMRO,7,81106,0,1385,79721
2022-10-09,SR,Suriname,AMRO,8,81114,0,1385,79729
2022-10-16,SR,Suriname,AMRO,17,81131,0,1385,79746
2022-10-23,SR,Suriname,AMRO,27,81158,1,1386,79772
2022-10-30,SR,Suriname,AMRO,27,81185,4,1390,79795
2022-11-06,SR,Suriname,AMRO,43,81228,2,1392,79836
2022-11-13,SR,Suriname,AMRO,0,81228,0,1392,79836
2022-11-20,SR,Suriname,AMRO,0,81228,0,1392,79836
2022-11-27,SR,Suriname,AMRO,0,81228,0,1392,79836
2022-12-04,SR,Suriname,AMRO,353,81581,1,1393,80188
2022-12-11,SR,Suriname,AMRO,0,81581,0,1393,80188
2022-12-18,SR,Suriname,AMRO,0,81581,0,1393,80188
2022-12-25,SR,Suriname,AMRO,0,81581,0,1393,80188
2023-01-01,SR,Suriname,AMRO,0,81581,0,1393,80188
2023-01-08,SR,Suriname,AMRO,439,82020,5,1398,80622
2023-01-15,SR,Suriname,AMRO,0,82020,0,1398,80622
2023-01-22,SR,Suriname,AMRO,0,82020,0,1398,80622
2023-01-29,SR,Suriname,AMRO,0,82020,0,1398,80622
2023-02-05,SR,Suriname,AMRO,207,82227,2,1400,80827
2023-02-12,SR,Suriname,AMRO,0,82227,0,1400,80827
2023-02-19,SR,Suriname,AMRO,0,82227,0,1400,80827
2023-02-26,SR,Suriname,AMRO,0,82227,0,1400,80827
2023-03-05,SR,Suriname,AMRO,240,82467,4,1404,81063
2023-03-12,SR,Suriname,AMRO,0,82467,0,1404,81063
2023-03-19,SR,Suriname,AMRO,0,82467,0,1404,81063
2023-03-26,SR,Suriname,AMRO,0,82467,0,1404,81063
2023-04-02,SR,Suriname,AMRO,0,82467,0,1404,81063
2023-04-09,SR,Suriname,AMRO,28,82495,0,1404,81091
2023-04-16,SR,Suriname,AMRO,0,82495,0,1404,81091
2023-04-23,SR,Suriname,AMRO,0,82495,0,1404,81091
2023-04-30,SR,Suriname,AMRO,0,82495,0,1404,81091
2023-05-07,SR,Suriname,AMRO,0,82495,0,1404,81091
2023-05-14,SR,Suriname,AMRO,0,82495,0,1404,81091
2023-05-21,SR,Suriname,AMRO,0,82495,0,1404,81091
2023-05-28,SR,Suriname,AMRO,0,82495,0,1404,81091
2023-06-04,SR,Suriname,AMRO,0,82495,0,1404,81091
2023-06-11,SR,Suriname,AMRO,0,82495,0,1404,81091
2023-06-18,SR,Suriname,AMRO,0,82495,0,1404,81091
2023-06-25,SR,Suriname,AMRO,0,82495,0,1404,81091
2023-07-02,SR,Suriname,AMRO,0,82495,0,1404,81091
2023-07-09,SR,Suriname,AMRO,0,82495,0,1404,81091
2023-07-16,SR,Suriname,AMRO,0,82495,0,1404,81091
2023-07-23,SR,Suriname,AMRO,0,82495,0,1404,81091
2023-07-30,SR,Suriname,AMRO,0,82495,0,1404,81091
2023-08-06,SR,Suriname,AMRO,0,82495,0,1404,81091
2023-08-13,SR,Suriname,AMRO,0,82495,0,1404,81091
2023-08-20,SR,Suriname,AMRO,0,82495,0,1404,81091
2023-08-27,SR,Suriname,AMRO,0,82495,0,1404,81091
2023-09-03,SR,Suriname,AMRO,0,82495,0,1404,81091
2023-09-10,SR,Suriname,AMRO,0,82495,0,1404,81091
2023-09-17,SR,Suriname,AMRO,0,82495,0,1404,81091
2023-09-24,SR,Suriname,AMRO,0,82495,0,1404,81091
2023-10-01,SR,Suriname,AMRO,0,82495,0,1404,81091
2023-10-08,SR,Suriname,AMRO,0,82495,0,1404,81091
2023-10-15,SR,Suriname,AMRO,0,82495,0,1404,81091
2023-10-22,SR,Suriname,AMRO,0,82495,0,1404,81091
2023-10-29,SR,Suriname,AMRO,0,82495,0,1404,81091
2023-11-05,SR,Suriname,AMRO,0,82495,0,1404,81091
2023-11-12,SR,Suriname,AMRO,0,82495,0,1404,81091
2023-11-19,SR,Suriname,AMRO,0,82495,0,1404,81091
2023-11-26,SR,Suriname,AMRO,0,82495,0,1404,81091
2023-12-03,SR,Suriname,AMRO,0,82495,0,1404,81091
2023-12-10,SR,Suriname,AMRO,0,82495,0,1404,81091
2023-12-17,SR,Suriname,AMRO,0,82495,0,1404,81091
2023-12-24,SR,Suriname,AMRO,0,82495,0,1404,81091
2023-12-31,SR,Suriname,AMRO,0,82495,0,1404,81091
2024-01-07,SR,Suriname,AMRO,0,82495,0,1404,81091
2024-01-14,SR,Suriname,AMRO,0,82495,0,1404,81091
2024-01-21,SR,Suriname,AMRO,0,82495,0,1404,81091
2024-01-28,SR,Suriname,AMRO,0,82495,0,1404,81091
2024-02-04,SR,Suriname,AMRO,1,82496,1,1405,81091
2024-02-11,SR,Suriname,AMRO,0,82496,0,1405,81091
2024-02-18,SR,Suriname,AMRO,0,82496,0,1405,81091
2024-02-25,SR,Suriname,AMRO,0,82496,0,1405,81091
2024-03-03,SR,Suriname,AMRO,0,82496,0,1405,81091
2024-03-10,SR,Suriname,AMRO,0,82496,0,1405,81091
2024-03-17,SR,Suriname,AMRO,0,82496,0,1405,81091
2024-03-24,SR,Suriname,AMRO,0,82496,0,1405,81091
2024-03-31,SR,Suriname,AMRO,0,82496,0,1405,81091
2024-04-07,SR,Suriname,AMRO,0,82496,0,1405,81091
2024-04-14,SR,Suriname,AMRO,0,82496,0,1405,81091
2024-04-21,SR,Suriname,AMRO,0,82496,0,1405,81091
2024-04-28,SR,Suriname,AMRO,0,82496,0,1405,81091
2024-05-05,SR,Suriname,AMRO,0,82496,0,1405,81091
2024-05-12,SR,Suriname,AMRO,0,82496,0,1405,81091
2024-05-19,SR,Suriname,AMRO,0,82496,0,1405,81091
2024-05-26,SR,Suriname,AMRO,1,82497,1,1406,81091
2024-06-02,SR,Suriname,AMRO,0,82497,0,1406,81091
2024-06-09,SR,Suriname,AMRO,0,82497,0,1406,81091
2024-06-16,SR,Suriname,AMRO,1,82498,0,1406,81092
2024-06-23,SR,Suriname,AMRO,2,82500,0,1406,81094
2024-06-30,SR,Suriname,AMRO,0,82500,0,1406,81094
2024-07-07,SR,Suriname,AMRO,0,82500,0,1406,81094
2024-07-14,SR,Suriname,AMRO,1,82501,0,1406,81095
2024-07-21,SR,Suriname,AMRO,0,82501,0,1406,81095
2024-07-28,SR,Suriname,AMRO,0,82501,0,1406,81095
2024-08-04,SR,Suriname,AMRO,1,82502,0,1406,81096
2024-08-11,SR,Suriname,AMRO,0,82502,0,1406,81096
2024-08-18,SR,Suriname,AMRO,0,82502,0,1406,81096
2024-08-25,SR,Suriname,AMRO,0,82502,0,1406,81096
2024-09-01,SR,Suriname,AMRO,0,82502,0,1406,81096
2024-09-08,SR,Suriname,AMRO,0,82502,0,1406,81096
2024-09-15,SR,Suriname,AMRO,0,82502,0,1406,81096
2024-09-22,SR,Suriname,AMRO,1,82503,0,1406,81097
2024-09-29,SR,Suriname,AMRO,0,82503,0,1406,81097
2024-10-06,SR,Suriname,AMRO,0,82503,0,1406,81097
2024-10-13,SR,Suriname,AMRO,0,82503,0,1406,81097
2024-10-20,SR,Suriname,AMRO,0,82503,0,1406,81097
2024-10-27,SR,Suriname,AMRO,0,82503,0,1406,81097
2024-11-03,SR,Suriname,AMRO,0,82503,0,1406,81097
2024-11-10,SR,Suriname,AMRO,0,82503,0,1406,81097
2024-11-17,SR,Suriname,AMRO,1,82504,0,1406,81098
2020-01-05,SE,Sweden,EURO,0,0,0,0,0
2020-01-12,SE,Sweden,EURO,0,0,0,0,0
2020-01-19,SE,Sweden,EURO,0,0,0,0,0
2020-01-26,SE,Sweden,EURO,0,0,0,0,0
2020-02-02,SE,Sweden,EURO,0,0,0,0,0
2020-02-09,SE,Sweden,EURO,1,1,0,0,1
2020-02-16,SE,Sweden,EURO,0,1,0,0,1
2020-02-23,SE,Sweden,EURO,0,1,0,0,1
2020-03-01,SE,Sweden,EURO,13,14,0,0,14
2020-03-08,SE,Sweden,EURO,165,179,0,0,179
2020-03-15,SE,Sweden,EURO,815,994,3,3,991
2020-03-22,SE,Sweden,EURO,875,1869,35,38,1831
2020-03-29,SE,Sweden,EURO,1795,3664,163,201,3463
2020-04-05,SE,Sweden,EURO,3169,6833,404,605,6228
2020-04-12,SE,Sweden,EURO,3616,10449,652,1257,9192
2020-04-19,SE,Sweden,EURO,3828,14277,667,1924,12353
2020-04-26,SE,Sweden,EURO,4291,18568,559,2483,16085
2020-05-03,SE,Sweden,EURO,3871,22439,542,3025,19414
2020-05-10,SE,Sweden,EURO,4135,26574,511,3536,23038
2020-05-17,SE,Sweden,EURO,3889,30463,401,3937,26526
2020-05-24,SE,Sweden,EURO,3708,34171,368,4305,29866
2020-05-31,SE,Sweden,EURO,4225,38396,270,4575,33821
2020-06-07,SE,Sweden,EURO,5824,44220,259,4834,39386
2020-06-14,SE,Sweden,EURO,7167,51387,240,5074,46313
2020-06-21,SE,Sweden,EURO,7170,58557,205,5279,53278
2020-06-28,SE,Sweden,EURO,7361,65918,137,5416,60502
2020-07-05,SE,Sweden,EURO,4379,70297,112,5528,64769
2020-07-12,SE,Sweden,EURO,2388,72685,85,5613,67072
2020-07-19,SE,Sweden,EURO,1618,74303,58,5671,68632
2020-07-26,SE,Sweden,EURO,1384,75687,35,5706,69981
2020-08-02,SE,Sweden,EURO,1560,77247,17,5723,71524
2020-08-09,SE,Sweden,EURO,1979,79226,17,5740,73486
2020-08-16,SE,Sweden,EURO,2062,81288,20,5760,75528
2020-08-23,SE,Sweden,EURO,1693,82981,16,5776,77205
2020-08-30,SE,Sweden,EURO,1209,84190,10,5786,78404
2020-09-06,SE,Sweden,EURO,1313,85503,12,5798,79705
2020-09-13,SE,Sweden,EURO,1553,87056,14,5812,81244
2020-09-20,SE,Sweden,EURO,2053,89109,10,5822,83287
2020-09-27,SE,Sweden,EURO,2885,91994,14,5836,86158
2020-10-04,SE,Sweden,EURO,3653,95647,15,5851,89796
2020-10-11,SE,Sweden,EURO,4273,99920,23,5874,94046
2020-10-18,SE,Sweden,EURO,5460,105380,17,5891,99489
2020-10-25,SE,Sweden,EURO,8962,114342,36,5927,108415
2020-11-01,SE,Sweden,EURO,17691,132033,68,5995,126038
2020-11-08,SE,Sweden,EURO,24605,156638,157,6152,150486
2020-11-15,SE,Sweden,EURO,31835,188473,218,6370,182103
2020-11-22,SE,Sweden,EURO,31103,219576,312,6682,212894
2020-11-29,SE,Sweden,EURO,35229,254805,426,7108,247697
2020-12-06,SE,Sweden,EURO,37787,292592,445,7553,285039
2020-12-13,SE,Sweden,EURO,42377,334969,510,8063,326906
2020-12-20,SE,Sweden,EURO,45482,380451,622,8685,371766
2020-12-27,SE,Sweden,EURO,37678,418129,638,9323,408806
2021-01-03,SE,Sweden,EURO,41777,459906,679,10002,449904
2021-01-10,SE,Sweden,EURO,39883,499789,635,10637,489152
2021-01-17,SE,Sweden,EURO,30002,529791,629,11266,518525
2021-01-24,SE,Sweden,EURO,23325,553116,523,11789,541327
2021-01-31,SE,Sweden,EURO,20638,573754,401,12190,561564
2021-02-07,SE,Sweden,EURO,19755,593509,279,12469,581040
2021-02-14,SE,Sweden,EURO,21083,614592,206,12675,601917
2021-02-21,SE,Sweden,EURO,23225,637817,179,12854,624963
2021-02-28,SE,Sweden,EURO,27037,664854,142,12996,651858
2021-03-07,SE,Sweden,EURO,27531,692385,137,13133,679252
2021-03-14,SE,Sweden,EURO,28966,721351,136,13269,708082
2021-03-21,SE,Sweden,EURO,32493,753844,131,13400,740444
2021-03-28,SE,Sweden,EURO,37479,791323,127,13527,777796
2021-04-04,SE,Sweden,EURO,38914,830237,145,13672,816565
2021-04-11,SE,Sweden,EURO,40200,870437,130,13802,856635
2021-04-18,SE,Sweden,EURO,40911,911348,142,13944,897404
2021-04-25,SE,Sweden,EURO,36788,948136,127,14071,934065
2021-05-02,SE,Sweden,EURO,35344,983480,123,14194,969286
2021-05-09,SE,Sweden,EURO,33738,1017218,103,14297,1002921
2021-05-16,SE,Sweden,EURO,26165,1043383,114,14411,1028972
2021-05-23,SE,Sweden,EURO,18960,1062343,72,14483,1047860
2021-05-30,SE,Sweden,EURO,6645,1068988,50,14533,1054455
2021-06-06,SE,Sweden,EURO,10821,1079809,44,14577,1065232
2021-06-13,SE,Sweden,EURO,4459,1084268,25,14602,1069666
2021-06-20,SE,Sweden,EURO,3006,1087274,14,14616,1072658
2021-06-27,SE,Sweden,EURO,1976,1089250,12,14628,1074622
2021-07-04,SE,Sweden,EURO,1877,1091127,8,14636,1076491
2021-07-11,SE,Sweden,EURO,1516,1092643,2,14638,1078005
2021-07-18,SE,Sweden,EURO,1877,1094520,3,14641,1079879
2021-07-25,SE,Sweden,EURO,2665,1097185,3,14644,1082541
2021-08-01,SE,Sweden,EURO,3462,1100647,4,14648,1085999
2021-08-08,SE,Sweden,EURO,4609,1105256,5,14653,1090603
2021-08-15,SE,Sweden,EURO,5812,1111068,8,14661,1096407
2021-08-22,SE,Sweden,EURO,6471,1117539,10,14671,1102868
2021-08-29,SE,Sweden,EURO,6686,1124225,17,14688,1109537
2021-09-05,SE,Sweden,EURO,7235,1131460,24,14712,1116748
2021-09-12,SE,Sweden,EURO,7984,1139444,47,14759,1124685
2021-09-19,SE,Sweden,EURO,6268,1145712,54,14813,1130899
2021-09-26,SE,Sweden,EURO,4304,1150016,44,14857,1135159
2021-10-03,SE,Sweden,EURO,4244,1154260,36,14893,1139367
2021-10-10,SE,Sweden,EURO,4132,1158392,53,14946,1143446
2021-10-17,SE,Sweden,EURO,4083,1162475,32,14978,1147497
2021-10-24,SE,Sweden,EURO,4884,1167359,27,15005,1152354
2021-10-31,SE,Sweden,EURO,5933,1173292,27,15032,1158260
2021-11-07,SE,Sweden,EURO,5088,1178380,34,15066,1163314
2021-11-14,SE,Sweden,EURO,5792,1184172,31,15097,1169075
2021-11-21,SE,Sweden,EURO,6931,1191103,30,15127,1175976
2021-11-28,SE,Sweden,EURO,11523,1202626,16,15143,1187483
2021-12-05,SE,Sweden,EURO,13760,1216386,25,15168,1201218
2021-12-12,SE,Sweden,EURO,18112,1234498,41,15209,1219289
2021-12-19,SE,Sweden,EURO,23958,1258456,46,15255,1243201
2021-12-26,SE,Sweden,EURO,28152,1286608,47,15302,1271306
2022-01-02,SE,Sweden,EURO,55443,1342051,63,15365,1326686
2022-01-09,SE,Sweden,EURO,114584,1456635,126,15491,1441144
2022-01-16,SE,Sweden,EURO,159272,1615907,153,15644,1600263
2022-01-23,SE,Sweden,EURO,247473,1863380,247,15891,1847489
2022-01-30,SE,Sweden,EURO,281038,2144418,296,16187,2128231
2022-02-06,SE,Sweden,EURO,190729,2335147,351,16538,2318609
2022-02-13,SE,Sweden,EURO,71262,2406409,331,16869,2389540
2022-02-20,SE,Sweden,EURO,22263,2428672,373,17242,2411430
2022-02-27,SE,Sweden,EURO,17695,2446367,322,17564,2428803
2022-03-06,SE,Sweden,EURO,13503,2459870,271,17835,2442035
2022-03-13,SE,Sweden,EURO,10035,2469905,207,18042,2451863
2022-03-20,SE,Sweden,EURO,8568,2478473,208,18250,2460223
2022-03-27,SE,Sweden,EURO,7138,2485611,164,18414,2467197
2022-04-03,SE,Sweden,EURO,5017,2490628,118,18532,2472096
2022-04-10,SE,Sweden,EURO,4089,2494717,121,18653,2476064
2022-04-17,SE,Sweden,EURO,3147,2497864,77,18730,2479134
2022-04-24,SE,Sweden,EURO,2568,2500432,75,18805,2481627
2022-05-01,SE,Sweden,EURO,2302,2502734,51,18856,2483878
2022-05-08,SE,Sweden,EURO,1972,2504706,50,18906,2485800
2022-05-15,SE,Sweden,EURO,1643,2506349,42,18948,2487401
2022-05-22,SE,Sweden,EURO,1830,2508179,46,18994,2489185
2022-05-29,SE,Sweden,EURO,1324,2509503,27,19021,2490482
2022-06-05,SE,Sweden,EURO,1256,2510759,26,19047,2491712
2022-06-12,SE,Sweden,EURO,1865,2512624,21,19068,2493556
2022-06-19,SE,Sweden,EURO,2103,2514727,29,19097,2495630
2022-06-26,SE,Sweden,EURO,3091,2517818,32,19129,2498689
2022-07-03,SE,Sweden,EURO,4074,2521892,38,19167,2502725
2022-07-10,SE,Sweden,EURO,4171,2526063,61,19228,2506835
2022-07-17,SE,Sweden,EURO,5417,2531480,59,19287,2512193
2022-07-24,SE,Sweden,EURO,5974,2537454,110,19397,2518057
2022-07-31,SE,Sweden,EURO,5709,2543163,96,19493,2523670
2022-08-07,SE,Sweden,EURO,6223,2549386,113,19606,2529780
2022-08-14,SE,Sweden,EURO,6644,2556030,115,19721,2536309
2022-08-21,SE,Sweden,EURO,6640,2562670,135,19856,2542814
2022-08-28,SE,Sweden,EURO,5067,2567737,93,19949,2547788
2022-09-04,SE,Sweden,EURO,4770,2572507,98,20047,2552460
2022-09-11,SE,Sweden,EURO,5077,2577584,82,20129,2557455
2022-09-18,SE,Sweden,EURO,5055,2582639,95,20224,2562415
2022-09-25,SE,Sweden,EURO,4963,2587602,96,20320,2567282
2022-10-02,SE,Sweden,EURO,13579,2601181,97,20417,2580764
2022-10-09,SE,Sweden,EURO,3965,2605146,98,20515,2584631
2022-10-16,SE,Sweden,EURO,3427,2608573,91,20606,2587967
2022-10-23,SE,Sweden,EURO,3297,2611870,91,20697,2591173
2022-10-30,SE,Sweden,EURO,3482,2615352,89,20786,2594566
2022-11-06,SE,Sweden,EURO,3412,2618764,69,20855,2597909
2022-11-13,SE,Sweden,EURO,3759,2622523,94,20949,2601574
2022-11-20,SE,Sweden,EURO,3632,2626155,87,21036,2605119
2022-11-27,SE,Sweden,EURO,4231,2630386,93,21129,2609257
2022-12-04,SE,Sweden,EURO,6562,2636948,108,21237,2615711
2022-12-11,SE,Sweden,EURO,9637,2646585,158,21395,2625190
2022-12-18,SE,Sweden,EURO,12616,2659201,247,21642,2637559
2022-12-25,SE,Sweden,EURO,12680,2671881,361,22003,2649878
2023-01-01,SE,Sweden,EURO,9197,2681078,370,22373,2658705
2023-01-08,SE,Sweden,EURO,5953,2687031,403,22776,2664255
2023-01-15,SE,Sweden,EURO,3815,2690846,302,23078,2667768
2023-01-22,SE,Sweden,EURO,2002,2692848,230,23308,2669540
2023-01-29,SE,Sweden,EURO,1411,2694259,145,23453,2670806
2023-02-05,SE,Sweden,EURO,1339,2695598,97,23550,2672048
2023-02-12,SE,Sweden,EURO,1066,2696664,70,23620,2673044
2023-02-19,SE,Sweden,EURO,823,2697487,50,23670,2673817
2023-02-26,SE,Sweden,EURO,642,2698129,38,23708,2674421
2023-03-05,SE,Sweden,EURO,710,2698839,51,23759,2675080
2023-03-12,SE,Sweden,EURO,858,2699697,29,23788,2675909
2023-03-19,SE,Sweden,EURO,878,2700575,33,23821,2676754
2023-03-26,SE,Sweden,EURO,64,2700639,4,23825,2676814
2023-04-02,SE,Sweden,EURO,1048,2701687,54,23879,2677808
2023-04-09,SE,Sweden,EURO,1016,2702703,47,23926,2678777
2023-04-16,SE,Sweden,EURO,1048,2703751,51,23977,2679774
2023-04-23,SE,Sweden,EURO,1197,2704948,55,24032,2680916
2023-04-30,SE,Sweden,EURO,1171,2706119,70,24102,2682017
2023-05-07,SE,Sweden,EURO,1050,2707169,79,24181,2682988
2023-05-14,SE,Sweden,EURO,948,2708117,74,24255,2683862
2023-05-21,SE,Sweden,EURO,922,2709039,66,24321,2684718
2023-05-28,SE,Sweden,EURO,776,2709815,62,24383,2685432
2023-06-04,SE,Sweden,EURO,613,2710428,48,24431,2685997
2023-06-11,SE,Sweden,EURO,518,2710946,37,24468,2686478
2023-06-18,SE,Sweden,EURO,480,2711426,44,24512,2686914
2023-06-25,SE,Sweden,EURO,437,2711863,29,24541,2687322
2023-07-02,SE,Sweden,EURO,290,2712153,24,24565,2687588
2023-07-09,SE,Sweden,EURO,266,2712419,23,24588,2687831
2023-07-16,SE,Sweden,EURO,211,2712630,28,24616,2688014
2023-07-23,SE,Sweden,EURO,156,2712786,12,24628,2688158
2023-07-30,SE,Sweden,EURO,173,2712959,21,24649,2688310
2023-08-06,SE,Sweden,EURO,225,2713184,14,24663,2688521
2023-08-13,SE,Sweden,EURO,233,2713417,7,24670,2688747
2023-08-20,SE,Sweden,EURO,257,2713674,12,24682,2688992
2023-08-27,SE,Sweden,EURO,408,2714082,22,24704,2689378
2023-09-03,SE,Sweden,EURO,496,2714578,19,24723,2689855
2023-09-10,SE,Sweden,EURO,569,2715147,20,24743,2690404
2023-09-17,SE,Sweden,EURO,664,2715811,28,24771,2691040
2023-09-24,SE,Sweden,EURO,656,2716467,41,24812,2691655
2023-10-01,SE,Sweden,EURO,676,2717143,25,24837,2692306
2023-10-08,SE,Sweden,EURO,595,2717738,38,24875,2692863
2023-10-15,SE,Sweden,EURO,698,2718436,34,24909,2693527
2023-10-22,SE,Sweden,EURO,964,2719400,51,24960,2694440
2023-10-29,SE,Sweden,EURO,1286,2720686,52,25012,2695674
2023-11-05,SE,Sweden,EURO,2730,2723416,105,25117,2698299
2023-11-12,SE,Sweden,EURO,3523,2726939,169,25286,2701653
2023-11-19,SE,Sweden,EURO,3344,2730283,193,25479,2704804
2023-11-26,SE,Sweden,EURO,3280,2733563,216,25695,2707868
2023-12-03,SE,Sweden,EURO,2592,2736155,244,25939,2710216
2023-12-10,SE,Sweden,EURO,3292,2739447,197,26136,2713311
2023-12-17,SE,Sweden,EURO,2936,2742383,201,26337,2716046
2023-12-24,SE,Sweden,EURO,2370,2744753,179,26516,2718237
2023-12-31,SE,Sweden,EURO,1864,2746617,170,26686,2719931
2024-01-07,SE,Sweden,EURO,1284,2747901,115,26801,2721100
2024-01-14,SE,Sweden,EURO,881,2748782,130,26931,2721851
2024-01-21,SE,Sweden,EURO,583,2749365,79,27010,2722355
2024-01-28,SE,Sweden,EURO,428,2749793,55,27065,2722728
2024-02-04,SE,Sweden,EURO,349,2750142,51,27116,2723026
2024-02-11,SE,Sweden,EURO,288,2750430,35,27151,2723279
2024-02-18,SE,Sweden,EURO,229,2750659,28,27179,2723480
2024-02-25,SE,Sweden,EURO,208,2750867,27,27206,2723661
2024-03-03,SE,Sweden,EURO,168,2751035,18,27224,2723811
2024-03-10,SE,Sweden,EURO,113,2751148,7,27231,2723917
2024-03-17,SE,Sweden,EURO,116,2751264,14,27245,2724019
2024-03-24,SE,Sweden,EURO,96,2751360,9,27254,2724106
2024-03-31,SE,Sweden,EURO,80,2751440,3,27257,2724183
2024-04-07,SE,Sweden,EURO,72,2751512,8,27265,2724247
2024-04-14,SE,Sweden,EURO,60,2751572,4,27269,2724303
2024-04-21,SE,Sweden,EURO,82,2751654,3,27272,2724382
2024-04-28,SE,Sweden,EURO,78,2751732,1,27273,2724459
2024-05-05,SE,Sweden,EURO,99,2751831,6,27279,2724552
2024-05-12,SE,Sweden,EURO,105,2751936,8,27287,2724649
2024-05-19,SE,Sweden,EURO,107,2752043,7,27294,2724749
2024-05-26,SE,Sweden,EURO,126,2752169,7,27301,2724868
2024-06-02,SE,Sweden,EURO,97,2752266,6,27307,2724959
2024-06-09,SE,Sweden,EURO,117,2752383,3,27310,2725073
2024-06-16,SE,Sweden,EURO,124,2752507,4,27314,2725193
2024-06-23,SE,Sweden,EURO,192,2752699,7,27321,2725378
2024-06-30,SE,Sweden,EURO,295,2752994,14,27335,2725659
2024-07-07,SE,Sweden,EURO,260,2753254,7,27342,2725912
2024-07-14,SE,Sweden,EURO,315,2753569,10,27352,2726217
2024-07-21,SE,Sweden,EURO,412,2753981,16,27368,2726613
2024-07-28,SE,Sweden,EURO,570,2754551,33,27401,2727150
2024-08-04,SE,Sweden,EURO,630,2755181,29,27430,2727751
2024-08-11,SE,Sweden,EURO,814,2755995,34,27464,2728531
2024-08-18,SE,Sweden,EURO,926,2756921,42,27506,2729415
2024-08-25,SE,Sweden,EURO,912,2757833,51,27557,2730276
2024-09-01,SE,Sweden,EURO,923,2758756,50,27607,2731149
2024-09-08,SE,Sweden,EURO,1041,2759797,54,27661,2732136
2024-09-15,SE,Sweden,EURO,833,2760630,51,27712,2732918
2024-09-22,SE,Sweden,EURO,704,2761334,54,27766,2733568
2024-09-29,SE,Sweden,EURO,708,2762042,53,27819,2734223
2024-10-06,SE,Sweden,EURO,736,2762778,62,27881,2734897
2024-10-13,SE,Sweden,EURO,784,2763562,32,27913,2735649
2024-10-20,SE,Sweden,EURO,823,2764385,46,27959,2736426
2024-10-27,SE,Sweden,EURO,860,2765245,48,28007,2737238
2024-11-03,SE,Sweden,EURO,702,2765947,49,28056,2737891
2024-11-10,SE,Sweden,EURO,627,2766574,34,28090,2738484
2024-11-17,SE,Sweden,EURO,576,2767150,48,28138,2739012
2020-01-05,CH,Switzerland,EURO,0,0,0,0,0
2020-01-12,CH,Switzerland,EURO,0,0,0,0,0
2020-01-19,CH,Switzerland,EURO,0,0,0,0,0
2020-01-26,CH,Switzerland,EURO,0,0,0,0,0
2020-02-02,CH,Switzerland,EURO,0,0,0,0,0
2020-02-09,CH,Switzerland,EURO,0,0,0,0,0
2020-02-16,CH,Switzerland,EURO,0,0,0,0,0
2020-02-23,CH,Switzerland,EURO,0,0,0,0,0
2020-03-01,CH,Switzerland,EURO,45,45,0,0,45
2020-03-08,CH,Switzerland,EURO,320,365,2,2,363
2020-03-15,CH,Switzerland,EURO,2008,2373,18,20,2353
2020-03-22,CH,Switzerland,EURO,6337,8710,89,109,8601
2020-03-29,CH,Switzerland,EURO,7460,16170,226,335,15835
2020-04-05,CH,Switzerland,EURO,6175,22345,379,714,21631
2020-04-12,CH,Switzerland,EURO,3662,26007,358,1072,24935
2020-04-19,CH,Switzerland,EURO,1970,27977,256,1328,26649
2020-04-26,CH,Switzerland,EURO,1192,29169,203,1531,27638
2020-05-03,CH,Switzerland,EURO,739,29908,95,1626,28282
2020-05-10,CH,Switzerland,EURO,407,30315,55,1681,28634
2020-05-17,CH,Switzerland,EURO,234,30549,20,1701,28848
2020-05-24,CH,Switzerland,EURO,155,30704,19,1720,28984
2020-05-31,CH,Switzerland,EURO,129,30833,4,1724,29109
2020-06-07,CH,Switzerland,EURO,97,30930,1,1725,29205
2020-06-14,CH,Switzerland,EURO,136,31066,4,1729,29337
2020-06-21,CH,Switzerland,EURO,170,31236,1,1730,29506
2020-06-28,CH,Switzerland,EURO,348,31584,2,1732,29852
2020-07-05,CH,Switzerland,EURO,670,32254,2,1734,30520
2020-07-12,CH,Switzerland,EURO,625,32879,3,1737,31142
2020-07-19,CH,Switzerland,EURO,720,33599,4,1741,31858
2020-07-26,CH,Switzerland,EURO,809,34408,5,1746,32662
2020-08-02,CH,Switzerland,EURO,1132,35540,5,1751,33789
2020-08-09,CH,Switzerland,EURO,1080,36620,5,1756,34864
2020-08-16,CH,Switzerland,EURO,1537,38157,5,1761,36396
2020-08-23,CH,Switzerland,EURO,1856,40013,3,1764,38249
2020-08-30,CH,Switzerland,EURO,2084,42097,5,1769,40328
2020-09-06,CH,Switzerland,EURO,2432,44529,11,1780,42749
2020-09-13,CH,Switzerland,EURO,2792,47321,20,1800,45521
2020-09-20,CH,Switzerland,EURO,2943,50264,16,1816,48448
2020-09-27,CH,Switzerland,EURO,2301,52565,12,1828,50737
2020-10-04,CH,Switzerland,EURO,3269,55834,11,1839,53995
2020-10-11,CH,Switzerland,EURO,8254,64088,16,1855,62233
2020-10-18,CH,Switzerland,EURO,18508,82596,45,1900,80696
2020-10-25,CH,Switzerland,EURO,38252,120848,131,2031,118817
2020-11-01,CH,Switzerland,EURO,55405,176253,288,2319,173934
2020-11-08,CH,Switzerland,EURO,51842,228095,531,2850,225245
2020-11-15,CH,Switzerland,EURO,40254,268349,635,3485,264864
2020-11-22,CH,Switzerland,EURO,30555,298904,635,4120,294784
2020-11-29,CH,Switzerland,EURO,26358,325262,621,4741,320521
2020-12-06,CH,Switzerland,EURO,27029,352291,619,5360,346931
2020-12-13,CH,Switzerland,EURO,29853,382144,592,5952,376192
2020-12-20,CH,Switzerland,EURO,29390,411534,630,6582,404952
2020-12-27,CH,Switzerland,EURO,23785,435319,600,7182,428137
2021-01-03,CH,Switzerland,EURO,23289,458608,574,7756,450852
2021-01-10,CH,Switzerland,EURO,22962,481570,428,8184,473386
2021-01-17,CH,Switzerland,EURO,15599,497169,397,8581,488588
2021-01-24,CH,Switzerland,EURO,13648,510817,320,8901,501916
2021-01-31,CH,Switzerland,EURO,11504,522321,264,9165,513156
2021-02-07,CH,Switzerland,EURO,10127,532448,173,9338,523110
2021-02-14,CH,Switzerland,EURO,8052,540500,126,9464,531036
2021-02-21,CH,Switzerland,EURO,6936,547436,97,9561,537875
2021-02-28,CH,Switzerland,EURO,7191,554627,67,9628,544999
2021-03-07,CH,Switzerland,EURO,7546,562173,62,9690,552483
2021-03-14,CH,Switzerland,EURO,8662,570835,75,9765,561070
2021-03-21,CH,Switzerland,EURO,10409,581244,64,9829,571415
2021-03-28,CH,Switzerland,EURO,12324,593568,58,9887,583681
2021-04-04,CH,Switzerland,EURO,12258,605826,70,9957,595869
2021-04-11,CH,Switzerland,EURO,13977,619803,66,10023,609780
2021-04-18,CH,Switzerland,EURO,14210,634013,46,10069,623944
2021-04-25,CH,Switzerland,EURO,14377,648390,52,10121,638269
2021-05-02,CH,Switzerland,EURO,12223,660613,70,10191,650422
2021-05-09,CH,Switzerland,EURO,10350,670963,44,10235,660728
2021-05-16,CH,Switzerland,EURO,7965,678928,26,10261,668667
2021-05-23,CH,Switzerland,EURO,7527,686455,37,10298,676157
2021-05-30,CH,Switzerland,EURO,5222,691677,24,10322,681355
2021-06-06,CH,Switzerland,EURO,3686,695363,18,10340,685023
2021-06-13,CH,Switzerland,EURO,2379,697742,20,10360,687382
2021-06-20,CH,Switzerland,EURO,1281,699023,13,10373,688650
2021-06-27,CH,Switzerland,EURO,763,699786,6,10379,689407
2021-07-04,CH,Switzerland,EURO,946,700732,5,10384,690348
2021-07-11,CH,Switzerland,EURO,1956,702688,2,10386,692302
2021-07-18,CH,Switzerland,EURO,3633,706321,3,10389,695932
2021-07-25,CH,Switzerland,EURO,4868,711189,4,10393,700796
2021-08-01,CH,Switzerland,EURO,5197,716386,11,10404,705982
2021-08-08,CH,Switzerland,EURO,7148,723534,3,10407,713127
2021-08-15,CH,Switzerland,EURO,13498,737032,14,10421,726611
2021-08-22,CH,Switzerland,EURO,17970,755002,24,10445,744557
2021-08-29,CH,Switzerland,EURO,18132,773134,40,10485,762649
2021-09-05,CH,Switzerland,EURO,18749,791883,49,10534,781349
2021-09-12,CH,Switzerland,EURO,18440,810323,54,10588,799735
2021-09-19,CH,Switzerland,EURO,13124,823447,46,10634,812813
2021-09-26,CH,Switzerland,EURO,9423,832870,41,10675,822195
2021-10-03,CH,Switzerland,EURO,7781,840651,39,10714,829937
2021-10-10,CH,Switzerland,EURO,6363,847014,30,10744,836270
2021-10-17,CH,Switzerland,EURO,6222,853236,32,10776,842460
2021-10-24,CH,Switzerland,EURO,8649,861885,33,10809,851076
2021-10-31,CH,Switzerland,EURO,11183,873068,44,10853,862215
2021-11-07,CH,Switzerland,EURO,16769,889837,29,10882,878955
2021-11-14,CH,Switzerland,EURO,24253,914090,63,10945,903145
2021-11-21,CH,Switzerland,EURO,36490,950580,75,11020,939560
2021-11-28,CH,Switzerland,EURO,50255,1000835,108,11128,989707
2021-12-05,CH,Switzerland,EURO,62367,1063202,168,11296,1051906
2021-12-12,CH,Switzerland,EURO,64851,1128053,185,11481,1116572
2021-12-19,CH,Switzerland,EURO,60637,1188690,195,11676,1177014
2021-12-26,CH,Switzerland,EURO,64940,1253630,152,11828,1241802
2022-01-02,CH,Switzerland,EURO,106733,1360363,135,11963,1348400
2022-01-09,CH,Switzerland,EURO,180267,1540630,104,12067,1528563
2022-01-16,CH,Switzerland,EURO,183977,1724607,96,12163,1712444
2022-01-23,CH,Switzerland,EURO,233883,1958490,115,12278,1946212
2022-01-30,CH,Switzerland,EURO,248789,2207279,93,12371,2194908
2022-02-06,CH,Switzerland,EURO,205272,2412551,105,12476,2400075
2022-02-13,CH,Switzerland,EURO,154937,2567488,106,12582,2554906
2022-02-20,CH,Switzerland,EURO,112509,2679997,72,12654,2667343
2022-02-27,CH,Switzerland,EURO,103924,2783921,83,12737,2771184
2022-03-06,CH,Switzerland,EURO,146239,2930160,58,12795,2917365
2022-03-13,CH,Switzerland,EURO,188362,3118522,64,12859,3105663
2022-03-20,CH,Switzerland,EURO,186746,3305268,96,12955,3292313
2022-03-27,CH,Switzerland,EURO,126868,3432136,89,13044,3419092
2022-04-03,CH,Switzerland,EURO,70767,3502903,59,13103,3489800
2022-04-10,CH,Switzerland,EURO,41402,3544305,54,13157,3531148
2022-04-17,CH,Switzerland,EURO,31721,3576026,37,13194,3562832
2022-04-24,CH,Switzerland,EURO,22683,3598709,32,13226,3585483
2022-05-01,CH,Switzerland,EURO,17277,3615986,14,13240,3602746
2022-05-08,CH,Switzerland,EURO,13324,3629310,20,13260,3616050
2022-05-15,CH,Switzerland,EURO,11335,3640645,12,13272,3627373
2022-05-22,CH,Switzerland,EURO,8659,3649304,12,13284,3636020
2022-05-29,CH,Switzerland,EURO,6620,3655924,5,13289,3642635
2022-06-05,CH,Switzerland,EURO,9943,3665867,8,13297,3652570
2022-06-12,CH,Switzerland,EURO,14545,3680412,5,13302,3667110
2022-06-19,CH,Switzerland,EURO,23006,3703418,8,13310,3690108
2022-06-26,CH,Switzerland,EURO,30968,3734386,16,13326,3721060
2022-07-03,CH,Switzerland,EURO,43611,3777997,17,13343,3764654
2022-07-10,CH,Switzerland,EURO,55105,3833102,36,13379,3819723
2022-07-17,CH,Switzerland,EURO,51484,3884586,32,13411,3871175
2022-07-24,CH,Switzerland,EURO,40113,3924699,33,13444,3911255
2022-07-31,CH,Switzerland,EURO,27191,3951890,41,13485,3938405
2022-08-07,CH,Switzerland,EURO,20033,3971923,26,13511,3958412
2022-08-14,CH,Switzerland,EURO,19141,3991064,19,13530,3977534
2022-08-21,CH,Switzerland,EURO,16800,4007864,16,13546,3994318
2022-08-28,CH,Switzerland,EURO,15322,4023186,12,13558,4009628
2022-09-04,CH,Switzerland,EURO,14883,4038069,9,13567,4024502
2022-09-11,CH,Switzerland,EURO,13697,4051766,9,13576,4038190
2022-09-18,CH,Switzerland,EURO,13919,4065685,7,13583,4052102
2022-09-25,CH,Switzerland,EURO,15166,4080851,12,13595,4067256
2022-10-02,CH,Switzerland,EURO,23043,4103894,15,13610,4090284
2022-10-09,CH,Switzerland,EURO,33930,4137824,15,13625,4124199
2022-10-16,CH,Switzerland,EURO,37233,4175057,23,13648,4161409
2022-10-23,CH,Switzerland,EURO,31654,4206711,31,13679,4193032
2022-10-30,CH,Switzerland,EURO,24730,4231441,27,13706,4217735
2022-11-06,CH,Switzerland,EURO,21366,4252807,22,13728,4239079
2022-11-13,CH,Switzerland,EURO,20553,4273360,12,13740,4259620
2022-11-20,CH,Switzerland,EURO,21343,4294703,21,13761,4280942
2022-11-27,CH,Switzerland,EURO,19531,4314234,20,13781,4300453
2022-12-04,CH,Switzerland,EURO,18634,4332868,19,13800,4319068
2022-12-11,CH,Switzerland,EURO,16715,4349583,24,13824,4335759
2022-12-18,CH,Switzerland,EURO,13777,4363360,26,13850,4349510
2022-12-25,CH,Switzerland,EURO,11725,4375085,15,13865,4361220
2023-01-01,CH,Switzerland,EURO,5948,4381033,19,13884,4367149
2023-01-08,CH,Switzerland,EURO,2275,4383308,23,13907,4369401
2023-01-15,CH,Switzerland,EURO,1366,4384674,14,13921,4370753
2023-01-22,CH,Switzerland,EURO,117,4384791,2,13923,4370868
2023-01-29,CH,Switzerland,EURO,926,4385717,8,13931,4371786
2023-02-05,CH,Switzerland,EURO,847,4386564,7,13938,4372626
2023-02-12,CH,Switzerland,EURO,912,4387476,5,13943,4373533
2023-02-19,CH,Switzerland,EURO,971,4388447,4,13947,4374500
2023-02-26,CH,Switzerland,EURO,1218,4389665,6,13953,4375712
2023-03-05,CH,Switzerland,EURO,1361,4391026,3,13956,4377070
2023-03-12,CH,Switzerland,EURO,1491,4392517,6,13962,4378555
2023-03-19,CH,Switzerland,EURO,1797,4394314,6,13968,4380346
2023-03-26,CH,Switzerland,EURO,1785,4396099,10,13978,4382121
2023-04-02,CH,Switzerland,EURO,1585,4397684,9,13987,4383697
2023-04-09,CH,Switzerland,EURO,1435,4399119,8,13995,4385124
2023-04-16,CH,Switzerland,EURO,1180,4400299,3,13998,4386301
2023-04-23,CH,Switzerland,EURO,1114,4401413,6,14004,4387409
2023-04-30,CH,Switzerland,EURO,1062,4402475,6,14010,4388465
2023-05-07,CH,Switzerland,EURO,1016,4403491,5,14015,4389476
2023-05-14,CH,Switzerland,EURO,851,4404342,12,14027,4390315
2023-05-21,CH,Switzerland,EURO,584,4404926,4,14031,4390895
2023-05-28,CH,Switzerland,EURO,512,4405438,2,14033,4391405
2023-06-04,CH,Switzerland,EURO,511,4405949,2,14035,4391914
2023-06-11,CH,Switzerland,EURO,379,4406328,2,14037,4392291
2023-06-18,CH,Switzerland,EURO,282,4406610,1,14038,4392572
2023-06-25,CH,Switzerland,EURO,204,4406814,1,14039,4392775
2023-07-02,CH,Switzerland,EURO,181,4406995,0,14039,4392956
2023-07-09,CH,Switzerland,EURO,118,4407113,1,14040,4393073
2023-07-16,CH,Switzerland,EURO,134,4407247,0,14040,4393207
2023-07-23,CH,Switzerland,EURO,150,4407397,1,14041,4393356
2023-07-30,CH,Switzerland,EURO,175,4407572,1,14042,4393530
2023-08-06,CH,Switzerland,EURO,213,4407785,2,14044,4393741
2023-08-13,CH,Switzerland,EURO,261,4408046,3,14047,4393999
2023-08-20,CH,Switzerland,EURO,446,4408492,0,14047,4394445
2023-08-27,CH,Switzerland,EURO,625,4409117,2,14049,4395068
2023-09-03,CH,Switzerland,EURO,660,4409777,3,14052,4395725
2023-09-10,CH,Switzerland,EURO,724,4410501,1,14053,4396448
2023-09-17,CH,Switzerland,EURO,1133,4411634,4,14057,4397577
2023-09-24,CH,Switzerland,EURO,942,4412576,2,14059,4398517
2023-10-01,CH,Switzerland,EURO,888,4413464,4,14063,4399401
2023-10-08,CH,Switzerland,EURO,1007,4414471,4,14067,4400404
2023-10-15,CH,Switzerland,EURO,1214,4415685,5,14072,4401613
2023-10-22,CH,Switzerland,EURO,1457,4417142,6,14078,4403064
2023-10-29,CH,Switzerland,EURO,1612,4418754,4,14082,4404672
2023-11-05,CH,Switzerland,EURO,2183,4420937,3,14085,4406852
2023-11-12,CH,Switzerland,EURO,2904,4423841,7,14092,4409749
2023-11-19,CH,Switzerland,EURO,3552,4427393,15,14107,4413286
2023-11-26,CH,Switzerland,EURO,3469,4430862,14,14121,4416741
2023-12-03,CH,Switzerland,EURO,3657,4434519,14,14135,4420384
2023-12-10,CH,Switzerland,EURO,3715,4438234,14,14149,4424085
2023-12-17,CH,Switzerland,EURO,3628,4441862,12,14161,4427701
2023-12-24,CH,Switzerland,EURO,3016,4444878,8,14169,4430709
2023-12-31,CH,Switzerland,EURO,2063,4446941,1,14170,4432771
2024-01-07,CH,Switzerland,EURO,1500,4448441,0,14170,4434271
2024-01-14,CH,Switzerland,EURO,1106,4449547,0,14170,4435377
2024-01-21,CH,Switzerland,EURO,816,4450363,0,14170,4436193
2024-01-28,CH,Switzerland,EURO,607,4450970,0,14170,4436800
2024-02-04,CH,Switzerland,EURO,483,4451453,0,14170,4437283
2024-02-11,CH,Switzerland,EURO,403,4451856,0,14170,4437686
2024-02-18,CH,Switzerland,EURO,303,4452159,0,14170,4437989
2024-02-25,CH,Switzerland,EURO,240,4452399,0,14170,4438229
2024-03-03,CH,Switzerland,EURO,223,4452622,0,14170,4438452
2024-03-10,CH,Switzerland,EURO,151,4452773,0,14170,4438603
2024-03-17,CH,Switzerland,EURO,160,4452933,0,14170,4438763
2024-03-24,CH,Switzerland,EURO,136,4453069,0,14170,4438899
2024-03-31,CH,Switzerland,EURO,125,4453194,0,14170,4439024
2024-04-07,CH,Switzerland,EURO,102,4453296,0,14170,4439126
2024-04-14,CH,Switzerland,EURO,91,4453387,0,14170,4439217
2024-04-21,CH,Switzerland,EURO,81,4453468,0,14170,4439298
2024-04-28,CH,Switzerland,EURO,93,4453561,0,14170,4439391
2024-05-05,CH,Switzerland,EURO,109,4453670,0,14170,4439500
2024-05-12,CH,Switzerland,EURO,128,4453798,0,14170,4439628
2024-05-19,CH,Switzerland,EURO,161,4453959,0,14170,4439789
2024-05-26,CH,Switzerland,EURO,151,4454110,0,14170,4439940
2024-06-02,CH,Switzerland,EURO,177,4454287,0,14170,4440117
2024-06-09,CH,Switzerland,EURO,221,4454508,0,14170,4440338
2024-06-16,CH,Switzerland,EURO,250,4454758,0,14170,4440588
2024-06-23,CH,Switzerland,EURO,347,4455105,0,14170,4440935
2024-06-30,CH,Switzerland,EURO,348,4455453,0,14170,4441283
2024-07-07,CH,Switzerland,EURO,404,4455857,0,14170,4441687
2024-07-14,CH,Switzerland,EURO,502,4456359,0,14170,4442189
2024-07-21,CH,Switzerland,EURO,551,4456910,0,14170,4442740
2024-07-28,CH,Switzerland,EURO,540,4457450,0,14170,4443280
2024-08-04,CH,Switzerland,EURO,430,4457880,0,14170,4443710
2024-08-11,CH,Switzerland,EURO,471,4458351,0,14170,4444181
2024-08-18,CH,Switzerland,EURO,521,4458872,0,14170,4444702
2024-08-25,CH,Switzerland,EURO,568,4459440,0,14170,4445270
2024-09-01,CH,Switzerland,EURO,688,4460128,0,14170,4445958
2024-09-08,CH,Switzerland,EURO,631,4460759,0,14170,4446589
2024-09-15,CH,Switzerland,EURO,565,4461324,0,14170,4447154
2024-09-22,CH,Switzerland,EURO,811,4462135,0,14170,4447965
2024-09-29,CH,Switzerland,EURO,1060,4463195,0,14170,4449025
2024-10-06,CH,Switzerland,EURO,1109,4464304,0,14170,4450134
2024-10-13,CH,Switzerland,EURO,1349,4465653,0,14170,4451483
2024-10-20,CH,Switzerland,EURO,1280,4466933,0,14170,4452763
2024-10-27,CH,Switzerland,EURO,1128,4468061,0,14170,4453891
2024-11-03,CH,Switzerland,EURO,982,4469043,0,14170,4454873
2024-11-10,CH,Switzerland,EURO,925,4469968,0,14170,4455798
2024-11-17,CH,Switzerland,EURO,887,4470855,0,14170,4456685
2020-01-05,SY,Syrian Arab Republic,EMRO,0,0,0,0,0
2020-01-12,SY,Syrian Arab Republic,EMRO,0,0,0,0,0
2020-01-19,SY,Syrian Arab Republic,EMRO,0,0,0,0,0
2020-01-26,SY,Syrian Arab Republic,EMRO,0,0,0,0,0
2020-02-02,SY,Syrian Arab Republic,EMRO,0,0,0,0,0
2020-02-09,SY,Syrian Arab Republic,EMRO,0,0,0,0,0
2020-02-16,SY,Syrian Arab Republic,EMRO,0,0,0,0,0
2020-02-23,SY,Syrian Arab Republic,EMRO,0,0,0,0,0
2020-03-01,SY,Syrian Arab Republic,EMRO,0,0,0,0,0
2020-03-08,SY,Syrian Arab Republic,EMRO,0,0,0,0,0
2020-03-15,SY,Syrian Arab Republic,EMRO,0,0,0,0,0
2020-03-22,SY,Syrian Arab Republic,EMRO,0,0,0,0,0
2020-03-29,SY,Syrian Arab Republic,EMRO,5,5,0,0,5
2020-04-05,SY,Syrian Arab Republic,EMRO,11,16,2,2,14
2020-04-12,SY,Syrian Arab Republic,EMRO,9,25,0,2,23
2020-04-19,SY,Syrian Arab Republic,EMRO,13,38,0,2,36
2020-04-26,SY,Syrian Arab Republic,EMRO,4,42,1,3,39
2020-05-03,SY,Syrian Arab Republic,EMRO,2,44,0,3,41
2020-05-10,SY,Syrian Arab Republic,EMRO,3,47,0,3,44
2020-05-17,SY,Syrian Arab Republic,EMRO,4,51,0,3,48
2020-05-24,SY,Syrian Arab Republic,EMRO,19,70,1,4,66
2020-05-31,SY,Syrian Arab Republic,EMRO,52,122,0,4,118
2020-06-07,SY,Syrian Arab Republic,EMRO,3,125,2,6,119
2020-06-14,SY,Syrian Arab Republic,EMRO,45,170,0,6,164
2020-06-21,SY,Syrian Arab Republic,EMRO,28,198,1,7,191
2020-06-28,SY,Syrian Arab Republic,EMRO,58,256,2,9,247
2020-07-05,SY,Syrian Arab Republic,EMRO,82,338,1,10,328
2020-07-12,SY,Syrian Arab Republic,EMRO,56,394,6,16,378
2020-07-19,SY,Syrian Arab Republic,EMRO,102,496,9,25,471
2020-07-26,SY,Syrian Arab Republic,EMRO,131,627,11,36,591
2020-08-02,SY,Syrian Arab Republic,EMRO,153,780,7,43,737
2020-08-09,SY,Syrian Arab Republic,EMRO,345,1125,7,50,1075
2020-08-16,SY,Syrian Arab Republic,EMRO,468,1593,10,60,1533
2020-08-23,SY,Syrian Arab Republic,EMRO,550,2143,25,85,2058
2020-08-30,SY,Syrian Arab Republic,EMRO,485,2628,21,106,2522
2020-09-06,SY,Syrian Arab Republic,EMRO,476,3104,24,130,2974
2020-09-13,SY,Syrian Arab Republic,EMRO,402,3506,22,152,3354
2020-09-20,SY,Syrian Arab Republic,EMRO,259,3765,18,170,3595
2020-09-27,SY,Syrian Arab Republic,EMRO,273,4038,18,188,3850
2020-10-04,SY,Syrian Arab Republic,EMRO,291,4329,16,204,4125
2020-10-11,SY,Syrian Arab Republic,EMRO,344,4673,17,221,4452
2020-10-18,SY,Syrian Arab Republic,EMRO,360,5033,24,245,4788
2020-10-25,SY,Syrian Arab Republic,EMRO,326,5359,22,267,5092
2020-11-01,SY,Syrian Arab Republic,EMRO,369,5728,21,288,5440
2020-11-08,SY,Syrian Arab Republic,EMRO,419,6147,25,313,5834
2020-11-15,SY,Syrian Arab Republic,EMRO,466,6613,28,341,6272
2020-11-22,SY,Syrian Arab Republic,EMRO,541,7154,31,372,6782
2020-11-29,SY,Syrian Arab Republic,EMRO,561,7715,37,409,7306
2020-12-06,SY,Syrian Arab Republic,EMRO,605,8320,33,442,7878
2020-12-13,SY,Syrian Arab Republic,EMRO,721,9041,64,506,8535
2020-12-20,SY,Syrian Arab Republic,EMRO,1009,10050,95,601,9449
2020-12-27,SY,Syrian Arab Republic,EMRO,882,10932,68,669,10263
2021-01-03,SY,Syrian Arab Republic,EMRO,684,11616,54,723,10893
2021-01-10,SY,Syrian Arab Republic,EMRO,658,12274,45,768,11506
2021-01-17,SY,Syrian Arab Republic,EMRO,668,12942,56,824,12118
2021-01-24,SY,Syrian Arab Republic,EMRO,615,13557,55,879,12678
2021-01-31,SY,Syrian Arab Republic,EMRO,441,13998,37,916,13082
2021-02-07,SY,Syrian Arab Republic,EMRO,410,14408,31,947,13461
2021-02-14,SY,Syrian Arab Republic,EMRO,412,14820,28,975,13845
2021-02-21,SY,Syrian Arab Republic,EMRO,323,15143,21,996,14147
2021-02-28,SY,Syrian Arab Republic,EMRO,390,15533,27,1023,14510
2021-03-07,SY,Syrian Arab Republic,EMRO,392,15925,35,1058,14867
2021-03-14,SY,Syrian Arab Republic,EMRO,476,16401,36,1094,15307
2021-03-21,SY,Syrian Arab Republic,EMRO,839,17240,59,1153,16087
2021-03-28,SY,Syrian Arab Republic,EMRO,1116,18356,74,1227,17129
2021-04-04,SY,Syrian Arab Republic,EMRO,928,19284,72,1299,17985
2021-04-11,SY,Syrian Arab Republic,EMRO,834,20118,69,1368,18750
2021-04-18,SY,Syrian Arab Republic,EMRO,886,21004,69,1437,19567
2021-04-25,SY,Syrian Arab Republic,EMRO,995,21999,89,1526,20473
2021-05-02,SY,Syrian Arab Republic,EMRO,819,22818,72,1598,21220
2021-05-09,SY,Syrian Arab Republic,EMRO,501,23319,50,1648,21671
2021-05-16,SY,Syrian Arab Republic,EMRO,374,23693,45,1693,22000
2021-05-23,SY,Syrian Arab Republic,EMRO,359,24052,36,1729,22323
2021-05-30,SY,Syrian Arab Republic,EMRO,388,24440,34,1763,22677
2021-06-06,SY,Syrian Arab Republic,EMRO,199,24639,27,1790,22849
2021-06-13,SY,Syrian Arab Republic,EMRO,150,24789,18,1808,22981
2021-06-20,SY,Syrian Arab Republic,EMRO,287,25076,33,1841,23235
2021-06-27,SY,Syrian Arab Republic,EMRO,289,25365,23,1864,23501
2021-07-04,SY,Syrian Arab Republic,EMRO,254,25619,21,1885,23734
2021-07-11,SY,Syrian Arab Republic,EMRO,157,25776,12,1897,23879
2021-07-18,SY,Syrian Arab Republic,EMRO,51,25827,7,1904,23923
2021-07-25,SY,Syrian Arab Republic,EMRO,38,25865,1,1905,23960
2021-08-01,SY,Syrian Arab Republic,EMRO,98,25963,9,1914,24049
2021-08-08,SY,Syrian Arab Republic,EMRO,118,26081,5,1919,24162
2021-08-15,SY,Syrian Arab Republic,EMRO,211,26292,16,1935,24357
2021-08-22,SY,Syrian Arab Republic,EMRO,507,26799,29,1964,24835
2021-08-29,SY,Syrian Arab Republic,EMRO,740,27539,34,1998,25541
2021-09-05,SY,Syrian Arab Republic,EMRO,884,28423,35,2033,26390
2021-09-12,SY,Syrian Arab Republic,EMRO,935,29358,38,2071,27287
2021-09-19,SY,Syrian Arab Republic,EMRO,1161,30519,49,2120,28399
2021-09-26,SY,Syrian Arab Republic,EMRO,2061,32580,78,2198,30382
2021-10-03,SY,Syrian Arab Republic,EMRO,2116,34696,67,2265,32431
2021-10-10,SY,Syrian Arab Republic,EMRO,2017,36713,67,2332,34381
2021-10-17,SY,Syrian Arab Republic,EMRO,1992,38705,59,2391,36314
2021-10-24,SY,Syrian Arab Republic,EMRO,2517,41222,101,2492,38730
2021-10-31,SY,Syrian Arab Republic,EMRO,1924,43146,68,2560,40586
2021-11-07,SY,Syrian Arab Republic,EMRO,1753,44899,53,2613,42286
2021-11-14,SY,Syrian Arab Republic,EMRO,1231,46130,48,2661,43469
2021-11-21,SY,Syrian Arab Republic,EMRO,961,47091,38,2699,44392
2021-11-28,SY,Syrian Arab Republic,EMRO,772,47863,34,2733,45130
2021-12-05,SY,Syrian Arab Republic,EMRO,675,48538,39,2772,45766
2021-12-12,SY,Syrian Arab Republic,EMRO,651,49189,37,2809,46380
2021-12-19,SY,Syrian Arab Republic,EMRO,504,49693,32,2841,46852
2021-12-26,SY,Syrian Arab Republic,EMRO,358,50051,30,2871,47180
2022-01-02,SY,Syrian Arab Republic,EMRO,259,50310,30,2901,47409
2022-01-09,SY,Syrian Arab Republic,EMRO,172,50482,23,2924,47558
2022-01-16,SY,Syrian Arab Republic,EMRO,192,50674,20,2944,47730
2022-01-23,SY,Syrian Arab Republic,EMRO,269,50943,21,2965,47978
2022-01-30,SY,Syrian Arab Republic,EMRO,341,51284,19,2984,48300
2022-02-06,SY,Syrian Arab Republic,EMRO,542,51826,20,3004,48822
2022-02-13,SY,Syrian Arab Republic,EMRO,800,52626,22,3026,49600
2022-02-20,SY,Syrian Arab Republic,EMRO,901,53527,21,3047,50480
2022-02-27,SY,Syrian Arab Republic,EMRO,853,54380,21,3068,51312
2022-03-06,SY,Syrian Arab Republic,EMRO,583,54963,24,3092,51871
2022-03-13,SY,Syrian Arab Republic,EMRO,366,55329,22,3114,52215
2022-03-20,SY,Syrian Arab Republic,EMRO,209,55538,11,3125,52413
2022-03-27,SY,Syrian Arab Republic,EMRO,112,55650,8,3133,52517
2022-04-03,SY,Syrian Arab Republic,EMRO,56,55706,11,3144,52562
2022-04-10,SY,Syrian Arab Republic,EMRO,33,55739,2,3146,52593
2022-04-17,SY,Syrian Arab Republic,EMRO,30,55769,3,3149,52620
2022-04-24,SY,Syrian Arab Republic,EMRO,26,55795,1,3150,52645
2022-05-01,SY,Syrian Arab Republic,EMRO,21,55816,0,3150,52666
2022-05-08,SY,Syrian Arab Republic,EMRO,31,55847,0,3150,52697
2022-05-15,SY,Syrian Arab Republic,EMRO,22,55869,0,3150,52719
2022-05-22,SY,Syrian Arab Republic,EMRO,9,55878,0,3150,52728
2022-05-29,SY,Syrian Arab Republic,EMRO,12,55890,0,3150,52740
2022-06-05,SY,Syrian Arab Republic,EMRO,7,55897,0,3150,52747
2022-06-12,SY,Syrian Arab Republic,EMRO,8,55905,0,3150,52755
2022-06-19,SY,Syrian Arab Republic,EMRO,9,55914,0,3150,52764
2022-06-26,SY,Syrian Arab Republic,EMRO,7,55921,0,3150,52771
2022-07-03,SY,Syrian Arab Republic,EMRO,9,55930,0,3150,52780
2022-07-10,SY,Syrian Arab Republic,EMRO,22,55952,0,3150,52802
2022-07-17,SY,Syrian Arab Republic,EMRO,27,55979,0,3150,52829
2022-07-24,SY,Syrian Arab Republic,EMRO,106,56085,0,3150,52935
2022-07-31,SY,Syrian Arab Republic,EMRO,194,56279,0,3150,53129
2022-08-07,SY,Syrian Arab Republic,EMRO,195,56474,3,3153,53321
2022-08-14,SY,Syrian Arab Republic,EMRO,226,56700,4,3157,53543
2022-08-21,SY,Syrian Arab Republic,EMRO,138,56838,3,3160,53678
2022-08-28,SY,Syrian Arab Republic,EMRO,135,56973,3,3163,53810
2022-09-04,SY,Syrian Arab Republic,EMRO,99,57072,0,3163,53909
2022-09-11,SY,Syrian Arab Republic,EMRO,80,57152,0,3163,53989
2022-09-18,SY,Syrian Arab Republic,EMRO,64,57216,0,3163,54053
2022-09-25,SY,Syrian Arab Republic,EMRO,51,57267,0,3163,54104
2022-10-02,SY,Syrian Arab Republic,EMRO,40,57307,0,3163,54144
2022-10-09,SY,Syrian Arab Republic,EMRO,15,57322,0,3163,54159
2022-10-16,SY,Syrian Arab Republic,EMRO,11,57333,0,3163,54170
2022-10-23,SY,Syrian Arab Republic,EMRO,14,57347,0,3163,54184
2022-10-30,SY,Syrian Arab Republic,EMRO,11,57358,0,3163,54195
2022-11-06,SY,Syrian Arab Republic,EMRO,10,57368,0,3163,54205
2022-11-13,SY,Syrian Arab Republic,EMRO,11,57379,0,3163,54216
2022-11-20,SY,Syrian Arab Republic,EMRO,8,57387,0,3163,54224
2022-11-27,SY,Syrian Arab Republic,EMRO,7,57394,0,3163,54231
2022-12-04,SY,Syrian Arab Republic,EMRO,11,57405,0,3163,54242
2022-12-11,SY,Syrian Arab Republic,EMRO,8,57413,0,3163,54250
2022-12-18,SY,Syrian Arab Republic,EMRO,10,57423,0,3163,54260
2022-12-25,SY,Syrian Arab Republic,EMRO,0,57423,0,3163,54260
2023-01-01,SY,Syrian Arab Republic,EMRO,0,57423,0,3163,54260
2023-01-08,SY,Syrian Arab Republic,EMRO,0,57423,0,3163,54260
2023-01-15,SY,Syrian Arab Republic,EMRO,0,57423,0,3163,54260
2023-01-22,SY,Syrian Arab Republic,EMRO,0,57423,0,3163,54260
2023-01-29,SY,Syrian Arab Republic,EMRO,0,57423,0,3163,54260
2023-02-05,SY,Syrian Arab Republic,EMRO,0,57423,0,3163,54260
2023-02-12,SY,Syrian Arab Republic,EMRO,0,57423,0,3163,54260
2023-02-19,SY,Syrian Arab Republic,EMRO,0,57423,0,3163,54260
2023-02-26,SY,Syrian Arab Republic,EMRO,0,57423,0,3163,54260
2023-03-05,SY,Syrian Arab Republic,EMRO,0,57423,0,3163,54260
2023-03-12,SY,Syrian Arab Republic,EMRO,0,57423,0,3163,54260
2023-03-19,SY,Syrian Arab Republic,EMRO,0,57423,0,3163,54260
2023-03-26,SY,Syrian Arab Republic,EMRO,0,57423,0,3163,54260
2023-04-02,SY,Syrian Arab Republic,EMRO,0,57423,0,3163,54260
2023-04-09,SY,Syrian Arab Republic,EMRO,0,57423,0,3163,54260
2023-04-16,SY,Syrian Arab Republic,EMRO,0,57423,0,3163,54260
2023-04-23,SY,Syrian Arab Republic,EMRO,0,57423,0,3163,54260
2023-04-30,SY,Syrian Arab Republic,EMRO,0,57423,0,3163,54260
2023-05-07,SY,Syrian Arab Republic,EMRO,0,57423,0,3163,54260
2023-05-14,SY,Syrian Arab Republic,EMRO,0,57423,0,3163,54260
2023-05-21,SY,Syrian Arab Republic,EMRO,0,57423,0,3163,54260
2023-05-28,SY,Syrian Arab Republic,EMRO,0,57423,0,3163,54260
2023-06-04,SY,Syrian Arab Republic,EMRO,0,57423,0,3163,54260
2023-06-11,SY,Syrian Arab Republic,EMRO,0,57423,0,3163,54260
2023-06-18,SY,Syrian Arab Republic,EMRO,0,57423,0,3163,54260
2023-06-25,SY,Syrian Arab Republic,EMRO,0,57423,0,3163,54260
2023-07-02,SY,Syrian Arab Republic,EMRO,0,57423,0,3163,54260
2023-07-09,SY,Syrian Arab Republic,EMRO,0,57423,0,3163,54260
2023-07-16,SY,Syrian Arab Republic,EMRO,0,57423,0,3163,54260
2023-07-23,SY,Syrian Arab Republic,EMRO,0,57423,0,3163,54260
2023-07-30,SY,Syrian Arab Republic,EMRO,0,57423,0,3163,54260
2023-08-06,SY,Syrian Arab Republic,EMRO,0,57423,0,3163,54260
2023-08-13,SY,Syrian Arab Republic,EMRO,0,57423,0,3163,54260
2023-08-20,SY,Syrian Arab Republic,EMRO,0,57423,0,3163,54260
2023-08-27,SY,Syrian Arab Republic,EMRO,0,57423,0,3163,54260
2023-09-03,SY,Syrian Arab Republic,EMRO,0,57423,0,3163,54260
2023-09-10,SY,Syrian Arab Republic,EMRO,0,57423,0,3163,54260
2023-09-17,SY,Syrian Arab Republic,EMRO,0,57423,0,3163,54260
2023-09-24,SY,Syrian Arab Republic,EMRO,0,57423,0,3163,54260
2023-10-01,SY,Syrian Arab Republic,EMRO,0,57423,0,3163,54260
2023-10-08,SY,Syrian Arab Republic,EMRO,0,57423,0,3163,54260
2023-10-15,SY,Syrian Arab Republic,EMRO,0,57423,0,3163,54260
2023-10-22,SY,Syrian Arab Republic,EMRO,0,57423,0,3163,54260
2023-10-29,SY,Syrian Arab Republic,EMRO,0,57423,0,3163,54260
2023-11-05,SY,Syrian Arab Republic,EMRO,0,57423,0,3163,54260
2023-11-12,SY,Syrian Arab Republic,EMRO,0,57423,0,3163,54260
2023-11-19,SY,Syrian Arab Republic,EMRO,0,57423,0,3163,54260
2023-11-26,SY,Syrian Arab Republic,EMRO,0,57423,0,3163,54260
2023-12-03,SY,Syrian Arab Republic,EMRO,0,57423,0,3163,54260
2023-12-10,SY,Syrian Arab Republic,EMRO,0,57423,0,3163,54260
2023-12-17,SY,Syrian Arab Republic,EMRO,0,57423,0,3163,54260
2023-12-24,SY,Syrian Arab Republic,EMRO,0,57423,0,3163,54260
2023-12-31,SY,Syrian Arab Republic,EMRO,0,57423,0,3163,54260
2024-01-07,SY,Syrian Arab Republic,EMRO,0,57423,0,3163,54260
2024-01-14,SY,Syrian Arab Republic,EMRO,0,57423,0,3163,54260
2024-01-21,SY,Syrian Arab Republic,EMRO,0,57423,0,3163,54260
2024-01-28,SY,Syrian Arab Republic,EMRO,0,57423,0,3163,54260
2024-02-04,SY,Syrian Arab Republic,EMRO,0,57423,0,3163,54260
2024-02-11,SY,Syrian Arab Republic,EMRO,0,57423,0,3163,54260
2024-02-18,SY,Syrian Arab Republic,EMRO,0,57423,0,3163,54260
2024-02-25,SY,Syrian Arab Republic,EMRO,0,57423,0,3163,54260
2024-03-03,SY,Syrian Arab Republic,EMRO,0,57423,0,3163,54260
2024-03-10,SY,Syrian Arab Republic,EMRO,0,57423,0,3163,54260
2024-03-17,SY,Syrian Arab Republic,EMRO,0,57423,0,3163,54260
2024-03-24,SY,Syrian Arab Republic,EMRO,0,57423,0,3163,54260
2024-03-31,SY,Syrian Arab Republic,EMRO,0,57423,0,3163,54260
2024-04-07,SY,Syrian Arab Republic,EMRO,0,57423,0,3163,54260
2024-04-14,SY,Syrian Arab Republic,EMRO,0,57423,0,3163,54260
2024-04-21,SY,Syrian Arab Republic,EMRO,0,57423,0,3163,54260
2024-04-28,SY,Syrian Arab Republic,EMRO,0,57423,0,3163,54260
2024-05-05,SY,Syrian Arab Republic,EMRO,0,57423,0,3163,54260
2024-05-12,SY,Syrian Arab Republic,EMRO,0,57423,0,3163,54260
2024-05-19,SY,Syrian Arab Republic,EMRO,0,57423,0,3163,54260
2024-05-26,SY,Syrian Arab Republic,EMRO,0,57423,0,3163,54260
2024-06-02,SY,Syrian Arab Republic,EMRO,0,57423,0,3163,54260
2024-06-09,SY,Syrian Arab Republic,EMRO,0,57423,0,3163,54260
2024-06-16,SY,Syrian Arab Republic,EMRO,0,57423,0,3163,54260
2024-06-23,SY,Syrian Arab Republic,EMRO,0,57423,0,3163,54260
2024-06-30,SY,Syrian Arab Republic,EMRO,0,57423,0,3163,54260
2024-07-07,SY,Syrian Arab Republic,EMRO,0,57423,0,3163,54260
2024-07-14,SY,Syrian Arab Republic,EMRO,0,57423,0,3163,54260
2024-07-21,SY,Syrian Arab Republic,EMRO,0,57423,0,3163,54260
2024-07-28,SY,Syrian Arab Republic,EMRO,0,57423,0,3163,54260
2024-08-04,SY,Syrian Arab Republic,EMRO,0,57423,0,3163,54260
2024-08-11,SY,Syrian Arab Republic,EMRO,0,57423,0,3163,54260
2024-08-18,SY,Syrian Arab Republic,EMRO,0,57423,0,3163,54260
2024-08-25,SY,Syrian Arab Republic,EMRO,0,57423,0,3163,54260
2024-09-01,SY,Syrian Arab Republic,EMRO,0,57423,0,3163,54260
2024-09-08,SY,Syrian Arab Republic,EMRO,0,57423,0,3163,54260
2024-09-15,SY,Syrian Arab Republic,EMRO,0,57423,0,3163,54260
2024-09-22,SY,Syrian Arab Republic,EMRO,0,57423,0,3163,54260
2024-09-29,SY,Syrian Arab Republic,EMRO,0,57423,0,3163,54260
2024-10-06,SY,Syrian Arab Republic,EMRO,0,57423,0,3163,54260
2024-10-13,SY,Syrian Arab Republic,EMRO,0,57423,0,3163,54260
2024-10-20,SY,Syrian Arab Republic,EMRO,0,57423,0,3163,54260
2024-10-27,SY,Syrian Arab Republic,EMRO,0,57423,0,3163,54260
2024-11-03,SY,Syrian Arab Republic,EMRO,0,57423,0,3163,54260
2024-11-10,SY,Syrian Arab Republic,EMRO,0,57423,0,3163,54260
2024-11-17,SY,Syrian Arab Republic,EMRO,0,57423,0,3163,54260
2020-01-05,TJ,Tajikistan,EURO,0,0,0,0,0
2020-01-12,TJ,Tajikistan,EURO,0,0,0,0,0
2020-01-19,TJ,Tajikistan,EURO,0,0,0,0,0
2020-01-26,TJ,Tajikistan,EURO,0,0,0,0,0
2020-02-02,TJ,Tajikistan,EURO,0,0,0,0,0
2020-02-09,TJ,Tajikistan,EURO,0,0,0,0,0
2020-02-16,TJ,Tajikistan,EURO,0,0,0,0,0
2020-02-23,TJ,Tajikistan,EURO,0,0,0,0,0
2020-03-01,TJ,Tajikistan,EURO,0,0,0,0,0
2020-03-08,TJ,Tajikistan,EURO,0,0,0,0,0
2020-03-15,TJ,Tajikistan,EURO,0,0,0,0,0
2020-03-22,TJ,Tajikistan,EURO,0,0,0,0,0
2020-03-29,TJ,Tajikistan,EURO,0,0,0,0,0
2020-04-05,TJ,Tajikistan,EURO,0,0,0,0,0
2020-04-12,TJ,Tajikistan,EURO,0,0,0,0,0
2020-04-19,TJ,Tajikistan,EURO,0,0,0,0,0
2020-04-26,TJ,Tajikistan,EURO,0,0,0,0,0
2020-05-03,TJ,Tajikistan,EURO,76,76,2,2,74
2020-05-10,TJ,Tajikistan,EURO,485,561,17,19,542
2020-05-17,TJ,Tajikistan,EURO,761,1322,20,39,1283
2020-05-24,TJ,Tajikistan,EURO,1416,2738,5,44,2694
2020-05-31,TJ,Tajikistan,EURO,1069,3807,3,47,3760
2020-06-07,TJ,Tajikistan,EURO,646,4453,1,48,4405
2020-06-14,TJ,Tajikistan,EURO,518,4971,2,50,4921
2020-06-21,TJ,Tajikistan,EURO,428,5399,2,52,5347
2020-06-28,TJ,Tajikistan,EURO,400,5799,0,52,5747
2020-07-05,TJ,Tajikistan,EURO,360,6159,0,52,6107
2020-07-12,TJ,Tajikistan,EURO,346,6505,3,55,6450
2020-07-19,TJ,Tajikistan,EURO,329,6834,2,57,6777
2020-07-26,TJ,Tajikistan,EURO,316,7150,2,59,7091
2020-08-02,TJ,Tajikistan,EURO,301,7451,1,60,7391
2020-08-09,TJ,Tajikistan,EURO,294,7745,2,62,7683
2020-08-16,TJ,Tajikistan,EURO,284,8029,2,64,7965
2020-08-23,TJ,Tajikistan,EURO,248,8277,2,66,8211
2020-08-30,TJ,Tajikistan,EURO,239,8516,2,68,8448
2020-09-06,TJ,Tajikistan,EURO,241,8757,2,70,8687
2020-09-13,TJ,Tajikistan,EURO,257,9014,2,72,8942
2020-09-20,TJ,Tajikistan,EURO,289,9303,1,73,9230
2020-09-27,TJ,Tajikistan,EURO,302,9605,2,75,9530
2020-10-04,TJ,Tajikistan,EURO,290,9895,2,77,9818
2020-10-11,TJ,Tajikistan,EURO,285,10180,2,79,10101
2020-10-18,TJ,Tajikistan,EURO,275,10455,1,80,10375
2020-10-25,TJ,Tajikistan,EURO,281,10736,1,81,10655
2020-11-01,TJ,Tajikistan,EURO,281,11017,1,82,10935
2020-11-08,TJ,Tajikistan,EURO,277,11294,1,83,11211
2020-11-15,TJ,Tajikistan,EURO,279,11573,2,85,11488
2020-11-22,TJ,Tajikistan,EURO,281,11854,1,86,11768
2020-11-29,TJ,Tajikistan,EURO,264,12118,0,86,12032
2020-12-06,TJ,Tajikistan,EURO,271,12389,1,87,12302
2020-12-13,TJ,Tajikistan,EURO,468,12857,0,87,12770
2020-12-20,TJ,Tajikistan,EURO,382,13239,2,89,13150
2020-12-27,TJ,Tajikistan,EURO,316,13555,1,90,13465
2021-01-03,TJ,Tajikistan,EURO,119,13674,1,91,13583
2021-01-10,TJ,Tajikistan,EURO,33,13707,0,91,13616
2021-01-17,TJ,Tajikistan,EURO,7,13714,0,91,13623
2021-01-24,TJ,Tajikistan,EURO,0,13714,0,91,13623
2021-01-31,TJ,Tajikistan,EURO,0,13714,0,91,13623
2021-02-07,TJ,Tajikistan,EURO,0,13714,0,91,13623
2021-02-14,TJ,Tajikistan,EURO,0,13714,0,91,13623
2021-02-21,TJ,Tajikistan,EURO,0,13714,0,91,13623
2021-02-28,TJ,Tajikistan,EURO,0,13714,0,91,13623
2021-03-07,TJ,Tajikistan,EURO,0,13714,0,91,13623
2021-03-14,TJ,Tajikistan,EURO,0,13714,0,91,13623
2021-03-21,TJ,Tajikistan,EURO,0,13714,0,91,13623
2021-03-28,TJ,Tajikistan,EURO,0,13714,0,91,13623
2021-04-04,TJ,Tajikistan,EURO,0,13714,0,91,13623
2021-04-11,TJ,Tajikistan,EURO,0,13714,0,91,13623
2021-04-18,TJ,Tajikistan,EURO,0,13714,0,91,13623
2021-04-25,TJ,Tajikistan,EURO,0,13714,0,91,13623
2021-05-02,TJ,Tajikistan,EURO,0,13714,0,91,13623
2021-05-09,TJ,Tajikistan,EURO,0,13714,0,91,13623
2021-05-16,TJ,Tajikistan,EURO,0,13714,0,91,13623
2021-05-23,TJ,Tajikistan,EURO,0,13714,0,91,13623
2021-05-30,TJ,Tajikistan,EURO,0,13714,0,91,13623
2021-06-06,TJ,Tajikistan,EURO,0,13714,0,91,13623
2021-06-13,TJ,Tajikistan,EURO,0,13714,0,91,13623
2021-06-20,TJ,Tajikistan,EURO,0,13714,0,91,13623
2021-06-27,TJ,Tajikistan,EURO,131,13845,0,91,13754
2021-07-04,TJ,Tajikistan,EURO,158,14003,3,94,13909
2021-07-11,TJ,Tajikistan,EURO,237,14240,10,104,14136
2021-07-18,TJ,Tajikistan,EURO,287,14527,8,112,14415
2021-07-25,TJ,Tajikistan,EURO,477,15004,6,118,14886
2021-08-01,TJ,Tajikistan,EURO,546,15550,4,122,15428
2021-08-08,TJ,Tajikistan,EURO,501,16051,1,123,15928
2021-08-15,TJ,Tajikistan,EURO,470,16521,2,125,16396
2021-08-22,TJ,Tajikistan,EURO,347,16868,0,125,16743
2021-08-29,TJ,Tajikistan,EURO,310,17178,0,125,17053
2021-09-05,TJ,Tajikistan,EURO,135,17313,0,125,17188
2021-09-12,TJ,Tajikistan,EURO,129,17442,0,125,17317
2021-09-19,TJ,Tajikistan,EURO,42,17484,0,125,17359
2021-09-26,TJ,Tajikistan,EURO,0,17484,0,125,17359
2021-10-03,TJ,Tajikistan,EURO,0,17484,0,125,17359
2021-10-10,TJ,Tajikistan,EURO,0,17484,0,125,17359
2021-10-17,TJ,Tajikistan,EURO,0,17484,0,125,17359
2021-10-24,TJ,Tajikistan,EURO,2,17486,0,125,17361
2021-10-31,TJ,Tajikistan,EURO,0,17486,0,125,17361
2021-11-07,TJ,Tajikistan,EURO,0,17486,0,125,17361
2021-11-14,TJ,Tajikistan,EURO,2,17488,0,125,17363
2021-11-21,TJ,Tajikistan,EURO,1,17489,0,125,17364
2021-11-28,TJ,Tajikistan,EURO,4,17493,0,125,17368
2021-12-05,TJ,Tajikistan,EURO,0,17493,0,125,17368
2021-12-12,TJ,Tajikistan,EURO,0,17493,0,125,17368
2021-12-19,TJ,Tajikistan,EURO,0,17493,0,125,17368
2021-12-26,TJ,Tajikistan,EURO,0,17493,0,125,17368
2022-01-02,TJ,Tajikistan,EURO,0,17493,0,125,17368
2022-01-09,TJ,Tajikistan,EURO,0,17493,0,125,17368
2022-01-16,TJ,Tajikistan,EURO,0,17493,0,125,17368
2022-01-23,TJ,Tajikistan,EURO,59,17552,0,125,17427
2022-01-30,TJ,Tajikistan,EURO,143,17695,0,125,17570
2022-02-06,TJ,Tajikistan,EURO,47,17742,0,125,17617
2022-02-13,TJ,Tajikistan,EURO,31,17773,0,125,17648
2022-02-20,TJ,Tajikistan,EURO,13,17786,0,125,17661
2022-02-27,TJ,Tajikistan,EURO,0,17786,0,125,17661
2022-03-06,TJ,Tajikistan,EURO,0,17786,0,125,17661
2022-03-13,TJ,Tajikistan,EURO,0,17786,0,125,17661
2022-03-20,TJ,Tajikistan,EURO,0,17786,0,125,17661
2022-03-27,TJ,Tajikistan,EURO,0,17786,0,125,17661
2022-04-03,TJ,Tajikistan,EURO,0,17786,0,125,17661
2022-04-10,TJ,Tajikistan,EURO,0,17786,0,125,17661
2022-04-17,TJ,Tajikistan,EURO,0,17786,0,125,17661
2022-04-24,TJ,Tajikistan,EURO,0,17786,0,125,17661
2022-05-01,TJ,Tajikistan,EURO,0,17786,0,125,17661
2022-05-08,TJ,Tajikistan,EURO,0,17786,0,125,17661
2022-05-15,TJ,Tajikistan,EURO,0,17786,0,125,17661
2022-05-22,TJ,Tajikistan,EURO,0,17786,0,125,17661
2022-05-29,TJ,Tajikistan,EURO,0,17786,0,125,17661
2022-06-05,TJ,Tajikistan,EURO,0,17786,0,125,17661
2022-06-12,TJ,Tajikistan,EURO,0,17786,0,125,17661
2022-06-19,TJ,Tajikistan,EURO,0,17786,0,125,17661
2022-06-26,TJ,Tajikistan,EURO,0,17786,0,125,17661
2022-07-03,TJ,Tajikistan,EURO,0,17786,0,125,17661
2022-07-10,TJ,Tajikistan,EURO,0,17786,0,125,17661
2022-07-17,TJ,Tajikistan,EURO,0,17786,0,125,17661
2022-07-24,TJ,Tajikistan,EURO,0,17786,0,125,17661
2022-07-31,TJ,Tajikistan,EURO,0,17786,0,125,17661
2022-08-07,TJ,Tajikistan,EURO,0,17786,0,125,17661
2022-08-14,TJ,Tajikistan,EURO,0,17786,0,125,17661
2022-08-21,TJ,Tajikistan,EURO,0,17786,0,125,17661
2022-08-28,TJ,Tajikistan,EURO,0,17786,0,125,17661
2022-09-04,TJ,Tajikistan,EURO,0,17786,0,125,17661
2022-09-11,TJ,Tajikistan,EURO,0,17786,0,125,17661
2022-09-18,TJ,Tajikistan,EURO,0,17786,0,125,17661
2022-09-25,TJ,Tajikistan,EURO,0,17786,0,125,17661
2022-10-02,TJ,Tajikistan,EURO,0,17786,0,125,17661
2022-10-09,TJ,Tajikistan,EURO,0,17786,0,125,17661
2022-10-16,TJ,Tajikistan,EURO,0,17786,0,125,17661
2022-10-23,TJ,Tajikistan,EURO,0,17786,0,125,17661
2022-10-30,TJ,Tajikistan,EURO,0,17786,0,125,17661
2022-11-06,TJ,Tajikistan,EURO,0,17786,0,125,17661
2022-11-13,TJ,Tajikistan,EURO,0,17786,0,125,17661
2022-11-20,TJ,Tajikistan,EURO,0,17786,0,125,17661
2022-11-27,TJ,Tajikistan,EURO,0,17786,0,125,17661
2022-12-04,TJ,Tajikistan,EURO,0,17786,0,125,17661
2022-12-11,TJ,Tajikistan,EURO,0,17786,0,125,17661
2022-12-18,TJ,Tajikistan,EURO,0,17786,0,125,17661
2022-12-25,TJ,Tajikistan,EURO,0,17786,0,125,17661
2023-01-01,TJ,Tajikistan,EURO,0,17786,0,125,17661
2023-01-08,TJ,Tajikistan,EURO,0,17786,0,125,17661
2023-01-15,TJ,Tajikistan,EURO,0,17786,0,125,17661
2023-01-22,TJ,Tajikistan,EURO,0,17786,0,125,17661
2023-01-29,TJ,Tajikistan,EURO,0,17786,0,125,17661
2023-02-05,TJ,Tajikistan,EURO,0,17786,0,125,17661
2023-02-12,TJ,Tajikistan,EURO,0,17786,0,125,17661
2023-02-19,TJ,Tajikistan,EURO,0,17786,0,125,17661
2023-02-26,TJ,Tajikistan,EURO,0,17786,0,125,17661
2023-03-05,TJ,Tajikistan,EURO,0,17786,0,125,17661
2023-03-12,TJ,Tajikistan,EURO,0,17786,0,125,17661
2023-03-19,TJ,Tajikistan,EURO,0,17786,0,125,17661
2023-03-26,TJ,Tajikistan,EURO,0,17786,0,125,17661
2023-04-02,TJ,Tajikistan,EURO,0,17786,0,125,17661
2023-04-09,TJ,Tajikistan,EURO,0,17786,0,125,17661
2023-04-16,TJ,Tajikistan,EURO,0,17786,0,125,17661
2023-04-23,TJ,Tajikistan,EURO,0,17786,0,125,17661
2023-04-30,TJ,Tajikistan,EURO,0,17786,0,125,17661
2023-05-07,TJ,Tajikistan,EURO,0,17786,0,125,17661
2023-05-14,TJ,Tajikistan,EURO,0,17786,0,125,17661
2023-05-21,TJ,Tajikistan,EURO,0,17786,0,125,17661
2023-05-28,TJ,Tajikistan,EURO,0,17786,0,125,17661
2023-06-04,TJ,Tajikistan,EURO,0,17786,0,125,17661
2023-06-11,TJ,Tajikistan,EURO,0,17786,0,125,17661
2023-06-18,TJ,Tajikistan,EURO,0,17786,0,125,17661
2023-06-25,TJ,Tajikistan,EURO,0,17786,0,125,17661
2023-07-02,TJ,Tajikistan,EURO,0,17786,0,125,17661
2023-07-09,TJ,Tajikistan,EURO,0,17786,0,125,17661
2023-07-16,TJ,Tajikistan,EURO,0,17786,0,125,17661
2023-07-23,TJ,Tajikistan,EURO,0,17786,0,125,17661
2023-07-30,TJ,Tajikistan,EURO,0,17786,0,125,17661
2023-08-06,TJ,Tajikistan,EURO,0,17786,0,125,17661
2023-08-13,TJ,Tajikistan,EURO,0,17786,0,125,17661
2023-08-20,TJ,Tajikistan,EURO,0,17786,0,125,17661
2023-08-27,TJ,Tajikistan,EURO,0,17786,0,125,17661
2023-09-03,TJ,Tajikistan,EURO,0,17786,0,125,17661
2023-09-10,TJ,Tajikistan,EURO,0,17786,0,125,17661
2023-09-17,TJ,Tajikistan,EURO,0,17786,0,125,17661
2023-09-24,TJ,Tajikistan,EURO,0,17786,0,125,17661
2023-10-01,TJ,Tajikistan,EURO,0,17786,0,125,17661
2023-10-08,TJ,Tajikistan,EURO,0,17786,0,125,17661
2023-10-15,TJ,Tajikistan,EURO,0,17786,0,125,17661
2023-10-22,TJ,Tajikistan,EURO,0,17786,0,125,17661
2023-10-29,TJ,Tajikistan,EURO,0,17786,0,125,17661
2023-11-05,TJ,Tajikistan,EURO,0,17786,0,125,17661
2023-11-12,TJ,Tajikistan,EURO,0,17786,0,125,17661
2023-11-19,TJ,Tajikistan,EURO,0,17786,0,125,17661
2023-11-26,TJ,Tajikistan,EURO,0,17786,0,125,17661
2023-12-03,TJ,Tajikistan,EURO,0,17786,0,125,17661
2023-12-10,TJ,Tajikistan,EURO,0,17786,0,125,17661
2023-12-17,TJ,Tajikistan,EURO,0,17786,0,125,17661
2023-12-24,TJ,Tajikistan,EURO,0,17786,0,125,17661
2023-12-31,TJ,Tajikistan,EURO,0,17786,0,125,17661
2024-01-07,TJ,Tajikistan,EURO,0,17786,0,125,17661
2024-01-14,TJ,Tajikistan,EURO,0,17786,0,125,17661
2024-01-21,TJ,Tajikistan,EURO,0,17786,0,125,17661
2024-01-28,TJ,Tajikistan,EURO,0,17786,0,125,17661
2024-02-04,TJ,Tajikistan,EURO,0,17786,0,125,17661
2024-02-11,TJ,Tajikistan,EURO,0,17786,0,125,17661
2024-02-18,TJ,Tajikistan,EURO,0,17786,0,125,17661
2024-02-25,TJ,Tajikistan,EURO,0,17786,0,125,17661
2024-03-03,TJ,Tajikistan,EURO,0,17786,0,125,17661
2024-03-10,TJ,Tajikistan,EURO,0,17786,0,125,17661
2024-03-17,TJ,Tajikistan,EURO,0,17786,0,125,17661
2024-03-24,TJ,Tajikistan,EURO,0,17786,0,125,17661
2024-03-31,TJ,Tajikistan,EURO,0,17786,0,125,17661
2024-04-07,TJ,Tajikistan,EURO,0,17786,0,125,17661
2024-04-14,TJ,Tajikistan,EURO,0,17786,0,125,17661
2024-04-21,TJ,Tajikistan,EURO,0,17786,0,125,17661
2024-04-28,TJ,Tajikistan,EURO,0,17786,0,125,17661
2024-05-05,TJ,Tajikistan,EURO,0,17786,0,125,17661
2024-05-12,TJ,Tajikistan,EURO,0,17786,0,125,17661
2024-05-19,TJ,Tajikistan,EURO,0,17786,0,125,17661
2024-05-26,TJ,Tajikistan,EURO,0,17786,0,125,17661
2024-06-02,TJ,Tajikistan,EURO,0,17786,0,125,17661
2024-06-09,TJ,Tajikistan,EURO,0,17786,0,125,17661
2024-06-16,TJ,Tajikistan,EURO,0,17786,0,125,17661
2024-06-23,TJ,Tajikistan,EURO,0,17786,0,125,17661
2024-06-30,TJ,Tajikistan,EURO,0,17786,0,125,17661
2024-07-07,TJ,Tajikistan,EURO,0,17786,0,125,17661
2024-07-14,TJ,Tajikistan,EURO,0,17786,0,125,17661
2024-07-21,TJ,Tajikistan,EURO,0,17786,0,125,17661
2024-07-28,TJ,Tajikistan,EURO,0,17786,0,125,17661
2024-08-04,TJ,Tajikistan,EURO,0,17786,0,125,17661
2024-08-11,TJ,Tajikistan,EURO,0,17786,0,125,17661
2024-08-18,TJ,Tajikistan,EURO,0,17786,0,125,17661
2024-08-25,TJ,Tajikistan,EURO,0,17786,0,125,17661
2024-09-01,TJ,Tajikistan,EURO,0,17786,0,125,17661
2024-09-08,TJ,Tajikistan,EURO,0,17786,0,125,17661
2024-09-15,TJ,Tajikistan,EURO,0,17786,0,125,17661
2024-09-22,TJ,Tajikistan,EURO,0,17786,0,125,17661
2024-09-29,TJ,Tajikistan,EURO,0,17786,0,125,17661
2024-10-06,TJ,Tajikistan,EURO,0,17786,0,125,17661
2024-10-13,TJ,Tajikistan,EURO,0,17786,0,125,17661
2024-10-20,TJ,Tajikistan,EURO,0,17786,0,125,17661
2024-10-27,TJ,Tajikistan,EURO,0,17786,0,125,17661
2024-11-03,TJ,Tajikistan,EURO,0,17786,0,125,17661
2024-11-10,TJ,Tajikistan,EURO,0,17786,0,125,17661
2024-11-17,TJ,Tajikistan,EURO,0,17786,0,125,17661
2020-01-05,TH,Thailand,SEARO,0,0,0,0,0
2020-01-12,TH,Thailand,SEARO,0,0,0,0,0
2020-01-19,TH,Thailand,SEARO,6,6,0,0,6
2020-01-26,TH,Thailand,SEARO,0,5,0,0,5
2020-02-02,TH,Thailand,SEARO,18,23,0,0,23
2020-02-09,TH,Thailand,SEARO,6,29,0,0,29
2020-02-16,TH,Thailand,SEARO,9,38,0,0,38
2020-02-23,TH,Thailand,SEARO,1,39,0,0,39
2020-03-01,TH,Thailand,SEARO,7,46,1,1,45
2020-03-08,TH,Thailand,SEARO,8,54,0,1,53
2020-03-15,TH,Thailand,SEARO,60,114,0,1,113
2020-03-22,TH,Thailand,SEARO,485,599,0,1,598
2020-03-29,TH,Thailand,SEARO,789,1388,6,7,1381
2020-04-05,TH,Thailand,SEARO,781,2169,16,23,2146
2020-04-12,TH,Thailand,SEARO,382,2551,15,38,2513
2020-04-19,TH,Thailand,SEARO,214,2765,9,47,2718
2020-04-26,TH,Thailand,SEARO,157,2922,4,51,2871
2020-05-03,TH,Thailand,SEARO,47,2969,3,54,2915
2020-05-10,TH,Thailand,SEARO,40,3009,2,56,2953
2020-05-17,TH,Thailand,SEARO,19,3028,0,56,2972
2020-05-24,TH,Thailand,SEARO,12,3040,0,56,2984
2020-05-31,TH,Thailand,SEARO,41,3081,1,57,3024
2020-06-07,TH,Thailand,SEARO,31,3112,1,58,3054
2020-06-14,TH,Thailand,SEARO,23,3135,0,58,3077
2020-06-21,TH,Thailand,SEARO,13,3148,0,58,3090
2020-06-28,TH,Thailand,SEARO,14,3162,0,58,3104
2020-07-05,TH,Thailand,SEARO,28,3190,0,58,3132
2020-07-12,TH,Thailand,SEARO,27,3217,0,58,3159
2020-07-19,TH,Thailand,SEARO,32,3249,0,58,3191
2020-07-26,TH,Thailand,SEARO,42,3291,0,58,3233
2020-08-02,TH,Thailand,SEARO,26,3317,0,58,3259
2020-08-09,TH,Thailand,SEARO,34,3351,0,58,3293
2020-08-16,TH,Thailand,SEARO,26,3377,0,58,3319
2020-08-23,TH,Thailand,SEARO,18,3395,0,58,3337
2020-08-30,TH,Thailand,SEARO,16,3411,0,58,3353
2020-09-06,TH,Thailand,SEARO,33,3444,0,58,3386
2020-09-13,TH,Thailand,SEARO,29,3473,0,58,3415
2020-09-20,TH,Thailand,SEARO,33,3506,1,59,3447
2020-09-27,TH,Thailand,SEARO,17,3523,0,59,3464
2020-10-04,TH,Thailand,SEARO,62,3585,0,59,3526
2020-10-11,TH,Thailand,SEARO,51,3636,0,59,3577
2020-10-18,TH,Thailand,SEARO,50,3686,0,59,3627
2020-10-25,TH,Thailand,SEARO,50,3736,0,59,3677
2020-11-01,TH,Thailand,SEARO,48,3784,0,59,3725
2020-11-08,TH,Thailand,SEARO,53,3837,1,60,3777
2020-11-15,TH,Thailand,SEARO,37,3874,0,60,3814
2020-11-22,TH,Thailand,SEARO,39,3913,-60,0,3913
2020-11-29,TH,Thailand,SEARO,64,3977,60,60,3917
2020-12-06,TH,Thailand,SEARO,109,4086,0,60,4026
2020-12-13,TH,Thailand,SEARO,123,4209,0,60,4149
2020-12-20,TH,Thailand,SEARO,698,4907,0,60,4847
2020-12-27,TH,Thailand,SEARO,1234,6141,0,60,6081
2021-01-03,TH,Thailand,SEARO,1553,7694,4,64,7630
2021-01-10,TH,Thailand,SEARO,2604,10298,3,67,10231
2021-01-17,TH,Thailand,SEARO,1756,12054,3,70,11984
2021-01-24,TH,Thailand,SEARO,1446,13500,3,73,13427
2021-01-31,TH,Thailand,SEARO,5282,18782,4,77,18705
2021-02-07,TH,Thailand,SEARO,4589,23371,2,79,23292
2021-02-14,TH,Thailand,SEARO,1200,24571,1,80,24491
2021-02-21,TH,Thailand,SEARO,844,25415,3,83,25332
2021-02-28,TH,Thailand,SEARO,536,25951,0,83,25868
2021-03-07,TH,Thailand,SEARO,419,26370,2,85,26285
2021-03-14,TH,Thailand,SEARO,557,26927,1,86,26841
2021-03-21,TH,Thailand,SEARO,876,27803,4,90,27713
2021-03-28,TH,Thailand,SEARO,931,28734,4,94,28640
2021-04-04,TH,Thailand,SEARO,393,29127,1,95,29032
2021-04-11,TH,Thailand,SEARO,3498,32625,2,97,32528
2021-04-18,TH,Thailand,SEARO,9727,42352,4,101,42251
2021-04-25,TH,Thailand,SEARO,13108,55460,39,140,55320
2021-05-02,TH,Thailand,SEARO,13524,68984,105,245,68739
2021-05-09,TH,Thailand,SEARO,14391,83375,154,399,82976
2021-05-16,TH,Thailand,SEARO,18072,101447,190,589,100858
2021-05-23,TH,Thailand,SEARO,28053,129500,187,776,128724
2021-05-30,TH,Thailand,SEARO,24807,154307,236,1012,153295
2021-06-06,TH,Thailand,SEARO,23160,177467,224,1236,176231
2021-06-13,TH,Thailand,SEARO,18442,195909,213,1449,194460
2021-06-20,TH,Thailand,SEARO,22222,218131,180,1629,216502
2021-06-27,TH,Thailand,SEARO,26316,244447,283,1912,242535
2021-07-04,TH,Thailand,SEARO,38620,283067,314,2226,280841
2021-07-11,TH,Thailand,SEARO,53304,336371,485,2711,333660
2021-07-18,TH,Thailand,SEARO,67015,403386,630,3341,400045
2021-07-25,TH,Thailand,SEARO,93916,497302,718,4059,493243
2021-08-01,TH,Thailand,SEARO,118012,615314,931,4990,610324
2021-08-08,TH,Thailand,SEARO,141191,756505,1214,6204,750301
2021-08-15,TH,Thailand,SEARO,150652,907157,1348,7552,899605
2021-08-22,TH,Thailand,SEARO,142138,1049295,1768,9320,1039975
2021-08-29,TH,Thailand,SEARO,124796,1174091,1823,11143,1162948
2021-09-05,TH,Thailand,SEARO,106443,1280534,1712,12855,1267679
2021-09-12,TH,Thailand,SEARO,101639,1382173,1498,14353,1367820
2021-09-19,TH,Thailand,SEARO,94304,1476477,1010,15363,1461114
2021-09-26,TH,Thailand,SEARO,85161,1561638,905,16268,1545370
2021-10-03,TH,Thailand,SEARO,75794,1637432,746,17014,1620418
2021-10-10,TH,Thailand,SEARO,73452,1710884,677,17691,1693193
2021-10-17,TH,Thailand,SEARO,72817,1783701,582,18273,1765428
2021-10-24,TH,Thailand,SEARO,66781,1850482,482,18755,1831727
2021-10-31,TH,Thailand,SEARO,61542,1912024,450,19205,1892819
2021-11-07,TH,Thailand,SEARO,55975,1967999,459,19664,1948335
2021-11-14,TH,Thailand,SEARO,50411,2018410,372,20036,1998374
2021-11-21,TH,Thailand,SEARO,46171,2064581,351,20387,2044194
2021-11-28,TH,Thailand,SEARO,42232,2106813,320,20707,2086106
2021-12-05,TH,Thailand,SEARO,34428,2141241,237,20944,2120297
2021-12-12,TH,Thailand,SEARO,27405,2168646,227,21171,2147475
2021-12-19,TH,Thailand,SEARO,22882,2191528,206,21377,2170151
2021-12-26,TH,Thailand,SEARO,18442,2209970,203,21580,2188390
2022-01-02,TH,Thailand,SEARO,19588,2229558,140,21720,2207838
2022-01-09,TH,Thailand,SEARO,39992,2269550,105,21825,2247725
2022-01-16,TH,Thailand,SEARO,54935,2324485,100,21925,2302560
2022-01-23,TH,Thailand,SEARO,53015,2377500,107,22032,2355468
2022-01-30,TH,Thailand,SEARO,55034,2432534,125,22157,2410377
2022-02-06,TH,Thailand,SEARO,64467,2497001,134,22291,2474710
2022-02-13,TH,Thailand,SEARO,96326,2593327,145,22436,2570891
2022-02-20,TH,Thailand,SEARO,118988,2712315,188,22624,2689691
2022-02-27,TH,Thailand,SEARO,157301,2869616,267,22891,2846725
2022-03-06,TH,Thailand,SEARO,157079,3026695,344,23235,3003460
2022-03-13,TH,Thailand,SEARO,158130,3184825,474,23709,3161116
2022-03-20,TH,Thailand,SEARO,169144,3353969,537,24246,3329723
2022-03-27,TH,Thailand,SEARO,175116,3529085,553,24799,3504286
2022-04-03,TH,Thailand,SEARO,182510,3711595,616,25415,3686180
2022-04-10,TH,Thailand,SEARO,171890,3883485,668,26083,3857402
2022-04-17,TH,Thailand,SEARO,146474,4029959,799,26882,4003077
2022-04-24,TH,Thailand,SEARO,135915,4165874,893,27775,4138099
2022-05-01,TH,Thailand,SEARO,96610,4262484,842,28617,4233867
2022-05-08,TH,Thailand,SEARO,62366,4324850,471,29088,4295762
2022-05-15,TH,Thailand,SEARO,48996,4373846,384,29472,4344374
2022-05-22,TH,Thailand,SEARO,37648,4411494,274,29746,4381748
2022-05-29,TH,Thailand,SEARO,31154,4442648,226,29972,4412676
2022-06-05,TH,Thailand,SEARO,24145,4466793,199,30171,4436622
2022-06-12,TH,Thailand,SEARO,18070,4484863,163,30334,4454529
2022-06-19,TH,Thailand,SEARO,14181,4499044,133,30467,4468577
2022-06-26,TH,Thailand,SEARO,15111,4514155,125,30592,4483563
2022-07-03,TH,Thailand,SEARO,15950,4530105,108,30700,4499405
2022-07-10,TH,Thailand,SEARO,14938,4545043,135,30835,4514208
2022-07-17,TH,Thailand,SEARO,13986,4559029,161,30996,4528033
2022-07-24,TH,Thailand,SEARO,16824,4575853,161,31157,4544696
2022-07-31,TH,Thailand,SEARO,14323,4590176,228,31385,4558791
2022-08-07,TH,Thailand,SEARO,15433,4605609,211,31596,4574013
2022-08-14,TH,Thailand,SEARO,14816,4620425,232,31828,4588597
2022-08-21,TH,Thailand,SEARO,13755,4634180,199,32027,4602153
2022-08-28,TH,Thailand,SEARO,12232,4646412,195,32222,4614190
2022-09-04,TH,Thailand,SEARO,12130,4658542,178,32400,4626142
2022-09-11,TH,Thailand,SEARO,9004,4667546,139,32539,4635007
2022-09-18,TH,Thailand,SEARO,5841,4673387,90,32629,4640758
2022-09-25,TH,Thailand,SEARO,4965,4678352,89,32718,4645634
2022-10-02,TH,Thailand,SEARO,3780,4682132,53,32771,4649361
2022-10-09,TH,Thailand,SEARO,2915,4685047,58,32829,4652218
2022-10-16,TH,Thailand,SEARO,2234,4687281,53,32882,4654399
2022-10-23,TH,Thailand,SEARO,2616,4689897,40,32922,4656975
2022-10-30,TH,Thailand,SEARO,2551,4692448,33,32955,4659493
2022-11-06,TH,Thailand,SEARO,2759,4695207,40,32995,4662212
2022-11-13,TH,Thailand,SEARO,3166,4698373,42,33037,4665336
2022-11-20,TH,Thailand,SEARO,3957,4702330,69,33106,4669224
2022-11-27,TH,Thailand,SEARO,4914,4707244,74,33180,4674064
2022-12-04,TH,Thailand,SEARO,4284,4711528,105,33285,4678243
2022-12-11,TH,Thailand,SEARO,3961,4715489,107,33392,4682097
2022-12-18,TH,Thailand,SEARO,3419,4718908,113,33505,4685403
2022-12-25,TH,Thailand,SEARO,2900,4721808,89,33594,4688214
2023-01-01,TH,Thailand,SEARO,2111,4723919,75,33669,4690250
2023-01-08,TH,Thailand,SEARO,997,4724916,58,33727,4691189
2023-01-15,TH,Thailand,SEARO,969,4725885,65,33792,4692093
2023-01-22,TH,Thailand,SEARO,627,4726512,44,33836,4692676
2023-01-29,TH,Thailand,SEARO,472,4726984,29,33865,4693119
2023-02-05,TH,Thailand,SEARO,252,4727236,17,33882,4693354
2023-02-12,TH,Thailand,SEARO,392,4727628,12,33894,4693734
2023-02-19,TH,Thailand,SEARO,203,4727831,8,33902,4693929
2023-02-26,TH,Thailand,SEARO,204,4728035,9,33911,4694124
2023-03-05,TH,Thailand,SEARO,147,4728182,7,33918,4694264
2023-03-12,TH,Thailand,SEARO,122,4728304,6,33924,4694380
2023-03-19,TH,Thailand,SEARO,178,4728482,5,33929,4694553
2023-03-26,TH,Thailand,SEARO,150,4728632,6,33935,4694697
2023-04-02,TH,Thailand,SEARO,167,4728799,3,33938,4694861
2023-04-09,TH,Thailand,SEARO,168,4728967,2,33940,4695027
2023-04-16,TH,Thailand,SEARO,435,4729402,2,33942,4695460
2023-04-23,TH,Thailand,SEARO,1088,4730490,5,33947,4696543
2023-04-30,TH,Thailand,SEARO,1811,4732301,10,33957,4698344
2023-05-07,TH,Thailand,SEARO,1699,4734000,10,33967,4700033
2023-05-14,TH,Thailand,SEARO,2356,4736356,22,33989,4702367
2023-05-21,TH,Thailand,SEARO,2632,4738988,64,34053,4704935
2023-05-28,TH,Thailand,SEARO,2970,4741958,42,34095,4707863
2023-06-04,TH,Thailand,SEARO,3085,4745043,68,34163,4710880
2023-06-11,TH,Thailand,SEARO,2709,4747752,69,34232,4713520
2023-06-18,TH,Thailand,SEARO,2158,4749910,60,34292,4715618
2023-06-25,TH,Thailand,SEARO,1653,4751563,36,34328,4717235
2023-07-02,TH,Thailand,SEARO,859,4752422,43,34371,4718051
2023-07-09,TH,Thailand,SEARO,1193,4753615,25,34396,4719219
2023-07-16,TH,Thailand,SEARO,613,4754228,14,34410,4719818
2023-07-23,TH,Thailand,SEARO,556,4754784,8,34418,4720366
2023-07-30,TH,Thailand,SEARO,391,4755175,7,34425,4720750
2023-08-06,TH,Thailand,SEARO,268,4755443,12,34437,4721006
2023-08-13,TH,Thailand,SEARO,318,4755761,7,34444,4721317
2023-08-20,TH,Thailand,SEARO,389,4756150,9,34453,4721697
2023-08-27,TH,Thailand,SEARO,256,4756406,6,34459,4721947
2023-09-03,TH,Thailand,SEARO,187,4756593,6,34465,4722128
2023-09-10,TH,Thailand,SEARO,244,4756837,3,34468,4722369
2023-09-17,TH,Thailand,SEARO,212,4757049,3,34471,4722578
2023-09-24,TH,Thailand,SEARO,234,4757283,2,34473,4722810
2023-10-01,TH,Thailand,SEARO,190,4757473,1,34474,4722999
2023-10-08,TH,Thailand,SEARO,131,4757604,5,34479,4723125
2023-10-15,TH,Thailand,SEARO,124,4757728,3,34482,4723246
2023-10-22,TH,Thailand,SEARO,191,4757919,3,34485,4723434
2023-10-29,TH,Thailand,SEARO,206,4758125,2,34487,4723638
2023-11-05,TH,Thailand,SEARO,304,4758429,1,34488,4723941
2023-11-12,TH,Thailand,SEARO,287,4758716,1,34489,4724227
2023-11-19,TH,Thailand,SEARO,390,4759106,1,34490,4724616
2023-11-26,TH,Thailand,SEARO,480,4759586,2,34492,4725094
2023-12-03,TH,Thailand,SEARO,536,4760122,3,34495,4725627
2023-12-10,TH,Thailand,SEARO,590,4760712,5,34500,4726212
2023-12-17,TH,Thailand,SEARO,514,4761226,6,34506,4726720
2023-12-24,TH,Thailand,SEARO,555,4761781,8,34514,4727267
2023-12-31,TH,Thailand,SEARO,594,4762375,3,34517,4727858
2024-01-07,TH,Thailand,SEARO,664,4763039,4,34521,4728518
2024-01-14,TH,Thailand,SEARO,625,4763664,7,34528,4729136
2024-01-21,TH,Thailand,SEARO,718,4764382,11,34539,4729843
2024-01-28,TH,Thailand,SEARO,621,4765003,8,34547,4730456
2024-02-04,TH,Thailand,SEARO,715,4765718,8,34555,4731163
2024-02-11,TH,Thailand,SEARO,537,4766255,5,34560,4731695
2024-02-18,TH,Thailand,SEARO,496,4766751,4,34564,4732187
2024-02-25,TH,Thailand,SEARO,487,4767238,3,34567,4732671
2024-03-03,TH,Thailand,SEARO,462,4767700,2,34569,4733131
2024-03-10,TH,Thailand,SEARO,446,4768146,3,34572,4733574
2024-03-17,TH,Thailand,SEARO,501,4768647,4,34576,4734071
2024-03-24,TH,Thailand,SEARO,630,4769277,5,34581,4734696
2024-03-31,TH,Thailand,SEARO,728,4770005,2,34583,4735422
2024-04-07,TH,Thailand,SEARO,774,4770779,3,34586,4736193
2024-04-14,TH,Thailand,SEARO,849,4771628,4,34590,4737038
2024-04-21,TH,Thailand,SEARO,1004,4772632,3,34593,4738039
2024-04-28,TH,Thailand,SEARO,1672,4774304,9,34602,4739702
2024-05-05,TH,Thailand,SEARO,1792,4776096,12,34614,4741482
2024-05-12,TH,Thailand,SEARO,1880,4777976,11,34625,4743351
2024-05-19,TH,Thailand,SEARO,1882,4779858,16,34641,4745217
2024-05-26,TH,Thailand,SEARO,1801,4781659,6,34647,4747012
2024-06-02,TH,Thailand,SEARO,1863,4783522,6,34653,4748869
2024-06-09,TH,Thailand,SEARO,2762,4786284,5,34658,4751626
2024-06-16,TH,Thailand,SEARO,2881,4789165,7,34665,4754500
2024-06-23,TH,Thailand,SEARO,1823,4790988,12,34677,4756311
2024-06-30,TH,Thailand,SEARO,3256,4794244,16,34693,4759551
2024-07-07,TH,Thailand,SEARO,1377,4795621,11,34704,4760917
2024-07-14,TH,Thailand,SEARO,1004,4796625,5,34709,4761916
2024-07-21,TH,Thailand,SEARO,1067,4797692,3,34712,4762980
2024-07-28,TH,Thailand,SEARO,928,4798620,2,34714,4763906
2024-08-04,TH,Thailand,SEARO,560,4799180,1,34715,4764465
2024-08-11,TH,Thailand,SEARO,519,4799699,4,34719,4764980
2024-08-18,TH,Thailand,SEARO,435,4800134,1,34720,4765414
2024-08-25,TH,Thailand,SEARO,258,4800392,0,34720,4765672
2024-09-01,TH,Thailand,SEARO,569,4800961,1,34721,4766240
2024-09-08,TH,Thailand,SEARO,314,4801275,1,34722,4766553
2024-09-15,TH,Thailand,SEARO,302,4801577,2,34724,4766853
2024-09-22,TH,Thailand,SEARO,238,4801815,1,34725,4767090
2024-09-29,TH,Thailand,SEARO,287,4802102,3,34728,4767374
2024-10-06,TH,Thailand,SEARO,281,4802383,4,34732,4767651
2024-10-13,TH,Thailand,SEARO,353,4802736,0,34732,4768004
2024-10-20,TH,Thailand,SEARO,399,4803135,1,34733,4768402
2024-10-27,TH,Thailand,SEARO,497,4803632,1,34734,4768898
2024-11-03,TH,Thailand,SEARO,549,4804181,1,34735,4769446
2024-11-10,TH,Thailand,SEARO,569,4804750,0,34735,4770015
2024-11-17,TH,Thailand,SEARO,504,4805254,1,34736,4770518
2020-01-05,GB,United Kingdom of Great Britain and Northern Ireland,EURO,0,0,0,0,0
2020-01-12,GB,United Kingdom of Great Britain and Northern Ireland,EURO,0,0,0,0,0
2020-01-19,GB,United Kingdom of Great Britain and Northern Ireland,EURO,0,0,0,0,0
2020-01-26,GB,United Kingdom of Great Britain and Northern Ireland,EURO,0,0,0,0,0
2020-02-02,GB,United Kingdom of Great Britain and Northern Ireland,EURO,1,1,1,1,0
2020-02-09,GB,United Kingdom of Great Britain and Northern Ireland,EURO,20,21,1,2,19
2020-02-16,GB,United Kingdom of Great Britain and Northern Ireland,EURO,11,32,0,2,30
2020-02-23,GB,United Kingdom of Great Britain and Northern Ireland,EURO,3,35,0,2,33
2020-03-01,GB,United Kingdom of Great Britain and Northern Ireland,EURO,33,68,1,3,65
2020-03-08,GB,United Kingdom of Great Britain and Northern Ireland,EURO,311,379,6,9,370
2020-03-15,GB,United Kingdom of Great Britain and Northern Ireland,EURO,1901,2280,46,55,2225
2020-03-22,GB,United Kingdom of Great Britain and Northern Ireland,EURO,5455,7735,429,484,7251
2020-03-29,GB,United Kingdom of Great Britain and Northern Ireland,EURO,16046,23781,2005,2489,21292
2020-04-05,GB,United Kingdom of Great Britain and Northern Ireland,EURO,28818,52599,5622,8111,44488
2020-04-12,GB,United Kingdom of Great Britain and Northern Ireland,EURO,32630,85229,8974,17085,68144
2020-04-19,GB,United Kingdom of Great Britain and Northern Ireland,EURO,30969,116198,9082,26167,90031
2020-04-26,GB,United Kingdom of Great Britain and Northern Ireland,EURO,33506,149704,7693,33860,115844
2020-05-03,GB,United Kingdom of Great Britain and Northern Ireland,EURO,31851,181555,5860,39720,141835
2020-05-10,GB,United Kingdom of Great Britain and Northern Ireland,EURO,24027,205582,4508,44228,161354
2020-05-17,GB,United Kingdom of Great Britain and Northern Ireland,EURO,20019,225601,3240,47468,178133
2020-05-24,GB,United Kingdom of Great Britain and Northern Ireland,EURO,16906,242507,2569,50037,192470
2020-05-31,GB,United Kingdom of Great Britain and Northern Ireland,EURO,11713,254220,1966,52003,202217
2020-06-07,GB,United Kingdom of Great Britain and Northern Ireland,EURO,8884,263104,1416,53419,209685
2020-06-14,GB,United Kingdom of Great Britain and Northern Ireland,EURO,7052,270156,1034,54453,215703
2020-06-21,GB,United Kingdom of Great Britain and Northern Ireland,EURO,6892,277048,746,55199,221849
2020-06-28,GB,United Kingdom of Great Britain and Northern Ireland,EURO,5270,282318,635,55834,226484
2020-07-05,GB,United Kingdom of Great Britain and Northern Ireland,EURO,4275,286593,456,56290,230303
2020-07-12,GB,United Kingdom of Great Britain and Northern Ireland,EURO,4283,290876,353,56643,234233
2020-07-19,GB,United Kingdom of Great Britain and Northern Ireland,EURO,4340,295216,253,56896,238320
2020-07-26,GB,United Kingdom of Great Britain and Northern Ireland,EURO,4969,300185,206,57102,243083
2020-08-02,GB,United Kingdom of Great Britain and Northern Ireland,EURO,5524,305709,175,57277,248432
2020-08-09,GB,United Kingdom of Great Britain and Northern Ireland,EURO,6418,312127,145,57422,254705
2020-08-16,GB,United Kingdom of Great Britain and Northern Ireland,EURO,7797,319924,151,57573,262351
2020-08-23,GB,United Kingdom of Great Britain and Northern Ireland,EURO,7728,327652,113,57686,269966
2020-08-30,GB,United Kingdom of Great Britain and Northern Ireland,EURO,8854,336506,100,57786,278720
2020-09-06,GB,United Kingdom of Great Britain and Northern Ireland,EURO,15523,352029,87,57873,294156
2020-09-13,GB,United Kingdom of Great Britain and Northern Ireland,EURO,22634,374663,116,57989,316674
2020-09-20,GB,United Kingdom of Great Britain and Northern Ireland,EURO,25850,400513,189,58178,342335
2020-09-27,GB,United Kingdom of Great Britain and Northern Ireland,EURO,44393,444906,266,58444,386462
2020-10-04,GB,United Kingdom of Great Britain and Northern Ireland,EURO,74110,519016,412,58856,460160
2020-10-11,GB,United Kingdom of Great Britain and Northern Ireland,EURO,110514,629530,588,59444,570086
2020-10-18,GB,United Kingdom of Great Britain and Northern Ireland,EURO,120078,749608,910,60354,689254
2020-10-25,GB,United Kingdom of Great Britain and Northern Ireland,EURO,151561,901169,1455,61809,839360
2020-11-01,GB,United Kingdom of Great Britain and Northern Ireland,EURO,153892,1055061,1994,63803,991258
2020-11-08,GB,United Kingdom of Great Britain and Northern Ireland,EURO,162260,1217321,2558,66361,1150960
2020-11-15,GB,United Kingdom of Great Britain and Northern Ireland,EURO,175280,1392601,3039,69400,1323201
2020-11-22,GB,United Kingdom of Great Britain and Northern Ireland,EURO,141113,1533714,3296,72696,1461018
2020-11-29,GB,United Kingdom of Great Britain and Northern Ireland,EURO,106260,1639974,3432,76128,1563846
2020-12-06,GB,United Kingdom of Great Britain and Northern Ireland,EURO,105190,1745164,3287,79415,1665749
2020-12-13,GB,United Kingdom of Great Britain and Northern Ireland,EURO,138488,1883652,3216,82631,1801021
2020-12-20,GB,United Kingdom of Great Britain and Northern Ireland,EURO,217712,2101364,3617,86248,2015116
2020-12-27,GB,United Kingdom of Great Britain and Northern Ireland,EURO,243069,2344433,4227,90475,2253958
2021-01-03,GB,United Kingdom of Great Britain and Northern Ireland,EURO,377718,2722151,5231,95706,2626445
2021-01-10,GB,United Kingdom of Great Britain and Northern Ireland,EURO,422675,3144826,6625,102331,3042495
2021-01-17,GB,United Kingdom of Great Britain and Northern Ireland,EURO,317881,3462707,8794,111125,3351582
2021-01-24,GB,United Kingdom of Great Britain and Northern Ireland,EURO,246142,3708849,9723,120848,3588001
2021-01-31,GB,United Kingdom of Great Britain and Northern Ireland,EURO,171875,3880724,8572,129420,3751304
2021-02-07,GB,United Kingdom of Great Britain and Northern Ireland,EURO,130901,4011625,6655,136075,3875550
2021-02-14,GB,United Kingdom of Great Britain and Northern Ireland,EURO,94014,4105639,5060,141135,3964504
2021-02-21,GB,United Kingdom of Great Britain and Northern Ireland,EURO,80167,4185806,3864,144999,4040807
2021-02-28,GB,United Kingdom of Great Britain and Northern Ireland,EURO,61484,4247290,2644,147643,4099647
2021-03-07,GB,United Kingdom of Great Britain and Northern Ireland,EURO,41508,4288798,1801,149444,4139354
2021-03-14,GB,United Kingdom of Great Britain and Northern Ireland,EURO,40316,4329114,1256,150700,4178414
2021-03-21,GB,United Kingdom of Great Britain and Northern Ireland,EURO,38162,4367276,857,151557,4215719
2021-03-28,GB,United Kingdom of Great Britain and Northern Ireland,EURO,37987,4405263,654,152211,4253052
2021-04-04,GB,United Kingdom of Great Britain and Northern Ireland,EURO,27123,4432386,428,152639,4279747
2021-04-11,GB,United Kingdom of Great Britain and Northern Ireland,EURO,20330,4452716,330,152969,4299747
2021-04-18,GB,United Kingdom of Great Britain and Northern Ireland,EURO,17336,4470052,279,153248,4316804
2021-04-25,GB,United Kingdom of Great Britain and Northern Ireland,EURO,16722,4486774,228,153476,4333298
2021-05-02,GB,United Kingdom of Great Britain and Northern Ireland,EURO,15041,4501815,151,153627,4348188
2021-05-09,GB,United Kingdom of Great Britain and Northern Ireland,EURO,14468,4516283,124,153751,4362532
2021-05-16,GB,United Kingdom of Great Britain and Northern Ireland,EURO,15509,4531792,104,153855,4377937
2021-05-23,GB,United Kingdom of Great Britain and Northern Ireland,EURO,16918,4548710,82,153937,4394773
2021-05-30,GB,United Kingdom of Great Britain and Northern Ireland,EURO,22380,4571090,83,154020,4417070
2021-06-06,GB,United Kingdom of Great Britain and Northern Ireland,EURO,33779,4604869,84,154104,4450765
2021-06-13,GB,United Kingdom of Great Britain and Northern Ireland,EURO,49979,4654848,87,154191,4500657
2021-06-20,GB,United Kingdom of Great Britain and Northern Ireland,EURO,67059,4721907,100,154291,4567616
2021-06-27,GB,United Kingdom of Great Britain and Northern Ireland,EURO,107478,4829385,133,154424,4674961
2021-07-04,GB,United Kingdom of Great Britain and Northern Ireland,EURO,175476,5004861,168,154592,4850269
2021-07-11,GB,United Kingdom of Great Britain and Northern Ireland,EURO,225580,5230441,253,154845,5075596
2021-07-18,GB,United Kingdom of Great Britain and Northern Ireland,EURO,323274,5553715,328,155173,5398542
2021-07-25,GB,United Kingdom of Great Britain and Northern Ireland,EURO,257101,5810816,515,155688,5655128
2021-08-01,GB,United Kingdom of Great Britain and Northern Ireland,EURO,188020,5998836,573,156261,5842575
2021-08-08,GB,United Kingdom of Great Britain and Northern Ireland,EURO,193901,6192737,651,156912,6035825
2021-08-15,GB,United Kingdom of Great Britain and Northern Ireland,EURO,203157,6395894,650,157562,6238332
2021-08-22,GB,United Kingdom of Great Britain and Northern Ireland,EURO,232682,6628576,738,158300,6470276
2021-08-29,GB,United Kingdom of Great Britain and Northern Ireland,EURO,244811,6873387,852,159152,6714235
2021-09-05,GB,United Kingdom of Great Britain and Northern Ireland,EURO,258216,7131603,921,160073,6971530
2021-09-12,GB,United Kingdom of Great Britain and Northern Ireland,EURO,246171,7377774,1103,161176,7216598
2021-09-19,GB,United Kingdom of Great Britain and Northern Ireland,EURO,203289,7581063,1088,162264,7418799
2021-09-26,GB,United Kingdom of Great Britain and Northern Ireland,EURO,242060,7823123,1018,163282,7659841
2021-10-03,GB,United Kingdom of Great Britain and Northern Ireland,EURO,235286,8058409,895,164177,7894232
2021-10-10,GB,United Kingdom of Great Britain and Northern Ireland,EURO,254728,8313137,840,165017,8148120
2021-10-17,GB,United Kingdom of Great Britain and Northern Ireland,EURO,305103,8618240,947,165964,8452276
2021-10-24,GB,United Kingdom of Great Britain and Northern Ireland,EURO,329421,8947661,1040,167004,8780657
2021-10-31,GB,United Kingdom of Great Britain and Northern Ireland,EURO,285143,9232804,1227,168231,9064573
2021-11-07,GB,United Kingdom of Great Britain and Northern Ireland,EURO,251477,9484281,1234,169465,9314816
2021-11-14,GB,United Kingdom of Great Britain and Northern Ireland,EURO,266098,9750379,1119,170584,9579795
2021-11-21,GB,United Kingdom of Great Britain and Northern Ireland,EURO,295358,10045737,1023,171607,9874130
2021-11-28,GB,United Kingdom of Great Britain and Northern Ireland,EURO,301042,10346779,940,172547,10174232
2021-12-05,GB,United Kingdom of Great Britain and Northern Ireland,EURO,335799,10682578,941,173488,10509090
2021-12-12,GB,United Kingdom of Great Britain and Northern Ireland,EURO,364101,11046679,940,174428,10872251
2021-12-19,GB,United Kingdom of Great Britain and Northern Ireland,EURO,606364,11653043,876,175304,11477739
2021-12-26,GB,United Kingdom of Great Britain and Northern Ireland,EURO,921736,12574779,855,176159,12398620
2022-01-02,GB,United Kingdom of Great Britain and Northern Ireland,EURO,1292071,13866850,985,177144,13689706
2022-01-09,GB,United Kingdom of Great Britain and Northern Ireland,EURO,1320332,15187182,1360,178504,15008678
2022-01-16,GB,United Kingdom of Great Britain and Northern Ireland,EURO,723565,15910747,1648,180152,15730595
2022-01-23,GB,United Kingdom of Great Britain and Northern Ireland,EURO,730232,16640979,1650,181802,16459177
2022-01-30,GB,United Kingdom of Great Britain and Northern Ireland,EURO,713559,17354538,1482,183284,17171254
2022-02-06,GB,United Kingdom of Great Britain and Northern Ireland,EURO,588540,17943078,1324,184608,17758470
2022-02-13,GB,United Kingdom of Great Britain and Northern Ireland,EURO,420192,18363270,1037,185645,18177625
2022-02-20,GB,United Kingdom of Great Britain and Northern Ireland,EURO,316060,18679330,947,186592,18492738
2022-02-27,GB,United Kingdom of Great Britain and Northern Ireland,EURO,251631,18930961,845,187437,18743524
2022-03-06,GB,United Kingdom of Great Britain and Northern Ireland,EURO,277241,19208202,796,188233,19019969
2022-03-13,GB,United Kingdom of Great Britain and Northern Ireland,EURO,437488,19645690,778,189011,19456679
2022-03-20,GB,United Kingdom of Great Britain and Northern Ireland,EURO,581248,20226938,951,189962,20036976
2022-03-27,GB,United Kingdom of Great Britain and Northern Ireland,EURO,606372,20833310,1176,191138,20642172
2022-04-03,GB,United Kingdom of Great Britain and Northern Ireland,EURO,478671,21311981,1272,192410,21119571
2022-04-10,GB,United Kingdom of Great Britain and Northern Ireland,EURO,299046,21611027,1426,193836,21417191
2022-04-17,GB,United Kingdom of Great Britain and Northern Ireland,EURO,209920,21820947,1340,195176,21625771
2022-04-24,GB,United Kingdom of Great Britain and Northern Ireland,EURO,146688,21967635,1137,196313,21771322
2022-05-01,GB,United Kingdom of Great Britain and Northern Ireland,EURO,94269,22061904,904,197217,21864687
2022-05-08,GB,United Kingdom of Great Britain and Northern Ireland,EURO,73460,22135364,712,197929,21937435
2022-05-15,GB,United Kingdom of Great Britain and Northern Ireland,EURO,60338,22195702,592,198521,21997181
2022-05-22,GB,United Kingdom of Great Britain and Northern Ireland,EURO,52075,22247777,441,198962,22048815
2022-05-29,GB,United Kingdom of Great Britain and Northern Ireland,EURO,42463,22290240,346,199308,22090932
2022-06-05,GB,United Kingdom of Great Britain and Northern Ireland,EURO,44731,22334971,266,199574,22135397
2022-06-12,GB,United Kingdom of Great Britain and Northern Ireland,EURO,74352,22409323,258,199832,22209491
2022-06-19,GB,United Kingdom of Great Britain and Northern Ireland,EURO,96164,22505487,299,200131,22305356
2022-06-26,GB,United Kingdom of Great Britain and Northern Ireland,EURO,130271,22635758,380,200511,22435247
2022-07-03,GB,United Kingdom of Great Britain and Northern Ireland,EURO,160214,22795972,513,201024,22594948
2022-07-10,GB,United Kingdom of Great Britain and Northern Ireland,EURO,195623,22991595,679,201703,22789892
2022-07-17,GB,United Kingdom of Great Britain and Northern Ireland,EURO,166429,23158024,873,202576,22955448
2022-07-24,GB,United Kingdom of Great Britain and Northern Ireland,EURO,110346,23268370,1067,203643,23064727
2022-07-31,GB,United Kingdom of Great Britain and Northern Ireland,EURO,74614,23342984,852,204495,23138489
2022-08-07,GB,United Kingdom of Great Britain and Northern Ireland,EURO,56953,23399937,649,205144,23194793
2022-08-14,GB,United Kingdom of Great Britain and Northern Ireland,EURO,45624,23445561,636,205780,23239781
2022-08-21,GB,United Kingdom of Great Britain and Northern Ireland,EURO,35449,23481010,530,206310,23274700
2022-08-28,GB,United Kingdom of Great Britain and Northern Ireland,EURO,29390,23510400,425,206735,23303665
2022-09-04,GB,United Kingdom of Great Britain and Northern Ireland,EURO,29213,23539613,383,207118,23332495
2022-09-11,GB,United Kingdom of Great Britain and Northern Ireland,EURO,28943,23568556,324,207442,23361114
2022-09-18,GB,United Kingdom of Great Britain and Northern Ireland,EURO,31812,23600368,305,207747,23392621
2022-09-25,GB,United Kingdom of Great Britain and Northern Ireland,EURO,42707,23643075,320,208067,23435008
2022-10-02,GB,United Kingdom of Great Britain and Northern Ireland,EURO,53755,23696830,417,208484,23488346
2022-10-09,GB,United Kingdom of Great Britain and Northern Ireland,EURO,67496,23764326,617,209101,23555225
2022-10-16,GB,United Kingdom of Great Britain and Northern Ireland,EURO,60442,23824768,751,209852,23614916
2022-10-23,GB,United Kingdom of Great Britain and Northern Ireland,EURO,52930,23877698,778,210630,23667068
2022-10-30,GB,United Kingdom of Great Britain and Northern Ireland,EURO,37668,23915366,725,211355,23704011
2022-11-06,GB,United Kingdom of Great Britain and Northern Ireland,EURO,28331,23943697,625,211980,23731717
2022-11-13,GB,United Kingdom of Great Britain and Northern Ireland,EURO,23756,23967453,471,212451,23755002
2022-11-20,GB,United Kingdom of Great Britain and Northern Ireland,EURO,21872,23989325,398,212849,23776476
2022-11-27,GB,United Kingdom of Great Britain and Northern Ireland,EURO,22911,24012236,387,213236,23799000
2022-12-04,GB,United Kingdom of Great Britain and Northern Ireland,EURO,26105,24038341,374,213610,23824731
2022-12-11,GB,United Kingdom of Great Britain and Northern Ireland,EURO,31048,24069389,450,214060,23855329
2022-12-18,GB,United Kingdom of Great Britain and Northern Ireland,EURO,41009,24110398,522,214582,23895816
2022-12-25,GB,United Kingdom of Great Britain and Northern Ireland,EURO,48639,24159037,763,215345,23943692
2023-01-01,GB,United Kingdom of Great Britain and Northern Ireland,EURO,41644,24200681,971,216316,23984365
2023-01-08,GB,United Kingdom of Great Britain and Northern Ireland,EURO,33390,24234071,951,217267,24016804
2023-01-15,GB,United Kingdom of Great Britain and Northern Ireland,EURO,19533,24253604,817,218084,24035520
2023-01-22,GB,United Kingdom of Great Britain and Northern Ireland,EURO,14136,24267740,679,218763,24048977
2023-01-29,GB,United Kingdom of Great Britain and Northern Ireland,EURO,16501,24284241,529,219292,24064949
2023-02-05,GB,United Kingdom of Great Britain and Northern Ireland,EURO,21190,24305431,493,219785,24085646
2023-02-12,GB,United Kingdom of Great Britain and Northern Ireland,EURO,23225,24328656,475,220260,24108396
2023-02-19,GB,United Kingdom of Great Britain and Northern Ireland,EURO,27956,24356612,495,220755,24135857
2023-02-26,GB,United Kingdom of Great Britain and Northern Ireland,EURO,27843,24384455,519,221274,24163181
2023-03-05,GB,United Kingdom of Great Britain and Northern Ireland,EURO,27238,24411693,582,221856,24189837
2023-03-12,GB,United Kingdom of Great Britain and Northern Ireland,EURO,29418,24441111,665,222521,24218590
2023-03-19,GB,United Kingdom of Great Britain and Northern Ireland,EURO,33341,24474452,713,223234,24251218
2023-03-26,GB,United Kingdom of Great Britain and Northern Ireland,EURO,31649,24506101,739,223973,24282128
2023-04-02,GB,United Kingdom of Great Britain and Northern Ireland,EURO,25172,24531273,691,224664,24306609
2023-04-09,GB,United Kingdom of Great Britain and Northern Ireland,EURO,16894,24548167,605,225269,24322898
2023-04-16,GB,United Kingdom of Great Britain and Northern Ireland,EURO,14917,24563084,550,225819,24337265
2023-04-23,GB,United Kingdom of Great Britain and Northern Ireland,EURO,12823,24575907,520,226339,24349568
2023-04-30,GB,United Kingdom of Great Britain and Northern Ireland,EURO,11492,24587399,406,226745,24360654
2023-05-07,GB,United Kingdom of Great Britain and Northern Ireland,EURO,11103,24598502,354,227099,24371403
2023-05-14,GB,United Kingdom of Great Britain and Northern Ireland,EURO,8978,24607480,320,227419,24380061
2023-05-21,GB,United Kingdom of Great Britain and Northern Ireland,EURO,7493,24614973,277,227696,24387277
2023-05-28,GB,United Kingdom of Great Britain and Northern Ireland,EURO,6759,24621732,236,227932,24393800
2023-06-04,GB,United Kingdom of Great Britain and Northern Ireland,EURO,5261,24626993,199,228131,24398862
2023-06-11,GB,United Kingdom of Great Britain and Northern Ireland,EURO,4895,24631888,171,228302,24403586
2023-06-18,GB,United Kingdom of Great Britain and Northern Ireland,EURO,3620,24635508,187,228489,24407019
2023-06-25,GB,United Kingdom of Great Britain and Northern Ireland,EURO,2804,24638312,115,228604,24409708
2023-07-02,GB,United Kingdom of Great Britain and Northern Ireland,EURO,2194,24640506,103,228707,24411799
2023-07-09,GB,United Kingdom of Great Britain and Northern Ireland,EURO,2455,24642961,75,228782,24414179
2023-07-16,GB,United Kingdom of Great Britain and Northern Ireland,EURO,3114,24646075,65,228847,24417228
2023-07-23,GB,United Kingdom of Great Britain and Northern Ireland,EURO,3618,24649693,65,228912,24420781
2023-07-30,GB,United Kingdom of Great Britain and Northern Ireland,EURO,4677,24654370,84,228996,24425374
2023-08-06,GB,United Kingdom of Great Britain and Northern Ireland,EURO,6313,24660683,103,229099,24431584
2023-08-13,GB,United Kingdom of Great Britain and Northern Ireland,EURO,7777,24668460,141,229240,24439220
2023-08-20,GB,United Kingdom of Great Britain and Northern Ireland,EURO,8546,24677006,206,229446,24447560
2023-08-27,GB,United Kingdom of Great Britain and Northern Ireland,EURO,8988,24685994,228,229674,24456320
2023-09-03,GB,United Kingdom of Great Britain and Northern Ireland,EURO,10471,24696465,197,229871,24466594
2023-09-10,GB,United Kingdom of Great Britain and Northern Ireland,EURO,13933,24710398,287,230158,24480240
2023-09-17,GB,United Kingdom of Great Britain and Northern Ireland,EURO,12273,24722671,303,230461,24492210
2023-09-24,GB,United Kingdom of Great Britain and Northern Ireland,EURO,13562,24736233,266,230727,24505506
2023-10-01,GB,United Kingdom of Great Britain and Northern Ireland,EURO,17422,24753655,289,231016,24522639
2023-10-08,GB,United Kingdom of Great Britain and Northern Ireland,EURO,17083,24770738,344,231360,24539378
2023-10-15,GB,United Kingdom of Great Britain and Northern Ireland,EURO,13260,24783998,364,231724,24552274
2023-10-22,GB,United Kingdom of Great Britain and Northern Ireland,EURO,9271,24793269,388,232112,24561157
2023-10-29,GB,United Kingdom of Great Britain and Northern Ireland,EURO,7325,24800594,0,232112,24568482
2023-11-05,GB,United Kingdom of Great Britain and Northern Ireland,EURO,6597,24807191,0,232112,24575079
2023-11-12,GB,United Kingdom of Great Britain and Northern Ireland,EURO,4868,24812059,0,232112,24579947
2023-11-19,GB,United Kingdom of Great Britain and Northern Ireland,EURO,5220,24817279,0,232112,24585167
2023-11-26,GB,United Kingdom of Great Britain and Northern Ireland,EURO,4731,24822010,0,232112,24589898
2023-12-03,GB,United Kingdom of Great Britain and Northern Ireland,EURO,5389,24827399,0,232112,24595287
2023-12-10,GB,United Kingdom of Great Britain and Northern Ireland,EURO,7542,24834941,0,232112,24602829
2023-12-17,GB,United Kingdom of Great Britain and Northern Ireland,EURO,9462,24844403,0,232112,24612291
2023-12-24,GB,United Kingdom of Great Britain and Northern Ireland,EURO,10703,24855106,0,232112,24622994
2023-12-31,GB,United Kingdom of Great Britain and Northern Ireland,EURO,10153,24865259,0,232112,24633147
2024-01-07,GB,United Kingdom of Great Britain and Northern Ireland,EURO,8845,24874104,0,232112,24641992
2024-01-14,GB,United Kingdom of Great Britain and Northern Ireland,EURO,6756,24880860,0,232112,24648748
2024-01-21,GB,United Kingdom of Great Britain and Northern Ireland,EURO,6539,24887399,0,232112,24655287
2024-01-28,GB,United Kingdom of Great Britain and Northern Ireland,EURO,6599,24893998,0,232112,24661886
2024-02-04,GB,United Kingdom of Great Britain and Northern Ireland,EURO,5157,24899155,0,232112,24667043
2024-02-11,GB,United Kingdom of Great Britain and Northern Ireland,EURO,4067,24903222,0,232112,24671110
2024-02-18,GB,United Kingdom of Great Britain and Northern Ireland,EURO,2877,24906099,0,232112,24673987
2024-02-25,GB,United Kingdom of Great Britain and Northern Ireland,EURO,1977,24908076,0,232112,24675964
2024-03-03,GB,United Kingdom of Great Britain and Northern Ireland,EURO,1570,24909646,0,232112,24677534
2024-03-10,GB,United Kingdom of Great Britain and Northern Ireland,EURO,1605,24911251,0,232112,24679139
2024-03-17,GB,United Kingdom of Great Britain and Northern Ireland,EURO,1719,24912970,0,232112,24680858
2024-03-24,GB,United Kingdom of Great Britain and Northern Ireland,EURO,1503,24914473,0,232112,24682361
2024-03-31,GB,United Kingdom of Great Britain and Northern Ireland,EURO,1455,24915928,0,232112,24683816
2024-04-07,GB,United Kingdom of Great Britain and Northern Ireland,EURO,1577,24917505,0,232112,24685393
2024-04-14,GB,United Kingdom of Great Britain and Northern Ireland,EURO,1480,24918985,0,232112,24686873
2024-04-21,GB,United Kingdom of Great Britain and Northern Ireland,EURO,1628,24920613,0,232112,24688501
2024-04-28,GB,United Kingdom of Great Britain and Northern Ireland,EURO,2050,24922663,0,232112,24690551
2024-05-05,GB,United Kingdom of Great Britain and Northern Ireland,EURO,2847,24925510,0,232112,24693398
2024-05-12,GB,United Kingdom of Great Britain and Northern Ireland,EURO,2949,24928459,0,232112,24696347
2024-05-19,GB,United Kingdom of Great Britain and Northern Ireland,EURO,2596,24931055,0,232112,24698943
2024-05-26,GB,United Kingdom of Great Britain and Northern Ireland,EURO,2282,24933337,0,232112,24701225
2024-06-02,GB,United Kingdom of Great Britain and Northern Ireland,EURO,2415,24935752,0,232112,24703640
2024-06-09,GB,United Kingdom of Great Britain and Northern Ireland,EURO,2873,24938625,0,232112,24706513
2024-06-16,GB,United Kingdom of Great Britain and Northern Ireland,EURO,3847,24942472,0,232112,24710360
2024-06-23,GB,United Kingdom of Great Britain and Northern Ireland,EURO,4843,24947315,0,232112,24715203
2024-06-30,GB,United Kingdom of Great Britain and Northern Ireland,EURO,4857,24952172,0,232112,24720060
2024-07-07,GB,United Kingdom of Great Britain and Northern Ireland,EURO,4752,24956924,0,232112,24724812
2024-07-14,GB,United Kingdom of Great Britain and Northern Ireland,EURO,5268,24962192,0,232112,24730080
2024-07-21,GB,United Kingdom of Great Britain and Northern Ireland,EURO,5108,24967300,0,232112,24735188
2024-07-28,GB,United Kingdom of Great Britain and Northern Ireland,EURO,4211,24971511,0,232112,24739399
2024-08-04,GB,United Kingdom of Great Britain and Northern Ireland,EURO,3490,24975001,0,232112,24742889
2024-08-11,GB,United Kingdom of Great Britain and Northern Ireland,EURO,2589,24977590,0,232112,24745478
2024-08-18,GB,United Kingdom of Great Britain and Northern Ireland,EURO,2230,24979820,0,232112,24747708
2024-08-25,GB,United Kingdom of Great Britain and Northern Ireland,EURO,2039,24981859,0,232112,24749747
2024-09-01,GB,United Kingdom of Great Britain and Northern Ireland,EURO,2237,24984096,0,232112,24751984
2024-09-08,GB,United Kingdom of Great Britain and Northern Ireland,EURO,2309,24986405,0,232112,24754293
2024-09-15,GB,United Kingdom of Great Britain and Northern Ireland,EURO,2413,24988818,0,232112,24756706
2024-09-22,GB,United Kingdom of Great Britain and Northern Ireland,EURO,3380,24992198,0,232112,24760086
2024-09-29,GB,United Kingdom of Great Britain and Northern Ireland,EURO,3443,24995641,0,232112,24763529
2024-10-06,GB,United Kingdom of Great Britain and Northern Ireland,EURO,3827,24999468,0,232112,24767356
2024-10-13,GB,United Kingdom of Great Britain and Northern Ireland,EURO,3968,25003436,0,232112,24771324
2024-10-20,GB,United Kingdom of Great Britain and Northern Ireland,EURO,3811,25007247,0,232112,24775135
2024-10-27,GB,United Kingdom of Great Britain and Northern Ireland,EURO,2918,25010165,0,232112,24778053
2024-11-03,GB,United Kingdom of Great Britain and Northern Ireland,EURO,1957,25012122,0,232112,24780010
2024-11-10,GB,United Kingdom of Great Britain and Northern Ireland,EURO,279,25012401,0,232112,24780289
2024-11-17,GB,United Kingdom of Great Britain and Northern Ireland,EURO,229,25012630,0,232112,24780518
2020-01-05,TL,Timor-Leste,SEARO,0,0,0,0,0
2020-01-12,TL,Timor-Leste,SEARO,0,0,0,0,0
2020-01-19,TL,Timor-Leste,SEARO,0,0,0,0,0
2020-01-26,TL,Timor-Leste,SEARO,0,0,0,0,0
2020-02-02,TL,Timor-Leste,SEARO,0,0,0,0,0
2020-02-09,TL,Timor-Leste,SEARO,0,0,0,0,0
2020-02-16,TL,Timor-Leste,SEARO,0,0,0,0,0
2020-02-23,TL,Timor-Leste,SEARO,0,0,0,0,0
2020-03-01,TL,Timor-Leste,SEARO,0,0,0,0,0
2020-03-08,TL,Timor-Leste,SEARO,0,0,0,0,0
2020-03-15,TL,Timor-Leste,SEARO,0,0,0,0,0
2020-03-22,TL,Timor-Leste,SEARO,1,1,0,0,1
2020-03-29,TL,Timor-Leste,SEARO,0,1,0,0,1
2020-04-05,TL,Timor-Leste,SEARO,0,1,0,0,1
2020-04-12,TL,Timor-Leste,SEARO,1,2,0,0,2
2020-04-19,TL,Timor-Leste,SEARO,17,19,0,0,19
2020-04-26,TL,Timor-Leste,SEARO,5,24,0,0,24
2020-05-03,TL,Timor-Leste,SEARO,0,24,0,0,24
2020-05-10,TL,Timor-Leste,SEARO,0,24,0,0,24
2020-05-17,TL,Timor-Leste,SEARO,0,24,0,0,24
2020-05-24,TL,Timor-Leste,SEARO,0,24,0,0,24
2020-05-31,TL,Timor-Leste,SEARO,0,24,0,0,24
2020-06-07,TL,Timor-Leste,SEARO,0,24,0,0,24
2020-06-14,TL,Timor-Leste,SEARO,0,24,0,0,24
2020-06-21,TL,Timor-Leste,SEARO,0,24,0,0,24
2020-06-28,TL,Timor-Leste,SEARO,0,24,0,0,24
2020-07-05,TL,Timor-Leste,SEARO,0,24,0,0,24
2020-07-12,TL,Timor-Leste,SEARO,0,24,0,0,24
2020-07-19,TL,Timor-Leste,SEARO,0,24,0,0,24
2020-07-26,TL,Timor-Leste,SEARO,0,24,0,0,24
2020-08-02,TL,Timor-Leste,SEARO,0,24,0,0,24
2020-08-09,TL,Timor-Leste,SEARO,1,25,0,0,25
2020-08-16,TL,Timor-Leste,SEARO,0,25,0,0,25
2020-08-23,TL,Timor-Leste,SEARO,1,26,0,0,26
2020-08-30,TL,Timor-Leste,SEARO,1,27,0,0,27
2020-09-06,TL,Timor-Leste,SEARO,0,27,0,0,27
2020-09-13,TL,Timor-Leste,SEARO,0,27,0,0,27
2020-09-20,TL,Timor-Leste,SEARO,0,27,0,0,27
2020-09-27,TL,Timor-Leste,SEARO,0,27,0,0,27
2020-10-04,TL,Timor-Leste,SEARO,1,28,0,0,28
2020-10-11,TL,Timor-Leste,SEARO,1,29,0,0,29
2020-10-18,TL,Timor-Leste,SEARO,0,29,0,0,29
2020-10-25,TL,Timor-Leste,SEARO,0,29,0,0,29
2020-11-01,TL,Timor-Leste,SEARO,1,30,0,0,30
2020-11-08,TL,Timor-Leste,SEARO,0,30,0,0,30
2020-11-15,TL,Timor-Leste,SEARO,0,30,0,0,30
2020-11-22,TL,Timor-Leste,SEARO,0,30,0,0,30
2020-11-29,TL,Timor-Leste,SEARO,0,30,0,0,30
2020-12-06,TL,Timor-Leste,SEARO,1,31,0,0,31
2020-12-13,TL,Timor-Leste,SEARO,0,31,0,0,31
2020-12-20,TL,Timor-Leste,SEARO,0,31,0,0,31
2020-12-27,TL,Timor-Leste,SEARO,10,41,0,0,41
2021-01-03,TL,Timor-Leste,SEARO,3,44,0,0,44
2021-01-10,TL,Timor-Leste,SEARO,5,49,0,0,49
2021-01-17,TL,Timor-Leste,SEARO,3,52,0,0,52
2021-01-24,TL,Timor-Leste,SEARO,15,67,0,0,67
2021-01-31,TL,Timor-Leste,SEARO,3,70,0,0,70
2021-02-07,TL,Timor-Leste,SEARO,10,80,0,0,80
2021-02-14,TL,Timor-Leste,SEARO,22,102,0,0,102
2021-02-21,TL,Timor-Leste,SEARO,1,103,0,0,103
2021-02-28,TL,Timor-Leste,SEARO,10,113,0,0,113
2021-03-07,TL,Timor-Leste,SEARO,9,122,0,0,122
2021-03-14,TL,Timor-Leste,SEARO,74,196,0,0,196
2021-03-21,TL,Timor-Leste,SEARO,130,326,0,0,326
2021-03-28,TL,Timor-Leste,SEARO,165,491,0,0,491
2021-04-04,TL,Timor-Leste,SEARO,223,714,0,0,714
2021-04-11,TL,Timor-Leste,SEARO,332,1046,1,1,1045
2021-04-18,TL,Timor-Leste,SEARO,260,1306,1,2,1304
2021-04-25,TL,Timor-Leste,SEARO,591,1897,1,3,1894
2021-05-02,TL,Timor-Leste,SEARO,547,2444,1,4,2440
2021-05-09,TL,Timor-Leste,SEARO,783,3227,1,5,3222
2021-05-16,TL,Timor-Leste,SEARO,1231,4458,5,10,4448
2021-05-23,TL,Timor-Leste,SEARO,1179,5637,3,13,5624
2021-05-30,TL,Timor-Leste,SEARO,1260,6897,3,16,6881
2021-06-06,TL,Timor-Leste,SEARO,843,7740,1,17,7723
2021-06-13,TL,Timor-Leste,SEARO,545,8285,1,18,8267
2021-06-20,TL,Timor-Leste,SEARO,422,8707,1,19,8688
2021-06-27,TL,Timor-Leste,SEARO,328,9035,2,21,9014
2021-07-04,TL,Timor-Leste,SEARO,441,9476,3,24,9452
2021-07-11,TL,Timor-Leste,SEARO,347,9823,1,25,9798
2021-07-18,TL,Timor-Leste,SEARO,305,10128,1,26,10102
2021-07-25,TL,Timor-Leste,SEARO,220,10348,0,26,10322
2021-08-01,TL,Timor-Leste,SEARO,618,10966,0,26,10940
2021-08-08,TL,Timor-Leste,SEARO,563,11529,1,27,11502
2021-08-15,TL,Timor-Leste,SEARO,1036,12565,3,30,12535
2021-08-22,TL,Timor-Leste,SEARO,1651,14216,18,48,14168
2021-08-29,TL,Timor-Leste,SEARO,2186,16402,14,62,16340
2021-09-05,TL,Timor-Leste,SEARO,1216,17618,18,80,17538
2021-09-12,TL,Timor-Leste,SEARO,897,18515,15,95,18420
2021-09-19,TL,Timor-Leste,SEARO,518,19033,9,104,18929
2021-09-26,TL,Timor-Leste,SEARO,349,19382,9,113,19269
2021-10-03,TL,Timor-Leste,SEARO,200,19582,5,118,19464
2021-10-10,TL,Timor-Leste,SEARO,91,19673,1,119,19554
2021-10-17,TL,Timor-Leste,SEARO,41,19714,0,119,19595
2021-10-24,TL,Timor-Leste,SEARO,56,19770,2,121,19649
2021-10-31,TL,Timor-Leste,SEARO,20,19790,1,122,19668
2021-11-07,TL,Timor-Leste,SEARO,9,19799,0,122,19677
2021-11-14,TL,Timor-Leste,SEARO,10,19809,0,122,19687
2021-11-21,TL,Timor-Leste,SEARO,10,19819,0,122,19697
2021-11-28,TL,Timor-Leste,SEARO,3,19822,0,122,19700
2021-12-05,TL,Timor-Leste,SEARO,6,19828,0,122,19706
2021-12-12,TL,Timor-Leste,SEARO,1,19829,0,122,19707
2021-12-19,TL,Timor-Leste,SEARO,4,19833,0,122,19711
2021-12-26,TL,Timor-Leste,SEARO,0,19833,0,122,19711
2022-01-02,TL,Timor-Leste,SEARO,6,19839,0,122,19717
2022-01-09,TL,Timor-Leste,SEARO,17,19856,0,122,19734
2022-01-16,TL,Timor-Leste,SEARO,7,19863,0,122,19741
2022-01-23,TL,Timor-Leste,SEARO,5,19868,0,122,19746
2022-01-30,TL,Timor-Leste,SEARO,69,19937,0,122,19815
2022-02-06,TL,Timor-Leste,SEARO,466,20403,0,122,20281
2022-02-13,TL,Timor-Leste,SEARO,1228,21631,2,124,21507
2022-02-20,TL,Timor-Leste,SEARO,727,22358,1,125,22233
2022-02-27,TL,Timor-Leste,SEARO,310,22668,3,128,22540
2022-03-06,TL,Timor-Leste,SEARO,91,22759,1,129,22630
2022-03-13,TL,Timor-Leste,SEARO,32,22791,0,129,22662
2022-03-20,TL,Timor-Leste,SEARO,14,22805,1,130,22675
2022-03-27,TL,Timor-Leste,SEARO,16,22821,0,130,22691
2022-04-03,TL,Timor-Leste,SEARO,11,22832,0,130,22702
2022-04-10,TL,Timor-Leste,SEARO,10,22842,0,130,22712
2022-04-17,TL,Timor-Leste,SEARO,11,22853,0,130,22723
2022-04-24,TL,Timor-Leste,SEARO,7,22860,0,130,22730
2022-05-01,TL,Timor-Leste,SEARO,11,22871,0,130,22741
2022-05-08,TL,Timor-Leste,SEARO,14,22885,0,130,22755
2022-05-15,TL,Timor-Leste,SEARO,4,22889,1,131,22758
2022-05-22,TL,Timor-Leste,SEARO,6,22895,0,131,22764
2022-05-29,TL,Timor-Leste,SEARO,17,22912,0,131,22781
2022-06-05,TL,Timor-Leste,SEARO,13,22925,0,131,22794
2022-06-12,TL,Timor-Leste,SEARO,8,22933,2,133,22800
2022-06-19,TL,Timor-Leste,SEARO,11,22944,0,133,22811
2022-06-26,TL,Timor-Leste,SEARO,7,22951,0,133,22818
2022-07-03,TL,Timor-Leste,SEARO,8,22959,0,133,22826
2022-07-10,TL,Timor-Leste,SEARO,12,22971,0,133,22838
2022-07-17,TL,Timor-Leste,SEARO,7,22978,0,133,22845
2022-07-24,TL,Timor-Leste,SEARO,8,22986,0,133,22853
2022-07-31,TL,Timor-Leste,SEARO,18,23004,0,133,22871
2022-08-07,TL,Timor-Leste,SEARO,35,23039,1,134,22905
2022-08-14,TL,Timor-Leste,SEARO,44,23083,1,135,22948
2022-08-21,TL,Timor-Leste,SEARO,33,23116,0,135,22981
2022-08-28,TL,Timor-Leste,SEARO,44,23160,2,137,23023
2022-09-04,TL,Timor-Leste,SEARO,25,23185,1,138,23047
2022-09-11,TL,Timor-Leste,SEARO,33,23218,0,138,23080
2022-09-18,TL,Timor-Leste,SEARO,21,23239,0,138,23101
2022-09-25,TL,Timor-Leste,SEARO,14,23253,0,138,23115
2022-10-02,TL,Timor-Leste,SEARO,4,23257,0,138,23119
2022-10-09,TL,Timor-Leste,SEARO,14,23271,0,138,23133
2022-10-16,TL,Timor-Leste,SEARO,16,23287,0,138,23149
2022-10-23,TL,Timor-Leste,SEARO,12,23299,0,138,23161
2022-10-30,TL,Timor-Leste,SEARO,2,23301,0,138,23163
2022-11-06,TL,Timor-Leste,SEARO,4,23305,0,138,23167
2022-11-13,TL,Timor-Leste,SEARO,9,23314,0,138,23176
2022-11-20,TL,Timor-Leste,SEARO,13,23327,0,138,23189
2022-11-27,TL,Timor-Leste,SEARO,11,23338,0,138,23200
2022-12-04,TL,Timor-Leste,SEARO,17,23355,0,138,23217
2022-12-11,TL,Timor-Leste,SEARO,14,23369,0,138,23231
2022-12-18,TL,Timor-Leste,SEARO,16,23385,0,138,23247
2022-12-25,TL,Timor-Leste,SEARO,3,23388,0,138,23250
2023-01-01,TL,Timor-Leste,SEARO,9,23397,0,138,23259
2023-01-08,TL,Timor-Leste,SEARO,6,23403,0,138,23265
2023-01-15,TL,Timor-Leste,SEARO,2,23405,0,138,23267
2023-01-22,TL,Timor-Leste,SEARO,5,23410,0,138,23272
2023-01-29,TL,Timor-Leste,SEARO,4,23414,0,138,23276
2023-02-05,TL,Timor-Leste,SEARO,2,23416,0,138,23278
2023-02-12,TL,Timor-Leste,SEARO,1,23417,0,138,23279
2023-02-19,TL,Timor-Leste,SEARO,1,23418,0,138,23280
2023-02-26,TL,Timor-Leste,SEARO,0,23418,0,138,23280
2023-03-05,TL,Timor-Leste,SEARO,1,23419,0,138,23281
2023-03-12,TL,Timor-Leste,SEARO,0,23419,0,138,23281
2023-03-19,TL,Timor-Leste,SEARO,2,23421,0,138,23283
2023-03-26,TL,Timor-Leste,SEARO,2,23423,0,138,23285
2023-04-02,TL,Timor-Leste,SEARO,0,23423,0,138,23285
2023-04-09,TL,Timor-Leste,SEARO,0,23423,0,138,23285
2023-04-16,TL,Timor-Leste,SEARO,2,23425,0,138,23287
2023-04-23,TL,Timor-Leste,SEARO,2,23427,0,138,23289
2023-04-30,TL,Timor-Leste,SEARO,1,23428,0,138,23290
2023-05-07,TL,Timor-Leste,SEARO,3,23431,0,138,23293
2023-05-14,TL,Timor-Leste,SEARO,11,23442,0,138,23304
2023-05-21,TL,Timor-Leste,SEARO,1,23443,0,138,23305
2023-05-28,TL,Timor-Leste,SEARO,5,23448,0,138,23310
2023-06-04,TL,Timor-Leste,SEARO,2,23450,0,138,23312
2023-06-11,TL,Timor-Leste,SEARO,6,23456,0,138,23318
2023-06-18,TL,Timor-Leste,SEARO,0,23456,0,138,23318
2023-06-25,TL,Timor-Leste,SEARO,1,23457,0,138,23319
2023-07-02,TL,Timor-Leste,SEARO,0,23457,0,138,23319
2023-07-09,TL,Timor-Leste,SEARO,1,23458,0,138,23320
2023-07-16,TL,Timor-Leste,SEARO,2,23460,0,138,23322
2023-07-23,TL,Timor-Leste,SEARO,0,23460,0,138,23322
2023-07-30,TL,Timor-Leste,SEARO,0,23460,0,138,23322
2023-08-06,TL,Timor-Leste,SEARO,0,23460,0,138,23322
2023-08-13,TL,Timor-Leste,SEARO,0,23460,0,138,23322
2023-08-20,TL,Timor-Leste,SEARO,0,23460,0,138,23322
2023-08-27,TL,Timor-Leste,SEARO,0,23460,0,138,23322
2023-09-03,TL,Timor-Leste,SEARO,0,23460,0,138,23322
2023-09-10,TL,Timor-Leste,SEARO,0,23460,0,138,23322
2023-09-17,TL,Timor-Leste,SEARO,0,23460,0,138,23322
2023-09-24,TL,Timor-Leste,SEARO,0,23460,0,138,23322
2023-10-01,TL,Timor-Leste,SEARO,0,23460,0,138,23322
2023-10-08,TL,Timor-Leste,SEARO,0,23460,0,138,23322
2023-10-15,TL,Timor-Leste,SEARO,0,23460,0,138,23322
2023-10-22,TL,Timor-Leste,SEARO,0,23460,0,138,23322
2023-10-29,TL,Timor-Leste,SEARO,0,23460,0,138,23322
2023-11-05,TL,Timor-Leste,SEARO,0,23460,0,138,23322
2023-11-12,TL,Timor-Leste,SEARO,0,23460,0,138,23322
2023-11-19,TL,Timor-Leste,SEARO,0,23460,0,138,23322
2023-11-26,TL,Timor-Leste,SEARO,0,23460,0,138,23322
2023-12-03,TL,Timor-Leste,SEARO,0,23460,0,138,23322
2023-12-10,TL,Timor-Leste,SEARO,0,23460,0,138,23322
2023-12-17,TL,Timor-Leste,SEARO,0,23460,0,138,23322
2023-12-24,TL,Timor-Leste,SEARO,0,23460,0,138,23322
2023-12-31,TL,Timor-Leste,SEARO,0,23460,0,138,23322
2024-01-07,TL,Timor-Leste,SEARO,0,23460,0,138,23322
2024-01-14,TL,Timor-Leste,SEARO,0,23460,0,138,23322
2024-01-21,TL,Timor-Leste,SEARO,0,23460,0,138,23322
2024-01-28,TL,Timor-Leste,SEARO,0,23460,0,138,23322
2024-02-04,TL,Timor-Leste,SEARO,0,23460,0,138,23322
2024-02-11,TL,Timor-Leste,SEARO,0,23460,0,138,23322
2024-02-18,TL,Timor-Leste,SEARO,0,23460,0,138,23322
2024-02-25,TL,Timor-Leste,SEARO,0,23460,0,138,23322
2024-03-03,TL,Timor-Leste,SEARO,0,23460,0,138,23322
2024-03-10,TL,Timor-Leste,SEARO,0,23460,0,138,23322
2024-03-17,TL,Timor-Leste,SEARO,0,23460,0,138,23322
2024-03-24,TL,Timor-Leste,SEARO,0,23460,0,138,23322
2024-03-31,TL,Timor-Leste,SEARO,0,23460,0,138,23322
2024-04-07,TL,Timor-Leste,SEARO,0,23460,0,138,23322
2024-04-14,TL,Timor-Leste,SEARO,0,23460,0,138,23322
2024-04-21,TL,Timor-Leste,SEARO,0,23460,0,138,23322
2024-04-28,TL,Timor-Leste,SEARO,0,23460,0,138,23322
2024-05-05,TL,Timor-Leste,SEARO,0,23460,0,138,23322
2024-05-12,TL,Timor-Leste,SEARO,0,23460,0,138,23322
2024-05-19,TL,Timor-Leste,SEARO,0,23460,0,138,23322
2024-05-26,TL,Timor-Leste,SEARO,0,23460,0,138,23322
2024-06-02,TL,Timor-Leste,SEARO,0,23460,0,138,23322
2024-06-09,TL,Timor-Leste,SEARO,0,23460,0,138,23322
2024-06-16,TL,Timor-Leste,SEARO,0,23460,0,138,23322
2024-06-23,TL,Timor-Leste,SEARO,0,23460,0,138,23322
2024-06-30,TL,Timor-Leste,SEARO,0,23460,0,138,23322
2024-07-07,TL,Timor-Leste,SEARO,0,23460,0,138,23322
2024-07-14,TL,Timor-Leste,SEARO,0,23460,0,138,23322
2024-07-21,TL,Timor-Leste,SEARO,0,23460,0,138,23322
2024-07-28,TL,Timor-Leste,SEARO,0,23460,0,138,23322
2024-08-04,TL,Timor-Leste,SEARO,0,23460,0,138,23322
2024-08-11,TL,Timor-Leste,SEARO,0,23460,0,138,23322
2024-08-18,TL,Timor-Leste,SEARO,0,23460,0,138,23322
2024-08-25,TL,Timor-Leste,SEARO,0,23460,0,138,23322
2024-09-01,TL,Timor-Leste,SEARO,0,23460,0,138,23322
2024-09-08,TL,Timor-Leste,SEARO,0,23460,0,138,23322
2024-09-15,TL,Timor-Leste,SEARO,0,23460,0,138,23322
2024-09-22,TL,Timor-Leste,SEARO,0,23460,0,138,23322
2024-09-29,TL,Timor-Leste,SEARO,0,23460,0,138,23322
2024-10-06,TL,Timor-Leste,SEARO,0,23460,0,138,23322
2024-10-13,TL,Timor-Leste,SEARO,0,23460,0,138,23322
2024-10-20,TL,Timor-Leste,SEARO,0,23460,0,138,23322
2024-10-27,TL,Timor-Leste,SEARO,0,23460,0,138,23322
2024-11-03,TL,Timor-Leste,SEARO,0,23460,0,138,23322
2024-11-10,TL,Timor-Leste,SEARO,0,23460,0,138,23322
2024-11-17,TL,Timor-Leste,SEARO,0,23460,0,138,23322
2020-01-05,TG,Togo,AFRO,0,0,0,0,0
2020-01-12,TG,Togo,AFRO,0,0,0,0,0
2020-01-19,TG,Togo,AFRO,0,0,0,0,0
2020-01-26,TG,Togo,AFRO,0,0,0,0,0
2020-02-02,TG,Togo,AFRO,0,0,0,0,0
2020-02-09,TG,Togo,AFRO,0,0,0,0,0
2020-02-16,TG,Togo,AFRO,0,0,0,0,0
2020-02-23,TG,Togo,AFRO,0,0,0,0,0
2020-03-01,TG,Togo,AFRO,0,0,0,0,0
2020-03-08,TG,Togo,AFRO,1,1,0,0,1
2020-03-15,TG,Togo,AFRO,0,1,0,0,1
2020-03-22,TG,Togo,AFRO,14,15,0,0,15
2020-03-29,TG,Togo,AFRO,13,28,1,1,27
2020-04-05,TG,Togo,AFRO,13,41,2,3,38
2020-04-12,TG,Togo,AFRO,35,76,0,3,73
2020-04-19,TG,Togo,AFRO,8,84,2,5,79
2020-04-26,TG,Togo,AFRO,12,96,1,6,90
2020-05-03,TG,Togo,AFRO,27,123,3,9,114
2020-05-10,TG,Togo,AFRO,50,173,2,11,162
2020-05-17,TG,Togo,AFRO,125,298,0,11,287
2020-05-24,TG,Togo,AFRO,75,373,1,12,361
2020-05-31,TG,Togo,AFRO,60,433,1,13,420
2020-06-07,TG,Togo,AFRO,54,487,0,13,474
2020-06-14,TG,Togo,AFRO,38,525,0,13,512
2020-06-21,TG,Togo,AFRO,36,561,0,13,548
2020-06-28,TG,Togo,AFRO,54,615,1,14,601
2020-07-05,TG,Togo,AFRO,61,676,0,14,662
2020-07-12,TG,Togo,AFRO,42,718,1,15,703
2020-07-19,TG,Togo,AFRO,56,774,0,15,759
2020-07-26,TG,Togo,AFRO,79,853,2,17,836
2020-08-02,TG,Togo,AFRO,105,958,2,19,939
2020-08-09,TG,Togo,AFRO,88,1046,3,22,1024
2020-08-16,TG,Togo,AFRO,85,1131,5,27,1104
2020-08-23,TG,Togo,AFRO,144,1275,0,27,1248
2020-08-30,TG,Togo,AFRO,115,1390,0,27,1363
2020-09-06,TG,Togo,AFRO,84,1474,5,32,1442
2020-09-13,TG,Togo,AFRO,81,1555,5,37,1518
2020-09-20,TG,Togo,AFRO,104,1659,4,41,1618
2020-09-27,TG,Togo,AFRO,77,1736,5,46,1690
2020-10-04,TG,Togo,AFRO,104,1840,2,48,1792
2020-10-11,TG,Togo,AFRO,95,1935,1,49,1886
2020-10-18,TG,Togo,AFRO,114,2049,2,51,1998
2020-10-25,TG,Togo,AFRO,138,2187,1,52,2135
2020-11-01,TG,Togo,AFRO,144,2331,5,57,2274
2020-11-08,TG,Togo,AFRO,152,2483,0,57,2426
2020-11-15,TG,Togo,AFRO,168,2651,3,60,2591
2020-11-22,TG,Togo,AFRO,178,2829,4,64,2765
2020-11-29,TG,Togo,AFRO,117,2946,0,64,2882
2020-12-06,TG,Togo,AFRO,139,3085,1,65,3020
2020-12-13,TG,Togo,AFRO,136,3221,1,66,3155
2020-12-20,TG,Togo,AFRO,175,3396,0,66,3330
2020-12-27,TG,Togo,AFRO,159,3555,2,68,3487
2021-01-03,TG,Togo,AFRO,128,3683,0,68,3615
2021-01-10,TG,Togo,AFRO,249,3932,4,72,3860
2021-01-17,TG,Togo,AFRO,340,4272,1,73,4199
2021-01-24,TG,Togo,AFRO,364,4636,1,74,4562
2021-01-31,TG,Togo,AFRO,405,5041,3,77,4964
2021-02-07,TG,Togo,AFRO,395,5436,2,79,5357
2021-02-14,TG,Togo,AFRO,387,5823,1,80,5743
2021-02-21,TG,Togo,AFRO,445,6268,1,81,6187
2021-02-28,TG,Togo,AFRO,583,6851,2,83,6768
2021-03-07,TG,Togo,AFRO,670,7521,7,90,7431
2021-03-14,TG,Togo,AFRO,549,8070,5,95,7975
2021-03-21,TG,Togo,AFRO,769,8839,7,102,8737
2021-03-28,TG,Togo,AFRO,988,9827,5,107,9720
2021-04-04,TG,Togo,AFRO,1237,11064,3,110,10954
2021-04-11,TG,Togo,AFRO,883,11947,6,116,11831
2021-04-18,TG,Togo,AFRO,549,12496,3,119,12377
2021-04-25,TG,Togo,AFRO,291,12787,2,121,12666
2021-05-02,TG,Togo,AFRO,205,12992,2,123,12869
2021-05-09,TG,Togo,AFRO,149,13141,1,124,13017
2021-05-16,TG,Togo,AFRO,103,13244,1,125,13119
2021-05-23,TG,Togo,AFRO,119,13363,0,125,13238
2021-05-30,TG,Togo,AFRO,84,13447,0,125,13322
2021-06-06,TG,Togo,AFRO,86,13533,0,125,13408
2021-06-13,TG,Togo,AFRO,87,13620,1,126,13494
2021-06-20,TG,Togo,AFRO,95,13715,1,127,13588
2021-06-27,TG,Togo,AFRO,101,13816,1,128,13688
2021-07-04,TG,Togo,AFRO,223,14039,2,130,13909
2021-07-11,TG,Togo,AFRO,193,14232,3,133,14099
2021-07-18,TG,Togo,AFRO,370,14602,4,137,14465
2021-07-25,TG,Togo,AFRO,470,15072,6,143,14929
2021-08-01,TG,Togo,AFRO,726,15798,9,152,15646
2021-08-08,TG,Togo,AFRO,930,16728,5,157,16571
2021-08-15,TG,Togo,AFRO,1118,17846,8,165,17681
2021-08-22,TG,Togo,AFRO,1645,19491,7,172,19319
2021-08-29,TG,Togo,AFRO,1546,21037,8,180,20857
2021-09-05,TG,Togo,AFRO,1407,22444,14,194,22250
2021-09-12,TG,Togo,AFRO,1174,23618,11,205,23413
2021-09-19,TG,Togo,AFRO,901,24519,8,213,24306
2021-09-26,TG,Togo,AFRO,644,25163,9,222,24941
2021-10-03,TG,Togo,AFRO,372,25535,11,233,25302
2021-10-10,TG,Togo,AFRO,225,25760,2,235,25525
2021-10-17,TG,Togo,AFRO,126,25886,3,238,25648
2021-10-24,TG,Togo,AFRO,103,25989,4,242,25747
2021-10-31,TG,Togo,AFRO,79,26068,0,242,25826
2021-11-07,TG,Togo,AFRO,46,26114,1,243,25871
2021-11-14,TG,Togo,AFRO,38,26152,0,243,25909
2021-11-21,TG,Togo,AFRO,53,26205,0,243,25962
2021-11-28,TG,Togo,AFRO,38,26243,0,243,26000
2021-12-05,TG,Togo,AFRO,48,26291,0,243,26048
2021-12-12,TG,Togo,AFRO,98,26389,0,243,26146
2021-12-19,TG,Togo,AFRO,213,26602,1,244,26358
2021-12-26,TG,Togo,AFRO,1390,27992,2,246,27746
2022-01-02,TG,Togo,AFRO,3173,31165,2,248,30917
2022-01-09,TG,Togo,AFRO,2750,33915,5,253,33662
2022-01-16,TG,Togo,AFRO,1936,35851,8,261,35590
2022-01-23,TG,Togo,AFRO,429,36280,5,266,36014
2022-01-30,TG,Togo,AFRO,207,36487,2,268,36219
2022-02-06,TG,Togo,AFRO,70,36557,0,268,36289
2022-02-13,TG,Togo,AFRO,77,36634,2,270,36364
2022-02-20,TG,Togo,AFRO,90,36724,1,271,36453
2022-02-27,TG,Togo,AFRO,74,36798,1,272,36526
2022-03-06,TG,Togo,AFRO,23,36821,0,272,36549
2022-03-13,TG,Togo,AFRO,29,36850,0,272,36578
2022-03-20,TG,Togo,AFRO,28,36878,0,272,36606
2022-03-27,TG,Togo,AFRO,33,36911,0,272,36639
2022-04-03,TG,Togo,AFRO,32,36943,0,272,36671
2022-04-10,TG,Togo,AFRO,14,36957,0,272,36685
2022-04-17,TG,Togo,AFRO,6,36963,1,273,36690
2022-04-24,TG,Togo,AFRO,14,36977,0,273,36704
2022-05-01,TG,Togo,AFRO,12,36989,0,273,36716
2022-05-08,TG,Togo,AFRO,11,37000,0,273,36727
2022-05-15,TG,Togo,AFRO,23,37023,0,273,36750
2022-05-22,TG,Togo,AFRO,21,37044,0,273,36771
2022-05-29,TG,Togo,AFRO,35,37079,0,273,36806
2022-06-05,TG,Togo,AFRO,47,37126,0,273,36853
2022-06-12,TG,Togo,AFRO,63,37189,0,273,36916
2022-06-19,TG,Togo,AFRO,58,37247,0,273,36974
2022-06-26,TG,Togo,AFRO,81,37328,2,275,37053
2022-07-03,TG,Togo,AFRO,140,37468,0,275,37193
2022-07-10,TG,Togo,AFRO,140,37608,0,275,37333
2022-07-17,TG,Togo,AFRO,190,37798,0,275,37523
2022-07-24,TG,Togo,AFRO,158,37956,1,276,37680
2022-07-31,TG,Togo,AFRO,128,38084,4,280,37804
2022-08-07,TG,Togo,AFRO,108,38192,1,281,37911
2022-08-14,TG,Togo,AFRO,93,38285,0,281,38004
2022-08-21,TG,Togo,AFRO,70,38355,1,282,38073
2022-08-28,TG,Togo,AFRO,82,38437,0,282,38155
2022-09-04,TG,Togo,AFRO,102,38539,1,283,38256
2022-09-11,TG,Togo,AFRO,100,38639,1,284,38355
2022-09-18,TG,Togo,AFRO,128,38767,0,284,38483
2022-09-25,TG,Togo,AFRO,196,38963,0,284,38679
2022-10-02,TG,Togo,AFRO,123,39086,1,285,38801
2022-10-09,TG,Togo,AFRO,103,39189,1,286,38903
2022-10-16,TG,Togo,AFRO,63,39252,1,287,38965
2022-10-23,TG,Togo,AFRO,32,39284,2,289,38995
2022-10-30,TG,Togo,AFRO,14,39298,1,290,39008
2022-11-06,TG,Togo,AFRO,13,39311,0,290,39021
2022-11-13,TG,Togo,AFRO,8,39319,0,290,39029
2022-11-20,TG,Togo,AFRO,4,39323,0,290,39033
2022-11-27,TG,Togo,AFRO,3,39326,0,290,39036
2022-12-04,TG,Togo,AFRO,6,39332,0,290,39042
2022-12-11,TG,Togo,AFRO,5,39337,0,290,39047
2022-12-18,TG,Togo,AFRO,2,39339,0,290,39049
2022-12-25,TG,Togo,AFRO,2,39341,0,290,39051
2023-01-01,TG,Togo,AFRO,3,39344,0,290,39054
2023-01-08,TG,Togo,AFRO,5,39349,0,290,39059
2023-01-15,TG,Togo,AFRO,2,39351,0,290,39061
2023-01-22,TG,Togo,AFRO,2,39353,0,290,39063
2023-01-29,TG,Togo,AFRO,1,39354,0,290,39064
2023-02-05,TG,Togo,AFRO,2,39356,0,290,39066
2023-02-12,TG,Togo,AFRO,6,39362,0,290,39072
2023-02-19,TG,Togo,AFRO,5,39367,0,290,39077
2023-02-26,TG,Togo,AFRO,8,39375,0,290,39085
2023-03-05,TG,Togo,AFRO,17,39392,0,290,39102
2023-03-12,TG,Togo,AFRO,15,39407,0,290,39117
2023-03-19,TG,Togo,AFRO,14,39421,0,290,39131
2023-03-26,TG,Togo,AFRO,20,39441,0,290,39151
2023-04-02,TG,Togo,AFRO,17,39458,0,290,39168
2023-04-09,TG,Togo,AFRO,10,39468,0,290,39178
2023-04-16,TG,Togo,AFRO,3,39471,0,290,39181
2023-04-23,TG,Togo,AFRO,5,39476,0,290,39186
2023-04-30,TG,Togo,AFRO,10,39486,0,290,39196
2023-05-07,TG,Togo,AFRO,4,39490,0,290,39200
2023-05-14,TG,Togo,AFRO,1,39491,0,290,39201
2023-05-21,TG,Togo,AFRO,5,39496,0,290,39206
2023-05-28,TG,Togo,AFRO,3,39499,0,290,39209
2023-06-04,TG,Togo,AFRO,0,39499,0,290,39209
2023-06-11,TG,Togo,AFRO,1,39500,0,290,39210
2023-06-18,TG,Togo,AFRO,3,39503,0,290,39213
2023-06-25,TG,Togo,AFRO,1,39504,0,290,39214
2023-07-02,TG,Togo,AFRO,2,39506,0,290,39216
2023-07-09,TG,Togo,AFRO,0,39506,0,290,39216
2023-07-16,TG,Togo,AFRO,1,39507,0,290,39217
2023-07-23,TG,Togo,AFRO,3,39510,0,290,39220
2023-07-30,TG,Togo,AFRO,0,39510,0,290,39220
2023-08-06,TG,Togo,AFRO,1,39511,0,290,39221
2023-08-13,TG,Togo,AFRO,2,39513,0,290,39223
2023-08-20,TG,Togo,AFRO,0,39513,0,290,39223
2023-08-27,TG,Togo,AFRO,1,39514,0,290,39224
2023-09-03,TG,Togo,AFRO,0,39514,0,290,39224
2023-09-10,TG,Togo,AFRO,0,39514,0,290,39224
2023-09-17,TG,Togo,AFRO,2,39516,0,290,39226
2023-09-24,TG,Togo,AFRO,2,39518,0,290,39228
2023-10-01,TG,Togo,AFRO,4,39522,0,290,39232
2023-10-08,TG,Togo,AFRO,2,39524,0,290,39234
2023-10-15,TG,Togo,AFRO,1,39525,0,290,39235
2023-10-22,TG,Togo,AFRO,2,39527,0,290,39237
2023-10-29,TG,Togo,AFRO,0,39527,0,290,39237
2023-11-05,TG,Togo,AFRO,0,39527,0,290,39237
2023-11-12,TG,Togo,AFRO,0,39527,0,290,39237
2023-11-19,TG,Togo,AFRO,0,39527,0,290,39237
2023-11-26,TG,Togo,AFRO,0,39527,0,290,39237
2023-12-03,TG,Togo,AFRO,0,39527,0,290,39237
2023-12-10,TG,Togo,AFRO,0,39527,0,290,39237
2023-12-17,TG,Togo,AFRO,0,39527,0,290,39237
2023-12-24,TG,Togo,AFRO,0,39527,0,290,39237
2023-12-31,TG,Togo,AFRO,0,39527,0,290,39237
2024-01-07,TG,Togo,AFRO,0,39527,0,290,39237
2024-01-14,TG,Togo,AFRO,0,39527,0,290,39237
2024-01-21,TG,Togo,AFRO,0,39527,0,290,39237
2024-01-28,TG,Togo,AFRO,0,39527,0,290,39237
2024-02-04,TG,Togo,AFRO,0,39527,0,290,39237
2024-02-11,TG,Togo,AFRO,0,39527,0,290,39237
2024-02-18,TG,Togo,AFRO,0,39527,0,290,39237
2024-02-25,TG,Togo,AFRO,0,39527,0,290,39237
2024-03-03,TG,Togo,AFRO,0,39527,0,290,39237
2024-03-10,TG,Togo,AFRO,0,39527,0,290,39237
2024-03-17,TG,Togo,AFRO,1,39528,0,290,39238
2024-03-24,TG,Togo,AFRO,0,39528,0,290,39238
2024-03-31,TG,Togo,AFRO,0,39528,0,290,39238
2024-04-07,TG,Togo,AFRO,1,39529,0,290,39239
2024-04-14,TG,Togo,AFRO,0,39529,0,290,39239
2024-04-21,TG,Togo,AFRO,1,39530,0,290,39240
2024-04-28,TG,Togo,AFRO,0,39530,0,290,39240
2024-05-05,TG,Togo,AFRO,0,39530,0,290,39240
2024-05-12,TG,Togo,AFRO,0,39530,0,290,39240
2024-05-19,TG,Togo,AFRO,0,39530,0,290,39240
2024-05-26,TG,Togo,AFRO,0,39530,0,290,39240
2024-06-02,TG,Togo,AFRO,0,39530,0,290,39240
2024-06-09,TG,Togo,AFRO,0,39530,0,290,39240
2024-06-16,TG,Togo,AFRO,0,39530,0,290,39240
2024-06-23,TG,Togo,AFRO,0,39530,0,290,39240
2024-06-30,TG,Togo,AFRO,0,39530,0,290,39240
2024-07-07,TG,Togo,AFRO,0,39530,0,290,39240
2024-07-14,TG,Togo,AFRO,0,39530,0,290,39240
2024-07-21,TG,Togo,AFRO,0,39530,0,290,39240
2024-07-28,TG,Togo,AFRO,0,39530,0,290,39240
2024-08-04,TG,Togo,AFRO,0,39530,0,290,39240
2024-08-11,TG,Togo,AFRO,0,39530,0,290,39240
2024-08-18,TG,Togo,AFRO,0,39530,0,290,39240
2024-08-25,TG,Togo,AFRO,0,39530,0,290,39240
2024-09-01,TG,Togo,AFRO,0,39530,0,290,39240
2024-09-08,TG,Togo,AFRO,0,39530,0,290,39240
2024-09-15,TG,Togo,AFRO,0,39530,0,290,39240
2024-09-22,TG,Togo,AFRO,1,39531,0,290,39241
2024-09-29,TG,Togo,AFRO,0,39531,0,290,39241
2024-10-06,TG,Togo,AFRO,2,39533,0,290,39243
2024-10-13,TG,Togo,AFRO,0,39533,0,290,39243
2024-10-20,TG,Togo,AFRO,0,39533,0,290,39243
2024-10-27,TG,Togo,AFRO,2,39535,0,290,39245
2024-11-03,TG,Togo,AFRO,0,39535,0,290,39245
2024-11-10,TG,Togo,AFRO,0,39535,0,290,39245
2024-11-17,TG,Togo,AFRO,0,39535,0,290,39245
2020-01-05,TK,Tokelau,WPRO,0,0,0,0,0
2020-01-12,TK,Tokelau,WPRO,0,0,0,0,0
2020-01-19,TK,Tokelau,WPRO,0,0,0,0,0
2020-01-26,TK,Tokelau,WPRO,0,0,0,0,0
2020-02-02,TK,Tokelau,WPRO,0,0,0,0,0
2020-02-09,TK,Tokelau,WPRO,0,0,0,0,0
2020-02-16,TK,Tokelau,WPRO,0,0,0,0,0
2020-02-23,TK,Tokelau,WPRO,0,0,0,0,0
2020-03-01,TK,Tokelau,WPRO,0,0,0,0,0
2020-03-08,TK,Tokelau,WPRO,0,0,0,0,0
2020-03-15,TK,Tokelau,WPRO,0,0,0,0,0
2020-03-22,TK,Tokelau,WPRO,0,0,0,0,0
2020-03-29,TK,Tokelau,WPRO,0,0,0,0,0
2020-04-05,TK,Tokelau,WPRO,0,0,0,0,0
2020-04-12,TK,Tokelau,WPRO,0,0,0,0,0
2020-04-19,TK,Tokelau,WPRO,0,0,0,0,0
2020-04-26,TK,Tokelau,WPRO,0,0,0,0,0
2020-05-03,TK,Tokelau,WPRO,0,0,0,0,0
2020-05-10,TK,Tokelau,WPRO,0,0,0,0,0
2020-05-17,TK,Tokelau,WPRO,0,0,0,0,0
2020-05-24,TK,Tokelau,WPRO,0,0,0,0,0
2020-05-31,TK,Tokelau,WPRO,0,0,0,0,0
2020-06-07,TK,Tokelau,WPRO,0,0,0,0,0
2020-06-14,TK,Tokelau,WPRO,0,0,0,0,0
2020-06-21,TK,Tokelau,WPRO,0,0,0,0,0
2020-06-28,TK,Tokelau,WPRO,0,0,0,0,0
2020-07-05,TK,Tokelau,WPRO,0,0,0,0,0
2020-07-12,TK,Tokelau,WPRO,0,0,0,0,0
2020-07-19,TK,Tokelau,WPRO,0,0,0,0,0
2020-07-26,TK,Tokelau,WPRO,0,0,0,0,0
2020-08-02,TK,Tokelau,WPRO,0,0,0,0,0
2020-08-09,TK,Tokelau,WPRO,0,0,0,0,0
2020-08-16,TK,Tokelau,WPRO,0,0,0,0,0
2020-08-23,TK,Tokelau,WPRO,0,0,0,0,0
2020-08-30,TK,Tokelau,WPRO,0,0,0,0,0
2020-09-06,TK,Tokelau,WPRO,0,0,0,0,0
2020-09-13,TK,Tokelau,WPRO,0,0,0,0,0
2020-09-20,TK,Tokelau,WPRO,0,0,0,0,0
2020-09-27,TK,Tokelau,WPRO,0,0,0,0,0
2020-10-04,TK,Tokelau,WPRO,0,0,0,0,0
2020-10-11,TK,Tokelau,WPRO,0,0,0,0,0
2020-10-18,TK,Tokelau,WPRO,0,0,0,0,0
2020-10-25,TK,Tokelau,WPRO,0,0,0,0,0
2020-11-01,TK,Tokelau,WPRO,0,0,0,0,0
2020-11-08,TK,Tokelau,WPRO,0,0,0,0,0
2020-11-15,TK,Tokelau,WPRO,0,0,0,0,0
2020-11-22,TK,Tokelau,WPRO,0,0,0,0,0
2020-11-29,TK,Tokelau,WPRO,0,0,0,0,0
2020-12-06,TK,Tokelau,WPRO,0,0,0,0,0
2020-12-13,TK,Tokelau,WPRO,0,0,0,0,0
2020-12-20,TK,Tokelau,WPRO,0,0,0,0,0
2020-12-27,TK,Tokelau,WPRO,0,0,0,0,0
2021-01-03,TK,Tokelau,WPRO,0,0,0,0,0
2021-01-10,TK,Tokelau,WPRO,0,0,0,0,0
2021-01-17,TK,Tokelau,WPRO,0,0,0,0,0
2021-01-24,TK,Tokelau,WPRO,0,0,0,0,0
2021-01-31,TK,Tokelau,WPRO,0,0,0,0,0
2021-02-07,TK,Tokelau,WPRO,0,0,0,0,0
2021-02-14,TK,Tokelau,WPRO,0,0,0,0,0
2021-02-21,TK,Tokelau,WPRO,0,0,0,0,0
2021-02-28,TK,Tokelau,WPRO,0,0,0,0,0
2021-03-07,TK,Tokelau,WPRO,0,0,0,0,0
2021-03-14,TK,Tokelau,WPRO,0,0,0,0,0
2021-03-21,TK,Tokelau,WPRO,0,0,0,0,0
2021-03-28,TK,Tokelau,WPRO,0,0,0,0,0
2021-04-04,TK,Tokelau,WPRO,0,0,0,0,0
2021-04-11,TK,Tokelau,WPRO,0,0,0,0,0
2021-04-18,TK,Tokelau,WPRO,0,0,0,0,0
2021-04-25,TK,Tokelau,WPRO,0,0,0,0,0
2021-05-02,TK,Tokelau,WPRO,0,0,0,0,0
2021-05-09,TK,Tokelau,WPRO,0,0,0,0,0
2021-05-16,TK,Tokelau,WPRO,0,0,0,0,0
2021-05-23,TK,Tokelau,WPRO,0,0,0,0,0
2021-05-30,TK,Tokelau,WPRO,0,0,0,0,0
2021-06-06,TK,Tokelau,WPRO,0,0,0,0,0
2021-06-13,TK,Tokelau,WPRO,0,0,0,0,0
2021-06-20,TK,Tokelau,WPRO,0,0,0,0,0
2021-06-27,TK,Tokelau,WPRO,0,0,0,0,0
2021-07-04,TK,Tokelau,WPRO,0,0,0,0,0
2021-07-11,TK,Tokelau,WPRO,0,0,0,0,0
2021-07-18,TK,Tokelau,WPRO,0,0,0,0,0
2021-07-25,TK,Tokelau,WPRO,0,0,0,0,0
2021-08-01,TK,Tokelau,WPRO,0,0,0,0,0
2021-08-08,TK,Tokelau,WPRO,0,0,0,0,0
2021-08-15,TK,Tokelau,WPRO,0,0,0,0,0
2021-08-22,TK,Tokelau,WPRO,0,0,0,0,0
2021-08-29,TK,Tokelau,WPRO,0,0,0,0,0
2021-09-05,TK,Tokelau,WPRO,0,0,0,0,0
2021-09-12,TK,Tokelau,WPRO,0,0,0,0,0
2021-09-19,TK,Tokelau,WPRO,0,0,0,0,0
2021-09-26,TK,Tokelau,WPRO,0,0,0,0,0
2021-10-03,TK,Tokelau,WPRO,0,0,0,0,0
2021-10-10,TK,Tokelau,WPRO,0,0,0,0,0
2021-10-17,TK,Tokelau,WPRO,0,0,0,0,0
2021-10-24,TK,Tokelau,WPRO,0,0,0,0,0
2021-10-31,TK,Tokelau,WPRO,0,0,0,0,0
2021-11-07,TK,Tokelau,WPRO,0,0,0,0,0
2021-11-14,TK,Tokelau,WPRO,0,0,0,0,0
2021-11-21,TK,Tokelau,WPRO,0,0,0,0,0
2021-11-28,TK,Tokelau,WPRO,0,0,0,0,0
2021-12-05,TK,Tokelau,WPRO,0,0,0,0,0
2021-12-12,TK,Tokelau,WPRO,0,0,0,0,0
2021-12-19,TK,Tokelau,WPRO,0,0,0,0,0
2021-12-26,TK,Tokelau,WPRO,0,0,0,0,0
2022-01-02,TK,Tokelau,WPRO,0,0,0,0,0
2022-01-09,TK,Tokelau,WPRO,0,0,0,0,0
2022-01-16,TK,Tokelau,WPRO,0,0,0,0,0
2022-01-23,TK,Tokelau,WPRO,0,0,0,0,0
2022-01-30,TK,Tokelau,WPRO,0,0,0,0,0
2022-02-06,TK,Tokelau,WPRO,0,0,0,0,0
2022-02-13,TK,Tokelau,WPRO,0,0,0,0,0
2022-02-20,TK,Tokelau,WPRO,0,0,0,0,0
2022-02-27,TK,Tokelau,WPRO,0,0,0,0,0
2022-03-06,TK,Tokelau,WPRO,0,0,0,0,0
2022-03-13,TK,Tokelau,WPRO,0,0,0,0,0
2022-03-20,TK,Tokelau,WPRO,0,0,0,0,0
2022-03-27,TK,Tokelau,WPRO,0,0,0,0,0
2022-04-03,TK,Tokelau,WPRO,0,0,0,0,0
2022-04-10,TK,Tokelau,WPRO,0,0,0,0,0
2022-04-17,TK,Tokelau,WPRO,0,0,0,0,0
2022-04-24,TK,Tokelau,WPRO,0,0,0,0,0
2022-05-01,TK,Tokelau,WPRO,0,0,0,0,0
2022-05-08,TK,Tokelau,WPRO,0,0,0,0,0
2022-05-15,TK,Tokelau,WPRO,0,0,0,0,0
2022-05-22,TK,Tokelau,WPRO,0,0,0,0,0
2022-05-29,TK,Tokelau,WPRO,0,0,0,0,0
2022-06-05,TK,Tokelau,WPRO,0,0,0,0,0
2022-06-12,TK,Tokelau,WPRO,0,0,0,0,0
2022-06-19,TK,Tokelau,WPRO,0,0,0,0,0
2022-06-26,TK,Tokelau,WPRO,0,0,0,0,0
2022-07-03,TK,Tokelau,WPRO,0,0,0,0,0
2022-07-10,TK,Tokelau,WPRO,0,0,0,0,0
2022-07-17,TK,Tokelau,WPRO,0,0,0,0,0
2022-07-24,TK,Tokelau,WPRO,0,0,0,0,0
2022-07-31,TK,Tokelau,WPRO,0,0,0,0,0
2022-08-07,TK,Tokelau,WPRO,0,0,0,0,0
2022-08-14,TK,Tokelau,WPRO,0,0,0,0,0
2022-08-21,TK,Tokelau,WPRO,0,0,0,0,0
2022-08-28,TK,Tokelau,WPRO,0,0,0,0,0
2022-09-04,TK,Tokelau,WPRO,0,0,0,0,0
2022-09-11,TK,Tokelau,WPRO,0,0,0,0,0
2022-09-18,TK,Tokelau,WPRO,0,0,0,0,0
2022-09-25,TK,Tokelau,WPRO,0,0,0,0,0
2022-10-02,TK,Tokelau,WPRO,0,0,0,0,0
2022-10-09,TK,Tokelau,WPRO,0,0,0,0,0
2022-10-16,TK,Tokelau,WPRO,0,0,0,0,0
2022-10-23,TK,Tokelau,WPRO,0,0,0,0,0
2022-10-30,TK,Tokelau,WPRO,0,0,0,0,0
2022-11-06,TK,Tokelau,WPRO,0,0,0,0,0
2022-11-13,TK,Tokelau,WPRO,0,0,0,0,0
2022-11-20,TK,Tokelau,WPRO,0,0,0,0,0
2022-11-27,TK,Tokelau,WPRO,0,0,0,0,0
2022-12-04,TK,Tokelau,WPRO,0,0,0,0,0
2022-12-11,TK,Tokelau,WPRO,0,0,0,0,0
2022-12-18,TK,Tokelau,WPRO,5,5,0,0,5
2022-12-25,TK,Tokelau,WPRO,0,5,0,0,5
2023-01-01,TK,Tokelau,WPRO,0,5,0,0,5
2023-01-08,TK,Tokelau,WPRO,0,5,0,0,5
2023-01-15,TK,Tokelau,WPRO,0,5,0,0,5
2023-01-22,TK,Tokelau,WPRO,0,5,0,0,5
2023-01-29,TK,Tokelau,WPRO,0,5,0,0,5
2023-02-05,TK,Tokelau,WPRO,0,5,0,0,5
2023-02-12,TK,Tokelau,WPRO,0,5,0,0,5
2023-02-19,TK,Tokelau,WPRO,0,5,0,0,5
2023-02-26,TK,Tokelau,WPRO,0,5,0,0,5
2023-03-05,TK,Tokelau,WPRO,0,5,0,0,5
2023-03-12,TK,Tokelau,WPRO,0,5,0,0,5
2023-03-19,TK,Tokelau,WPRO,0,5,0,0,5
2023-03-26,TK,Tokelau,WPRO,0,5,0,0,5
2023-04-02,TK,Tokelau,WPRO,0,5,0,0,5
2023-04-09,TK,Tokelau,WPRO,0,5,0,0,5
2023-04-16,TK,Tokelau,WPRO,0,5,0,0,5
2023-04-23,TK,Tokelau,WPRO,0,5,0,0,5
2023-04-30,TK,Tokelau,WPRO,0,5,0,0,5
2023-05-07,TK,Tokelau,WPRO,0,5,0,0,5
2023-05-14,TK,Tokelau,WPRO,0,5,0,0,5
2023-05-21,TK,Tokelau,WPRO,0,5,0,0,5
2023-05-28,TK,Tokelau,WPRO,0,5,0,0,5
2023-06-04,TK,Tokelau,WPRO,0,5,0,0,5
2023-06-11,TK,Tokelau,WPRO,0,5,0,0,5
2023-06-18,TK,Tokelau,WPRO,0,5,0,0,5
2023-06-25,TK,Tokelau,WPRO,14,19,0,0,19
2023-07-02,TK,Tokelau,WPRO,4,23,0,0,23
2023-07-09,TK,Tokelau,WPRO,18,41,0,0,41
2023-07-16,TK,Tokelau,WPRO,39,80,0,0,80
2023-07-23,TK,Tokelau,WPRO,0,80,0,0,80
2023-07-30,TK,Tokelau,WPRO,0,80,0,0,80
2023-08-06,TK,Tokelau,WPRO,0,80,0,0,80
2023-08-13,TK,Tokelau,WPRO,0,80,0,0,80
2023-08-20,TK,Tokelau,WPRO,0,80,0,0,80
2023-08-27,TK,Tokelau,WPRO,0,80,0,0,80
2023-09-03,TK,Tokelau,WPRO,0,80,0,0,80
2023-09-10,TK,Tokelau,WPRO,0,80,0,0,80
2023-09-17,TK,Tokelau,WPRO,0,80,0,0,80
2023-09-24,TK,Tokelau,WPRO,0,80,0,0,80
2023-10-01,TK,Tokelau,WPRO,0,80,0,0,80
2023-10-08,TK,Tokelau,WPRO,0,80,0,0,80
2023-10-15,TK,Tokelau,WPRO,0,80,0,0,80
2023-10-22,TK,Tokelau,WPRO,0,80,0,0,80
2023-10-29,TK,Tokelau,WPRO,0,80,0,0,80
2023-11-05,TK,Tokelau,WPRO,0,80,0,0,80
2023-11-12,TK,Tokelau,WPRO,0,80,0,0,80
2023-11-19,TK,Tokelau,WPRO,0,80,0,0,80
2023-11-26,TK,Tokelau,WPRO,0,80,0,0,80
2023-12-03,TK,Tokelau,WPRO,0,80,0,0,80
2023-12-10,TK,Tokelau,WPRO,0,80,0,0,80
2023-12-17,TK,Tokelau,WPRO,0,80,0,0,80
2023-12-24,TK,Tokelau,WPRO,0,80,0,0,80
2023-12-31,TK,Tokelau,WPRO,0,80,0,0,80
2024-01-07,TK,Tokelau,WPRO,0,80,0,0,80
2024-01-14,TK,Tokelau,WPRO,0,80,0,0,80
2024-01-21,TK,Tokelau,WPRO,0,80,0,0,80
2024-01-28,TK,Tokelau,WPRO,0,80,0,0,80
2024-02-04,TK,Tokelau,WPRO,0,80,0,0,80
2024-02-11,TK,Tokelau,WPRO,0,80,0,0,80
2024-02-18,TK,Tokelau,WPRO,0,80,0,0,80
2024-02-25,TK,Tokelau,WPRO,0,80,0,0,80
2024-03-03,TK,Tokelau,WPRO,0,80,0,0,80
2024-03-10,TK,Tokelau,WPRO,0,80,0,0,80
2024-03-17,TK,Tokelau,WPRO,0,80,0,0,80
2024-03-24,TK,Tokelau,WPRO,0,80,0,0,80
2024-03-31,TK,Tokelau,WPRO,0,80,0,0,80
2024-04-07,TK,Tokelau,WPRO,0,80,0,0,80
2024-04-14,TK,Tokelau,WPRO,0,80,0,0,80
2024-04-21,TK,Tokelau,WPRO,0,80,0,0,80
2024-04-28,TK,Tokelau,WPRO,0,80,0,0,80
2024-05-05,TK,Tokelau,WPRO,0,80,0,0,80
2024-05-12,TK,Tokelau,WPRO,0,80,0,0,80
2024-05-19,TK,Tokelau,WPRO,0,80,0,0,80
2024-05-26,TK,Tokelau,WPRO,0,80,0,0,80
2024-06-02,TK,Tokelau,WPRO,0,80,0,0,80
2024-06-09,TK,Tokelau,WPRO,0,80,0,0,80
2024-06-16,TK,Tokelau,WPRO,0,80,0,0,80
2024-06-23,TK,Tokelau,WPRO,0,80,0,0,80
2024-06-30,TK,Tokelau,WPRO,0,80,0,0,80
2024-07-07,TK,Tokelau,WPRO,0,80,0,0,80
2024-07-14,TK,Tokelau,WPRO,0,80,0,0,80
2024-07-21,TK,Tokelau,WPRO,0,80,0,0,80
2024-07-28,TK,Tokelau,WPRO,0,80,0,0,80
2024-08-04,TK,Tokelau,WPRO,0,80,0,0,80
2024-08-11,TK,Tokelau,WPRO,0,80,0,0,80
2024-08-18,TK,Tokelau,WPRO,0,80,0,0,80
2024-08-25,TK,Tokelau,WPRO,0,80,0,0,80
2024-09-01,TK,Tokelau,WPRO,0,80,0,0,80
2024-09-08,TK,Tokelau,WPRO,0,80,0,0,80
2024-09-15,TK,Tokelau,WPRO,0,80,0,0,80
2024-09-22,TK,Tokelau,WPRO,0,80,0,0,80
2024-09-29,TK,Tokelau,WPRO,0,80,0,0,80
2024-10-06,TK,Tokelau,WPRO,0,80,0,0,80
2024-10-13,TK,Tokelau,WPRO,0,80,0,0,80
2024-10-20,TK,Tokelau,WPRO,0,80,0,0,80
2024-10-27,TK,Tokelau,WPRO,0,80,0,0,80
2024-11-03,TK,Tokelau,WPRO,0,80,0,0,80
2024-11-10,TK,Tokelau,WPRO,0,80,0,0,80
2024-11-17,TK,Tokelau,WPRO,0,80,0,0,80
2020-01-05,TO,Tonga,WPRO,0,0,0,0,0
2020-01-12,TO,Tonga,WPRO,0,0,0,0,0
2020-01-19,TO,Tonga,WPRO,0,0,0,0,0
2020-01-26,TO,Tonga,WPRO,0,0,0,0,0
2020-02-02,TO,Tonga,WPRO,0,0,0,0,0
2020-02-09,TO,Tonga,WPRO,0,0,0,0,0
2020-02-16,TO,Tonga,WPRO,0,0,0,0,0
2020-02-23,TO,Tonga,WPRO,0,0,0,0,0
2020-03-01,TO,Tonga,WPRO,0,0,0,0,0
2020-03-08,TO,Tonga,WPRO,0,0,0,0,0
2020-03-15,TO,Tonga,WPRO,0,0,0,0,0
2020-03-22,TO,Tonga,WPRO,0,0,0,0,0
2020-03-29,TO,Tonga,WPRO,0,0,0,0,0
2020-04-05,TO,Tonga,WPRO,0,0,0,0,0
2020-04-12,TO,Tonga,WPRO,0,0,0,0,0
2020-04-19,TO,Tonga,WPRO,0,0,0,0,0
2020-04-26,TO,Tonga,WPRO,0,0,0,0,0
2020-05-03,TO,Tonga,WPRO,0,0,0,0,0
2020-05-10,TO,Tonga,WPRO,0,0,0,0,0
2020-05-17,TO,Tonga,WPRO,0,0,0,0,0
2020-05-24,TO,Tonga,WPRO,0,0,0,0,0
2020-05-31,TO,Tonga,WPRO,0,0,0,0,0
2020-06-07,TO,Tonga,WPRO,0,0,0,0,0
2020-06-14,TO,Tonga,WPRO,0,0,0,0,0
2020-06-21,TO,Tonga,WPRO,0,0,0,0,0
2020-06-28,TO,Tonga,WPRO,0,0,0,0,0
2020-07-05,TO,Tonga,WPRO,0,0,0,0,0
2020-07-12,TO,Tonga,WPRO,0,0,0,0,0
2020-07-19,TO,Tonga,WPRO,0,0,0,0,0
2020-07-26,TO,Tonga,WPRO,0,0,0,0,0
2020-08-02,TO,Tonga,WPRO,0,0,0,0,0
2020-08-09,TO,Tonga,WPRO,0,0,0,0,0
2020-08-16,TO,Tonga,WPRO,0,0,0,0,0
2020-08-23,TO,Tonga,WPRO,0,0,0,0,0
2020-08-30,TO,Tonga,WPRO,0,0,0,0,0
2020-09-06,TO,Tonga,WPRO,0,0,0,0,0
2020-09-13,TO,Tonga,WPRO,0,0,0,0,0
2020-09-20,TO,Tonga,WPRO,0,0,0,0,0
2020-09-27,TO,Tonga,WPRO,0,0,0,0,0
2020-10-04,TO,Tonga,WPRO,0,0,0,0,0
2020-10-11,TO,Tonga,WPRO,0,0,0,0,0
2020-10-18,TO,Tonga,WPRO,0,0,0,0,0
2020-10-25,TO,Tonga,WPRO,0,0,0,0,0
2020-11-01,TO,Tonga,WPRO,0,0,0,0,0
2020-11-08,TO,Tonga,WPRO,0,0,0,0,0
2020-11-15,TO,Tonga,WPRO,0,0,0,0,0
2020-11-22,TO,Tonga,WPRO,0,0,0,0,0
2020-11-29,TO,Tonga,WPRO,0,0,0,0,0
2020-12-06,TO,Tonga,WPRO,0,0,0,0,0
2020-12-13,TO,Tonga,WPRO,0,0,0,0,0
2020-12-20,TO,Tonga,WPRO,0,0,0,0,0
2020-12-27,TO,Tonga,WPRO,0,0,0,0,0
2021-01-03,TO,Tonga,WPRO,0,0,0,0,0
2021-01-10,TO,Tonga,WPRO,0,0,0,0,0
2021-01-17,TO,Tonga,WPRO,0,0,0,0,0
2021-01-24,TO,Tonga,WPRO,0,0,0,0,0
2021-01-31,TO,Tonga,WPRO,0,0,0,0,0
2021-02-07,TO,Tonga,WPRO,0,0,0,0,0
2021-02-14,TO,Tonga,WPRO,0,0,0,0,0
2021-02-21,TO,Tonga,WPRO,0,0,0,0,0
2021-02-28,TO,Tonga,WPRO,0,0,0,0,0
2021-03-07,TO,Tonga,WPRO,0,0,0,0,0
2021-03-14,TO,Tonga,WPRO,0,0,0,0,0
2021-03-21,TO,Tonga,WPRO,0,0,0,0,0
2021-03-28,TO,Tonga,WPRO,0,0,0,0,0
2021-04-04,TO,Tonga,WPRO,0,0,0,0,0
2021-04-11,TO,Tonga,WPRO,0,0,0,0,0
2021-04-18,TO,Tonga,WPRO,0,0,0,0,0
2021-04-25,TO,Tonga,WPRO,0,0,0,0,0
2021-05-02,TO,Tonga,WPRO,0,0,0,0,0
2021-05-09,TO,Tonga,WPRO,0,0,0,0,0
2021-05-16,TO,Tonga,WPRO,0,0,0,0,0
2021-05-23,TO,Tonga,WPRO,0,0,0,0,0
2021-05-30,TO,Tonga,WPRO,0,0,0,0,0
2021-06-06,TO,Tonga,WPRO,0,0,0,0,0
2021-06-13,TO,Tonga,WPRO,0,0,0,0,0
2021-06-20,TO,Tonga,WPRO,0,0,0,0,0
2021-06-27,TO,Tonga,WPRO,0,0,0,0,0
2021-07-04,TO,Tonga,WPRO,0,0,0,0,0
2021-07-11,TO,Tonga,WPRO,0,0,0,0,0
2021-07-18,TO,Tonga,WPRO,0,0,0,0,0
2021-07-25,TO,Tonga,WPRO,0,0,0,0,0
2021-08-01,TO,Tonga,WPRO,0,0,0,0,0
2021-08-08,TO,Tonga,WPRO,0,0,0,0,0
2021-08-15,TO,Tonga,WPRO,0,0,0,0,0
2021-08-22,TO,Tonga,WPRO,0,0,0,0,0
2021-08-29,TO,Tonga,WPRO,0,0,0,0,0
2021-09-05,TO,Tonga,WPRO,0,0,0,0,0
2021-09-12,TO,Tonga,WPRO,0,0,0,0,0
2021-09-19,TO,Tonga,WPRO,0,0,0,0,0
2021-09-26,TO,Tonga,WPRO,0,0,0,0,0
2021-10-03,TO,Tonga,WPRO,0,0,0,0,0
2021-10-10,TO,Tonga,WPRO,0,0,0,0,0
2021-10-17,TO,Tonga,WPRO,0,0,0,0,0
2021-10-24,TO,Tonga,WPRO,0,0,0,0,0
2021-10-31,TO,Tonga,WPRO,1,1,0,0,1
2021-11-07,TO,Tonga,WPRO,0,1,0,0,1
2021-11-14,TO,Tonga,WPRO,0,1,0,0,1
2021-11-21,TO,Tonga,WPRO,0,1,0,0,1
2021-11-28,TO,Tonga,WPRO,0,1,0,0,1
2021-12-05,TO,Tonga,WPRO,0,1,0,0,1
2021-12-12,TO,Tonga,WPRO,0,1,0,0,1
2021-12-19,TO,Tonga,WPRO,0,1,0,0,1
2021-12-26,TO,Tonga,WPRO,0,1,0,0,1
2022-01-02,TO,Tonga,WPRO,0,1,0,0,1
2022-01-09,TO,Tonga,WPRO,0,1,0,0,1
2022-01-16,TO,Tonga,WPRO,0,1,0,0,1
2022-01-23,TO,Tonga,WPRO,0,1,0,0,1
2022-01-30,TO,Tonga,WPRO,0,1,0,0,1
2022-02-06,TO,Tonga,WPRO,20,21,0,0,21
2022-02-13,TO,Tonga,WPRO,120,141,0,0,141
2022-02-20,TO,Tonga,WPRO,90,231,0,0,231
2022-02-27,TO,Tonga,WPRO,124,355,0,0,355
2022-03-06,TO,Tonga,WPRO,647,1002,0,0,1002
2022-03-13,TO,Tonga,WPRO,861,1863,2,2,1861
2022-03-20,TO,Tonga,WPRO,1555,3418,0,2,3416
2022-03-27,TO,Tonga,WPRO,2173,5591,0,2,5589
2022-04-03,TO,Tonga,WPRO,1536,7127,7,9,7118
2022-04-10,TO,Tonga,WPRO,804,7931,0,9,7922
2022-04-17,TO,Tonga,WPRO,1094,9025,2,11,9014
2022-04-24,TO,Tonga,WPRO,528,9553,0,11,9542
2022-05-01,TO,Tonga,WPRO,643,10196,0,11,10185
2022-05-08,TO,Tonga,WPRO,569,10765,0,11,10754
2022-05-15,TO,Tonga,WPRO,352,11117,0,11,11106
2022-05-22,TO,Tonga,WPRO,371,11488,0,11,11477
2022-05-29,TO,Tonga,WPRO,156,11644,1,12,11632
2022-06-05,TO,Tonga,WPRO,125,11769,0,12,11757
2022-06-12,TO,Tonga,WPRO,140,11909,0,12,11897
2022-06-19,TO,Tonga,WPRO,170,12079,0,12,12067
2022-06-26,TO,Tonga,WPRO,222,12301,0,12,12289
2022-07-03,TO,Tonga,WPRO,0,12301,0,12,12289
2022-07-10,TO,Tonga,WPRO,81,12382,0,12,12370
2022-07-17,TO,Tonga,WPRO,57,12439,0,12,12427
2022-07-24,TO,Tonga,WPRO,76,12515,0,12,12503
2022-07-31,TO,Tonga,WPRO,39,12554,0,12,12542
2022-08-07,TO,Tonga,WPRO,0,12554,0,12,12542
2022-08-14,TO,Tonga,WPRO,851,13405,0,12,13393
2022-08-21,TO,Tonga,WPRO,730,14135,0,12,14123
2022-08-28,TO,Tonga,WPRO,1100,15235,0,12,15223
2022-09-04,TO,Tonga,WPRO,947,16182,0,12,16170
2022-09-11,TO,Tonga,WPRO,0,16182,0,12,16170
2022-09-18,TO,Tonga,WPRO,0,16182,0,12,16170
2022-09-25,TO,Tonga,WPRO,0,16182,0,12,16170
2022-10-02,TO,Tonga,WPRO,0,16182,0,12,16170
2022-10-09,TO,Tonga,WPRO,0,16182,0,12,16170
2022-10-16,TO,Tonga,WPRO,0,16182,0,12,16170
2022-10-23,TO,Tonga,WPRO,0,16182,0,12,16170
2022-10-30,TO,Tonga,WPRO,0,16182,0,12,16170
2022-11-06,TO,Tonga,WPRO,0,16182,0,12,16170
2022-11-13,TO,Tonga,WPRO,0,16182,0,12,16170
2022-11-20,TO,Tonga,WPRO,0,16182,0,12,16170
2022-11-27,TO,Tonga,WPRO,29,16211,0,12,16199
2022-12-04,TO,Tonga,WPRO,0,16211,0,12,16199
2022-12-11,TO,Tonga,WPRO,0,16211,0,12,16199
2022-12-18,TO,Tonga,WPRO,0,16211,0,12,16199
2022-12-25,TO,Tonga,WPRO,201,16412,0,12,16400
2023-01-01,TO,Tonga,WPRO,75,16487,0,12,16475
2023-01-08,TO,Tonga,WPRO,103,16590,0,12,16578
2023-01-15,TO,Tonga,WPRO,0,16590,0,12,16578
2023-01-22,TO,Tonga,WPRO,82,16672,0,12,16660
2023-01-29,TO,Tonga,WPRO,62,16734,0,12,16722
2023-02-05,TO,Tonga,WPRO,45,16779,0,12,16767
2023-02-12,TO,Tonga,WPRO,16,16795,0,12,16783
2023-02-19,TO,Tonga,WPRO,6,16801,0,12,16789
2023-02-26,TO,Tonga,WPRO,6,16807,0,12,16795
2023-03-05,TO,Tonga,WPRO,3,16810,0,12,16798
2023-03-12,TO,Tonga,WPRO,2,16812,0,12,16800
2023-03-19,TO,Tonga,WPRO,1,16813,0,12,16801
2023-03-26,TO,Tonga,WPRO,1,16814,0,12,16802
2023-04-02,TO,Tonga,WPRO,0,16814,0,12,16802
2023-04-09,TO,Tonga,WPRO,0,16814,0,12,16802
2023-04-16,TO,Tonga,WPRO,0,16814,0,12,16802
2023-04-23,TO,Tonga,WPRO,0,16814,0,12,16802
2023-04-30,TO,Tonga,WPRO,0,16814,0,12,16802
2023-05-07,TO,Tonga,WPRO,2,16816,0,12,16804
2023-05-14,TO,Tonga,WPRO,1,16817,0,12,16805
2023-05-21,TO,Tonga,WPRO,0,16817,0,12,16805
2023-05-28,TO,Tonga,WPRO,0,16817,0,12,16805
2023-06-04,TO,Tonga,WPRO,0,16817,0,12,16805
2023-06-11,TO,Tonga,WPRO,0,16817,0,12,16805
2023-06-18,TO,Tonga,WPRO,1,16818,0,12,16806
2023-06-25,TO,Tonga,WPRO,1,16819,0,12,16807
2023-07-02,TO,Tonga,WPRO,0,16819,0,12,16807
2023-07-09,TO,Tonga,WPRO,0,16819,0,12,16807
2023-07-16,TO,Tonga,WPRO,0,16819,0,12,16807
2023-07-23,TO,Tonga,WPRO,0,16819,0,12,16807
2023-07-30,TO,Tonga,WPRO,0,16819,0,12,16807
2023-08-06,TO,Tonga,WPRO,0,16819,0,12,16807
2023-08-13,TO,Tonga,WPRO,2,16821,0,12,16809
2023-08-20,TO,Tonga,WPRO,0,16821,0,12,16809
2023-08-27,TO,Tonga,WPRO,0,16821,0,12,16809
2023-09-03,TO,Tonga,WPRO,0,16821,0,12,16809
2023-09-10,TO,Tonga,WPRO,0,16821,0,12,16809
2023-09-17,TO,Tonga,WPRO,4,16825,0,12,16813
2023-09-24,TO,Tonga,WPRO,0,16825,0,12,16813
2023-10-01,TO,Tonga,WPRO,0,16825,0,12,16813
2023-10-08,TO,Tonga,WPRO,2,16827,0,12,16815
2023-10-15,TO,Tonga,WPRO,12,16839,0,12,16827
2023-10-22,TO,Tonga,WPRO,7,16846,0,12,16834
2023-10-29,TO,Tonga,WPRO,14,16860,0,12,16848
2023-11-05,TO,Tonga,WPRO,5,16865,0,12,16853
2023-11-12,TO,Tonga,WPRO,11,16876,0,12,16864
2023-11-19,TO,Tonga,WPRO,12,16888,0,12,16876
2023-11-26,TO,Tonga,WPRO,0,16888,0,12,16876
2023-12-03,TO,Tonga,WPRO,0,16888,0,12,16876
2023-12-10,TO,Tonga,WPRO,0,16888,0,12,16876
2023-12-17,TO,Tonga,WPRO,0,16888,0,12,16876
2023-12-24,TO,Tonga,WPRO,0,16888,0,12,16876
2023-12-31,TO,Tonga,WPRO,61,16949,0,12,16937
2024-01-07,TO,Tonga,WPRO,1,16950,0,12,16938
2024-01-14,TO,Tonga,WPRO,2,16952,0,12,16940
2024-01-21,TO,Tonga,WPRO,1,16953,0,12,16941
2024-01-28,TO,Tonga,WPRO,1,16954,0,12,16942
2024-02-04,TO,Tonga,WPRO,0,16954,0,12,16942
2024-02-11,TO,Tonga,WPRO,0,16954,0,12,16942
2024-02-18,TO,Tonga,WPRO,1,16955,0,12,16943
2024-02-25,TO,Tonga,WPRO,0,16955,0,12,16943
2024-03-03,TO,Tonga,WPRO,2,16957,0,12,16945
2024-03-10,TO,Tonga,WPRO,1,16958,0,12,16946
2024-03-17,TO,Tonga,WPRO,0,16958,0,12,16946
2024-03-24,TO,Tonga,WPRO,0,16958,0,12,16946
2024-03-31,TO,Tonga,WPRO,0,16958,0,12,16946
2024-04-07,TO,Tonga,WPRO,0,16958,0,12,16946
2024-04-14,TO,Tonga,WPRO,0,16958,0,12,16946
2024-04-21,TO,Tonga,WPRO,0,16958,0,12,16946
2024-04-28,TO,Tonga,WPRO,0,16958,0,12,16946
2024-05-05,TO,Tonga,WPRO,0,16958,0,12,16946
2024-05-12,TO,Tonga,WPRO,0,16958,0,12,16946
2024-05-19,TO,Tonga,WPRO,0,16958,0,12,16946
2024-05-26,TO,Tonga,WPRO,0,16958,0,12,16946
2024-06-02,TO,Tonga,WPRO,8,16966,0,12,16954
2024-06-09,TO,Tonga,WPRO,0,16966,0,12,16954
2024-06-16,TO,Tonga,WPRO,0,16966,0,12,16954
2024-06-23,TO,Tonga,WPRO,3,16969,0,12,16957
2024-06-30,TO,Tonga,WPRO,1,16970,0,12,16958
2024-07-07,TO,Tonga,WPRO,0,16970,0,12,16958
2024-07-14,TO,Tonga,WPRO,3,16973,0,12,16961
2024-07-21,TO,Tonga,WPRO,3,16976,0,12,16964
2024-07-28,TO,Tonga,WPRO,0,16976,0,12,16964
2024-08-04,TO,Tonga,WPRO,0,16976,0,12,16964
2024-08-11,TO,Tonga,WPRO,13,16989,1,13,16976
2024-08-18,TO,Tonga,WPRO,0,16989,0,13,16976
2024-08-25,TO,Tonga,WPRO,2,16991,0,13,16978
2024-09-01,TO,Tonga,WPRO,1,16992,0,13,16979
2024-09-08,TO,Tonga,WPRO,0,16992,0,13,16979
2024-09-15,TO,Tonga,WPRO,0,16992,0,13,16979
2024-09-22,TO,Tonga,WPRO,0,16992,0,13,16979
2024-09-29,TO,Tonga,WPRO,0,16992,0,13,16979
2024-10-06,TO,Tonga,WPRO,0,16992,0,13,16979
2024-10-13,TO,Tonga,WPRO,0,16992,0,13,16979
2024-10-20,TO,Tonga,WPRO,0,16992,0,13,16979
2024-10-27,TO,Tonga,WPRO,0,16992,0,13,16979
2024-11-03,TO,Tonga,WPRO,0,16992,0,13,16979
2024-11-10,TO,Tonga,WPRO,0,16992,0,13,16979
2024-11-17,TO,Tonga,WPRO,0,16992,0,13,16979
2020-01-05,TT,Trinidad and Tobago,AMRO,0,0,0,0,0
2020-01-12,TT,Trinidad and Tobago,AMRO,0,0,0,0,0
2020-01-19,TT,Trinidad and Tobago,AMRO,0,0,0,0,0
2020-01-26,TT,Trinidad and Tobago,AMRO,0,0,0,0,0
2020-02-02,TT,Trinidad and Tobago,AMRO,0,0,0,0,0
2020-02-09,TT,Trinidad and Tobago,AMRO,0,0,0,0,0
2020-02-16,TT,Trinidad and Tobago,AMRO,0,0,0,0,0
2020-02-23,TT,Trinidad and Tobago,AMRO,0,0,0,0,0
2020-03-01,TT,Trinidad and Tobago,AMRO,0,0,0,0,0
2020-03-08,TT,Trinidad and Tobago,AMRO,0,0,0,0,0
2020-03-15,TT,Trinidad and Tobago,AMRO,1,1,0,0,1
2020-03-22,TT,Trinidad and Tobago,AMRO,8,9,0,0,9
2020-03-29,TT,Trinidad and Tobago,AMRO,65,74,2,2,72
2020-04-05,TT,Trinidad and Tobago,AMRO,26,100,4,6,94
2020-04-12,TT,Trinidad and Tobago,AMRO,9,109,2,8,101
2020-04-19,TT,Trinidad and Tobago,AMRO,5,114,0,8,106
2020-04-26,TT,Trinidad and Tobago,AMRO,1,115,0,8,107
2020-05-03,TT,Trinidad and Tobago,AMRO,1,116,0,8,108
2020-05-10,TT,Trinidad and Tobago,AMRO,0,116,0,8,108
2020-05-17,TT,Trinidad and Tobago,AMRO,0,116,0,8,108
2020-05-24,TT,Trinidad and Tobago,AMRO,0,116,0,8,108
2020-05-31,TT,Trinidad and Tobago,AMRO,0,116,0,8,108
2020-06-07,TT,Trinidad and Tobago,AMRO,1,117,0,8,109
2020-06-14,TT,Trinidad and Tobago,AMRO,0,117,0,8,109
2020-06-21,TT,Trinidad and Tobago,AMRO,6,123,0,8,115
2020-06-28,TT,Trinidad and Tobago,AMRO,1,124,0,8,116
2020-07-05,TT,Trinidad and Tobago,AMRO,6,130,0,8,122
2020-07-12,TT,Trinidad and Tobago,AMRO,3,133,0,8,125
2020-07-19,TT,Trinidad and Tobago,AMRO,3,136,0,8,128
2020-07-26,TT,Trinidad and Tobago,AMRO,11,147,0,8,139
2020-08-02,TT,Trinidad and Tobago,AMRO,26,173,0,8,165
2020-08-09,TT,Trinidad and Tobago,AMRO,52,225,0,8,217
2020-08-16,TT,Trinidad and Tobago,AMRO,249,474,2,10,464
2020-08-23,TT,Trinidad and Tobago,AMRO,425,899,3,13,886
2020-08-30,TT,Trinidad and Tobago,AMRO,678,1577,6,19,1558
2020-09-06,TT,Trinidad and Tobago,AMRO,565,2142,13,32,2110
2020-09-13,TT,Trinidad and Tobago,AMRO,750,2892,18,50,2842
2020-09-20,TT,Trinidad and Tobago,AMRO,847,3739,10,60,3679
2020-09-27,TT,Trinidad and Tobago,AMRO,546,4285,10,70,4215
2020-10-04,TT,Trinidad and Tobago,AMRO,424,4709,8,78,4631
2020-10-11,TT,Trinidad and Tobago,AMRO,312,5021,11,89,4932
2020-10-18,TT,Trinidad and Tobago,AMRO,220,5241,6,95,5146
2020-10-25,TT,Trinidad and Tobago,AMRO,246,5487,9,104,5383
2020-11-01,TT,Trinidad and Tobago,AMRO,181,5668,3,107,5561
2020-11-08,TT,Trinidad and Tobago,AMRO,130,5798,4,111,5687
2020-11-15,TT,Trinidad and Tobago,AMRO,182,5980,0,111,5869
2020-11-22,TT,Trinidad and Tobago,AMRO,281,6261,2,113,6148
2020-11-29,TT,Trinidad and Tobago,AMRO,325,6586,5,118,6468
2020-12-06,TT,Trinidad and Tobago,AMRO,149,6735,3,121,6614
2020-12-13,TT,Trinidad and Tobago,AMRO,117,6852,1,122,6730
2020-12-20,TT,Trinidad and Tobago,AMRO,103,6955,1,123,6832
2020-12-27,TT,Trinidad and Tobago,AMRO,142,7097,2,125,6972
2021-01-03,TT,Trinidad and Tobago,AMRO,61,7158,2,127,7031
2021-01-10,TT,Trinidad and Tobago,AMRO,61,7219,0,127,7092
2021-01-17,TT,Trinidad and Tobago,AMRO,124,7343,3,130,7213
2021-01-24,TT,Trinidad and Tobago,AMRO,113,7456,3,133,7323
2021-01-31,TT,Trinidad and Tobago,AMRO,77,7533,1,134,7399
2021-02-07,TT,Trinidad and Tobago,AMRO,74,7607,1,135,7472
2021-02-14,TT,Trinidad and Tobago,AMRO,30,7637,2,137,7500
2021-02-21,TT,Trinidad and Tobago,AMRO,29,7666,2,139,7527
2021-02-28,TT,Trinidad and Tobago,AMRO,38,7704,0,139,7565
2021-03-07,TT,Trinidad and Tobago,AMRO,25,7729,0,139,7590
2021-03-14,TT,Trinidad and Tobago,AMRO,40,7769,1,140,7629
2021-03-21,TT,Trinidad and Tobago,AMRO,52,7821,0,140,7681
2021-03-28,TT,Trinidad and Tobago,AMRO,118,7939,1,141,7798
2021-04-04,TT,Trinidad and Tobago,AMRO,177,8116,4,145,7971
2021-04-11,TT,Trinidad and Tobago,AMRO,207,8323,0,145,8178
2021-04-18,TT,Trinidad and Tobago,AMRO,419,8742,5,150,8592
2021-04-25,TT,Trinidad and Tobago,AMRO,745,9487,7,157,9330
2021-05-02,TT,Trinidad and Tobago,AMRO,1337,10824,12,169,10655
2021-05-09,TT,Trinidad and Tobago,AMRO,1896,12720,27,196,12524
2021-05-16,TT,Trinidad and Tobago,AMRO,2659,15379,69,265,15114
2021-05-23,TT,Trinidad and Tobago,AMRO,3556,18935,83,348,18587
2021-05-30,TT,Trinidad and Tobago,AMRO,3685,22620,110,458,22162
2021-06-06,TT,Trinidad and Tobago,AMRO,3181,25801,98,556,25245
2021-06-13,TT,Trinidad and Tobago,AMRO,2305,28106,88,644,27462
2021-06-20,TT,Trinidad and Tobago,AMRO,2077,30183,69,713,29470
2021-06-27,TT,Trinidad and Tobago,AMRO,1592,31775,78,791,30984
2021-07-04,TT,Trinidad and Tobago,AMRO,1378,33153,75,866,32287
2021-07-11,TT,Trinidad and Tobago,AMRO,1249,34402,64,930,33472
2021-07-18,TT,Trinidad and Tobago,AMRO,1277,35679,52,982,34697
2021-07-25,TT,Trinidad and Tobago,AMRO,1386,37065,44,1026,36039
2021-08-01,TT,Trinidad and Tobago,AMRO,1492,38557,44,1070,37487
2021-08-08,TT,Trinidad and Tobago,AMRO,1278,39835,53,1123,38712
2021-08-15,TT,Trinidad and Tobago,AMRO,1693,41528,44,1167,40361
2021-08-22,TT,Trinidad and Tobago,AMRO,1311,42839,48,1215,41624
2021-08-29,TT,Trinidad and Tobago,AMRO,1160,43999,52,1267,42732
2021-09-05,TT,Trinidad and Tobago,AMRO,1301,45300,51,1318,43982
2021-09-12,TT,Trinidad and Tobago,AMRO,1435,46735,41,1359,45376
2021-09-19,TT,Trinidad and Tobago,AMRO,1408,48143,46,1405,46738
2021-09-26,TT,Trinidad and Tobago,AMRO,1545,49688,36,1441,48247
2021-10-03,TT,Trinidad and Tobago,AMRO,1215,50903,48,1489,49414
2021-10-10,TT,Trinidad and Tobago,AMRO,1360,52263,47,1536,50727
2021-10-17,TT,Trinidad and Tobago,AMRO,1426,53689,48,1584,52105
2021-10-24,TT,Trinidad and Tobago,AMRO,1514,55203,49,1633,53570
2021-10-31,TT,Trinidad and Tobago,AMRO,1918,57121,49,1682,55439
2021-11-07,TT,Trinidad and Tobago,AMRO,1460,58581,71,1753,56828
2021-11-14,TT,Trinidad and Tobago,AMRO,2938,61519,75,1828,59691
2021-11-21,TT,Trinidad and Tobago,AMRO,3374,64893,91,1919,62974
2021-11-28,TT,Trinidad and Tobago,AMRO,4115,69008,142,2061,66947
2021-12-05,TT,Trinidad and Tobago,AMRO,4751,73759,154,2215,71544
2021-12-12,TT,Trinidad and Tobago,AMRO,5478,79237,146,2361,76876
2021-12-19,TT,Trinidad and Tobago,AMRO,5556,84793,199,2560,82233
2021-12-26,TT,Trinidad and Tobago,AMRO,4151,88944,158,2718,86226
2022-01-02,TT,Trinidad and Tobago,AMRO,2955,91899,151,2869,89030
2022-01-09,TT,Trinidad and Tobago,AMRO,4656,96555,178,3047,93508
2022-01-16,TT,Trinidad and Tobago,AMRO,3225,99780,109,3156,96624
2022-01-23,TT,Trinidad and Tobago,AMRO,6189,105969,130,3286,102683
2022-01-30,TT,Trinidad and Tobago,AMRO,4772,110741,95,3381,107360
2022-02-06,TT,Trinidad and Tobago,AMRO,3157,113898,67,3448,110450
2022-02-13,TT,Trinidad and Tobago,AMRO,5328,119226,59,3507,115719
2022-02-20,TT,Trinidad and Tobago,AMRO,3931,123157,55,3562,119595
2022-02-27,TT,Trinidad and Tobago,AMRO,3777,126934,55,3617,123317
2022-03-06,TT,Trinidad and Tobago,AMRO,3029,129963,35,3652,126311
2022-03-13,TT,Trinidad and Tobago,AMRO,2420,132383,24,3676,128707
2022-03-20,TT,Trinidad and Tobago,AMRO,2062,134445,28,3704,130741
2022-03-27,TT,Trinidad and Tobago,AMRO,2116,136561,25,3729,132832
2022-04-03,TT,Trinidad and Tobago,AMRO,1598,138159,25,3754,134405
2022-04-10,TT,Trinidad and Tobago,AMRO,1814,139973,20,3774,136199
2022-04-17,TT,Trinidad and Tobago,AMRO,1880,141853,24,3798,138055
2022-04-24,TT,Trinidad and Tobago,AMRO,2031,143884,13,3811,140073
2022-05-01,TT,Trinidad and Tobago,AMRO,3566,147450,13,3824,143626
2022-05-08,TT,Trinidad and Tobago,AMRO,3031,150481,21,3845,146636
2022-05-15,TT,Trinidad and Tobago,AMRO,2990,153471,21,3866,149605
2022-05-22,TT,Trinidad and Tobago,AMRO,3892,157363,24,3890,153473
2022-05-29,TT,Trinidad and Tobago,AMRO,3130,160493,13,3903,156590
2022-06-05,TT,Trinidad and Tobago,AMRO,1948,162441,24,3927,158514
2022-06-12,TT,Trinidad and Tobago,AMRO,1874,164315,29,3956,160359
2022-06-19,TT,Trinidad and Tobago,AMRO,1285,165600,17,3973,161627
2022-06-26,TT,Trinidad and Tobago,AMRO,976,166576,24,3997,162579
2022-07-03,TT,Trinidad and Tobago,AMRO,724,167300,15,4012,163288
2022-07-10,TT,Trinidad and Tobago,AMRO,739,168039,12,4024,164015
2022-07-17,TT,Trinidad and Tobago,AMRO,989,169028,12,4036,164992
2022-07-24,TT,Trinidad and Tobago,AMRO,902,169930,5,4041,165889
2022-07-31,TT,Trinidad and Tobago,AMRO,1242,171172,7,4048,167124
2022-08-07,TT,Trinidad and Tobago,AMRO,1404,172576,17,4065,168511
2022-08-14,TT,Trinidad and Tobago,AMRO,1976,174552,6,4071,170481
2022-08-21,TT,Trinidad and Tobago,AMRO,1916,176468,21,4092,172376
2022-08-28,TT,Trinidad and Tobago,AMRO,1643,178111,31,4123,173988
2022-09-04,TT,Trinidad and Tobago,AMRO,1346,179457,27,4150,175307
2022-09-11,TT,Trinidad and Tobago,AMRO,1515,180972,16,4166,176806
2022-09-18,TT,Trinidad and Tobago,AMRO,1071,182043,18,4184,177859
2022-09-25,TT,Trinidad and Tobago,AMRO,554,182597,11,4195,178402
2022-10-02,TT,Trinidad and Tobago,AMRO,584,183181,12,4207,178974
2022-10-09,TT,Trinidad and Tobago,AMRO,643,183824,17,4224,179600
2022-10-16,TT,Trinidad and Tobago,AMRO,437,184261,11,4235,180026
2022-10-23,TT,Trinidad and Tobago,AMRO,263,184524,6,4241,180283
2022-10-30,TT,Trinidad and Tobago,AMRO,189,184713,8,4249,180464
2022-11-06,TT,Trinidad and Tobago,AMRO,141,184854,6,4255,180599
2022-11-13,TT,Trinidad and Tobago,AMRO,95,184949,2,4257,180692
2022-11-20,TT,Trinidad and Tobago,AMRO,145,185094,6,4263,180831
2022-11-27,TT,Trinidad and Tobago,AMRO,143,185237,3,4266,180971
2022-12-04,TT,Trinidad and Tobago,AMRO,140,185377,1,4267,181110
2022-12-11,TT,Trinidad and Tobago,AMRO,151,185528,1,4268,181260
2022-12-18,TT,Trinidad and Tobago,AMRO,180,185708,3,4271,181437
2022-12-25,TT,Trinidad and Tobago,AMRO,174,185882,6,4277,181605
2023-01-01,TT,Trinidad and Tobago,AMRO,151,186033,6,4283,181750
2023-01-08,TT,Trinidad and Tobago,AMRO,246,186279,6,4289,181990
2023-01-15,TT,Trinidad and Tobago,AMRO,406,186685,8,4297,182388
2023-01-22,TT,Trinidad and Tobago,AMRO,519,187204,12,4309,182895
2023-01-29,TT,Trinidad and Tobago,AMRO,381,187585,10,4319,183266
2023-02-05,TT,Trinidad and Tobago,AMRO,323,187908,7,4326,183582
2023-02-12,TT,Trinidad and Tobago,AMRO,291,188199,5,4331,183868
2023-02-19,TT,Trinidad and Tobago,AMRO,312,188511,5,4336,184175
2023-02-26,TT,Trinidad and Tobago,AMRO,226,188737,3,4339,184398
2023-03-05,TT,Trinidad and Tobago,AMRO,559,189296,8,4347,184949
2023-03-12,TT,Trinidad and Tobago,AMRO,622,189918,8,4355,185563
2023-03-19,TT,Trinidad and Tobago,AMRO,367,190285,6,4361,185924
2023-03-26,TT,Trinidad and Tobago,AMRO,450,190735,7,4368,186367
2023-04-02,TT,Trinidad and Tobago,AMRO,272,191007,4,4372,186635
2023-04-09,TT,Trinidad and Tobago,AMRO,0,191007,0,4372,186635
2023-04-16,TT,Trinidad and Tobago,AMRO,250,191257,13,4385,186872
2023-04-23,TT,Trinidad and Tobago,AMRO,93,191350,2,4387,186963
2023-04-30,TT,Trinidad and Tobago,AMRO,0,191350,0,4387,186963
2023-05-07,TT,Trinidad and Tobago,AMRO,146,191496,3,4390,187106
2023-05-14,TT,Trinidad and Tobago,AMRO,0,191496,0,4390,187106
2023-05-21,TT,Trinidad and Tobago,AMRO,0,191496,0,4390,187106
2023-05-28,TT,Trinidad and Tobago,AMRO,0,191496,0,4390,187106
2023-06-04,TT,Trinidad and Tobago,AMRO,0,191496,0,4390,187106
2023-06-11,TT,Trinidad and Tobago,AMRO,0,191496,0,4390,187106
2023-06-18,TT,Trinidad and Tobago,AMRO,0,191496,0,4390,187106
2023-06-25,TT,Trinidad and Tobago,AMRO,0,191496,0,4390,187106
2023-07-02,TT,Trinidad and Tobago,AMRO,0,191496,0,4390,187106
2023-07-09,TT,Trinidad and Tobago,AMRO,0,191496,0,4390,187106
2023-07-16,TT,Trinidad and Tobago,AMRO,0,191496,0,4390,187106
2023-07-23,TT,Trinidad and Tobago,AMRO,0,191496,0,4390,187106
2023-07-30,TT,Trinidad and Tobago,AMRO,0,191496,0,4390,187106
2023-08-06,TT,Trinidad and Tobago,AMRO,0,191496,0,4390,187106
2023-08-13,TT,Trinidad and Tobago,AMRO,0,191496,0,4390,187106
2023-08-20,TT,Trinidad and Tobago,AMRO,0,191496,0,4390,187106
2023-08-27,TT,Trinidad and Tobago,AMRO,0,191496,0,4390,187106
2023-09-03,TT,Trinidad and Tobago,AMRO,0,191496,0,4390,187106
2023-09-10,TT,Trinidad and Tobago,AMRO,0,191496,0,4390,187106
2023-09-17,TT,Trinidad and Tobago,AMRO,0,191496,0,4390,187106
2023-09-24,TT,Trinidad and Tobago,AMRO,0,191496,0,4390,187106
2023-10-01,TT,Trinidad and Tobago,AMRO,0,191496,0,4390,187106
2023-10-08,TT,Trinidad and Tobago,AMRO,0,191496,0,4390,187106
2023-10-15,TT,Trinidad and Tobago,AMRO,0,191496,0,4390,187106
2023-10-22,TT,Trinidad and Tobago,AMRO,0,191496,0,4390,187106
2023-10-29,TT,Trinidad and Tobago,AMRO,0,191496,0,4390,187106
2023-11-05,TT,Trinidad and Tobago,AMRO,0,191496,0,4390,187106
2023-11-12,TT,Trinidad and Tobago,AMRO,0,191496,0,4390,187106
2023-11-19,TT,Trinidad and Tobago,AMRO,0,191496,0,4390,187106
2023-11-26,TT,Trinidad and Tobago,AMRO,0,191496,0,4390,187106
2023-12-03,TT,Trinidad and Tobago,AMRO,0,191496,0,4390,187106
2023-12-10,TT,Trinidad and Tobago,AMRO,0,191496,0,4390,187106
2023-12-17,TT,Trinidad and Tobago,AMRO,0,191496,0,4390,187106
2023-12-24,TT,Trinidad and Tobago,AMRO,0,191496,0,4390,187106
2023-12-31,TT,Trinidad and Tobago,AMRO,0,191496,0,4390,187106
2024-01-07,TT,Trinidad and Tobago,AMRO,0,191496,0,4390,187106
2024-01-14,TT,Trinidad and Tobago,AMRO,0,191496,0,4390,187106
2024-01-21,TT,Trinidad and Tobago,AMRO,0,191496,0,4390,187106
2024-01-28,TT,Trinidad and Tobago,AMRO,0,191496,0,4390,187106
2024-02-04,TT,Trinidad and Tobago,AMRO,0,191496,0,4390,187106
2024-02-11,TT,Trinidad and Tobago,AMRO,0,191496,0,4390,187106
2024-02-18,TT,Trinidad and Tobago,AMRO,0,191496,0,4390,187106
2024-02-25,TT,Trinidad and Tobago,AMRO,0,191496,0,4390,187106
2024-03-03,TT,Trinidad and Tobago,AMRO,0,191496,0,4390,187106
2024-03-10,TT,Trinidad and Tobago,AMRO,0,191496,0,4390,187106
2024-03-17,TT,Trinidad and Tobago,AMRO,0,191496,0,4390,187106
2024-03-24,TT,Trinidad and Tobago,AMRO,0,191496,0,4390,187106
2024-03-31,TT,Trinidad and Tobago,AMRO,0,191496,0,4390,187106
2024-04-07,TT,Trinidad and Tobago,AMRO,0,191496,0,4390,187106
2024-04-14,TT,Trinidad and Tobago,AMRO,0,191496,0,4390,187106
2024-04-21,TT,Trinidad and Tobago,AMRO,0,191496,0,4390,187106
2024-04-28,TT,Trinidad and Tobago,AMRO,0,191496,0,4390,187106
2024-05-05,TT,Trinidad and Tobago,AMRO,0,191496,0,4390,187106
2024-05-12,TT,Trinidad and Tobago,AMRO,0,191496,0,4390,187106
2024-05-19,TT,Trinidad and Tobago,AMRO,0,191496,0,4390,187106
2024-05-26,TT,Trinidad and Tobago,AMRO,0,191496,0,4390,187106
2024-06-02,TT,Trinidad and Tobago,AMRO,0,191496,0,4390,187106
2024-06-09,TT,Trinidad and Tobago,AMRO,0,191496,0,4390,187106
2024-06-16,TT,Trinidad and Tobago,AMRO,0,191496,0,4390,187106
2024-06-23,TT,Trinidad and Tobago,AMRO,0,191496,0,4390,187106
2024-06-30,TT,Trinidad and Tobago,AMRO,0,191496,0,4390,187106
2024-07-07,TT,Trinidad and Tobago,AMRO,0,191496,0,4390,187106
2024-07-14,TT,Trinidad and Tobago,AMRO,0,191496,0,4390,187106
2024-07-21,TT,Trinidad and Tobago,AMRO,0,191496,0,4390,187106
2024-07-28,TT,Trinidad and Tobago,AMRO,0,191496,0,4390,187106
2024-08-04,TT,Trinidad and Tobago,AMRO,0,191496,0,4390,187106
2024-08-11,TT,Trinidad and Tobago,AMRO,0,191496,0,4390,187106
2024-08-18,TT,Trinidad and Tobago,AMRO,0,191496,0,4390,187106
2024-08-25,TT,Trinidad and Tobago,AMRO,0,191496,0,4390,187106
2024-09-01,TT,Trinidad and Tobago,AMRO,0,191496,0,4390,187106
2024-09-08,TT,Trinidad and Tobago,AMRO,0,191496,0,4390,187106
2024-09-15,TT,Trinidad and Tobago,AMRO,0,191496,0,4390,187106
2024-09-22,TT,Trinidad and Tobago,AMRO,0,191496,0,4390,187106
2024-09-29,TT,Trinidad and Tobago,AMRO,0,191496,0,4390,187106
2024-10-06,TT,Trinidad and Tobago,AMRO,0,191496,0,4390,187106
2024-10-13,TT,Trinidad and Tobago,AMRO,0,191496,0,4390,187106
2024-10-20,TT,Trinidad and Tobago,AMRO,0,191496,0,4390,187106
2024-10-27,TT,Trinidad and Tobago,AMRO,0,191496,0,4390,187106
2024-11-03,TT,Trinidad and Tobago,AMRO,0,191496,0,4390,187106
2024-11-10,TT,Trinidad and Tobago,AMRO,0,191496,0,4390,187106
2024-11-17,TT,Trinidad and Tobago,AMRO,0,191496,0,4390,187106
2020-01-05,TN,Tunisia,EMRO,0,0,0,0,0
2020-01-12,TN,Tunisia,EMRO,0,0,0,0,0
2020-01-19,TN,Tunisia,EMRO,0,0,0,0,0
2020-01-26,TN,Tunisia,EMRO,0,0,0,0,0
2020-02-02,TN,Tunisia,EMRO,0,0,0,0,0
2020-02-09,TN,Tunisia,EMRO,0,0,0,0,0
2020-02-16,TN,Tunisia,EMRO,0,0,0,0,0
2020-02-23,TN,Tunisia,EMRO,0,0,0,0,0
2020-03-01,TN,Tunisia,EMRO,0,0,0,0,0
2020-03-08,TN,Tunisia,EMRO,1,1,0,0,1
2020-03-15,TN,Tunisia,EMRO,17,18,0,0,18
2020-03-22,TN,Tunisia,EMRO,42,60,1,1,59
2020-03-29,TN,Tunisia,EMRO,218,278,7,8,270
2020-04-05,TN,Tunisia,EMRO,275,553,11,19,534
2020-04-12,TN,Tunisia,EMRO,132,685,9,28,657
2020-04-19,TN,Tunisia,EMRO,181,866,9,37,829
2020-04-26,TN,Tunisia,EMRO,73,939,1,38,901
2020-05-03,TN,Tunisia,EMRO,70,1009,4,42,967
2020-05-10,TN,Tunisia,EMRO,21,1030,3,45,985
2020-05-17,TN,Tunisia,EMRO,5,1035,0,45,990
2020-05-24,TN,Tunisia,EMRO,13,1048,2,47,1001
2020-05-31,TN,Tunisia,EMRO,28,1076,1,48,1028
2020-06-07,TN,Tunisia,EMRO,11,1087,1,49,1038
2020-06-14,TN,Tunisia,EMRO,7,1094,0,49,1045
2020-06-21,TN,Tunisia,EMRO,62,1156,1,50,1106
2020-06-28,TN,Tunisia,EMRO,12,1168,0,50,1118
2020-07-05,TN,Tunisia,EMRO,18,1186,0,50,1136
2020-07-12,TN,Tunisia,EMRO,59,1245,0,50,1195
2020-07-19,TN,Tunisia,EMRO,103,1348,0,50,1298
2020-07-26,TN,Tunisia,EMRO,95,1443,0,50,1393
2020-08-02,TN,Tunisia,EMRO,109,1552,1,51,1501
2020-08-09,TN,Tunisia,EMRO,126,1678,0,51,1627
2020-08-16,TN,Tunisia,EMRO,345,2023,3,54,1969
2020-08-23,TN,Tunisia,EMRO,715,2738,14,68,2670
2020-08-30,TN,Tunisia,EMRO,834,3572,8,76,3496
2020-09-06,TN,Tunisia,EMRO,1204,4776,17,93,4683
2020-09-13,TN,Tunisia,EMRO,1859,6635,14,107,6528
2020-09-20,TN,Tunisia,EMRO,3101,9736,48,155,9581
2020-09-27,TN,Tunisia,EMRO,5442,15178,52,207,14971
2020-10-04,TN,Tunisia,EMRO,5766,20944,69,276,20668
2020-10-11,TN,Tunisia,EMRO,10315,31259,180,456,30803
2020-10-18,TN,Tunisia,EMRO,9283,40542,170,626,39916
2020-10-25,TN,Tunisia,EMRO,9863,50405,251,877,49528
2020-11-01,TN,Tunisia,EMRO,9408,59813,440,1317,58496
2020-11-08,TN,Tunisia,EMRO,9730,69543,531,1848,67695
2020-11-15,TN,Tunisia,EMRO,9796,79339,475,2323,77016
2020-11-22,TN,Tunisia,EMRO,8132,87471,429,2752,84719
2020-11-29,TN,Tunisia,EMRO,7509,94980,401,3153,91827
2020-12-06,TN,Tunisia,EMRO,8011,102991,373,3526,99465
2020-12-13,TN,Tunisia,EMRO,7402,110393,310,3836,106557
2020-12-20,TN,Tunisia,EMRO,8758,119151,290,4126,115025
2020-12-27,TN,Tunisia,EMRO,11079,130230,300,4426,125804
2021-01-03,TN,Tunisia,EMRO,11749,141979,339,4765,137214
2021-01-10,TN,Tunisia,EMRO,15535,157514,388,5153,152361
2021-01-17,TN,Tunisia,EMRO,19717,177231,463,5616,171615
2021-01-24,TN,Tunisia,EMRO,18083,195314,538,6154,189160
2021-01-31,TN,Tunisia,EMRO,12154,207468,526,6680,200788
2021-02-07,TN,Tunisia,EMRO,8708,216176,482,7162,209014
2021-02-14,TN,Tunisia,EMRO,6328,222504,346,7508,214996
2021-02-21,TN,Tunisia,EMRO,5139,227643,247,7755,219888
2021-02-28,TN,Tunisia,EMRO,4972,232615,219,7974,224641
2021-03-07,TN,Tunisia,EMRO,4413,237028,193,8167,228861
2021-03-14,TN,Tunisia,EMRO,4229,241257,192,8359,232898
2021-03-21,TN,Tunisia,EMRO,4148,245405,167,8526,236879
2021-03-28,TN,Tunisia,EMRO,4298,249703,179,8705,240998
2021-04-04,TN,Tunisia,EMRO,8632,258335,226,8931,249404
2021-04-11,TN,Tunisia,EMRO,11962,270297,304,9235,261062
2021-04-18,TN,Tunisia,EMRO,13679,283976,482,9717,274259
2021-04-25,TN,Tunisia,EMRO,14596,298572,514,10231,288341
2021-05-02,TN,Tunisia,EMRO,12162,310734,577,10808,299926
2021-05-09,TN,Tunisia,EMRO,8778,319512,542,11350,308162
2021-05-16,TN,Tunisia,EMRO,6320,325832,429,11779,314053
2021-05-23,TN,Tunisia,EMRO,8267,334099,403,12182,321917
2021-05-30,TN,Tunisia,EMRO,9275,343374,392,12574,330800
2021-06-06,TN,Tunisia,EMRO,10408,353782,374,12948,340834
2021-06-13,TN,Tunisia,EMRO,13265,367047,488,13436,353611
2021-06-20,TN,Tunisia,EMRO,14128,381175,524,13960,367215
2021-06-27,TN,Tunisia,EMRO,22318,403493,619,14579,388914
2021-07-04,TN,Tunisia,EMRO,35452,438945,682,15261,423684
2021-07-11,TN,Tunisia,EMRO,52076,491021,983,16244,474777
2021-07-18,TN,Tunisia,EMRO,49777,540798,1162,17406,523392
2021-07-25,TN,Tunisia,EMRO,28491,569289,1194,18600,550689
2021-08-01,TN,Tunisia,EMRO,23592,592881,1258,19858,573023
2021-08-08,TN,Tunisia,EMRO,17779,610660,1073,20931,589729
2021-08-15,TN,Tunisia,EMRO,13280,623940,896,21827,602113
2021-08-22,TN,Tunisia,EMRO,16957,640897,710,22537,618360
2021-08-29,TN,Tunisia,EMRO,19690,660587,832,23369,637218
2021-09-05,TN,Tunisia,EMRO,13460,674047,448,23817,650230
2021-09-12,TN,Tunisia,EMRO,10972,685019,388,24205,660814
2021-09-19,TN,Tunisia,EMRO,14909,699928,285,24490,675438
2021-09-26,TN,Tunisia,EMRO,4986,704914,242,24732,680182
2021-10-03,TN,Tunisia,EMRO,3069,707983,189,24921,683062
2021-10-10,TN,Tunisia,EMRO,1654,709637,96,25017,684620
2021-10-17,TN,Tunisia,EMRO,1136,710773,68,25085,685688
2021-10-24,TN,Tunisia,EMRO,920,711693,64,25149,686544
2021-10-31,TN,Tunisia,EMRO,888,712581,89,25238,687343
2021-11-07,TN,Tunisia,EMRO,673,713254,34,25272,687982
2021-11-14,TN,Tunisia,EMRO,2383,715637,36,25308,690329
2021-11-21,TN,Tunisia,EMRO,546,716183,32,25340,690843
2021-11-28,TN,Tunisia,EMRO,980,717163,23,25363,691800
2021-12-05,TN,Tunisia,EMRO,1115,718278,35,25398,692880
2021-12-12,TN,Tunisia,EMRO,1156,719434,29,25427,694007
2021-12-19,TN,Tunisia,EMRO,1419,720853,33,25460,695393
2021-12-26,TN,Tunisia,EMRO,1942,722795,63,25523,697272
2022-01-02,TN,Tunisia,EMRO,5048,727843,53,25576,702267
2022-01-09,TN,Tunisia,EMRO,13416,741259,79,25655,715604
2022-01-16,TN,Tunisia,EMRO,39487,780746,122,25777,754969
2022-01-23,TN,Tunisia,EMRO,66015,846761,177,25954,820807
2022-01-30,TN,Tunisia,EMRO,54346,901107,275,26229,874878
2022-02-06,TN,Tunisia,EMRO,39116,940223,383,26612,913611
2022-02-13,TN,Tunisia,EMRO,24734,964957,453,27065,937892
2022-02-20,TN,Tunisia,EMRO,21379,986336,383,27448,958888
2022-02-27,TN,Tunisia,EMRO,10752,997088,295,27743,969345
2022-03-06,TN,Tunisia,EMRO,8079,1005167,179,27922,977245
2022-03-13,TN,Tunisia,EMRO,24061,1029228,124,28046,1001182
2022-03-20,TN,Tunisia,EMRO,534,1029762,19,28065,1001697
2022-03-27,TN,Tunisia,EMRO,3969,1033731,100,28165,1005566
2022-04-03,TN,Tunisia,EMRO,2153,1035884,158,28323,1007561
2022-04-10,TN,Tunisia,EMRO,1474,1037358,102,28425,1008933
2022-04-17,TN,Tunisia,EMRO,1310,1038668,84,28509,1010159
2022-04-24,TN,Tunisia,EMRO,864,1039532,24,28533,1010999
2022-05-01,TN,Tunisia,EMRO,661,1040193,17,28550,1011643
2022-05-08,TN,Tunisia,EMRO,519,1040712,16,28566,1012146
2022-05-15,TN,Tunisia,EMRO,1077,1041789,62,28628,1013161
2022-05-22,TN,Tunisia,EMRO,0,1041789,0,28628,1013161
2022-05-29,TN,Tunisia,EMRO,573,1042362,4,28632,1013730
2022-06-05,TN,Tunisia,EMRO,510,1042872,9,28641,1014231
2022-06-12,TN,Tunisia,EMRO,668,1043540,7,28648,1014892
2022-06-19,TN,Tunisia,EMRO,3163,1046703,22,28670,1018033
2022-06-26,TN,Tunisia,EMRO,0,1046703,0,28670,1018033
2022-07-03,TN,Tunisia,EMRO,5477,1052180,21,28691,1023489
2022-07-10,TN,Tunisia,EMRO,13947,1066127,57,28748,1037379
2022-07-17,TN,Tunisia,EMRO,20903,1087030,75,28823,1058207
2022-07-24,TN,Tunisia,EMRO,27340,1114370,119,28942,1085428
2022-07-31,TN,Tunisia,EMRO,14323,1128693,99,29041,1099652
2022-08-07,TN,Tunisia,EMRO,5967,1134660,64,29105,1105555
2022-08-14,TN,Tunisia,EMRO,4581,1139241,48,29153,1110088
2022-08-21,TN,Tunisia,EMRO,2532,1141773,56,29209,1112564
2022-08-28,TN,Tunisia,EMRO,1394,1143167,24,29233,1113934
2022-09-04,TN,Tunisia,EMRO,695,1143862,1,29234,1114628
2022-09-11,TN,Tunisia,EMRO,962,1144824,4,29238,1115586
2022-09-18,TN,Tunisia,EMRO,339,1145163,5,29243,1115920
2022-09-25,TN,Tunisia,EMRO,182,1145345,3,29246,1116099
2022-10-02,TN,Tunisia,EMRO,341,1145686,3,29249,1116437
2022-10-09,TN,Tunisia,EMRO,143,1145829,5,29254,1116575
2022-10-16,TN,Tunisia,EMRO,101,1145930,0,29254,1116676
2022-10-23,TN,Tunisia,EMRO,114,1146044,3,29257,1116787
2022-10-30,TN,Tunisia,EMRO,108,1146152,0,29257,1116895
2022-11-06,TN,Tunisia,EMRO,441,1146593,2,29259,1117334
2022-11-13,TN,Tunisia,EMRO,109,1146702,4,29263,1117439
2022-11-20,TN,Tunisia,EMRO,97,1146799,3,29266,1117533
2022-11-27,TN,Tunisia,EMRO,192,1146991,2,29268,1117723
2022-12-04,TN,Tunisia,EMRO,81,1147072,0,29268,1117804
2022-12-11,TN,Tunisia,EMRO,73,1147145,1,29269,1117876
2022-12-18,TN,Tunisia,EMRO,137,1147282,3,29272,1118010
2022-12-25,TN,Tunisia,EMRO,195,1147477,7,29279,1118198
2023-01-01,TN,Tunisia,EMRO,94,1147571,5,29284,1118287
2023-01-08,TN,Tunisia,EMRO,74,1147645,1,29285,1118360
2023-01-15,TN,Tunisia,EMRO,2469,1150114,3,29288,1120826
2023-01-22,TN,Tunisia,EMRO,103,1150217,3,29291,1120926
2023-01-29,TN,Tunisia,EMRO,61,1150278,11,29302,1120976
2023-02-05,TN,Tunisia,EMRO,78,1150356,6,29308,1121048
2023-02-12,TN,Tunisia,EMRO,121,1150477,4,29312,1121165
2023-02-19,TN,Tunisia,EMRO,129,1150606,14,29326,1121280
2023-02-26,TN,Tunisia,EMRO,187,1150793,4,29330,1121463
2023-03-05,TN,Tunisia,EMRO,169,1150962,1,29331,1121631
2023-03-12,TN,Tunisia,EMRO,164,1151126,10,29341,1121785
2023-03-19,TN,Tunisia,EMRO,207,1151333,4,29345,1121988
2023-03-26,TN,Tunisia,EMRO,260,1151593,10,29355,1122238
2023-04-02,TN,Tunisia,EMRO,239,1151832,7,29362,1122470
2023-04-09,TN,Tunisia,EMRO,201,1152033,1,29363,1122670
2023-04-16,TN,Tunisia,EMRO,229,1152262,4,29367,1122895
2023-04-23,TN,Tunisia,EMRO,221,1152483,11,29378,1123105
2023-04-30,TN,Tunisia,EMRO,129,1152612,9,29387,1123225
2023-05-07,TN,Tunisia,EMRO,265,1152877,11,29398,1123479
2023-05-14,TN,Tunisia,EMRO,186,1153063,9,29407,1123656
2023-05-21,TN,Tunisia,EMRO,98,1153161,5,29412,1123749
2023-05-28,TN,Tunisia,EMRO,100,1153261,3,29415,1123846
2023-06-04,TN,Tunisia,EMRO,62,1153323,5,29420,1123903
2023-06-11,TN,Tunisia,EMRO,38,1153361,3,29423,1123938
2023-06-18,TN,Tunisia,EMRO,0,1153361,0,29423,1123938
2023-06-25,TN,Tunisia,EMRO,0,1153361,0,29423,1123938
2023-07-02,TN,Tunisia,EMRO,0,1153361,0,29423,1123938
2023-07-09,TN,Tunisia,EMRO,0,1153361,0,29423,1123938
2023-07-16,TN,Tunisia,EMRO,0,1153361,0,29423,1123938
2023-07-23,TN,Tunisia,EMRO,0,1153361,0,29423,1123938
2023-07-30,TN,Tunisia,EMRO,0,1153361,0,29423,1123938
2023-08-06,TN,Tunisia,EMRO,0,1153361,0,29423,1123938
2023-08-13,TN,Tunisia,EMRO,0,1153361,0,29423,1123938
2023-08-20,TN,Tunisia,EMRO,0,1153361,0,29423,1123938
2023-08-27,TN,Tunisia,EMRO,0,1153361,0,29423,1123938
2023-09-03,TN,Tunisia,EMRO,0,1153361,0,29423,1123938
2023-09-10,TN,Tunisia,EMRO,0,1153361,0,29423,1123938
2023-09-17,TN,Tunisia,EMRO,0,1153361,0,29423,1123938
2023-09-24,TN,Tunisia,EMRO,0,1153361,0,29423,1123938
2023-10-01,TN,Tunisia,EMRO,0,1153361,0,29423,1123938
2023-10-08,TN,Tunisia,EMRO,0,1153361,0,29423,1123938
2023-10-15,TN,Tunisia,EMRO,0,1153361,0,29423,1123938
2023-10-22,TN,Tunisia,EMRO,0,1153361,0,29423,1123938
2023-10-29,TN,Tunisia,EMRO,0,1153361,0,29423,1123938
2023-11-05,TN,Tunisia,EMRO,0,1153361,0,29423,1123938
2023-11-12,TN,Tunisia,EMRO,0,1153361,0,29423,1123938
2023-11-19,TN,Tunisia,EMRO,0,1153361,0,29423,1123938
2023-11-26,TN,Tunisia,EMRO,0,1153361,0,29423,1123938
2023-12-03,TN,Tunisia,EMRO,0,1153361,0,29423,1123938
2023-12-10,TN,Tunisia,EMRO,0,1153361,0,29423,1123938
2023-12-17,TN,Tunisia,EMRO,0,1153361,0,29423,1123938
2023-12-24,TN,Tunisia,EMRO,0,1153361,0,29423,1123938
2023-12-31,TN,Tunisia,EMRO,0,1153361,0,29423,1123938
2024-01-07,TN,Tunisia,EMRO,0,1153361,0,29423,1123938
2024-01-14,TN,Tunisia,EMRO,0,1153361,0,29423,1123938
2024-01-21,TN,Tunisia,EMRO,0,1153361,0,29423,1123938
2024-01-28,TN,Tunisia,EMRO,0,1153361,0,29423,1123938
2024-02-04,TN,Tunisia,EMRO,0,1153361,0,29423,1123938
2024-02-11,TN,Tunisia,EMRO,0,1153361,0,29423,1123938
2024-02-18,TN,Tunisia,EMRO,0,1153361,0,29423,1123938
2024-02-25,TN,Tunisia,EMRO,0,1153361,0,29423,1123938
2024-03-03,TN,Tunisia,EMRO,0,1153361,0,29423,1123938
2024-03-10,TN,Tunisia,EMRO,0,1153361,0,29423,1123938
2024-03-17,TN,Tunisia,EMRO,0,1153361,0,29423,1123938
2024-03-24,TN,Tunisia,EMRO,0,1153361,0,29423,1123938
2024-03-31,TN,Tunisia,EMRO,0,1153361,0,29423,1123938
2024-04-07,TN,Tunisia,EMRO,0,1153361,0,29423,1123938
2024-04-14,TN,Tunisia,EMRO,0,1153361,0,29423,1123938
2024-04-21,TN,Tunisia,EMRO,0,1153361,0,29423,1123938
2024-04-28,TN,Tunisia,EMRO,0,1153361,0,29423,1123938
2024-05-05,TN,Tunisia,EMRO,0,1153361,0,29423,1123938
2024-05-12,TN,Tunisia,EMRO,0,1153361,0,29423,1123938
2024-05-19,TN,Tunisia,EMRO,0,1153361,0,29423,1123938
2024-05-26,TN,Tunisia,EMRO,0,1153361,0,29423,1123938
2024-06-02,TN,Tunisia,EMRO,0,1153361,0,29423,1123938
2024-06-09,TN,Tunisia,EMRO,0,1153361,0,29423,1123938
2024-06-16,TN,Tunisia,EMRO,0,1153361,0,29423,1123938
2024-06-23,TN,Tunisia,EMRO,0,1153361,0,29423,1123938
2024-06-30,TN,Tunisia,EMRO,0,1153361,0,29423,1123938
2024-07-07,TN,Tunisia,EMRO,0,1153361,0,29423,1123938
2024-07-14,TN,Tunisia,EMRO,0,1153361,0,29423,1123938
2024-07-21,TN,Tunisia,EMRO,0,1153361,0,29423,1123938
2024-07-28,TN,Tunisia,EMRO,0,1153361,0,29423,1123938
2024-08-04,TN,Tunisia,EMRO,0,1153361,0,29423,1123938
2024-08-11,TN,Tunisia,EMRO,0,1153361,0,29423,1123938
2024-08-18,TN,Tunisia,EMRO,0,1153361,0,29423,1123938
2024-08-25,TN,Tunisia,EMRO,0,1153361,0,29423,1123938
2024-09-01,TN,Tunisia,EMRO,0,1153361,0,29423,1123938
2024-09-08,TN,Tunisia,EMRO,0,1153361,0,29423,1123938
2024-09-15,TN,Tunisia,EMRO,0,1153361,0,29423,1123938
2024-09-22,TN,Tunisia,EMRO,0,1153361,0,29423,1123938
2024-09-29,TN,Tunisia,EMRO,0,1153361,0,29423,1123938
2024-10-06,TN,Tunisia,EMRO,0,1153361,0,29423,1123938
2024-10-13,TN,Tunisia,EMRO,0,1153361,0,29423,1123938
2024-10-20,TN,Tunisia,EMRO,0,1153361,0,29423,1123938
2024-10-27,TN,Tunisia,EMRO,0,1153361,0,29423,1123938
2024-11-03,TN,Tunisia,EMRO,0,1153361,0,29423,1123938
2024-11-10,TN,Tunisia,EMRO,0,1153361,0,29423,1123938
2024-11-17,TN,Tunisia,EMRO,0,1153361,0,29423,1123938
2020-01-05,TR,Türkiye,EURO,0,0,0,0,0
2020-01-12,TR,Türkiye,EURO,0,0,0,0,0
2020-01-19,TR,Türkiye,EURO,0,0,0,0,0
2020-01-26,TR,Türkiye,EURO,0,0,0,0,0
2020-02-02,TR,Türkiye,EURO,0,0,0,0,0
2020-02-09,TR,Türkiye,EURO,0,0,0,0,0
2020-02-16,TR,Türkiye,EURO,0,0,0,0,0
2020-02-23,TR,Türkiye,EURO,0,0,0,0,0
2020-03-01,TR,Türkiye,EURO,0,0,0,0,0
2020-03-08,TR,Türkiye,EURO,0,0,0,0,0
2020-03-15,TR,Türkiye,EURO,6,6,0,0,6
2020-03-22,TR,Türkiye,EURO,941,947,21,21,926
2020-03-29,TR,Türkiye,EURO,6455,7402,87,108,7294
2020-04-05,TR,Türkiye,EURO,16532,23934,393,501,23433
2020-04-12,TR,Türkiye,EURO,28233,52167,600,1101,51066
2020-04-19,TR,Türkiye,EURO,30162,82329,789,1890,80439
2020-04-26,TR,Türkiye,EURO,25444,107773,816,2706,105067
2020-05-03,TR,Türkiye,EURO,16602,124375,630,3336,121039
2020-05-10,TR,Türkiye,EURO,12740,137115,403,3739,133376
2020-05-17,TR,Türkiye,EURO,10952,148067,357,4096,143971
2020-05-24,TR,Türkiye,EURO,7619,155686,212,4308,151378
2020-05-31,TR,Türkiye,EURO,7417,163103,207,4515,158588
2020-06-07,TR,Türkiye,EURO,6115,169218,154,4669,164549
2020-06-14,TR,Türkiye,EURO,7459,176677,123,4792,171885
2020-06-21,TR,Türkiye,EURO,9816,186493,135,4927,181566
2020-06-28,TR,Türkiye,EURO,9390,195883,155,5082,190801
2020-07-05,TR,Türkiye,EURO,8727,204610,124,5206,199404
2020-07-12,TR,Türkiye,EURO,7371,211981,138,5344,206637
2020-07-19,TR,Türkiye,EURO,6736,218717,131,5475,213242
2020-07-26,TR,Türkiye,EURO,6456,225173,121,5596,219577
2020-08-02,TR,Türkiye,EURO,40346,265519,114,5710,259809
2020-08-09,TR,Türkiye,EURO,54863,320382,119,5829,314553
2020-08-16,TR,Türkiye,EURO,55605,375987,126,5955,370032
2020-08-23,TR,Türkiye,EURO,56025,432012,147,6102,425910
2020-08-30,TR,Türkiye,EURO,57142,489154,182,6284,482870
2020-09-06,TR,Türkiye,EURO,58274,547428,336,6620,540808
2020-09-13,TR,Türkiye,EURO,58517,605945,379,6999,598946
2020-09-20,TR,Türkiye,EURO,58823,664768,446,7445,657323
2020-09-27,TR,Türkiye,EURO,58728,723496,484,7929,715567
2020-10-04,TR,Türkiye,EURO,57158,780654,455,8384,772270
2020-10-11,TR,Türkiye,EURO,58127,838781,394,8778,830003
2020-10-18,TR,Türkiye,EURO,58757,897538,446,9224,888314
2020-10-25,TR,Türkiye,EURO,61216,958754,503,9727,949027
2020-11-01,TR,Türkiye,EURO,62693,1021447,525,10252,1011195
2020-11-08,TR,Türkiye,EURO,63482,1084929,551,10803,1074126
2020-11-15,TR,Türkiye,EURO,66426,1151355,615,11418,1139937
2020-11-22,TR,Türkiye,EURO,76864,1228219,801,12219,1216000
2020-11-29,TR,Türkiye,EURO,142929,1371148,1154,13373,1357775
2020-12-06,TR,Türkiye,EURO,219546,1590694,1332,14705,1575989
2020-12-13,TR,Türkiye,EURO,219115,1809809,1494,16199,1793610
2020-12-20,TR,Türkiye,EURO,194476,2004285,1652,17851,1986434
2020-12-27,TR,Türkiye,EURO,129088,2133373,1773,19624,2113749
2021-01-03,TR,Türkiye,EURO,98662,2232035,1671,21295,2210740
2021-01-10,TR,Türkiye,EURO,85083,2317118,1336,22631,2294487
2021-01-17,TR,Türkiye,EURO,63547,2380665,1201,23832,2356833
2021-01-24,TR,Türkiye,EURO,43663,2424328,1101,24933,2399395
2021-01-31,TR,Türkiye,EURO,46573,2470901,932,25865,2445036
2021-02-07,TR,Türkiye,EURO,53885,2524786,820,26685,2498101
2021-02-14,TR,Türkiye,EURO,55110,2579896,692,27377,2552519
2021-02-21,TR,Türkiye,EURO,51980,2631876,606,27983,2603893
2021-02-28,TR,Türkiye,EURO,61288,2693164,520,28503,2664661
2021-03-07,TR,Türkiye,EURO,76066,2769230,462,28965,2740265
2021-03-14,TR,Türkiye,EURO,96782,2866012,456,29421,2836591
2021-03-21,TR,Türkiye,EURO,126682,2992694,538,29959,2962735
2021-03-28,TR,Türkiye,EURO,186421,3179115,964,30923,3148192
2021-04-04,TR,Türkiye,EURO,265937,3445052,1155,32078,3412974
2021-04-11,TR,Türkiye,EURO,353281,3798333,1624,33702,3764631
2021-04-18,TR,Türkiye,EURO,414312,4212645,1906,35608,4177037
2021-04-25,TR,Türkiye,EURO,378771,4591416,2403,38011,4553405
2021-05-02,TR,Türkiye,EURO,257992,4849408,2493,40504,4808904
2021-05-09,TR,Türkiye,EURO,166733,5016141,2242,42746,4973395
2021-05-16,TR,Türkiye,EURO,90721,5106862,1791,44537,5062325
2021-05-23,TR,Türkiye,EURO,71786,5178648,1534,46071,5132577
2021-05-30,TR,Türkiye,EURO,57330,5235978,1200,47271,5188707
2021-06-06,TR,Türkiye,EURO,46616,5282594,797,48068,5234526
2021-06-13,TR,Türkiye,EURO,42841,5325435,600,48668,5276767
2021-06-20,TR,Türkiye,EURO,39773,5365208,454,49122,5316086
2021-06-27,TR,Türkiye,EURO,38936,5404144,402,49524,5354620
2021-07-04,TR,Türkiye,EURO,36224,5440368,350,49874,5390494
2021-07-11,TR,Türkiye,EURO,35926,5476294,326,50200,5426094
2021-07-18,TR,Türkiye,EURO,45745,5522039,295,50495,5471544
2021-07-25,TR,Türkiye,EURO,65339,5587378,371,50866,5536512
2021-08-01,TR,Türkiye,EURO,139667,5727045,432,51298,5675747
2021-08-08,TR,Türkiye,EURO,168796,5895841,723,52021,5843820
2021-08-15,TR,Türkiye,EURO,163965,6059806,884,52905,6006901
2021-08-22,TR,Türkiye,EURO,137235,6197041,1235,54140,6142901
2021-08-29,TR,Türkiye,EURO,132508,6329549,1618,55758,6273791
2021-09-05,TR,Türkiye,EURO,149114,6478663,1846,57604,6421059
2021-09-12,TR,Türkiye,EURO,158236,6636899,1825,59429,6577470
2021-09-19,TR,Türkiye,EURO,183962,6820861,1756,61185,6759676
2021-09-26,TR,Türkiye,EURO,192778,7013639,1605,62790,6950849
2021-10-03,TR,Türkiye,EURO,197277,7210916,1519,64309,7146607
2021-10-10,TR,Türkiye,EURO,205266,7416182,1514,65823,7350359
2021-10-17,TR,Türkiye,EURO,213981,7630163,1447,67270,7562893
2021-10-24,TR,Türkiye,EURO,196850,7827013,1475,68745,7758268
2021-10-31,TR,Türkiye,EURO,182027,8009040,1507,70252,7938788
2021-11-07,TR,Türkiye,EURO,197335,8206375,1517,71769,8134606
2021-11-14,TR,Türkiye,EURO,180167,8386542,1403,73172,8313370
2021-11-21,TR,Türkiye,EURO,163835,8550377,1519,74691,8475686
2021-11-28,TR,Türkiye,EURO,174023,8724400,1395,76086,8648314
2021-12-05,TR,Türkiye,EURO,157360,8881760,1376,77462,8804298
2021-12-12,TR,Türkiye,EURO,140463,9022223,1361,78823,8943400
2021-12-19,TR,Türkiye,EURO,131986,9154209,1275,80098,9074111
2021-12-26,TR,Türkiye,EURO,132777,9286986,1205,81303,9205683
2022-01-02,TR,Türkiye,EURO,232295,9519281,1103,82406,9436875
2022-01-09,TR,Türkiye,EURO,397444,9916725,1027,83433,9833292
2022-01-16,TR,Türkiye,EURO,486339,10403064,1057,84490,10318574
2022-01-23,TR,Türkiye,EURO,478562,10881626,1155,85645,10795981
2022-01-30,TR,Türkiye,EURO,556850,11438476,1271,86916,11351560
2022-02-06,TR,Türkiye,EURO,712091,12150567,1441,88357,12062210
2022-02-13,TR,Türkiye,EURO,683967,12834534,1682,90039,12744495
2022-02-20,TR,Türkiye,EURO,599596,13434130,1916,91955,13342175
2022-02-27,TR,Türkiye,EURO,541259,13975389,1895,93850,13881539
2022-03-06,TR,Türkiye,EURO,350828,14326217,1400,95250,14230967
2022-03-13,TR,Türkiye,EURO,208022,14534239,1012,96262,14437977
2022-03-20,TR,Türkiye,EURO,146597,14680836,860,97122,14583714
2022-03-27,TR,Türkiye,EURO,108647,14789483,589,97711,14691772
2022-04-03,TR,Türkiye,EURO,96227,14885710,412,98123,14787587
2022-04-10,TR,Türkiye,EURO,67655,14953365,264,98387,14854978
2022-04-17,TR,Türkiye,EURO,38304,14991669,190,98577,14893092
2022-04-24,TR,Türkiye,EURO,24601,15016270,128,98705,14917565
2022-05-01,TR,Türkiye,EURO,15823,15032093,97,98802,14933291
2022-05-08,TR,Türkiye,EURO,9806,15041899,66,98868,14943031
2022-05-15,TR,Türkiye,EURO,11269,15053168,53,98921,14954247
2022-05-22,TR,Türkiye,EURO,9225,15062393,35,98956,14963437
2022-05-29,TR,Türkiye,EURO,7607,15070000,30,98986,14971014
2022-06-05,TR,Türkiye,EURO,7320,15077320,18,99004,14978316
2022-06-12,TR,Türkiye,EURO,7555,15084875,23,99027,14985848
2022-06-19,TR,Türkiye,EURO,10956,15095831,15,99042,14996789
2022-06-26,TR,Türkiye,EURO,26635,15122466,13,99055,15023411
2022-07-03,TR,Türkiye,EURO,57114,15179580,29,99084,15080496
2022-07-10,TR,Türkiye,EURO,117096,15296676,31,99115,15197561
2022-07-17,TR,Türkiye,EURO,226532,15523208,94,99209,15423999
2022-07-24,TR,Türkiye,EURO,365422,15888630,158,99367,15789263
2022-07-31,TR,Türkiye,EURO,406321,16294951,336,99703,16195248
2022-08-07,TR,Türkiye,EURO,232254,16527205,381,100084,16427121
2022-08-14,TR,Türkiye,EURO,143777,16670982,341,100425,16570557
2022-08-21,TR,Türkiye,EURO,80022,16751004,228,100653,16650351
2022-08-28,TR,Türkiye,EURO,45882,16796886,206,100859,16696027
2022-09-04,TR,Türkiye,EURO,32191,16829077,141,101000,16728077
2022-09-11,TR,Türkiye,EURO,22441,16851518,89,101089,16750429
2022-09-18,TR,Türkiye,EURO,21411,16872929,73,101162,16771767
2022-09-25,TR,Türkiye,EURO,22729,16895658,38,101200,16794458
2022-10-02,TR,Türkiye,EURO,23116,16918774,24,101224,16817550
2022-10-09,TR,Türkiye,EURO,18723,16937497,38,101262,16836235
2022-10-16,TR,Türkiye,EURO,15482,16952979,25,101287,16851692
2022-10-23,TR,Türkiye,EURO,11808,16964787,42,101329,16863458
2022-10-30,TR,Türkiye,EURO,11083,16975870,25,101354,16874516
2022-11-06,TR,Türkiye,EURO,13508,16989378,30,101384,16887994
2022-11-13,TR,Türkiye,EURO,15299,17004677,35,101419,16903258
2022-11-20,TR,Türkiye,EURO,0,17004677,0,101419,16903258
2022-11-27,TR,Türkiye,EURO,0,17004677,0,101419,16903258
2022-12-04,TR,Türkiye,EURO,0,17004677,0,101419,16903258
2022-12-11,TR,Türkiye,EURO,0,17004677,0,101419,16903258
2022-12-18,TR,Türkiye,EURO,0,17004677,0,101419,16903258
2022-12-25,TR,Türkiye,EURO,0,17004677,0,101419,16903258
2023-01-01,TR,Türkiye,EURO,0,17004677,0,101419,16903258
2023-01-08,TR,Türkiye,EURO,0,17004677,0,101419,16903258
2023-01-15,TR,Türkiye,EURO,0,17004677,0,101419,16903258
2023-01-22,TR,Türkiye,EURO,0,17004677,0,101419,16903258
2023-01-29,TR,Türkiye,EURO,0,17004677,0,101419,16903258
2023-02-05,TR,Türkiye,EURO,0,17004677,0,101419,16903258
2023-02-12,TR,Türkiye,EURO,0,17004677,0,101419,16903258
2023-02-19,TR,Türkiye,EURO,0,17004677,0,101419,16903258
2023-02-26,TR,Türkiye,EURO,0,17004677,0,101419,16903258
2023-03-05,TR,Türkiye,EURO,0,17004677,0,101419,16903258
2023-03-12,TR,Türkiye,EURO,0,17004677,0,101419,16903258
2023-03-19,TR,Türkiye,EURO,0,17004677,0,101419,16903258
2023-03-26,TR,Türkiye,EURO,0,17004677,0,101419,16903258
2023-04-02,TR,Türkiye,EURO,0,17004677,0,101419,16903258
2023-04-09,TR,Türkiye,EURO,0,17004677,0,101419,16903258
2023-04-16,TR,Türkiye,EURO,0,17004677,0,101419,16903258
2023-04-23,TR,Türkiye,EURO,0,17004677,0,101419,16903258
2023-04-30,TR,Türkiye,EURO,0,17004677,0,101419,16903258
2023-05-07,TR,Türkiye,EURO,0,17004677,0,101419,16903258
2023-05-14,TR,Türkiye,EURO,0,17004677,0,101419,16903258
2023-05-21,TR,Türkiye,EURO,0,17004677,0,101419,16903258
2023-05-28,TR,Türkiye,EURO,0,17004677,0,101419,16903258
2023-06-04,TR,Türkiye,EURO,0,17004677,0,101419,16903258
2023-06-11,TR,Türkiye,EURO,0,17004677,0,101419,16903258
2023-06-18,TR,Türkiye,EURO,0,17004677,0,101419,16903258
2023-06-25,TR,Türkiye,EURO,0,17004677,0,101419,16903258
2023-07-02,TR,Türkiye,EURO,0,17004677,0,101419,16903258
2023-07-09,TR,Türkiye,EURO,0,17004677,0,101419,16903258
2023-07-16,TR,Türkiye,EURO,0,17004677,0,101419,16903258
2023-07-23,TR,Türkiye,EURO,0,17004677,0,101419,16903258
2023-07-30,TR,Türkiye,EURO,0,17004677,0,101419,16903258
2023-08-06,TR,Türkiye,EURO,0,17004677,0,101419,16903258
2023-08-13,TR,Türkiye,EURO,0,17004677,0,101419,16903258
2023-08-20,TR,Türkiye,EURO,0,17004677,0,101419,16903258
2023-08-27,TR,Türkiye,EURO,0,17004677,0,101419,16903258
2023-09-03,TR,Türkiye,EURO,0,17004677,0,101419,16903258
2023-09-10,TR,Türkiye,EURO,0,17004677,0,101419,16903258
2023-09-17,TR,Türkiye,EURO,0,17004677,0,101419,16903258
2023-09-24,TR,Türkiye,EURO,0,17004677,0,101419,16903258
2023-10-01,TR,Türkiye,EURO,0,17004677,0,101419,16903258
2023-10-08,TR,Türkiye,EURO,0,17004677,0,101419,16903258
2023-10-15,TR,Türkiye,EURO,0,17004677,0,101419,16903258
2023-10-22,TR,Türkiye,EURO,0,17004677,0,101419,16903258
2023-10-29,TR,Türkiye,EURO,0,17004677,0,101419,16903258
2023-11-05,TR,Türkiye,EURO,1,17004678,0,101419,16903259
2023-11-12,TR,Türkiye,EURO,2,17004680,0,101419,16903261
2023-11-19,TR,Türkiye,EURO,3,17004683,0,101419,16903264
2023-11-26,TR,Türkiye,EURO,0,17004683,0,101419,16903264
2023-12-03,TR,Türkiye,EURO,2,17004685,0,101419,16903266
2023-12-10,TR,Türkiye,EURO,2,17004687,0,101419,16903268
2023-12-17,TR,Türkiye,EURO,1,17004688,0,101419,16903269
2023-12-24,TR,Türkiye,EURO,1,17004689,0,101419,16903270
2023-12-31,TR,Türkiye,EURO,1,17004690,0,101419,16903271
2024-01-07,TR,Türkiye,EURO,3,17004693,0,101419,16903274
2024-01-14,TR,Türkiye,EURO,4,17004697,0,101419,16903278
2024-01-21,TR,Türkiye,EURO,1,17004698,0,101419,16903279
2024-01-28,TR,Türkiye,EURO,4,17004702,0,101419,16903283
2024-02-04,TR,Türkiye,EURO,3,17004705,0,101419,16903286
2024-02-11,TR,Türkiye,EURO,2,17004707,0,101419,16903288
2024-02-18,TR,Türkiye,EURO,1,17004708,0,101419,16903289
2024-02-25,TR,Türkiye,EURO,2,17004710,0,101419,16903291
2024-03-03,TR,Türkiye,EURO,1,17004711,0,101419,16903292
2024-03-10,TR,Türkiye,EURO,0,17004711,0,101419,16903292
2024-03-17,TR,Türkiye,EURO,1,17004712,0,101419,16903293
2024-03-24,TR,Türkiye,EURO,2,17004714,0,101419,16903295
2024-03-31,TR,Türkiye,EURO,0,17004714,0,101419,16903295
2024-04-07,TR,Türkiye,EURO,0,17004714,0,101419,16903295
2024-04-14,TR,Türkiye,EURO,0,17004714,0,101419,16903295
2024-04-21,TR,Türkiye,EURO,0,17004714,0,101419,16903295
2024-04-28,TR,Türkiye,EURO,0,17004714,0,101419,16903295
2024-05-05,TR,Türkiye,EURO,0,17004714,0,101419,16903295
2024-05-12,TR,Türkiye,EURO,0,17004714,0,101419,16903295
2024-05-19,TR,Türkiye,EURO,2,17004716,0,101419,16903297
2024-05-26,TR,Türkiye,EURO,1,17004717,0,101419,16903298
2024-06-02,TR,Türkiye,EURO,0,17004717,0,101419,16903298
2024-06-09,TR,Türkiye,EURO,0,17004717,0,101419,16903298
2024-06-16,TR,Türkiye,EURO,0,17004717,0,101419,16903298
2024-06-23,TR,Türkiye,EURO,0,17004717,0,101419,16903298
2024-06-30,TR,Türkiye,EURO,0,17004717,0,101419,16903298
2024-07-07,TR,Türkiye,EURO,0,17004717,0,101419,16903298
2024-07-14,TR,Türkiye,EURO,1,17004718,0,101419,16903299
2024-07-21,TR,Türkiye,EURO,0,17004718,0,101419,16903299
2024-07-28,TR,Türkiye,EURO,0,17004718,0,101419,16903299
2024-08-04,TR,Türkiye,EURO,0,17004718,0,101419,16903299
2024-08-11,TR,Türkiye,EURO,2,17004720,0,101419,16903301
2024-08-18,TR,Türkiye,EURO,2,17004722,0,101419,16903303
2024-08-25,TR,Türkiye,EURO,1,17004723,0,101419,16903304
2024-09-01,TR,Türkiye,EURO,1,17004724,0,101419,16903305
2024-09-08,TR,Türkiye,EURO,1,17004725,0,101419,16903306
2024-09-15,TR,Türkiye,EURO,1,17004726,0,101419,16903307
2024-09-22,TR,Türkiye,EURO,0,17004726,0,101419,16903307
2024-09-29,TR,Türkiye,EURO,1,17004727,0,101419,16903308
2024-10-06,TR,Türkiye,EURO,1,17004728,0,101419,16903309
2024-10-13,TR,Türkiye,EURO,0,17004728,0,101419,16903309
2024-10-20,TR,Türkiye,EURO,1,17004729,0,101419,16903310
2024-10-27,TR,Türkiye,EURO,0,17004729,0,101419,16903310
2024-11-03,TR,Türkiye,EURO,1,17004730,0,101419,16903311
2024-11-10,TR,Türkiye,EURO,0,17004730,0,101419,16903311
2024-11-17,TR,Türkiye,EURO,0,17004730,0,101419,16903311
2020-01-05,TM,Turkmenistan,EURO,0,0,0,0,0
2020-01-12,TM,Turkmenistan,EURO,0,0,0,0,0
2020-01-19,TM,Turkmenistan,EURO,0,0,0,0,0
2020-01-26,TM,Turkmenistan,EURO,0,0,0,0,0
2020-02-02,TM,Turkmenistan,EURO,0,0,0,0,0
2020-02-09,TM,Turkmenistan,EURO,0,0,0,0,0
2020-02-16,TM,Turkmenistan,EURO,0,0,0,0,0
2020-02-23,TM,Turkmenistan,EURO,0,0,0,0,0
2020-03-01,TM,Turkmenistan,EURO,0,0,0,0,0
2020-03-08,TM,Turkmenistan,EURO,0,0,0,0,0
2020-03-15,TM,Turkmenistan,EURO,0,0,0,0,0
2020-03-22,TM,Turkmenistan,EURO,0,0,0,0,0
2020-03-29,TM,Turkmenistan,EURO,0,0,0,0,0
2020-04-05,TM,Turkmenistan,EURO,0,0,0,0,0
2020-04-12,TM,Turkmenistan,EURO,0,0,0,0,0
2020-04-19,TM,Turkmenistan,EURO,0,0,0,0,0
2020-04-26,TM,Turkmenistan,EURO,0,0,0,0,0
2020-05-03,TM,Turkmenistan,EURO,0,0,0,0,0
2020-05-10,TM,Turkmenistan,EURO,0,0,0,0,0
2020-05-17,TM,Turkmenistan,EURO,0,0,0,0,0
2020-05-24,TM,Turkmenistan,EURO,0,0,0,0,0
2020-05-31,TM,Turkmenistan,EURO,0,0,0,0,0
2020-06-07,TM,Turkmenistan,EURO,0,0,0,0,0
2020-06-14,TM,Turkmenistan,EURO,0,0,0,0,0
2020-06-21,TM,Turkmenistan,EURO,0,0,0,0,0
2020-06-28,TM,Turkmenistan,EURO,0,0,0,0,0
2020-07-05,TM,Turkmenistan,EURO,0,0,0,0,0
2020-07-12,TM,Turkmenistan,EURO,0,0,0,0,0
2020-07-19,TM,Turkmenistan,EURO,0,0,0,0,0
2020-07-26,TM,Turkmenistan,EURO,0,0,0,0,0
2020-08-02,TM,Turkmenistan,EURO,0,0,0,0,0
2020-08-09,TM,Turkmenistan,EURO,0,0,0,0,0
2020-08-16,TM,Turkmenistan,EURO,0,0,0,0,0
2020-08-23,TM,Turkmenistan,EURO,0,0,0,0,0
2020-08-30,TM,Turkmenistan,EURO,0,0,0,0,0
2020-09-06,TM,Turkmenistan,EURO,0,0,0,0,0
2020-09-13,TM,Turkmenistan,EURO,0,0,0,0,0
2020-09-20,TM,Turkmenistan,EURO,0,0,0,0,0
2020-09-27,TM,Turkmenistan,EURO,0,0,0,0,0
2020-10-04,TM,Turkmenistan,EURO,0,0,0,0,0
2020-10-11,TM,Turkmenistan,EURO,0,0,0,0,0
2020-10-18,TM,Turkmenistan,EURO,0,0,0,0,0
2020-10-25,TM,Turkmenistan,EURO,0,0,0,0,0
2020-11-01,TM,Turkmenistan,EURO,0,0,0,0,0
2020-11-08,TM,Turkmenistan,EURO,0,0,0,0,0
2020-11-15,TM,Turkmenistan,EURO,0,0,0,0,0
2020-11-22,TM,Turkmenistan,EURO,0,0,0,0,0
2020-11-29,TM,Turkmenistan,EURO,0,0,0,0,0
2020-12-06,TM,Turkmenistan,EURO,0,0,0,0,0
2020-12-13,TM,Turkmenistan,EURO,0,0,0,0,0
2020-12-20,TM,Turkmenistan,EURO,0,0,0,0,0
2020-12-27,TM,Turkmenistan,EURO,0,0,0,0,0
2021-01-03,TM,Turkmenistan,EURO,0,0,0,0,0
2021-01-10,TM,Turkmenistan,EURO,0,0,0,0,0
2021-01-17,TM,Turkmenistan,EURO,0,0,0,0,0
2021-01-24,TM,Turkmenistan,EURO,0,0,0,0,0
2021-01-31,TM,Turkmenistan,EURO,0,0,0,0,0
2021-02-07,TM,Turkmenistan,EURO,0,0,0,0,0
2021-02-14,TM,Turkmenistan,EURO,0,0,0,0,0
2021-02-21,TM,Turkmenistan,EURO,0,0,0,0,0
2021-02-28,TM,Turkmenistan,EURO,0,0,0,0,0
2021-03-07,TM,Turkmenistan,EURO,0,0,0,0,0
2021-03-14,TM,Turkmenistan,EURO,0,0,0,0,0
2021-03-21,TM,Turkmenistan,EURO,0,0,0,0,0
2021-03-28,TM,Turkmenistan,EURO,0,0,0,0,0
2021-04-04,TM,Turkmenistan,EURO,0,0,0,0,0
2021-04-11,TM,Turkmenistan,EURO,0,0,0,0,0
2021-04-18,TM,Turkmenistan,EURO,0,0,0,0,0
2021-04-25,TM,Turkmenistan,EURO,0,0,0,0,0
2021-05-02,TM,Turkmenistan,EURO,0,0,0,0,0
2021-05-09,TM,Turkmenistan,EURO,0,0,0,0,0
2021-05-16,TM,Turkmenistan,EURO,0,0,0,0,0
2021-05-23,TM,Turkmenistan,EURO,0,0,0,0,0
2021-05-30,TM,Turkmenistan,EURO,0,0,0,0,0
2021-06-06,TM,Turkmenistan,EURO,0,0,0,0,0
2021-06-13,TM,Turkmenistan,EURO,0,0,0,0,0
2021-06-20,TM,Turkmenistan,EURO,0,0,0,0,0
2021-06-27,TM,Turkmenistan,EURO,0,0,0,0,0
2021-07-04,TM,Turkmenistan,EURO,0,0,0,0,0
2021-07-11,TM,Turkmenistan,EURO,0,0,0,0,0
2021-07-18,TM,Turkmenistan,EURO,0,0,0,0,0
2021-07-25,TM,Turkmenistan,EURO,0,0,0,0,0
2021-08-01,TM,Turkmenistan,EURO,0,0,0,0,0
2021-08-08,TM,Turkmenistan,EURO,0,0,0,0,0
2021-08-15,TM,Turkmenistan,EURO,0,0,0,0,0
2021-08-22,TM,Turkmenistan,EURO,0,0,0,0,0
2021-08-29,TM,Turkmenistan,EURO,0,0,0,0,0
2021-09-05,TM,Turkmenistan,EURO,0,0,0,0,0
2021-09-12,TM,Turkmenistan,EURO,0,0,0,0,0
2021-09-19,TM,Turkmenistan,EURO,0,0,0,0,0
2021-09-26,TM,Turkmenistan,EURO,0,0,0,0,0
2021-10-03,TM,Turkmenistan,EURO,0,0,0,0,0
2021-10-10,TM,Turkmenistan,EURO,0,0,0,0,0
2021-10-17,TM,Turkmenistan,EURO,0,0,0,0,0
2021-10-24,TM,Turkmenistan,EURO,0,0,0,0,0
2021-10-31,TM,Turkmenistan,EURO,0,0,0,0,0
2021-11-07,TM,Turkmenistan,EURO,0,0,0,0,0
2021-11-14,TM,Turkmenistan,EURO,0,0,0,0,0
2021-11-21,TM,Turkmenistan,EURO,0,0,0,0,0
2021-11-28,TM,Turkmenistan,EURO,0,0,0,0,0
2021-12-05,TM,Turkmenistan,EURO,0,0,0,0,0
2021-12-12,TM,Turkmenistan,EURO,0,0,0,0,0
2021-12-19,TM,Turkmenistan,EURO,0,0,0,0,0
2021-12-26,TM,Turkmenistan,EURO,0,0,0,0,0
2022-01-02,TM,Turkmenistan,EURO,0,0,0,0,0
2022-01-09,TM,Turkmenistan,EURO,0,0,0,0,0
2022-01-16,TM,Turkmenistan,EURO,0,0,0,0,0
2022-01-23,TM,Turkmenistan,EURO,0,0,0,0,0
2022-01-30,TM,Turkmenistan,EURO,0,0,0,0,0
2022-02-06,TM,Turkmenistan,EURO,0,0,0,0,0
2022-02-13,TM,Turkmenistan,EURO,0,0,0,0,0
2022-02-20,TM,Turkmenistan,EURO,0,0,0,0,0
2022-02-27,TM,Turkmenistan,EURO,0,0,0,0,0
2022-03-06,TM,Turkmenistan,EURO,0,0,0,0,0
2022-03-13,TM,Turkmenistan,EURO,0,0,0,0,0
2022-03-20,TM,Turkmenistan,EURO,0,0,0,0,0
2022-03-27,TM,Turkmenistan,EURO,0,0,0,0,0
2022-04-03,TM,Turkmenistan,EURO,0,0,0,0,0
2022-04-10,TM,Turkmenistan,EURO,0,0,0,0,0
2022-04-17,TM,Turkmenistan,EURO,0,0,0,0,0
2022-04-24,TM,Turkmenistan,EURO,0,0,0,0,0
2022-05-01,TM,Turkmenistan,EURO,0,0,0,0,0
2022-05-08,TM,Turkmenistan,EURO,0,0,0,0,0
2022-05-15,TM,Turkmenistan,EURO,0,0,0,0,0
2022-05-22,TM,Turkmenistan,EURO,0,0,0,0,0
2022-05-29,TM,Turkmenistan,EURO,0,0,0,0,0
2022-06-05,TM,Turkmenistan,EURO,0,0,0,0,0
2022-06-12,TM,Turkmenistan,EURO,0,0,0,0,0
2022-06-19,TM,Turkmenistan,EURO,0,0,0,0,0
2022-06-26,TM,Turkmenistan,EURO,0,0,0,0,0
2022-07-03,TM,Turkmenistan,EURO,0,0,0,0,0
2022-07-10,TM,Turkmenistan,EURO,0,0,0,0,0
2022-07-17,TM,Turkmenistan,EURO,0,0,0,0,0
2022-07-24,TM,Turkmenistan,EURO,0,0,0,0,0
2022-07-31,TM,Turkmenistan,EURO,0,0,0,0,0
2022-08-07,TM,Turkmenistan,EURO,0,0,0,0,0
2022-08-14,TM,Turkmenistan,EURO,0,0,0,0,0
2022-08-21,TM,Turkmenistan,EURO,0,0,0,0,0
2022-08-28,TM,Turkmenistan,EURO,0,0,0,0,0
2022-09-04,TM,Turkmenistan,EURO,0,0,0,0,0
2022-09-11,TM,Turkmenistan,EURO,0,0,0,0,0
2022-09-18,TM,Turkmenistan,EURO,0,0,0,0,0
2022-09-25,TM,Turkmenistan,EURO,0,0,0,0,0
2022-10-02,TM,Turkmenistan,EURO,0,0,0,0,0
2022-10-09,TM,Turkmenistan,EURO,0,0,0,0,0
2022-10-16,TM,Turkmenistan,EURO,0,0,0,0,0
2022-10-23,TM,Turkmenistan,EURO,0,0,0,0,0
2022-10-30,TM,Turkmenistan,EURO,0,0,0,0,0
2022-11-06,TM,Turkmenistan,EURO,0,0,0,0,0
2022-11-13,TM,Turkmenistan,EURO,0,0,0,0,0
2022-11-20,TM,Turkmenistan,EURO,0,0,0,0,0
2022-11-27,TM,Turkmenistan,EURO,0,0,0,0,0
2022-12-04,TM,Turkmenistan,EURO,0,0,0,0,0
2022-12-11,TM,Turkmenistan,EURO,0,0,0,0,0
2022-12-18,TM,Turkmenistan,EURO,0,0,0,0,0
2022-12-25,TM,Turkmenistan,EURO,0,0,0,0,0
2023-01-01,TM,Turkmenistan,EURO,0,0,0,0,0
2023-01-08,TM,Turkmenistan,EURO,0,0,0,0,0
2023-01-15,TM,Turkmenistan,EURO,0,0,0,0,0
2023-01-22,TM,Turkmenistan,EURO,0,0,0,0,0
2023-01-29,TM,Turkmenistan,EURO,0,0,0,0,0
2023-02-05,TM,Turkmenistan,EURO,0,0,0,0,0
2023-02-12,TM,Turkmenistan,EURO,0,0,0,0,0
2023-02-19,TM,Turkmenistan,EURO,0,0,0,0,0
2023-02-26,TM,Turkmenistan,EURO,0,0,0,0,0
2023-03-05,TM,Turkmenistan,EURO,0,0,0,0,0
2023-03-12,TM,Turkmenistan,EURO,0,0,0,0,0
2023-03-19,TM,Turkmenistan,EURO,0,0,0,0,0
2023-03-26,TM,Turkmenistan,EURO,0,0,0,0,0
2023-04-02,TM,Turkmenistan,EURO,0,0,0,0,0
2023-04-09,TM,Turkmenistan,EURO,0,0,0,0,0
2023-04-16,TM,Turkmenistan,EURO,0,0,0,0,0
2023-04-23,TM,Turkmenistan,EURO,0,0,0,0,0
2023-04-30,TM,Turkmenistan,EURO,0,0,0,0,0
2023-05-07,TM,Turkmenistan,EURO,0,0,0,0,0
2023-05-14,TM,Turkmenistan,EURO,0,0,0,0,0
2023-05-21,TM,Turkmenistan,EURO,0,0,0,0,0
2023-05-28,TM,Turkmenistan,EURO,0,0,0,0,0
2023-06-04,TM,Turkmenistan,EURO,0,0,0,0,0
2023-06-11,TM,Turkmenistan,EURO,0,0,0,0,0
2023-06-18,TM,Turkmenistan,EURO,0,0,0,0,0
2023-06-25,TM,Turkmenistan,EURO,0,0,0,0,0
2023-07-02,TM,Turkmenistan,EURO,0,0,0,0,0
2023-07-09,TM,Turkmenistan,EURO,0,0,0,0,0
2023-07-16,TM,Turkmenistan,EURO,0,0,0,0,0
2023-07-23,TM,Turkmenistan,EURO,0,0,0,0,0
2023-07-30,TM,Turkmenistan,EURO,0,0,0,0,0
2023-08-06,TM,Turkmenistan,EURO,0,0,0,0,0
2023-08-13,TM,Turkmenistan,EURO,0,0,0,0,0
2023-08-20,TM,Turkmenistan,EURO,0,0,0,0,0
2023-08-27,TM,Turkmenistan,EURO,0,0,0,0,0
2023-09-03,TM,Turkmenistan,EURO,0,0,0,0,0
2023-09-10,TM,Turkmenistan,EURO,0,0,0,0,0
2023-09-17,TM,Turkmenistan,EURO,0,0,0,0,0
2023-09-24,TM,Turkmenistan,EURO,0,0,0,0,0
2023-10-01,TM,Turkmenistan,EURO,0,0,0,0,0
2023-10-08,TM,Turkmenistan,EURO,0,0,0,0,0
2023-10-15,TM,Turkmenistan,EURO,0,0,0,0,0
2023-10-22,TM,Turkmenistan,EURO,0,0,0,0,0
2023-10-29,TM,Turkmenistan,EURO,0,0,0,0,0
2023-11-05,TM,Turkmenistan,EURO,0,0,0,0,0
2023-11-12,TM,Turkmenistan,EURO,0,0,0,0,0
2023-11-19,TM,Turkmenistan,EURO,0,0,0,0,0
2023-11-26,TM,Turkmenistan,EURO,0,0,0,0,0
2023-12-03,TM,Turkmenistan,EURO,0,0,0,0,0
2023-12-10,TM,Turkmenistan,EURO,0,0,0,0,0
2023-12-17,TM,Turkmenistan,EURO,0,0,0,0,0
2023-12-24,TM,Turkmenistan,EURO,0,0,0,0,0
2023-12-31,TM,Turkmenistan,EURO,0,0,0,0,0
2024-01-07,TM,Turkmenistan,EURO,0,0,0,0,0
2024-01-14,TM,Turkmenistan,EURO,0,0,0,0,0
2024-01-21,TM,Turkmenistan,EURO,0,0,0,0,0
2024-01-28,TM,Turkmenistan,EURO,0,0,0,0,0
2024-02-04,TM,Turkmenistan,EURO,0,0,0,0,0
2024-02-11,TM,Turkmenistan,EURO,0,0,0,0,0
2024-02-18,TM,Turkmenistan,EURO,0,0,0,0,0
2024-02-25,TM,Turkmenistan,EURO,0,0,0,0,0
2024-03-03,TM,Turkmenistan,EURO,0,0,0,0,0
2024-03-10,TM,Turkmenistan,EURO,0,0,0,0,0
2024-03-17,TM,Turkmenistan,EURO,0,0,0,0,0
2024-03-24,TM,Turkmenistan,EURO,0,0,0,0,0
2024-03-31,TM,Turkmenistan,EURO,0,0,0,0,0
2024-04-07,TM,Turkmenistan,EURO,0,0,0,0,0
2024-04-14,TM,Turkmenistan,EURO,0,0,0,0,0
2024-04-21,TM,Turkmenistan,EURO,0,0,0,0,0
2024-04-28,TM,Turkmenistan,EURO,0,0,0,0,0
2024-05-05,TM,Turkmenistan,EURO,0,0,0,0,0
2024-05-12,TM,Turkmenistan,EURO,0,0,0,0,0
2024-05-19,TM,Turkmenistan,EURO,0,0,0,0,0
2024-05-26,TM,Turkmenistan,EURO,0,0,0,0,0
2024-06-02,TM,Turkmenistan,EURO,0,0,0,0,0
2024-06-09,TM,Turkmenistan,EURO,0,0,0,0,0
2024-06-16,TM,Turkmenistan,EURO,0,0,0,0,0
2024-06-23,TM,Turkmenistan,EURO,0,0,0,0,0
2024-06-30,TM,Turkmenistan,EURO,0,0,0,0,0
2024-07-07,TM,Turkmenistan,EURO,0,0,0,0,0
2024-07-14,TM,Turkmenistan,EURO,0,0,0,0,0
2024-07-21,TM,Turkmenistan,EURO,0,0,0,0,0
2024-07-28,TM,Turkmenistan,EURO,0,0,0,0,0
2024-08-04,TM,Turkmenistan,EURO,0,0,0,0,0
2024-08-11,TM,Turkmenistan,EURO,0,0,0,0,0
2024-08-18,TM,Turkmenistan,EURO,0,0,0,0,0
2024-08-25,TM,Turkmenistan,EURO,0,0,0,0,0
2024-09-01,TM,Turkmenistan,EURO,0,0,0,0,0
2024-09-08,TM,Turkmenistan,EURO,0,0,0,0,0
2024-09-15,TM,Turkmenistan,EURO,0,0,0,0,0
2024-09-22,TM,Turkmenistan,EURO,0,0,0,0,0
2024-09-29,TM,Turkmenistan,EURO,0,0,0,0,0
2024-10-06,TM,Turkmenistan,EURO,0,0,0,0,0
2024-10-13,TM,Turkmenistan,EURO,0,0,0,0,0
2024-10-20,TM,Turkmenistan,EURO,0,0,0,0,0
2024-10-27,TM,Turkmenistan,EURO,0,0,0,0,0
2024-11-03,TM,Turkmenistan,EURO,0,0,0,0,0
2024-11-10,TM,Turkmenistan,EURO,0,0,0,0,0
2024-11-17,TM,Turkmenistan,EURO,0,0,0,0,0
2020-01-05,TC,Turks and Caicos Islands,AMRO,0,0,0,0,0
2020-01-12,TC,Turks and Caicos Islands,AMRO,0,0,0,0,0
2020-01-19,TC,Turks and Caicos Islands,AMRO,0,0,0,0,0
2020-01-26,TC,Turks and Caicos Islands,AMRO,0,0,0,0,0
2020-02-02,TC,Turks and Caicos Islands,AMRO,0,0,0,0,0
2020-02-09,TC,Turks and Caicos Islands,AMRO,0,0,0,0,0
2020-02-16,TC,Turks and Caicos Islands,AMRO,0,0,0,0,0
2020-02-23,TC,Turks and Caicos Islands,AMRO,0,0,0,0,0
2020-03-01,TC,Turks and Caicos Islands,AMRO,0,0,0,0,0
2020-03-08,TC,Turks and Caicos Islands,AMRO,0,0,0,0,0
2020-03-15,TC,Turks and Caicos Islands,AMRO,0,0,0,0,0
2020-03-22,TC,Turks and Caicos Islands,AMRO,0,0,0,0,0
2020-03-29,TC,Turks and Caicos Islands,AMRO,2,2,0,0,2
2020-04-05,TC,Turks and Caicos Islands,AMRO,3,5,0,0,5
2020-04-12,TC,Turks and Caicos Islands,AMRO,3,8,1,1,7
2020-04-19,TC,Turks and Caicos Islands,AMRO,3,11,0,1,10
2020-04-26,TC,Turks and Caicos Islands,AMRO,0,11,0,1,10
2020-05-03,TC,Turks and Caicos Islands,AMRO,1,12,0,1,11
2020-05-10,TC,Turks and Caicos Islands,AMRO,0,12,0,1,11
2020-05-17,TC,Turks and Caicos Islands,AMRO,0,12,0,1,11
2020-05-24,TC,Turks and Caicos Islands,AMRO,0,12,0,1,11
2020-05-31,TC,Turks and Caicos Islands,AMRO,0,12,0,1,11
2020-06-07,TC,Turks and Caicos Islands,AMRO,0,12,0,1,11
2020-06-14,TC,Turks and Caicos Islands,AMRO,0,12,0,1,11
2020-06-21,TC,Turks and Caicos Islands,AMRO,0,12,0,1,11
2020-06-28,TC,Turks and Caicos Islands,AMRO,4,16,0,1,15
2020-07-05,TC,Turks and Caicos Islands,AMRO,29,45,1,2,43
2020-07-12,TC,Turks and Caicos Islands,AMRO,24,69,0,2,67
2020-07-19,TC,Turks and Caicos Islands,AMRO,6,75,0,2,73
2020-07-26,TC,Turks and Caicos Islands,AMRO,17,92,0,2,90
2020-08-02,TC,Turks and Caicos Islands,AMRO,22,114,0,2,112
2020-08-09,TC,Turks and Caicos Islands,AMRO,56,170,0,2,168
2020-08-16,TC,Turks and Caicos Islands,AMRO,104,274,0,2,272
2020-08-23,TC,Turks and Caicos Islands,AMRO,73,347,0,2,345
2020-08-30,TC,Turks and Caicos Islands,AMRO,143,490,1,3,487
2020-09-06,TC,Turks and Caicos Islands,AMRO,101,591,2,5,586
2020-09-13,TC,Turks and Caicos Islands,AMRO,50,641,0,5,636
2020-09-20,TC,Turks and Caicos Islands,AMRO,26,667,0,5,662
2020-09-27,TC,Turks and Caicos Islands,AMRO,13,680,0,5,675
2020-10-04,TC,Turks and Caicos Islands,AMRO,15,695,1,6,689
2020-10-11,TC,Turks and Caicos Islands,AMRO,0,695,0,6,689
2020-10-18,TC,Turks and Caicos Islands,AMRO,2,697,0,6,691
2020-10-25,TC,Turks and Caicos Islands,AMRO,2,699,0,6,693
2020-11-01,TC,Turks and Caicos Islands,AMRO,4,703,0,6,697
2020-11-08,TC,Turks and Caicos Islands,AMRO,4,707,0,6,701
2020-11-15,TC,Turks and Caicos Islands,AMRO,9,716,0,6,710
2020-11-22,TC,Turks and Caicos Islands,AMRO,24,740,0,6,734
2020-11-29,TC,Turks and Caicos Islands,AMRO,8,748,0,6,742
2020-12-06,TC,Turks and Caicos Islands,AMRO,7,755,0,6,749
2020-12-13,TC,Turks and Caicos Islands,AMRO,14,769,0,6,763
2020-12-20,TC,Turks and Caicos Islands,AMRO,20,789,0,6,783
2020-12-27,TC,Turks and Caicos Islands,AMRO,55,844,0,6,838
2021-01-03,TC,Turks and Caicos Islands,AMRO,64,908,0,6,902
2021-01-10,TC,Turks and Caicos Islands,AMRO,57,965,0,6,959
2021-01-17,TC,Turks and Caicos Islands,AMRO,114,1079,0,6,1073
2021-01-24,TC,Turks and Caicos Islands,AMRO,165,1244,1,7,1237
2021-01-31,TC,Turks and Caicos Islands,AMRO,215,1459,1,8,1451
2021-02-07,TC,Turks and Caicos Islands,AMRO,195,1654,1,9,1645
2021-02-14,TC,Turks and Caicos Islands,AMRO,179,1833,3,12,1821
2021-02-21,TC,Turks and Caicos Islands,AMRO,165,1998,2,14,1984
2021-02-28,TC,Turks and Caicos Islands,AMRO,101,2099,0,14,2085
2021-03-07,TC,Turks and Caicos Islands,AMRO,73,2172,0,14,2158
2021-03-14,TC,Turks and Caicos Islands,AMRO,28,2200,1,15,2185
2021-03-21,TC,Turks and Caicos Islands,AMRO,90,2290,0,15,2275
2021-03-28,TC,Turks and Caicos Islands,AMRO,35,2325,2,17,2308
2021-04-04,TC,Turks and Caicos Islands,AMRO,19,2344,0,17,2327
2021-04-11,TC,Turks and Caicos Islands,AMRO,0,2344,0,17,2327
2021-04-18,TC,Turks and Caicos Islands,AMRO,25,2369,0,17,2352
2021-04-25,TC,Turks and Caicos Islands,AMRO,7,2376,0,17,2359
2021-05-02,TC,Turks and Caicos Islands,AMRO,14,2390,0,17,2373
2021-05-09,TC,Turks and Caicos Islands,AMRO,12,2402,0,17,2385
2021-05-16,TC,Turks and Caicos Islands,AMRO,2,2404,0,17,2387
2021-05-23,TC,Turks and Caicos Islands,AMRO,4,2408,0,17,2391
2021-05-30,TC,Turks and Caicos Islands,AMRO,4,2412,0,17,2395
2021-06-06,TC,Turks and Caicos Islands,AMRO,8,2420,0,17,2403
2021-06-13,TC,Turks and Caicos Islands,AMRO,1,2421,1,18,2403
2021-06-20,TC,Turks and Caicos Islands,AMRO,2,2423,0,18,2405
2021-06-27,TC,Turks and Caicos Islands,AMRO,1,2424,0,18,2406
2021-07-04,TC,Turks and Caicos Islands,AMRO,1,2425,0,18,2407
2021-07-11,TC,Turks and Caicos Islands,AMRO,5,2430,0,18,2412
2021-07-18,TC,Turks and Caicos Islands,AMRO,16,2446,0,18,2428
2021-07-25,TC,Turks and Caicos Islands,AMRO,16,2462,0,18,2444
2021-08-01,TC,Turks and Caicos Islands,AMRO,22,2484,0,18,2466
2021-08-08,TC,Turks and Caicos Islands,AMRO,30,2514,0,18,2496
2021-08-15,TC,Turks and Caicos Islands,AMRO,48,2562,1,19,2543
2021-08-22,TC,Turks and Caicos Islands,AMRO,45,2607,0,19,2588
2021-08-29,TC,Turks and Caicos Islands,AMRO,30,2637,1,20,2617
2021-09-05,TC,Turks and Caicos Islands,AMRO,55,2692,0,20,2672
2021-09-12,TC,Turks and Caicos Islands,AMRO,61,2753,0,20,2733
2021-09-19,TC,Turks and Caicos Islands,AMRO,47,2800,1,21,2779
2021-09-26,TC,Turks and Caicos Islands,AMRO,30,2830,1,22,2808
2021-10-03,TC,Turks and Caicos Islands,AMRO,29,2859,1,23,2836
2021-10-10,TC,Turks and Caicos Islands,AMRO,31,2890,0,23,2867
2021-10-17,TC,Turks and Caicos Islands,AMRO,32,2922,0,23,2899
2021-10-24,TC,Turks and Caicos Islands,AMRO,29,2951,0,23,2928
2021-10-31,TC,Turks and Caicos Islands,AMRO,29,2980,0,23,2957
2021-11-07,TC,Turks and Caicos Islands,AMRO,31,3011,0,23,2988
2021-11-14,TC,Turks and Caicos Islands,AMRO,20,3031,0,23,3008
2021-11-21,TC,Turks and Caicos Islands,AMRO,45,3076,0,23,3053
2021-11-28,TC,Turks and Caicos Islands,AMRO,20,3096,1,24,3072
2021-12-05,TC,Turks and Caicos Islands,AMRO,7,3103,1,25,3078
2021-12-12,TC,Turks and Caicos Islands,AMRO,27,3130,0,25,3105
2021-12-19,TC,Turks and Caicos Islands,AMRO,33,3163,0,25,3138
2021-12-26,TC,Turks and Caicos Islands,AMRO,72,3235,1,26,3209
2022-01-02,TC,Turks and Caicos Islands,AMRO,173,3408,0,26,3382
2022-01-09,TC,Turks and Caicos Islands,AMRO,472,3880,0,26,3854
2022-01-16,TC,Turks and Caicos Islands,AMRO,1076,4956,4,30,4926
2022-01-23,TC,Turks and Caicos Islands,AMRO,568,5524,3,33,5491
2022-01-30,TC,Turks and Caicos Islands,AMRO,168,5692,1,34,5658
2022-02-06,TC,Turks and Caicos Islands,AMRO,86,5778,1,35,5743
2022-02-13,TC,Turks and Caicos Islands,AMRO,45,5823,0,35,5788
2022-02-20,TC,Turks and Caicos Islands,AMRO,20,5843,1,36,5807
2022-02-27,TC,Turks and Caicos Islands,AMRO,12,5855,0,36,5819
2022-03-06,TC,Turks and Caicos Islands,AMRO,12,5867,0,36,5831
2022-03-13,TC,Turks and Caicos Islands,AMRO,7,5874,0,36,5838
2022-03-20,TC,Turks and Caicos Islands,AMRO,0,5874,0,36,5838
2022-03-27,TC,Turks and Caicos Islands,AMRO,14,5888,0,36,5852
2022-04-03,TC,Turks and Caicos Islands,AMRO,22,5910,0,36,5874
2022-04-10,TC,Turks and Caicos Islands,AMRO,13,5923,0,36,5887
2022-04-17,TC,Turks and Caicos Islands,AMRO,13,5936,0,36,5900
2022-04-24,TC,Turks and Caicos Islands,AMRO,5,5941,0,36,5905
2022-05-01,TC,Turks and Caicos Islands,AMRO,22,5963,0,36,5927
2022-05-08,TC,Turks and Caicos Islands,AMRO,32,5995,0,36,5959
2022-05-15,TC,Turks and Caicos Islands,AMRO,51,6046,0,36,6010
2022-05-22,TC,Turks and Caicos Islands,AMRO,51,6097,0,36,6061
2022-05-29,TC,Turks and Caicos Islands,AMRO,26,6123,0,36,6087
2022-06-05,TC,Turks and Caicos Islands,AMRO,25,6148,0,36,6112
2022-06-12,TC,Turks and Caicos Islands,AMRO,12,6160,0,36,6124
2022-06-19,TC,Turks and Caicos Islands,AMRO,29,6189,0,36,6153
2022-06-26,TC,Turks and Caicos Islands,AMRO,22,6211,0,36,6175
2022-07-03,TC,Turks and Caicos Islands,AMRO,8,6219,0,36,6183
2022-07-10,TC,Turks and Caicos Islands,AMRO,15,6234,0,36,6198
2022-07-17,TC,Turks and Caicos Islands,AMRO,21,6255,0,36,6219
2022-07-24,TC,Turks and Caicos Islands,AMRO,24,6279,0,36,6243
2022-07-31,TC,Turks and Caicos Islands,AMRO,24,6303,0,36,6267
2022-08-07,TC,Turks and Caicos Islands,AMRO,25,6328,0,36,6292
2022-08-14,TC,Turks and Caicos Islands,AMRO,10,6338,0,36,6302
2022-08-21,TC,Turks and Caicos Islands,AMRO,13,6351,0,36,6315
2022-08-28,TC,Turks and Caicos Islands,AMRO,8,6359,0,36,6323
2022-09-04,TC,Turks and Caicos Islands,AMRO,10,6369,0,36,6333
2022-09-11,TC,Turks and Caicos Islands,AMRO,3,6372,0,36,6336
2022-09-18,TC,Turks and Caicos Islands,AMRO,8,6380,0,36,6344
2022-09-25,TC,Turks and Caicos Islands,AMRO,0,6380,0,36,6344
2022-10-02,TC,Turks and Caicos Islands,AMRO,0,6380,0,36,6344
2022-10-09,TC,Turks and Caicos Islands,AMRO,0,6380,0,36,6344
2022-10-16,TC,Turks and Caicos Islands,AMRO,0,6380,0,36,6344
2022-10-23,TC,Turks and Caicos Islands,AMRO,0,6380,0,36,6344
2022-10-30,TC,Turks and Caicos Islands,AMRO,49,6429,0,36,6393
2022-11-06,TC,Turks and Caicos Islands,AMRO,2,6431,0,36,6395
2022-11-13,TC,Turks and Caicos Islands,AMRO,7,6438,0,36,6402
2022-11-20,TC,Turks and Caicos Islands,AMRO,2,6440,0,36,6404
2022-11-27,TC,Turks and Caicos Islands,AMRO,6,6446,0,36,6410
2022-12-04,TC,Turks and Caicos Islands,AMRO,0,6446,0,36,6410
2022-12-11,TC,Turks and Caicos Islands,AMRO,0,6446,0,36,6410
2022-12-18,TC,Turks and Caicos Islands,AMRO,17,6463,0,36,6427
2022-12-25,TC,Turks and Caicos Islands,AMRO,16,6479,0,36,6443
2023-01-01,TC,Turks and Caicos Islands,AMRO,0,6479,0,36,6443
2023-01-08,TC,Turks and Caicos Islands,AMRO,0,6479,0,36,6443
2023-01-15,TC,Turks and Caicos Islands,AMRO,0,6479,0,36,6443
2023-01-22,TC,Turks and Caicos Islands,AMRO,43,6522,2,38,6484
2023-01-29,TC,Turks and Caicos Islands,AMRO,0,6522,0,38,6484
2023-02-05,TC,Turks and Caicos Islands,AMRO,15,6537,0,38,6499
2023-02-12,TC,Turks and Caicos Islands,AMRO,7,6544,0,38,6506
2023-02-19,TC,Turks and Caicos Islands,AMRO,7,6551,0,38,6513
2023-02-26,TC,Turks and Caicos Islands,AMRO,0,6551,0,38,6513
2023-03-05,TC,Turks and Caicos Islands,AMRO,6,6557,0,38,6519
2023-03-12,TC,Turks and Caicos Islands,AMRO,4,6561,0,38,6523
2023-03-19,TC,Turks and Caicos Islands,AMRO,1,6562,0,38,6524
2023-03-26,TC,Turks and Caicos Islands,AMRO,3,6565,0,38,6527
2023-04-02,TC,Turks and Caicos Islands,AMRO,0,6565,0,38,6527
2023-04-09,TC,Turks and Caicos Islands,AMRO,0,6565,0,38,6527
2023-04-16,TC,Turks and Caicos Islands,AMRO,0,6565,0,38,6527
2023-04-23,TC,Turks and Caicos Islands,AMRO,0,6565,0,38,6527
2023-04-30,TC,Turks and Caicos Islands,AMRO,0,6565,0,38,6527
2023-05-07,TC,Turks and Caicos Islands,AMRO,23,6588,0,38,6550
2023-05-14,TC,Turks and Caicos Islands,AMRO,0,6588,0,38,6550
2023-05-21,TC,Turks and Caicos Islands,AMRO,5,6593,0,38,6555
2023-05-28,TC,Turks and Caicos Islands,AMRO,2,6595,0,38,6557
2023-06-04,TC,Turks and Caicos Islands,AMRO,3,6598,0,38,6560
2023-06-11,TC,Turks and Caicos Islands,AMRO,4,6602,0,38,6564
2023-06-18,TC,Turks and Caicos Islands,AMRO,2,6604,0,38,6566
2023-06-25,TC,Turks and Caicos Islands,AMRO,4,6608,1,39,6569
2023-07-02,TC,Turks and Caicos Islands,AMRO,4,6612,0,39,6573
2023-07-09,TC,Turks and Caicos Islands,AMRO,4,6616,0,39,6577
2023-07-16,TC,Turks and Caicos Islands,AMRO,4,6620,0,39,6581
2023-07-23,TC,Turks and Caicos Islands,AMRO,5,6625,0,39,6586
2023-07-30,TC,Turks and Caicos Islands,AMRO,16,6641,0,39,6602
2023-08-06,TC,Turks and Caicos Islands,AMRO,3,6644,0,39,6605
2023-08-13,TC,Turks and Caicos Islands,AMRO,2,6646,0,39,6607
2023-08-20,TC,Turks and Caicos Islands,AMRO,3,6649,0,39,6610
2023-08-27,TC,Turks and Caicos Islands,AMRO,2,6651,0,39,6612
2023-09-03,TC,Turks and Caicos Islands,AMRO,0,6651,0,39,6612
2023-09-10,TC,Turks and Caicos Islands,AMRO,0,6651,0,39,6612
2023-09-17,TC,Turks and Caicos Islands,AMRO,0,6651,0,39,6612
2023-09-24,TC,Turks and Caicos Islands,AMRO,0,6651,0,39,6612
2023-10-01,TC,Turks and Caicos Islands,AMRO,0,6651,1,40,6611
2023-10-08,TC,Turks and Caicos Islands,AMRO,15,6666,0,40,6626
2023-10-15,TC,Turks and Caicos Islands,AMRO,0,6666,0,40,6626
2023-10-22,TC,Turks and Caicos Islands,AMRO,1,6667,0,40,6627
2023-10-29,TC,Turks and Caicos Islands,AMRO,5,6672,0,40,6632
2023-11-05,TC,Turks and Caicos Islands,AMRO,0,6672,0,40,6632
2023-11-12,TC,Turks and Caicos Islands,AMRO,0,6672,0,40,6632
2023-11-19,TC,Turks and Caicos Islands,AMRO,23,6695,0,40,6655
2023-11-26,TC,Turks and Caicos Islands,AMRO,1,6696,0,40,6656
2023-12-03,TC,Turks and Caicos Islands,AMRO,1,6697,0,40,6657
2023-12-10,TC,Turks and Caicos Islands,AMRO,6,6703,0,40,6663
2023-12-17,TC,Turks and Caicos Islands,AMRO,7,6710,0,40,6670
2023-12-24,TC,Turks and Caicos Islands,AMRO,0,6710,0,40,6670
2023-12-31,TC,Turks and Caicos Islands,AMRO,0,6710,0,40,6670
2024-01-07,TC,Turks and Caicos Islands,AMRO,0,6710,0,40,6670
2024-01-14,TC,Turks and Caicos Islands,AMRO,10,6720,0,40,6680
2024-01-21,TC,Turks and Caicos Islands,AMRO,8,6728,0,40,6688
2024-01-28,TC,Turks and Caicos Islands,AMRO,6,6734,0,40,6694
2024-02-04,TC,Turks and Caicos Islands,AMRO,0,6734,0,40,6694
2024-02-11,TC,Turks and Caicos Islands,AMRO,10,6744,0,40,6704
2024-02-18,TC,Turks and Caicos Islands,AMRO,0,6744,0,40,6704
2024-02-25,TC,Turks and Caicos Islands,AMRO,0,6744,0,40,6704
2024-03-03,TC,Turks and Caicos Islands,AMRO,3,6747,0,40,6707
2024-03-10,TC,Turks and Caicos Islands,AMRO,0,6747,0,40,6707
2024-03-17,TC,Turks and Caicos Islands,AMRO,0,6747,0,40,6707
2024-03-24,TC,Turks and Caicos Islands,AMRO,4,6751,0,40,6711
2024-03-31,TC,Turks and Caicos Islands,AMRO,0,6751,0,40,6711
2024-04-07,TC,Turks and Caicos Islands,AMRO,0,6751,0,40,6711
2024-04-14,TC,Turks and Caicos Islands,AMRO,0,6751,0,40,6711
2024-04-21,TC,Turks and Caicos Islands,AMRO,0,6751,0,40,6711
2024-04-28,TC,Turks and Caicos Islands,AMRO,0,6751,0,40,6711
2024-05-05,TC,Turks and Caicos Islands,AMRO,0,6751,0,40,6711
2024-05-12,TC,Turks and Caicos Islands,AMRO,0,6751,0,40,6711
2024-05-19,TC,Turks and Caicos Islands,AMRO,0,6751,0,40,6711
2024-05-26,TC,Turks and Caicos Islands,AMRO,0,6751,0,40,6711
2024-06-02,TC,Turks and Caicos Islands,AMRO,0,6751,0,40,6711
2024-06-09,TC,Turks and Caicos Islands,AMRO,0,6751,0,40,6711
2024-06-16,TC,Turks and Caicos Islands,AMRO,1,6752,0,40,6712
2024-06-23,TC,Turks and Caicos Islands,AMRO,11,6763,0,40,6723
2024-06-30,TC,Turks and Caicos Islands,AMRO,13,6776,0,40,6736
2024-07-07,TC,Turks and Caicos Islands,AMRO,19,6795,0,40,6755
2024-07-14,TC,Turks and Caicos Islands,AMRO,6,6801,0,40,6761
2024-07-21,TC,Turks and Caicos Islands,AMRO,4,6805,0,40,6765
2024-07-28,TC,Turks and Caicos Islands,AMRO,0,6805,0,40,6765
2024-08-04,TC,Turks and Caicos Islands,AMRO,0,6805,0,40,6765
2024-08-11,TC,Turks and Caicos Islands,AMRO,0,6805,0,40,6765
2024-08-18,TC,Turks and Caicos Islands,AMRO,0,6805,0,40,6765
2024-08-25,TC,Turks and Caicos Islands,AMRO,0,6805,0,40,6765
2024-09-01,TC,Turks and Caicos Islands,AMRO,0,6805,0,40,6765
2024-09-08,TC,Turks and Caicos Islands,AMRO,0,6805,0,40,6765
2024-09-15,TC,Turks and Caicos Islands,AMRO,0,6805,0,40,6765
2024-09-22,TC,Turks and Caicos Islands,AMRO,0,6805,0,40,6765
2024-09-29,TC,Turks and Caicos Islands,AMRO,2,6807,0,40,6767
2024-10-06,TC,Turks and Caicos Islands,AMRO,0,6807,0,40,6767
2024-10-13,TC,Turks and Caicos Islands,AMRO,6,6813,0,40,6773
2024-10-20,TC,Turks and Caicos Islands,AMRO,11,6824,0,40,6784
2024-10-27,TC,Turks and Caicos Islands,AMRO,0,6824,0,40,6784
2024-11-03,TC,Turks and Caicos Islands,AMRO,0,6824,0,40,6784
2024-11-10,TC,Turks and Caicos Islands,AMRO,2,6826,0,40,6786
2024-11-17,TC,Turks and Caicos Islands,AMRO,0,6826,0,40,6786
2020-01-05,TV,Tuvalu,WPRO,0,0,0,0,0
2020-01-12,TV,Tuvalu,WPRO,0,0,0,0,0
2020-01-19,TV,Tuvalu,WPRO,0,0,0,0,0
2020-01-26,TV,Tuvalu,WPRO,0,0,0,0,0
2020-02-02,TV,Tuvalu,WPRO,0,0,0,0,0
2020-02-09,TV,Tuvalu,WPRO,0,0,0,0,0
2020-02-16,TV,Tuvalu,WPRO,0,0,0,0,0
2020-02-23,TV,Tuvalu,WPRO,0,0,0,0,0
2020-03-01,TV,Tuvalu,WPRO,0,0,0,0,0
2020-03-08,TV,Tuvalu,WPRO,0,0,0,0,0
2020-03-15,TV,Tuvalu,WPRO,0,0,0,0,0
2020-03-22,TV,Tuvalu,WPRO,0,0,0,0,0
2020-03-29,TV,Tuvalu,WPRO,0,0,0,0,0
2020-04-05,TV,Tuvalu,WPRO,0,0,0,0,0
2020-04-12,TV,Tuvalu,WPRO,0,0,0,0,0
2020-04-19,TV,Tuvalu,WPRO,0,0,0,0,0
2020-04-26,TV,Tuvalu,WPRO,0,0,0,0,0
2020-05-03,TV,Tuvalu,WPRO,0,0,0,0,0
2020-05-10,TV,Tuvalu,WPRO,0,0,0,0,0
2020-05-17,TV,Tuvalu,WPRO,0,0,0,0,0
2020-05-24,TV,Tuvalu,WPRO,0,0,0,0,0
2020-05-31,TV,Tuvalu,WPRO,0,0,0,0,0
2020-06-07,TV,Tuvalu,WPRO,0,0,0,0,0
2020-06-14,TV,Tuvalu,WPRO,0,0,0,0,0
2020-06-21,TV,Tuvalu,WPRO,0,0,0,0,0
2020-06-28,TV,Tuvalu,WPRO,0,0,0,0,0
2020-07-05,TV,Tuvalu,WPRO,0,0,0,0,0
2020-07-12,TV,Tuvalu,WPRO,0,0,0,0,0
2020-07-19,TV,Tuvalu,WPRO,0,0,0,0,0
2020-07-26,TV,Tuvalu,WPRO,0,0,0,0,0
2020-08-02,TV,Tuvalu,WPRO,0,0,0,0,0
2020-08-09,TV,Tuvalu,WPRO,0,0,0,0,0
2020-08-16,TV,Tuvalu,WPRO,0,0,0,0,0
2020-08-23,TV,Tuvalu,WPRO,0,0,0,0,0
2020-08-30,TV,Tuvalu,WPRO,0,0,0,0,0
2020-09-06,TV,Tuvalu,WPRO,0,0,0,0,0
2020-09-13,TV,Tuvalu,WPRO,0,0,0,0,0
2020-09-20,TV,Tuvalu,WPRO,0,0,0,0,0
2020-09-27,TV,Tuvalu,WPRO,0,0,0,0,0
2020-10-04,TV,Tuvalu,WPRO,0,0,0,0,0
2020-10-11,TV,Tuvalu,WPRO,0,0,0,0,0
2020-10-18,TV,Tuvalu,WPRO,0,0,0,0,0
2020-10-25,TV,Tuvalu,WPRO,0,0,0,0,0
2020-11-01,TV,Tuvalu,WPRO,0,0,0,0,0
2020-11-08,TV,Tuvalu,WPRO,0,0,0,0,0
2020-11-15,TV,Tuvalu,WPRO,0,0,0,0,0
2020-11-22,TV,Tuvalu,WPRO,0,0,0,0,0
2020-11-29,TV,Tuvalu,WPRO,0,0,0,0,0
2020-12-06,TV,Tuvalu,WPRO,0,0,0,0,0
2020-12-13,TV,Tuvalu,WPRO,0,0,0,0,0
2020-12-20,TV,Tuvalu,WPRO,0,0,0,0,0
2020-12-27,TV,Tuvalu,WPRO,0,0,0,0,0
2021-01-03,TV,Tuvalu,WPRO,0,0,0,0,0
2021-01-10,TV,Tuvalu,WPRO,0,0,0,0,0
2021-01-17,TV,Tuvalu,WPRO,0,0,0,0,0
2021-01-24,TV,Tuvalu,WPRO,0,0,0,0,0
2021-01-31,TV,Tuvalu,WPRO,0,0,0,0,0
2021-02-07,TV,Tuvalu,WPRO,0,0,0,0,0
2021-02-14,TV,Tuvalu,WPRO,0,0,0,0,0
2021-02-21,TV,Tuvalu,WPRO,0,0,0,0,0
2021-02-28,TV,Tuvalu,WPRO,0,0,0,0,0
2021-03-07,TV,Tuvalu,WPRO,0,0,0,0,0
2021-03-14,TV,Tuvalu,WPRO,0,0,0,0,0
2021-03-21,TV,Tuvalu,WPRO,0,0,0,0,0
2021-03-28,TV,Tuvalu,WPRO,0,0,0,0,0
2021-04-04,TV,Tuvalu,WPRO,0,0,0,0,0
2021-04-11,TV,Tuvalu,WPRO,0,0,0,0,0
2021-04-18,TV,Tuvalu,WPRO,0,0,0,0,0
2021-04-25,TV,Tuvalu,WPRO,0,0,0,0,0
2021-05-02,TV,Tuvalu,WPRO,0,0,0,0,0
2021-05-09,TV,Tuvalu,WPRO,0,0,0,0,0
2021-05-16,TV,Tuvalu,WPRO,0,0,0,0,0
2021-05-23,TV,Tuvalu,WPRO,0,0,0,0,0
2021-05-30,TV,Tuvalu,WPRO,0,0,0,0,0
2021-06-06,TV,Tuvalu,WPRO,0,0,0,0,0
2021-06-13,TV,Tuvalu,WPRO,0,0,0,0,0
2021-06-20,TV,Tuvalu,WPRO,0,0,0,0,0
2021-06-27,TV,Tuvalu,WPRO,0,0,0,0,0
2021-07-04,TV,Tuvalu,WPRO,0,0,0,0,0
2021-07-11,TV,Tuvalu,WPRO,0,0,0,0,0
2021-07-18,TV,Tuvalu,WPRO,0,0,0,0,0
2021-07-25,TV,Tuvalu,WPRO,0,0,0,0,0
2021-08-01,TV,Tuvalu,WPRO,0,0,0,0,0
2021-08-08,TV,Tuvalu,WPRO,0,0,0,0,0
2021-08-15,TV,Tuvalu,WPRO,0,0,0,0,0
2021-08-22,TV,Tuvalu,WPRO,0,0,0,0,0
2021-08-29,TV,Tuvalu,WPRO,0,0,0,0,0
2021-09-05,TV,Tuvalu,WPRO,0,0,0,0,0
2021-09-12,TV,Tuvalu,WPRO,0,0,0,0,0
2021-09-19,TV,Tuvalu,WPRO,0,0,0,0,0
2021-09-26,TV,Tuvalu,WPRO,0,0,0,0,0
2021-10-03,TV,Tuvalu,WPRO,0,0,0,0,0
2021-10-10,TV,Tuvalu,WPRO,0,0,0,0,0
2021-10-17,TV,Tuvalu,WPRO,0,0,0,0,0
2021-10-24,TV,Tuvalu,WPRO,0,0,0,0,0
2021-10-31,TV,Tuvalu,WPRO,0,0,0,0,0
2021-11-07,TV,Tuvalu,WPRO,0,0,0,0,0
2021-11-14,TV,Tuvalu,WPRO,0,0,0,0,0
2021-11-21,TV,Tuvalu,WPRO,0,0,0,0,0
2021-11-28,TV,Tuvalu,WPRO,0,0,0,0,0
2021-12-05,TV,Tuvalu,WPRO,0,0,0,0,0
2021-12-12,TV,Tuvalu,WPRO,0,0,0,0,0
2021-12-19,TV,Tuvalu,WPRO,0,0,0,0,0
2021-12-26,TV,Tuvalu,WPRO,0,0,0,0,0
2022-01-02,TV,Tuvalu,WPRO,0,0,0,0,0
2022-01-09,TV,Tuvalu,WPRO,0,0,0,0,0
2022-01-16,TV,Tuvalu,WPRO,0,0,0,0,0
2022-01-23,TV,Tuvalu,WPRO,0,0,0,0,0
2022-01-30,TV,Tuvalu,WPRO,0,0,0,0,0
2022-02-06,TV,Tuvalu,WPRO,0,0,0,0,0
2022-02-13,TV,Tuvalu,WPRO,0,0,0,0,0
2022-02-20,TV,Tuvalu,WPRO,0,0,0,0,0
2022-02-27,TV,Tuvalu,WPRO,0,0,0,0,0
2022-03-06,TV,Tuvalu,WPRO,0,0,0,0,0
2022-03-13,TV,Tuvalu,WPRO,0,0,0,0,0
2022-03-20,TV,Tuvalu,WPRO,0,0,0,0,0
2022-03-27,TV,Tuvalu,WPRO,0,0,0,0,0
2022-04-03,TV,Tuvalu,WPRO,0,0,0,0,0
2022-04-10,TV,Tuvalu,WPRO,0,0,0,0,0
2022-04-17,TV,Tuvalu,WPRO,0,0,0,0,0
2022-04-24,TV,Tuvalu,WPRO,0,0,0,0,0
2022-05-01,TV,Tuvalu,WPRO,0,0,0,0,0
2022-05-08,TV,Tuvalu,WPRO,0,0,0,0,0
2022-05-15,TV,Tuvalu,WPRO,0,0,0,0,0
2022-05-22,TV,Tuvalu,WPRO,3,3,0,0,3
2022-05-29,TV,Tuvalu,WPRO,0,3,0,0,3
2022-06-05,TV,Tuvalu,WPRO,0,3,0,0,3
2022-06-12,TV,Tuvalu,WPRO,0,3,0,0,3
2022-06-19,TV,Tuvalu,WPRO,0,3,0,0,3
2022-06-26,TV,Tuvalu,WPRO,0,3,0,0,3
2022-07-03,TV,Tuvalu,WPRO,0,3,0,0,3
2022-07-10,TV,Tuvalu,WPRO,5,8,0,0,8
2022-07-17,TV,Tuvalu,WPRO,0,8,0,0,8
2022-07-24,TV,Tuvalu,WPRO,0,8,0,0,8
2022-07-31,TV,Tuvalu,WPRO,0,8,0,0,8
2022-08-07,TV,Tuvalu,WPRO,0,8,0,0,8
2022-08-14,TV,Tuvalu,WPRO,0,8,0,0,8
2022-08-21,TV,Tuvalu,WPRO,0,8,0,0,8
2022-08-28,TV,Tuvalu,WPRO,12,20,0,0,20
2022-09-04,TV,Tuvalu,WPRO,0,20,0,0,20
2022-09-11,TV,Tuvalu,WPRO,0,20,0,0,20
2022-09-18,TV,Tuvalu,WPRO,0,20,0,0,20
2022-09-25,TV,Tuvalu,WPRO,0,20,0,0,20
2022-10-02,TV,Tuvalu,WPRO,0,20,0,0,20
2022-10-09,TV,Tuvalu,WPRO,3,23,0,0,23
2022-10-16,TV,Tuvalu,WPRO,0,23,0,0,23
2022-10-23,TV,Tuvalu,WPRO,0,23,0,0,23
2022-10-30,TV,Tuvalu,WPRO,0,23,0,0,23
2022-11-06,TV,Tuvalu,WPRO,140,163,0,0,163
2022-11-13,TV,Tuvalu,WPRO,1096,1259,0,0,1259
2022-11-20,TV,Tuvalu,WPRO,998,2257,0,0,2257
2022-11-27,TV,Tuvalu,WPRO,453,2710,0,0,2710
2022-12-04,TV,Tuvalu,WPRO,69,2779,0,0,2779
2022-12-11,TV,Tuvalu,WPRO,0,2779,0,0,2779
2022-12-18,TV,Tuvalu,WPRO,0,2779,0,0,2779
2022-12-25,TV,Tuvalu,WPRO,0,2779,0,0,2779
2023-01-01,TV,Tuvalu,WPRO,0,2779,0,0,2779
2023-01-08,TV,Tuvalu,WPRO,0,2779,0,0,2779
2023-01-15,TV,Tuvalu,WPRO,0,2779,0,0,2779
2023-01-22,TV,Tuvalu,WPRO,0,2779,0,0,2779
2023-01-29,TV,Tuvalu,WPRO,0,2779,0,0,2779
2023-02-05,TV,Tuvalu,WPRO,0,2779,0,0,2779
2023-02-12,TV,Tuvalu,WPRO,0,2779,0,0,2779
2023-02-19,TV,Tuvalu,WPRO,0,2779,0,0,2779
2023-02-26,TV,Tuvalu,WPRO,0,2779,0,0,2779
2023-03-05,TV,Tuvalu,WPRO,0,2779,0,0,2779
2023-03-12,TV,Tuvalu,WPRO,0,2779,0,0,2779
2023-03-19,TV,Tuvalu,WPRO,0,2779,0,0,2779
2023-03-26,TV,Tuvalu,WPRO,0,2779,0,0,2779
2023-04-02,TV,Tuvalu,WPRO,0,2779,0,0,2779
2023-04-09,TV,Tuvalu,WPRO,0,2779,0,0,2779
2023-04-16,TV,Tuvalu,WPRO,0,2779,0,0,2779
2023-04-23,TV,Tuvalu,WPRO,0,2779,0,0,2779
2023-04-30,TV,Tuvalu,WPRO,0,2779,0,0,2779
2023-05-07,TV,Tuvalu,WPRO,0,2779,0,0,2779
2023-05-14,TV,Tuvalu,WPRO,0,2779,0,0,2779
2023-05-21,TV,Tuvalu,WPRO,0,2779,0,0,2779
2023-05-28,TV,Tuvalu,WPRO,0,2779,0,0,2779
2023-06-04,TV,Tuvalu,WPRO,0,2779,0,0,2779
2023-06-11,TV,Tuvalu,WPRO,162,2941,0,0,2941
2023-06-18,TV,Tuvalu,WPRO,2,2943,1,1,2942
2023-06-25,TV,Tuvalu,WPRO,0,2943,0,1,2942
2023-07-02,TV,Tuvalu,WPRO,0,2943,0,1,2942
2023-07-09,TV,Tuvalu,WPRO,0,2943,0,1,2942
2023-07-16,TV,Tuvalu,WPRO,0,2943,0,1,2942
2023-07-23,TV,Tuvalu,WPRO,0,2943,0,1,2942
2023-07-30,TV,Tuvalu,WPRO,0,2943,0,1,2942
2023-08-06,TV,Tuvalu,WPRO,0,2943,0,1,2942
2023-08-13,TV,Tuvalu,WPRO,0,2943,0,1,2942
2023-08-20,TV,Tuvalu,WPRO,0,2943,0,1,2942
2023-08-27,TV,Tuvalu,WPRO,0,2943,0,1,2942
2023-09-03,TV,Tuvalu,WPRO,0,2943,0,1,2942
2023-09-10,TV,Tuvalu,WPRO,0,2943,0,1,2942
2023-09-17,TV,Tuvalu,WPRO,0,2943,0,1,2942
2023-09-24,TV,Tuvalu,WPRO,0,2943,0,1,2942
2023-10-01,TV,Tuvalu,WPRO,0,2943,0,1,2942
2023-10-08,TV,Tuvalu,WPRO,0,2943,0,1,2942
2023-10-15,TV,Tuvalu,WPRO,0,2943,0,1,2942
2023-10-22,TV,Tuvalu,WPRO,0,2943,0,1,2942
2023-10-29,TV,Tuvalu,WPRO,0,2943,0,1,2942
2023-11-05,TV,Tuvalu,WPRO,0,2943,0,1,2942
2023-11-12,TV,Tuvalu,WPRO,0,2943,0,1,2942
2023-11-19,TV,Tuvalu,WPRO,0,2943,0,1,2942
2023-11-26,TV,Tuvalu,WPRO,0,2943,0,1,2942
2023-12-03,TV,Tuvalu,WPRO,0,2943,0,1,2942
2023-12-10,TV,Tuvalu,WPRO,0,2943,0,1,2942
2023-12-17,TV,Tuvalu,WPRO,0,2943,0,1,2942
2023-12-24,TV,Tuvalu,WPRO,0,2943,0,1,2942
2023-12-31,TV,Tuvalu,WPRO,0,2943,0,1,2942
2024-01-07,TV,Tuvalu,WPRO,0,2943,0,1,2942
2024-01-14,TV,Tuvalu,WPRO,0,2943,0,1,2942
2024-01-21,TV,Tuvalu,WPRO,0,2943,0,1,2942
2024-01-28,TV,Tuvalu,WPRO,0,2943,0,1,2942
2024-02-04,TV,Tuvalu,WPRO,0,2943,0,1,2942
2024-02-11,TV,Tuvalu,WPRO,0,2943,0,1,2942
2024-02-18,TV,Tuvalu,WPRO,0,2943,0,1,2942
2024-02-25,TV,Tuvalu,WPRO,0,2943,0,1,2942
2024-03-03,TV,Tuvalu,WPRO,0,2943,0,1,2942
2024-03-10,TV,Tuvalu,WPRO,0,2943,0,1,2942
2024-03-17,TV,Tuvalu,WPRO,0,2943,0,1,2942
2024-03-24,TV,Tuvalu,WPRO,0,2943,0,1,2942
2024-03-31,TV,Tuvalu,WPRO,0,2943,0,1,2942
2024-04-07,TV,Tuvalu,WPRO,0,2943,0,1,2942
2024-04-14,TV,Tuvalu,WPRO,0,2943,0,1,2942
2024-04-21,TV,Tuvalu,WPRO,0,2943,0,1,2942
2024-04-28,TV,Tuvalu,WPRO,0,2943,0,1,2942
2024-05-05,TV,Tuvalu,WPRO,0,2943,0,1,2942
2024-05-12,TV,Tuvalu,WPRO,0,2943,0,1,2942
2024-05-19,TV,Tuvalu,WPRO,0,2943,0,1,2942
2024-05-26,TV,Tuvalu,WPRO,0,2943,0,1,2942
2024-06-02,TV,Tuvalu,WPRO,0,2943,0,1,2942
2024-06-09,TV,Tuvalu,WPRO,0,2943,0,1,2942
2024-06-16,TV,Tuvalu,WPRO,0,2943,0,1,2942
2024-06-23,TV,Tuvalu,WPRO,0,2943,0,1,2942
2024-06-30,TV,Tuvalu,WPRO,0,2943,0,1,2942
2024-07-07,TV,Tuvalu,WPRO,0,2943,0,1,2942
2024-07-14,TV,Tuvalu,WPRO,0,2943,0,1,2942
2024-07-21,TV,Tuvalu,WPRO,0,2943,0,1,2942
2024-07-28,TV,Tuvalu,WPRO,0,2943,0,1,2942
2024-08-04,TV,Tuvalu,WPRO,0,2943,0,1,2942
2024-08-11,TV,Tuvalu,WPRO,0,2943,0,1,2942
2024-08-18,TV,Tuvalu,WPRO,0,2943,0,1,2942
2024-08-25,TV,Tuvalu,WPRO,0,2943,0,1,2942
2024-09-01,TV,Tuvalu,WPRO,0,2943,0,1,2942
2024-09-08,TV,Tuvalu,WPRO,0,2943,0,1,2942
2024-09-15,TV,Tuvalu,WPRO,0,2943,0,1,2942
2024-09-22,TV,Tuvalu,WPRO,0,2943,0,1,2942
2024-09-29,TV,Tuvalu,WPRO,0,2943,0,1,2942
2024-10-06,TV,Tuvalu,WPRO,0,2943,0,1,2942
2024-10-13,TV,Tuvalu,WPRO,0,2943,0,1,2942
2024-10-20,TV,Tuvalu,WPRO,0,2943,0,1,2942
2024-10-27,TV,Tuvalu,WPRO,0,2943,0,1,2942
2024-11-03,TV,Tuvalu,WPRO,0,2943,0,1,2942
2024-11-10,TV,Tuvalu,WPRO,0,2943,0,1,2942
2024-11-17,TV,Tuvalu,WPRO,0,2943,0,1,2942
2020-01-05,UG,Uganda,AFRO,0,0,0,0,0
2020-01-12,UG,Uganda,AFRO,0,0,0,0,0
2020-01-19,UG,Uganda,AFRO,0,0,0,0,0
2020-01-26,UG,Uganda,AFRO,0,0,0,0,0
2020-02-02,UG,Uganda,AFRO,0,0,0,0,0
2020-02-09,UG,Uganda,AFRO,0,0,0,0,0
2020-02-16,UG,Uganda,AFRO,0,0,0,0,0
2020-02-23,UG,Uganda,AFRO,0,0,0,0,0
2020-03-01,UG,Uganda,AFRO,0,0,0,0,0
2020-03-08,UG,Uganda,AFRO,0,0,0,0,0
2020-03-15,UG,Uganda,AFRO,0,0,0,0,0
2020-03-22,UG,Uganda,AFRO,1,1,0,0,1
2020-03-29,UG,Uganda,AFRO,26,27,0,0,27
2020-04-05,UG,Uganda,AFRO,16,43,0,0,43
2020-04-12,UG,Uganda,AFRO,5,48,0,0,48
2020-04-19,UG,Uganda,AFRO,2,50,0,0,50
2020-04-26,UG,Uganda,AFRO,1,51,0,0,51
2020-05-03,UG,Uganda,AFRO,3,54,0,0,54
2020-05-10,UG,Uganda,AFRO,7,61,0,0,61
2020-05-17,UG,Uganda,AFRO,37,98,0,0,98
2020-05-24,UG,Uganda,AFRO,100,198,0,0,198
2020-05-31,UG,Uganda,AFRO,212,410,0,0,410
2020-06-07,UG,Uganda,AFRO,196,606,0,0,606
2020-06-14,UG,Uganda,AFRO,88,694,0,0,694
2020-06-21,UG,Uganda,AFRO,74,768,0,0,768
2020-06-28,UG,Uganda,AFRO,89,857,0,0,857
2020-07-05,UG,Uganda,AFRO,80,937,0,0,937
2020-07-12,UG,Uganda,AFRO,86,1023,0,0,1023
2020-07-19,UG,Uganda,AFRO,40,1063,0,0,1063
2020-07-26,UG,Uganda,AFRO,52,1115,2,2,1113
2020-08-02,UG,Uganda,AFRO,67,1182,2,4,1178
2020-08-09,UG,Uganda,AFRO,101,1283,3,7,1276
2020-08-16,UG,Uganda,AFRO,217,1500,11,18,1482
2020-08-23,UG,Uganda,AFRO,763,2263,7,25,2238
2020-08-30,UG,Uganda,AFRO,665,2928,11,36,2892
2020-09-06,UG,Uganda,AFRO,739,3667,15,51,3616
2020-09-13,UG,Uganda,AFRO,1132,4799,11,62,4737
2020-09-20,UG,Uganda,AFRO,1488,6287,13,75,6212
2020-09-27,UG,Uganda,AFRO,1243,7530,8,83,7447
2020-10-04,UG,Uganda,AFRO,1278,8808,15,98,8710
2020-10-11,UG,Uganda,AFRO,993,9801,12,110,9691
2020-10-18,UG,Uganda,AFRO,789,10590,8,118,10472
2020-10-25,UG,Uganda,AFRO,853,11443,11,129,11314
2020-11-01,UG,Uganda,AFRO,1300,12743,11,140,12603
2020-11-08,UG,Uganda,AFRO,1662,14405,27,167,14238
2020-11-15,UG,Uganda,AFRO,1615,16020,13,180,15840
2020-11-22,UG,Uganda,AFRO,1949,17969,23,203,17766
2020-11-29,UG,Uganda,AFRO,2178,20147,23,226,19921
2020-12-06,UG,Uganda,AFRO,2354,22501,15,241,22260
2020-12-13,UG,Uganda,AFRO,5034,27535,17,258,27277
2020-12-20,UG,Uganda,AFRO,3656,31191,19,277,30914
2020-12-27,UG,Uganda,AFRO,2624,33815,21,298,33517
2021-01-03,UG,Uganda,AFRO,2107,35922,7,305,35617
2021-01-10,UG,Uganda,AFRO,1820,37742,6,311,37431
2021-01-17,UG,Uganda,AFRO,677,38419,4,315,38104
2021-01-24,UG,Uganda,AFRO,730,39149,4,319,38830
2021-01-31,UG,Uganda,AFRO,430,39579,2,321,39258
2021-02-07,UG,Uganda,AFRO,269,39848,3,324,39524
2021-02-14,UG,Uganda,AFRO,208,40056,2,326,39730
2021-02-21,UG,Uganda,AFRO,157,40213,4,330,39883
2021-02-28,UG,Uganda,AFRO,144,40357,1,331,40026
2021-03-07,UG,Uganda,AFRO,122,40479,0,331,40148
2021-03-14,UG,Uganda,AFRO,102,40581,0,331,40250
2021-03-21,UG,Uganda,AFRO,107,40688,1,332,40356
2021-03-28,UG,Uganda,AFRO,132,40820,1,333,40487
2021-04-04,UG,Uganda,AFRO,196,41016,1,334,40682
2021-04-11,UG,Uganda,AFRO,158,41174,1,335,40839
2021-04-18,UG,Uganda,AFRO,222,41396,3,338,41058
2021-04-25,UG,Uganda,AFRO,321,41717,1,339,41378
2021-05-02,UG,Uganda,AFRO,264,41981,4,343,41638
2021-05-09,UG,Uganda,AFRO,405,42386,3,346,42040
2021-05-16,UG,Uganda,AFRO,475,42861,3,349,42512
2021-05-23,UG,Uganda,AFRO,1060,43921,4,353,43568
2021-05-30,UG,Uganda,AFRO,3226,47147,9,362,46785
2021-06-06,UG,Uganda,AFRO,6814,53961,21,383,53578
2021-06-13,UG,Uganda,AFRO,9138,63099,51,434,62665
2021-06-20,UG,Uganda,AFRO,9580,72679,246,680,71999
2021-06-27,UG,Uganda,AFRO,6410,79089,276,956,78133
2021-07-04,UG,Uganda,AFRO,5027,84116,1010,1966,82150
2021-07-11,UG,Uganda,AFRO,3640,87756,163,2129,85627
2021-07-18,UG,Uganda,AFRO,2900,90656,263,2392,88264
2021-07-25,UG,Uganda,AFRO,2068,92724,187,2579,90145
2021-08-01,UG,Uganda,AFRO,1701,94425,131,2710,91715
2021-08-08,UG,Uganda,AFRO,1450,95875,98,2808,93067
2021-08-15,UG,Uganda,AFRO,1249,97124,85,2893,94231
2021-08-22,UG,Uganda,AFRO,21653,118777,67,2960,115817
2021-08-29,UG,Uganda,AFRO,955,119732,33,2993,116739
2021-09-05,UG,Uganda,AFRO,930,120662,60,3053,117609
2021-09-12,UG,Uganda,AFRO,925,121587,46,3099,118488
2021-09-19,UG,Uganda,AFRO,690,122277,30,3129,119148
2021-09-26,UG,Uganda,AFRO,968,123245,19,3148,120097
2021-10-03,UG,Uganda,AFRO,794,124039,16,3164,120875
2021-10-10,UG,Uganda,AFRO,697,124736,13,3177,121559
2021-10-17,UG,Uganda,AFRO,525,125261,8,3185,122076
2021-10-24,UG,Uganda,AFRO,497,125758,15,3200,122558
2021-10-31,UG,Uganda,AFRO,478,126236,15,3215,123021
2021-11-07,UG,Uganda,AFRO,389,126625,13,3228,123397
2021-11-14,UG,Uganda,AFRO,340,126965,11,3239,123726
2021-11-21,UG,Uganda,AFRO,272,127237,10,3249,123988
2021-11-28,UG,Uganda,AFRO,286,127523,3,3252,124271
2021-12-05,UG,Uganda,AFRO,233,127756,4,3256,124500
2021-12-12,UG,Uganda,AFRO,344,128100,13,3269,124831
2021-12-19,UG,Uganda,AFRO,1219,129319,5,3274,126045
2021-12-26,UG,Uganda,AFRO,5772,135091,6,3280,131811
2022-01-02,UG,Uganda,AFRO,10939,146030,26,3306,142724
2022-01-09,UG,Uganda,AFRO,8548,154578,51,3357,151221
2022-01-16,UG,Uganda,AFRO,4165,158743,67,3424,155319
2022-01-23,UG,Uganda,AFRO,1896,160639,64,3488,157151
2022-01-30,UG,Uganda,AFRO,1200,161839,45,3533,158306
2022-02-06,UG,Uganda,AFRO,536,162375,33,3566,158809
2022-02-13,UG,Uganda,AFRO,447,162822,13,3579,159243
2022-02-20,UG,Uganda,AFRO,294,163116,6,3585,159531
2022-02-27,UG,Uganda,AFRO,217,163333,3,3588,159745
2022-03-06,UG,Uganda,AFRO,107,163440,2,3590,159850
2022-03-13,UG,Uganda,AFRO,144,163584,2,3592,159992
2022-03-20,UG,Uganda,AFRO,105,163689,3,3595,160094
2022-03-27,UG,Uganda,AFRO,116,163805,1,3596,160209
2022-04-03,UG,Uganda,AFRO,80,163885,0,3596,160289
2022-04-10,UG,Uganda,AFRO,47,163932,0,3596,160336
2022-04-17,UG,Uganda,AFRO,62,163994,1,3597,160397
2022-04-24,UG,Uganda,AFRO,60,164054,0,3597,160457
2022-05-01,UG,Uganda,AFRO,50,164104,0,3597,160507
2022-05-08,UG,Uganda,AFRO,45,164149,1,3598,160551
2022-05-15,UG,Uganda,AFRO,66,164215,0,3598,160617
2022-05-22,UG,Uganda,AFRO,116,164331,2,3600,160731
2022-05-29,UG,Uganda,AFRO,81,164412,2,3602,160810
2022-06-05,UG,Uganda,AFRO,267,164679,0,3602,161077
2022-06-12,UG,Uganda,AFRO,572,165251,3,3605,161646
2022-06-19,UG,Uganda,AFRO,683,165934,10,3615,162319
2022-06-26,UG,Uganda,AFRO,532,166466,5,3620,162846
2022-07-03,UG,Uganda,AFRO,527,166993,0,3620,163373
2022-07-10,UG,Uganda,AFRO,415,167408,6,3626,163782
2022-07-17,UG,Uganda,AFRO,382,167790,0,3626,164164
2022-07-24,UG,Uganda,AFRO,244,168034,1,3627,164407
2022-07-31,UG,Uganda,AFRO,304,168338,0,3627,164711
2022-08-07,UG,Uganda,AFRO,163,168501,0,3627,164874
2022-08-14,UG,Uganda,AFRO,154,168655,0,3627,165028
2022-08-21,UG,Uganda,AFRO,111,168766,0,3627,165139
2022-08-28,UG,Uganda,AFRO,125,168891,1,3628,165263
2022-09-04,UG,Uganda,AFRO,46,168937,0,3628,165309
2022-09-11,UG,Uganda,AFRO,56,168993,0,3628,165365
2022-09-18,UG,Uganda,AFRO,58,169051,2,3630,165421
2022-09-25,UG,Uganda,AFRO,55,169106,0,3630,165476
2022-10-02,UG,Uganda,AFRO,93,169199,0,3630,165569
2022-10-09,UG,Uganda,AFRO,82,169281,0,3630,165651
2022-10-16,UG,Uganda,AFRO,0,169281,0,3630,165651
2022-10-23,UG,Uganda,AFRO,94,169375,0,3630,165745
2022-10-30,UG,Uganda,AFRO,3,169378,0,3630,165748
2022-11-06,UG,Uganda,AFRO,108,169486,0,3630,165856
2022-11-13,UG,Uganda,AFRO,82,169568,0,3630,165938
2022-11-20,UG,Uganda,AFRO,70,169638,0,3630,166008
2022-11-27,UG,Uganda,AFRO,77,169715,0,3630,166085
2022-12-04,UG,Uganda,AFRO,89,169804,0,3630,166174
2022-12-11,UG,Uganda,AFRO,86,169890,0,3630,166260
2022-12-18,UG,Uganda,AFRO,0,169890,0,3630,166260
2022-12-25,UG,Uganda,AFRO,0,169890,0,3630,166260
2023-01-01,UG,Uganda,AFRO,224,170114,0,3630,166484
2023-01-08,UG,Uganda,AFRO,70,170184,0,3630,166554
2023-01-15,UG,Uganda,AFRO,49,170233,0,3630,166603
2023-01-22,UG,Uganda,AFRO,72,170305,0,3630,166675
2023-01-29,UG,Uganda,AFRO,0,170305,0,3630,166675
2023-02-05,UG,Uganda,AFRO,64,170369,0,3630,166739
2023-02-12,UG,Uganda,AFRO,14,170383,0,3630,166753
2023-02-19,UG,Uganda,AFRO,26,170409,0,3630,166779
2023-02-26,UG,Uganda,AFRO,40,170449,0,3630,166819
2023-03-05,UG,Uganda,AFRO,14,170463,0,3630,166833
2023-03-12,UG,Uganda,AFRO,12,170475,0,3630,166845
2023-03-19,UG,Uganda,AFRO,16,170491,2,3632,166859
2023-03-26,UG,Uganda,AFRO,19,170510,0,3632,166878
2023-04-02,UG,Uganda,AFRO,5,170515,0,3632,166883
2023-04-09,UG,Uganda,AFRO,24,170539,0,3632,166907
2023-04-16,UG,Uganda,AFRO,13,170552,0,3632,166920
2023-04-23,UG,Uganda,AFRO,50,170602,0,3632,166970
2023-04-30,UG,Uganda,AFRO,69,170671,0,3632,167039
2023-05-07,UG,Uganda,AFRO,104,170775,0,3632,167143
2023-05-14,UG,Uganda,AFRO,0,170775,0,3632,167143
2023-05-21,UG,Uganda,AFRO,0,170775,0,3632,167143
2023-05-28,UG,Uganda,AFRO,0,170775,0,3632,167143
2023-06-04,UG,Uganda,AFRO,549,171324,0,3632,167692
2023-06-11,UG,Uganda,AFRO,0,171324,0,3632,167692
2023-06-18,UG,Uganda,AFRO,0,171324,0,3632,167692
2023-06-25,UG,Uganda,AFRO,0,171324,0,3632,167692
2023-07-02,UG,Uganda,AFRO,405,171729,0,3632,168097
2023-07-09,UG,Uganda,AFRO,0,171729,0,3632,168097
2023-07-16,UG,Uganda,AFRO,0,171729,0,3632,168097
2023-07-23,UG,Uganda,AFRO,0,171729,0,3632,168097
2023-07-30,UG,Uganda,AFRO,0,171729,0,3632,168097
2023-08-06,UG,Uganda,AFRO,100,171829,0,3632,168197
2023-08-13,UG,Uganda,AFRO,6,171835,0,3632,168203
2023-08-20,UG,Uganda,AFRO,6,171841,0,3632,168209
2023-08-27,UG,Uganda,AFRO,2,171843,0,3632,168211
2023-09-03,UG,Uganda,AFRO,2,171845,0,3632,168213
2023-09-10,UG,Uganda,AFRO,7,171852,0,3632,168220
2023-09-17,UG,Uganda,AFRO,5,171857,0,3632,168225
2023-09-24,UG,Uganda,AFRO,6,171863,0,3632,168231
2023-10-01,UG,Uganda,AFRO,6,171869,0,3632,168237
2023-10-08,UG,Uganda,AFRO,2,171871,0,3632,168239
2023-10-15,UG,Uganda,AFRO,12,171883,0,3632,168251
2023-10-22,UG,Uganda,AFRO,5,171888,0,3632,168256
2023-10-29,UG,Uganda,AFRO,0,171888,0,3632,168256
2023-11-05,UG,Uganda,AFRO,0,171888,0,3632,168256
2023-11-12,UG,Uganda,AFRO,0,171888,0,3632,168256
2023-11-19,UG,Uganda,AFRO,0,171888,0,3632,168256
2023-11-26,UG,Uganda,AFRO,0,171888,0,3632,168256
2023-12-03,UG,Uganda,AFRO,0,171888,0,3632,168256
2023-12-10,UG,Uganda,AFRO,0,171888,0,3632,168256
2023-12-17,UG,Uganda,AFRO,0,171888,0,3632,168256
2023-12-24,UG,Uganda,AFRO,0,171888,0,3632,168256
2023-12-31,UG,Uganda,AFRO,0,171888,0,3632,168256
2024-01-07,UG,Uganda,AFRO,63,171951,0,3632,168319
2024-01-14,UG,Uganda,AFRO,56,172007,0,3632,168375
2024-01-21,UG,Uganda,AFRO,41,172048,0,3632,168416
2024-01-28,UG,Uganda,AFRO,59,172107,0,3632,168475
2024-02-04,UG,Uganda,AFRO,42,172149,0,3632,168517
2024-02-11,UG,Uganda,AFRO,0,172149,0,3632,168517
2024-02-18,UG,Uganda,AFRO,0,172149,0,3632,168517
2024-02-25,UG,Uganda,AFRO,0,172149,0,3632,168517
2024-03-03,UG,Uganda,AFRO,0,172149,0,3632,168517
2024-03-10,UG,Uganda,AFRO,0,172149,0,3632,168517
2024-03-17,UG,Uganda,AFRO,0,172149,0,3632,168517
2024-03-24,UG,Uganda,AFRO,0,172149,0,3632,168517
2024-03-31,UG,Uganda,AFRO,0,172149,0,3632,168517
2024-04-07,UG,Uganda,AFRO,0,172149,0,3632,168517
2024-04-14,UG,Uganda,AFRO,0,172149,0,3632,168517
2024-04-21,UG,Uganda,AFRO,0,172149,0,3632,168517
2024-04-28,UG,Uganda,AFRO,0,172149,0,3632,168517
2024-05-05,UG,Uganda,AFRO,0,172149,0,3632,168517
2024-05-12,UG,Uganda,AFRO,0,172149,0,3632,168517
2024-05-19,UG,Uganda,AFRO,0,172149,0,3632,168517
2024-05-26,UG,Uganda,AFRO,2,172151,0,3632,168519
2024-06-02,UG,Uganda,AFRO,1,172152,0,3632,168520
2024-06-09,UG,Uganda,AFRO,0,172152,0,3632,168520
2024-06-16,UG,Uganda,AFRO,0,172152,0,3632,168520
2024-06-23,UG,Uganda,AFRO,0,172152,0,3632,168520
2024-06-30,UG,Uganda,AFRO,0,172152,0,3632,168520
2024-07-07,UG,Uganda,AFRO,2,172154,0,3632,168522
2024-07-14,UG,Uganda,AFRO,0,172154,0,3632,168522
2024-07-21,UG,Uganda,AFRO,0,172154,0,3632,168522
2024-07-28,UG,Uganda,AFRO,0,172154,0,3632,168522
2024-08-04,UG,Uganda,AFRO,0,172154,0,3632,168522
2024-08-11,UG,Uganda,AFRO,0,172154,0,3632,168522
2024-08-18,UG,Uganda,AFRO,1,172155,0,3632,168523
2024-08-25,UG,Uganda,AFRO,4,172159,0,3632,168527
2024-09-01,UG,Uganda,AFRO,0,172159,0,3632,168527
2024-09-08,UG,Uganda,AFRO,0,172159,0,3632,168527
2024-09-15,UG,Uganda,AFRO,0,172159,0,3632,168527
2024-09-22,UG,Uganda,AFRO,0,172159,0,3632,168527
2024-09-29,UG,Uganda,AFRO,0,172159,0,3632,168527
2024-10-06,UG,Uganda,AFRO,0,172159,0,3632,168527
2024-10-13,UG,Uganda,AFRO,0,172159,0,3632,168527
2024-10-20,UG,Uganda,AFRO,0,172159,0,3632,168527
2024-10-27,UG,Uganda,AFRO,0,172159,0,3632,168527
2024-11-03,UG,Uganda,AFRO,0,172159,0,3632,168527
2024-11-10,UG,Uganda,AFRO,0,172159,0,3632,168527
2024-11-17,UG,Uganda,AFRO,0,172159,0,3632,168527
2020-01-05,UA,Ukraine,EURO,0,0,0,0,0
2020-01-12,UA,Ukraine,EURO,0,0,0,0,0
2020-01-19,UA,Ukraine,EURO,0,0,0,0,0
2020-01-26,UA,Ukraine,EURO,0,0,0,0,0
2020-02-02,UA,Ukraine,EURO,0,0,0,0,0
2020-02-09,UA,Ukraine,EURO,0,0,0,0,0
2020-02-16,UA,Ukraine,EURO,0,0,0,0,0
2020-02-23,UA,Ukraine,EURO,0,0,0,0,0
2020-03-01,UA,Ukraine,EURO,0,0,0,0,0
2020-03-08,UA,Ukraine,EURO,0,0,0,0,0
2020-03-15,UA,Ukraine,EURO,18,18,2,2,16
2020-03-22,UA,Ukraine,EURO,107,125,3,5,120
2020-03-29,UA,Ukraine,EURO,390,515,8,13,502
2020-04-05,UA,Ukraine,EURO,765,1280,23,36,1244
2020-04-12,UA,Ukraine,EURO,1685,2965,29,65,2900
2020-04-19,UA,Ukraine,EURO,2473,5438,20,85,5353
2020-04-26,UA,Ukraine,EURO,3011,8449,45,130,8319
2020-05-03,UA,Ukraine,EURO,2946,11395,25,155,11240
2020-05-10,UA,Ukraine,EURO,2985,14380,40,195,14185
2020-05-17,UA,Ukraine,EURO,2612,16992,43,238,16754
2020-05-24,UA,Ukraine,EURO,2338,19330,23,261,19069
2020-05-31,UA,Ukraine,EURO,2436,21766,33,294,21472
2020-06-07,UA,Ukraine,EURO,3135,24901,27,321,24580
2020-06-14,UA,Ukraine,EURO,3937,28838,33,354,28484
2020-06-21,UA,Ukraine,EURO,4884,33722,40,394,33328
2020-06-28,UA,Ukraine,EURO,6184,39906,68,462,39444
2020-07-05,UA,Ukraine,EURO,5188,45094,53,515,44579
2020-07-12,UA,Ukraine,EURO,4945,50039,56,571,49468
2020-07-19,UA,Ukraine,EURO,5084,55123,52,623,54500
2020-07-26,UA,Ukraine,EURO,6046,61169,97,720,60449
2020-08-02,UA,Ukraine,EURO,7012,68181,79,799,67382
2020-08-09,UA,Ukraine,EURO,8131,76312,127,926,75386
2020-08-16,UA,Ukraine,EURO,10024,86336,121,1047,85289
2020-08-23,UA,Ukraine,EURO,13252,99588,102,1149,98439
2020-08-30,UA,Ukraine,EURO,13822,113410,218,1367,112043
2020-09-06,UA,Ukraine,EURO,17414,130824,202,1569,129255
2020-09-13,UA,Ukraine,EURO,18911,149735,137,1706,148029
2020-09-20,UA,Ukraine,EURO,21092,170827,326,2032,168795
2020-09-27,UA,Ukraine,EURO,21299,192126,278,2310,189816
2020-10-04,UA,Ukraine,EURO,27198,219324,278,2588,216736
2020-10-11,UA,Ukraine,EURO,33814,253138,442,3030,250108
2020-10-18,UA,Ukraine,EURO,35486,288624,405,3435,285189
2020-10-25,UA,Ukraine,EURO,41583,330207,445,3880,326327
2020-11-01,UA,Ukraine,EURO,48518,378725,923,4803,373922
2020-11-08,UA,Ukraine,EURO,59561,438286,1192,5995,432291
2020-11-15,UA,Ukraine,EURO,75319,513605,1130,7125,506480
2020-11-22,UA,Ukraine,EURO,88651,602256,1379,8504,593752
2020-11-29,UA,Ukraine,EURO,95555,697811,1252,9756,688055
2020-12-06,UA,Ukraine,EURO,87403,785214,1406,11162,774052
2020-12-13,UA,Ukraine,EURO,76767,861981,1514,12676,849305
2020-12-20,UA,Ukraine,EURO,68736,930717,1620,14296,916421
2020-12-27,UA,Ukraine,EURO,57391,988108,982,15278,972830
2021-01-03,UA,Ukraine,EURO,49251,1037359,1254,16532,1020827
2021-01-10,UA,Ukraine,EURO,39656,1077015,732,17264,1059751
2021-01-17,UA,Ukraine,EURO,44402,1121417,1034,18298,1103119
2021-01-24,UA,Ukraine,EURO,30612,1152029,1055,19353,1132676
2021-01-31,UA,Ukraine,EURO,27158,1179187,844,20197,1158990
2021-02-07,UA,Ukraine,EURO,25508,1204695,876,21073,1183622
2021-02-14,UA,Ukraine,EURO,26498,1231193,748,21821,1209372
2021-02-21,UA,Ukraine,EURO,34188,1265381,764,22585,1242796
2021-02-28,UA,Ukraine,EURO,44472,1309853,895,23480,1286373
2021-03-07,UA,Ukraine,EURO,55376,1365229,1145,24625,1340604
2021-03-14,UA,Ukraine,EURO,60038,1425267,1238,25863,1399404
2021-03-21,UA,Ukraine,EURO,80339,1505606,1643,27506,1478100
2021-03-28,UA,Ukraine,EURO,104522,1610128,2057,29563,1580565
2021-04-04,UA,Ukraine,EURO,103479,1713607,2454,32017,1681590
2021-04-11,UA,Ukraine,EURO,105217,1818824,2714,34731,1784093
2021-04-18,UA,Ukraine,EURO,91911,1910735,2699,37430,1873305
2021-04-25,UA,Ukraine,EURO,77317,1988052,2518,39948,1948104
2021-05-02,UA,Ukraine,EURO,55605,2043657,2232,42180,2001477
2021-05-09,UA,Ukraine,EURO,36932,2080589,1872,44052,2036537
2021-05-16,UA,Ukraine,EURO,33146,2113735,1562,45614,2068121
2021-05-23,UA,Ukraine,EURO,27840,2141575,1262,46876,2094699
2021-05-30,UA,Ukraine,EURO,19626,2161201,1260,48136,2113065
2021-06-06,UA,Ukraine,EURO,11571,2172772,519,48655,2124117
2021-06-13,UA,Ukraine,EURO,9373,2182145,544,49199,2132946
2021-06-20,UA,Ukraine,EURO,5609,2187754,292,49491,2138263
2021-06-27,UA,Ukraine,EURO,4360,2192114,249,49740,2142374
2021-07-04,UA,Ukraine,EURO,3429,2195543,184,49924,2145619
2021-07-11,UA,Ukraine,EURO,3551,2199094,154,50078,2149016
2021-07-18,UA,Ukraine,EURO,3301,2202395,93,50171,2152224
2021-07-25,UA,Ukraine,EURO,4154,2206549,143,50314,2156235
2021-08-01,UA,Ukraine,EURO,4705,2211254,81,50395,2160859
2021-08-08,UA,Ukraine,EURO,5921,2217175,145,50540,2166635
2021-08-15,UA,Ukraine,EURO,6879,2224054,169,50709,2173345
2021-08-22,UA,Ukraine,EURO,9078,2233132,231,50940,2182192
2021-08-29,UA,Ukraine,EURO,9533,2242665,238,51178,2191487
2021-09-05,UA,Ukraine,EURO,13367,2256032,263,51441,2204591
2021-09-12,UA,Ukraine,EURO,19517,2275549,359,51800,2223749
2021-09-19,UA,Ukraine,EURO,32822,2308371,559,52359,2256012
2021-09-26,UA,Ukraine,EURO,44759,2353130,801,53160,2299970
2021-10-03,UA,Ukraine,EURO,64606,2417736,1169,54329,2363407
2021-10-10,UA,Ukraine,EURO,90079,2507815,1811,56140,2451675
2021-10-17,UA,Ukraine,EURO,94605,2602420,2109,58249,2544171
2021-10-24,UA,Ukraine,EURO,139344,2741764,3392,61641,2680123
2021-10-31,UA,Ukraine,EURO,152199,2893963,3825,65466,2828497
2021-11-07,UA,Ukraine,EURO,152263,3046226,4530,69996,2976230
2021-11-14,UA,Ukraine,EURO,139941,3186167,4591,74587,3111580
2021-11-21,UA,Ukraine,EURO,111965,3298132,4450,79037,3219095
2021-11-28,UA,Ukraine,EURO,87420,3385552,3814,82851,3302701
2021-12-05,UA,Ukraine,EURO,74128,3459680,3106,85957,3373723
2021-12-12,UA,Ukraine,EURO,61210,3520890,2695,88652,3432238
2021-12-19,UA,Ukraine,EURO,47521,3568411,2047,90699,3477712
2021-12-26,UA,Ukraine,EURO,37673,3606084,1834,92533,3513551
2022-01-02,UA,Ukraine,EURO,27983,3634067,1205,93738,3540329
2022-01-09,UA,Ukraine,EURO,28100,3662167,1024,94762,3567405
2022-01-16,UA,Ukraine,EURO,55088,3717255,1036,95798,3621457
2022-01-23,UA,Ukraine,EURO,110840,3828095,921,96719,3731376
2022-01-30,UA,Ukraine,EURO,194125,4022220,921,97640,3924580
2022-02-06,UA,Ukraine,EURO,242942,4265162,1189,98829,4166333
2022-02-13,UA,Ukraine,EURO,235256,4500418,1558,100387,4400031
2022-02-20,UA,Ukraine,EURO,191640,4692058,1695,102082,4589976
2022-02-27,UA,Ukraine,EURO,101143,4793201,1302,103384,4689817
2022-03-06,UA,Ukraine,EURO,39531,4832732,731,104115,4728617
2022-03-13,UA,Ukraine,EURO,31401,4864133,505,104620,4759513
2022-03-20,UA,Ukraine,EURO,30357,4894490,413,105033,4789457
2022-03-27,UA,Ukraine,EURO,22317,4916807,264,105297,4811510
2022-04-03,UA,Ukraine,EURO,14656,4931463,158,105455,4826008
2022-04-10,UA,Ukraine,EURO,11391,4942854,120,105575,4837279
2022-04-17,UA,Ukraine,EURO,8035,4950889,117,105692,4845197
2022-04-24,UA,Ukraine,EURO,5353,4956242,73,105765,4850477
2022-05-01,UA,Ukraine,EURO,4221,4960463,83,105848,4854615
2022-05-08,UA,Ukraine,EURO,3732,4964195,38,105886,4858309
2022-05-15,UA,Ukraine,EURO,2841,4967036,48,105934,4861102
2022-05-22,UA,Ukraine,EURO,2132,4969168,41,105975,4863193
2022-05-29,UA,Ukraine,EURO,1896,4971064,31,106006,4865058
2022-06-05,UA,Ukraine,EURO,1600,4972664,35,106041,4866623
2022-06-12,UA,Ukraine,EURO,1065,4973729,17,106058,4867671
2022-06-19,UA,Ukraine,EURO,1044,4974773,16,106074,4868699
2022-06-26,UA,Ukraine,EURO,981,4975754,18,106092,4869662
2022-07-03,UA,Ukraine,EURO,1106,4976860,15,106107,4870753
2022-07-10,UA,Ukraine,EURO,1056,4977916,19,106126,4871790
2022-07-17,UA,Ukraine,EURO,1431,4979347,9,106135,4873212
2022-07-24,UA,Ukraine,EURO,2098,4981445,14,106149,4875296
2022-07-31,UA,Ukraine,EURO,2786,4984231,14,106163,4878068
2022-08-07,UA,Ukraine,EURO,3893,4988124,16,106179,4881945
2022-08-14,UA,Ukraine,EURO,5439,4993563,37,106216,4887347
2022-08-21,UA,Ukraine,EURO,9113,5002676,23,106239,4896437
2022-08-28,UA,Ukraine,EURO,11437,5014113,38,106277,4907836
2022-09-04,UA,Ukraine,EURO,16155,5030268,44,106321,4923947
2022-09-11,UA,Ukraine,EURO,23864,5054132,70,106391,4947741
2022-09-18,UA,Ukraine,EURO,36683,5090815,90,106481,4984334
2022-09-25,UA,Ukraine,EURO,44137,5134952,161,106642,5028310
2022-10-02,UA,Ukraine,EURO,42802,5177754,202,106844,5070910
2022-10-09,UA,Ukraine,EURO,36413,5214167,208,107052,5107115
2022-10-16,UA,Ukraine,EURO,22914,5237081,203,107255,5129826
2022-10-23,UA,Ukraine,EURO,16908,5253989,189,107444,5146545
2022-10-30,UA,Ukraine,EURO,16378,5270367,179,107623,5162744
2022-11-06,UA,Ukraine,EURO,9587,5279954,114,107737,5172217
2022-11-13,UA,Ukraine,EURO,7317,5287271,103,107840,5179431
2022-11-20,UA,Ukraine,EURO,6757,5294028,102,107942,5186086
2022-11-27,UA,Ukraine,EURO,4991,5299019,80,108022,5190997
2022-12-04,UA,Ukraine,EURO,4810,5303829,54,108076,5195753
2022-12-11,UA,Ukraine,EURO,4286,5308115,56,108132,5199983
2022-12-18,UA,Ukraine,EURO,4358,5312473,70,108202,5204271
2022-12-25,UA,Ukraine,EURO,3203,5315676,47,108249,5207427
2023-01-01,UA,Ukraine,EURO,3411,5319087,46,108295,5210792
2023-01-08,UA,Ukraine,EURO,2970,5322057,61,108356,5213701
2023-01-15,UA,Ukraine,EURO,2710,5324767,58,108414,5216353
2023-01-22,UA,Ukraine,EURO,3099,5327866,42,108456,5219410
2023-01-29,UA,Ukraine,EURO,2973,5330839,43,108499,5222340
2023-02-05,UA,Ukraine,EURO,3708,5334547,68,108567,5225980
2023-02-12,UA,Ukraine,EURO,5283,5339830,44,108611,5231219
2023-02-19,UA,Ukraine,EURO,7344,5347174,60,108671,5238503
2023-02-26,UA,Ukraine,EURO,9792,5356966,63,108734,5248232
2023-03-05,UA,Ukraine,EURO,12757,5369723,67,108801,5260922
2023-03-12,UA,Ukraine,EURO,15372,5385095,92,108893,5276202
2023-03-19,UA,Ukraine,EURO,18619,5403714,101,108994,5294720
2023-03-26,UA,Ukraine,EURO,19975,5423689,118,109112,5314577
2023-04-02,UA,Ukraine,EURO,18982,5442671,113,109225,5333446
2023-04-09,UA,Ukraine,EURO,17083,5459754,123,109348,5350406
2023-04-16,UA,Ukraine,EURO,16595,5476349,111,109459,5366890
2023-04-23,UA,Ukraine,EURO,10845,5487194,105,109564,5377630
2023-04-30,UA,Ukraine,EURO,8898,5496092,82,109646,5386446
2023-05-07,UA,Ukraine,EURO,6612,5502704,61,109707,5392997
2023-05-14,UA,Ukraine,EURO,4739,5507443,44,109751,5397692
2023-05-21,UA,Ukraine,EURO,3323,5510766,37,109788,5400978
2023-05-28,UA,Ukraine,EURO,2999,5513765,42,109830,5403935
2023-06-04,UA,Ukraine,EURO,1965,5515730,24,109854,5405876
2023-06-11,UA,Ukraine,EURO,1551,5517281,15,109869,5407412
2023-06-18,UA,Ukraine,EURO,1308,5518589,20,109889,5408700
2023-06-25,UA,Ukraine,EURO,996,5519585,16,109905,5409680
2023-07-02,UA,Ukraine,EURO,898,5520483,13,109918,5410565
2023-07-09,UA,Ukraine,EURO,0,5520483,0,109918,5410565
2023-07-16,UA,Ukraine,EURO,0,5520483,0,109918,5410565
2023-07-23,UA,Ukraine,EURO,0,5520483,0,109918,5410565
2023-07-30,UA,Ukraine,EURO,0,5520483,0,109918,5410565
2023-08-06,UA,Ukraine,EURO,0,5520483,0,109918,5410565
2023-08-13,UA,Ukraine,EURO,0,5520483,0,109918,5410565
2023-08-20,UA,Ukraine,EURO,0,5520483,0,109918,5410565
2023-08-27,UA,Ukraine,EURO,0,5520483,0,109918,5410565
2023-09-03,UA,Ukraine,EURO,0,5520483,0,109918,5410565
2023-09-10,UA,Ukraine,EURO,0,5520483,0,109918,5410565
2023-09-17,UA,Ukraine,EURO,0,5520483,0,109918,5410565
2023-09-24,UA,Ukraine,EURO,0,5520483,0,109918,5410565
2023-10-01,UA,Ukraine,EURO,0,5520483,0,109918,5410565
2023-10-08,UA,Ukraine,EURO,0,5520483,0,109918,5410565
2023-10-15,UA,Ukraine,EURO,0,5520483,0,109918,5410565
2023-10-22,UA,Ukraine,EURO,0,5520483,0,109918,5410565
2023-10-29,UA,Ukraine,EURO,0,5520483,0,109918,5410565
2023-11-05,UA,Ukraine,EURO,132,5520615,0,109918,5410697
2023-11-12,UA,Ukraine,EURO,110,5520725,0,109918,5410807
2023-11-19,UA,Ukraine,EURO,165,5520890,0,109918,5410972
2023-11-26,UA,Ukraine,EURO,790,5521680,0,109918,5411762
2023-12-03,UA,Ukraine,EURO,691,5522371,0,109918,5412453
2023-12-10,UA,Ukraine,EURO,1022,5523393,0,109918,5413475
2023-12-17,UA,Ukraine,EURO,754,5524147,0,109918,5414229
2023-12-24,UA,Ukraine,EURO,768,5524915,0,109918,5414997
2023-12-31,UA,Ukraine,EURO,765,5525680,0,109918,5415762
2024-01-07,UA,Ukraine,EURO,626,5526306,0,109918,5416388
2024-01-14,UA,Ukraine,EURO,549,5526855,0,109918,5416937
2024-01-21,UA,Ukraine,EURO,401,5527256,0,109918,5417338
2024-01-28,UA,Ukraine,EURO,388,5527644,0,109918,5417726
2024-02-04,UA,Ukraine,EURO,319,5527963,0,109918,5418045
2024-02-11,UA,Ukraine,EURO,223,5528186,0,109918,5418268
2024-02-18,UA,Ukraine,EURO,305,5528491,0,109918,5418573
2024-02-25,UA,Ukraine,EURO,325,5528816,0,109918,5418898
2024-03-03,UA,Ukraine,EURO,319,5529135,0,109918,5419217
2024-03-10,UA,Ukraine,EURO,297,5529432,1,109919,5419513
2024-03-17,UA,Ukraine,EURO,297,5529729,1,109920,5419809
2024-03-24,UA,Ukraine,EURO,313,5530042,0,109920,5420122
2024-03-31,UA,Ukraine,EURO,241,5530283,0,109920,5420363
2024-04-07,UA,Ukraine,EURO,237,5530520,0,109920,5420600
2024-04-14,UA,Ukraine,EURO,169,5530689,0,109920,5420769
2024-04-21,UA,Ukraine,EURO,169,5530858,0,109920,5420938
2024-04-28,UA,Ukraine,EURO,114,5530972,0,109920,5421052
2024-05-05,UA,Ukraine,EURO,86,5531058,0,109920,5421138
2024-05-12,UA,Ukraine,EURO,87,5531145,0,109920,5421225
2024-05-19,UA,Ukraine,EURO,74,5531219,0,109920,5421299
2024-05-26,UA,Ukraine,EURO,34,5531253,0,109920,5421333
2024-06-02,UA,Ukraine,EURO,28,5531281,0,109920,5421361
2024-06-09,UA,Ukraine,EURO,25,5531306,0,109920,5421386
2024-06-16,UA,Ukraine,EURO,15,5531321,0,109920,5421401
2024-06-23,UA,Ukraine,EURO,15,5531336,0,109920,5421416
2024-06-30,UA,Ukraine,EURO,23,5531359,0,109920,5421439
2024-07-07,UA,Ukraine,EURO,39,5531398,0,109920,5421478
2024-07-14,UA,Ukraine,EURO,43,5531441,0,109920,5421521
2024-07-21,UA,Ukraine,EURO,71,5531512,0,109920,5421592
2024-07-28,UA,Ukraine,EURO,88,5531600,0,109920,5421680
2024-08-04,UA,Ukraine,EURO,171,5531771,0,109920,5421851
2024-08-11,UA,Ukraine,EURO,275,5532046,3,109923,5422123
2024-08-18,UA,Ukraine,EURO,439,5532485,0,109923,5422562
2024-08-25,UA,Ukraine,EURO,1353,5533838,0,109923,5423915
2024-09-01,UA,Ukraine,EURO,1829,5535667,0,109923,5425744
2024-09-08,UA,Ukraine,EURO,1529,5537196,0,109923,5427273
2024-09-15,UA,Ukraine,EURO,1077,5538273,0,109923,5428350
2024-09-22,UA,Ukraine,EURO,825,5539098,0,109923,5429175
2024-09-29,UA,Ukraine,EURO,643,5539741,0,109923,5429818
2024-10-06,UA,Ukraine,EURO,395,5540136,0,109923,5430213
2024-10-13,UA,Ukraine,EURO,276,5540412,0,109923,5430489
2024-10-20,UA,Ukraine,EURO,169,5540581,0,109923,5430658
2024-10-27,UA,Ukraine,EURO,142,5540723,0,109923,5430800
2024-11-03,UA,Ukraine,EURO,132,5540855,0,109923,5430932
2024-11-10,UA,Ukraine,EURO,110,5540965,0,109923,5431042
2024-11-17,UA,Ukraine,EURO,165,5541130,1,109924,5431206
2020-01-05,AE,United Arab Emirates,EMRO,0,0,0,0,0
2020-01-12,AE,United Arab Emirates,EMRO,0,0,0,0,0
2020-01-19,AE,United Arab Emirates,EMRO,0,0,0,0,0
2020-01-26,AE,United Arab Emirates,EMRO,0,0,0,0,0
2020-02-02,AE,United Arab Emirates,EMRO,5,5,0,0,5
2020-02-09,AE,United Arab Emirates,EMRO,2,7,0,0,7
2020-02-16,AE,United Arab Emirates,EMRO,1,8,0,0,8
2020-02-23,AE,United Arab Emirates,EMRO,5,13,0,0,13
2020-03-01,AE,United Arab Emirates,EMRO,6,19,0,0,19
2020-03-08,AE,United Arab Emirates,EMRO,26,45,0,0,45
2020-03-15,AE,United Arab Emirates,EMRO,41,86,0,0,86
2020-03-22,AE,United Arab Emirates,EMRO,67,153,2,2,151
2020-03-29,AE,United Arab Emirates,EMRO,315,468,0,2,466
2020-04-05,AE,United Arab Emirates,EMRO,1037,1505,8,10,1495
2020-04-12,AE,United Arab Emirates,EMRO,2231,3736,10,20,3716
2020-04-19,AE,United Arab Emirates,EMRO,2566,6302,17,37,6265
2020-04-26,AE,United Arab Emirates,EMRO,3511,9813,34,71,9742
2020-05-03,AE,United Arab Emirates,EMRO,3786,13599,48,119,13480
2020-05-10,AE,United Arab Emirates,EMRO,3818,17417,66,185,17232
2020-05-17,AE,United Arab Emirates,EMRO,5210,22627,29,214,22413
2020-05-24,AE,United Arab Emirates,EMRO,6077,28704,30,244,28460
2020-05-31,AE,United Arab Emirates,EMRO,5192,33896,18,262,33634
2020-06-07,AE,United Arab Emirates,EMRO,4372,38268,13,275,37993
2020-06-14,AE,United Arab Emirates,EMRO,3722,41990,13,288,41702
2020-06-21,AE,United Arab Emirates,EMRO,2543,44533,13,301,44232
2020-06-28,AE,United Arab Emirates,EMRO,2827,47360,10,311,47049
2020-07-05,AE,United Arab Emirates,EMRO,3497,50857,10,321,50536
2020-07-12,AE,United Arab Emirates,EMRO,3596,54453,10,331,54122
2020-07-19,AE,United Arab Emirates,EMRO,2258,56711,7,338,56373
2020-07-26,AE,United Arab Emirates,EMRO,1851,58562,5,343,58219
2020-08-02,AE,United Arab Emirates,EMRO,2198,60760,8,351,60409
2020-08-09,AE,United Arab Emirates,EMRO,1540,62300,5,356,61944
2020-08-16,AE,United Arab Emirates,EMRO,1802,64102,5,361,63741
2020-08-23,AE,United Arab Emirates,EMRO,2515,66617,11,372,66245
2020-08-30,AE,United Arab Emirates,EMRO,2711,69328,7,379,68949
2020-09-06,AE,United Arab Emirates,EMRO,4143,73471,9,388,73083
2020-09-13,AE,United Arab Emirates,EMRO,5378,78849,11,399,78450
2020-09-20,AE,United Arab Emirates,EMRO,5393,84242,5,404,83838
2020-09-27,AE,United Arab Emirates,EMRO,6376,90618,7,411,90207
2020-10-04,AE,United Arab Emirates,EMRO,7142,97760,15,426,97334
2020-10-11,AE,United Arab Emirates,EMRO,7373,105133,17,443,104690
2020-10-18,AE,United Arab Emirates,EMRO,9254,114387,16,459,113928
2020-10-25,AE,United Arab Emirates,EMRO,9377,123764,16,475,123289
2020-11-01,AE,United Arab Emirates,EMRO,8865,132629,20,495,132134
2020-11-08,AE,United Arab Emirates,EMRO,8403,141032,19,514,140518
2020-11-15,AE,United Arab Emirates,EMRO,8103,149135,14,528,148607
2020-11-22,AE,United Arab Emirates,EMRO,8650,157785,20,548,157237
2020-11-29,AE,United Arab Emirates,EMRO,8717,166502,21,569,165933
2020-12-06,AE,United Arab Emirates,EMRO,8774,175276,20,589,174687
2020-12-13,AE,United Arab Emirates,EMRO,8479,183755,20,609,183146
2020-12-20,AE,United Arab Emirates,EMRO,8649,192404,25,634,191770
2020-12-27,AE,United Arab Emirates,EMRO,8488,200892,21,655,200237
2021-01-03,AE,United Arab Emirates,EMRO,10749,211641,19,674,210967
2021-01-10,AE,United Arab Emirates,EMRO,16061,227702,28,702,227000
2021-01-17,AE,United Arab Emirates,EMRO,22106,249808,38,740,249068
2021-01-24,AE,United Arab Emirates,EMRO,24568,274376,43,783,273593
2021-01-31,AE,United Arab Emirates,EMRO,26285,300661,55,838,299823
2021-02-07,AE,United Arab Emirates,EMRO,22741,323402,76,914,322488
2021-02-14,AE,United Arab Emirates,EMRO,22203,345605,87,1001,344604
2021-02-21,AE,United Arab Emirates,EMRO,22570,368175,107,1108,367067
2021-02-28,AE,United Arab Emirates,EMRO,20419,388594,105,1213,387381
2021-03-07,AE,United Arab Emirates,EMRO,19642,408236,97,1310,406926
2021-03-14,AE,United Arab Emirates,EMRO,16169,424405,78,1388,423017
2021-03-21,AE,United Arab Emirates,EMRO,14233,438638,45,1433,437205
2021-03-28,AE,United Arab Emirates,EMRO,14431,453069,44,1477,451592
2021-04-04,AE,United Arab Emirates,EMRO,14954,468023,27,1504,466519
2021-04-11,AE,United Arab Emirates,EMRO,13914,481937,25,1529,480408
2021-04-18,AE,United Arab Emirates,EMRO,13287,495224,21,1550,493674
2021-04-25,AE,United Arab Emirates,EMRO,13701,508925,19,1569,507356
2021-05-02,AE,United Arab Emirates,EMRO,13023,521948,22,1591,520357
2021-05-09,AE,United Arab Emirates,EMRO,12497,534445,19,1610,532835
2021-05-16,AE,United Arab Emirates,EMRO,10486,544931,19,1629,543302
2021-05-23,AE,United Arab Emirates,EMRO,9585,554516,19,1648,552868
2021-05-30,AE,United Arab Emirates,EMRO,12747,567263,25,1673,565590
2021-06-06,AE,United Arab Emirates,EMRO,13934,581197,23,1696,579501
2021-06-13,AE,United Arab Emirates,EMRO,14820,596017,28,1724,594293
2021-06-20,AE,United Arab Emirates,EMRO,14162,610179,28,1752,608427
2021-06-27,AE,United Arab Emirates,EMRO,14635,624814,40,1792,623022
2021-07-04,AE,United Arab Emirates,EMRO,13063,637877,39,1831,636046
2021-07-11,AE,United Arab Emirates,EMRO,10825,648702,29,1860,646842
2021-07-18,AE,United Arab Emirates,EMRO,10747,659449,36,1896,657553
2021-07-25,AE,United Arab Emirates,EMRO,10659,670108,20,1916,668192
2021-08-01,AE,United Arab Emirates,EMRO,10750,680858,33,1949,678909
2021-08-08,AE,United Arab Emirates,EMRO,10696,691554,22,1971,689583
2021-08-15,AE,United Arab Emirates,EMRO,9033,700587,26,1997,698590
2021-08-22,AE,United Arab Emirates,EMRO,7715,708302,21,2018,706284
2021-08-29,AE,United Arab Emirates,EMRO,7092,715394,18,2036,713358
2021-09-05,AE,United Arab Emirates,EMRO,6898,722292,9,2045,720247
2021-09-12,AE,United Arab Emirates,EMRO,5974,728266,17,2062,726204
2021-09-19,AE,United Arab Emirates,EMRO,4033,732299,11,2073,730226
2021-09-26,AE,United Arab Emirates,EMRO,2297,734596,16,2089,732507
2021-10-03,AE,United Arab Emirates,EMRO,1928,736524,11,2100,734424
2021-10-10,AE,United Arab Emirates,EMRO,1131,737655,13,2113,735542
2021-10-17,AE,United Arab Emirates,EMRO,832,738487,5,2118,736369
2021-10-24,AE,United Arab Emirates,EMRO,703,739190,11,2129,737061
2021-10-31,AE,United Arab Emirates,EMRO,634,739824,7,2136,737688
2021-11-07,AE,United Arab Emirates,EMRO,538,740362,3,2139,738223
2021-11-14,AE,United Arab Emirates,EMRO,517,740879,4,2143,738736
2021-11-21,AE,United Arab Emirates,EMRO,491,741370,1,2144,739226
2021-11-28,AE,United Arab Emirates,EMRO,488,741858,1,2145,739713
2021-12-05,AE,United Arab Emirates,EMRO,420,742278,3,2148,740130
2021-12-12,AE,United Arab Emirates,EMRO,441,742719,3,2151,740568
2021-12-19,AE,United Arab Emirates,EMRO,1133,743852,0,2151,741701
2021-12-26,AE,United Arab Emirates,EMRO,5678,749530,5,2156,747374
2022-01-02,AE,United Arab Emirates,EMRO,14963,764493,9,2165,762328
2022-01-09,AE,United Arab Emirates,EMRO,18373,782866,8,2173,780693
2022-01-16,AE,United Arab Emirates,EMRO,19315,802181,15,2188,799993
2022-01-23,AE,United Arab Emirates,EMRO,20705,822886,23,2211,820675
2022-01-30,AE,United Arab Emirates,EMRO,17853,840739,28,2239,838500
2022-02-06,AE,United Arab Emirates,EMRO,14903,855642,23,2262,853380
2022-02-13,AE,United Arab Emirates,EMRO,11329,866971,22,2284,864687
2022-02-20,AE,United Arab Emirates,EMRO,6911,873882,9,2293,871589
2022-02-27,AE,United Arab Emirates,EMRO,4864,878746,8,2301,876445
2022-03-06,AE,United Arab Emirates,EMRO,3731,882477,0,2301,880176
2022-03-13,AE,United Arab Emirates,EMRO,2612,885089,1,2302,882787
2022-03-20,AE,United Arab Emirates,EMRO,2296,887385,0,2302,885083
2022-03-27,AE,United Arab Emirates,EMRO,2412,889797,0,2302,887495
2022-04-03,AE,United Arab Emirates,EMRO,2075,891872,0,2302,889570
2022-04-10,AE,United Arab Emirates,EMRO,1666,893538,0,2302,891236
2022-04-17,AE,United Arab Emirates,EMRO,1726,895264,0,2302,892962
2022-04-24,AE,United Arab Emirates,EMRO,1628,896892,0,2302,894590
2022-05-01,AE,United Arab Emirates,EMRO,1679,898571,0,2302,896269
2022-05-08,AE,United Arab Emirates,EMRO,1455,900026,0,2302,897724
2022-05-15,AE,United Arab Emirates,EMRO,2135,902161,0,2302,899859
2022-05-22,AE,United Arab Emirates,EMRO,2305,904466,0,2302,902164
2022-05-29,AE,United Arab Emirates,EMRO,2603,907069,0,2302,904767
2022-06-05,AE,United Arab Emirates,EMRO,3269,910338,3,2305,908033
2022-06-12,AE,United Arab Emirates,EMRO,5909,916247,0,2305,913942
2022-06-19,AE,United Arab Emirates,EMRO,9651,925898,3,2308,923590
2022-06-26,AE,United Arab Emirates,EMRO,11139,937037,3,2311,934726
2022-07-03,AE,United Arab Emirates,EMRO,12347,949384,6,2317,947067
2022-07-10,AE,United Arab Emirates,EMRO,11961,961345,6,2323,959022
2022-07-17,AE,United Arab Emirates,EMRO,10662,972007,2,2325,969682
2022-07-24,AE,United Arab Emirates,EMRO,9650,981657,6,2331,979326
2022-07-31,AE,United Arab Emirates,EMRO,8743,990400,3,2334,988066
2022-08-07,AE,United Arab Emirates,EMRO,7369,997769,3,2337,995432
2022-08-14,AE,United Arab Emirates,EMRO,6160,1003929,2,2339,1001590
2022-08-21,AE,United Arab Emirates,EMRO,5187,1009116,2,2341,1006775
2022-08-28,AE,United Arab Emirates,EMRO,4215,1013331,0,2341,1010990
2022-09-04,AE,United Arab Emirates,EMRO,3414,1016745,0,2341,1014404
2022-09-11,AE,United Arab Emirates,EMRO,2880,1019625,1,2342,1017283
2022-09-18,AE,United Arab Emirates,EMRO,2913,1022538,0,2342,1020196
2022-09-25,AE,United Arab Emirates,EMRO,2675,1025213,1,2343,1022870
2022-10-02,AE,United Arab Emirates,EMRO,2720,1027933,2,2345,1025588
2022-10-09,AE,United Arab Emirates,EMRO,2545,1030478,1,2346,1028132
2022-10-16,AE,United Arab Emirates,EMRO,2044,1032522,0,2346,1030176
2022-10-23,AE,United Arab Emirates,EMRO,2262,1034784,2,2348,1032436
2022-10-30,AE,United Arab Emirates,EMRO,2239,1037023,0,2348,1034675
2022-11-06,AE,United Arab Emirates,EMRO,2067,1039090,0,2348,1036742
2022-11-13,AE,United Arab Emirates,EMRO,1731,1040821,0,2348,1038473
2022-11-20,AE,United Arab Emirates,EMRO,1519,1042340,0,2348,1039992
2022-11-27,AE,United Arab Emirates,EMRO,1458,1043798,0,2348,1041450
2022-12-04,AE,United Arab Emirates,EMRO,906,1044704,0,2348,1042356
2022-12-11,AE,United Arab Emirates,EMRO,719,1045423,0,2348,1043075
2022-12-18,AE,United Arab Emirates,EMRO,663,1046086,0,2348,1043738
2022-12-25,AE,United Arab Emirates,EMRO,463,1046549,0,2348,1044201
2023-01-01,AE,United Arab Emirates,EMRO,459,1047008,0,2348,1044660
2023-01-08,AE,United Arab Emirates,EMRO,456,1047464,0,2348,1045116
2023-01-15,AE,United Arab Emirates,EMRO,556,1048020,0,2348,1045672
2023-01-22,AE,United Arab Emirates,EMRO,603,1048623,0,2348,1046275
2023-01-29,AE,United Arab Emirates,EMRO,586,1049209,0,2348,1046861
2023-02-05,AE,United Arab Emirates,EMRO,520,1049729,0,2348,1047381
2023-02-12,AE,United Arab Emirates,EMRO,601,1050330,0,2348,1047982
2023-02-19,AE,United Arab Emirates,EMRO,631,1050961,1,2349,1048612
2023-02-26,AE,United Arab Emirates,EMRO,771,1051732,0,2349,1049383
2023-03-05,AE,United Arab Emirates,EMRO,787,1052519,0,2349,1050170
2023-03-12,AE,United Arab Emirates,EMRO,1067,1053586,0,2349,1051237
2023-03-19,AE,United Arab Emirates,EMRO,1287,1054873,0,2349,1052524
2023-03-26,AE,United Arab Emirates,EMRO,1612,1056485,0,2349,1054136
2023-04-02,AE,United Arab Emirates,EMRO,1515,1058000,0,2349,1055651
2023-04-09,AE,United Arab Emirates,EMRO,1468,1059468,0,2349,1057119
2023-04-16,AE,United Arab Emirates,EMRO,1149,1060617,0,2349,1058268
2023-04-23,AE,United Arab Emirates,EMRO,1040,1061657,0,2349,1059308
2023-04-30,AE,United Arab Emirates,EMRO,1143,1062800,0,2349,1060451
2023-05-07,AE,United Arab Emirates,EMRO,1437,1064237,0,2349,1061888
2023-05-14,AE,United Arab Emirates,EMRO,1370,1065607,0,2349,1063258
2023-05-21,AE,United Arab Emirates,EMRO,1034,1066641,0,2349,1064292
2023-05-28,AE,United Arab Emirates,EMRO,389,1067030,0,2349,1064681
2023-06-04,AE,United Arab Emirates,EMRO,0,1067030,0,2349,1064681
2023-06-11,AE,United Arab Emirates,EMRO,0,1067030,0,2349,1064681
2023-06-18,AE,United Arab Emirates,EMRO,0,1067030,0,2349,1064681
2023-06-25,AE,United Arab Emirates,EMRO,0,1067030,0,2349,1064681
2023-07-02,AE,United Arab Emirates,EMRO,0,1067030,0,2349,1064681
2023-07-09,AE,United Arab Emirates,EMRO,0,1067030,0,2349,1064681
2023-07-16,AE,United Arab Emirates,EMRO,0,1067030,0,2349,1064681
2023-07-23,AE,United Arab Emirates,EMRO,0,1067030,0,2349,1064681
2023-07-30,AE,United Arab Emirates,EMRO,0,1067030,0,2349,1064681
2023-08-06,AE,United Arab Emirates,EMRO,0,1067030,0,2349,1064681
2023-08-13,AE,United Arab Emirates,EMRO,0,1067030,0,2349,1064681
2023-08-20,AE,United Arab Emirates,EMRO,0,1067030,0,2349,1064681
2023-08-27,AE,United Arab Emirates,EMRO,0,1067030,0,2349,1064681
2023-09-03,AE,United Arab Emirates,EMRO,0,1067030,0,2349,1064681
2023-09-10,AE,United Arab Emirates,EMRO,0,1067030,0,2349,1064681
2023-09-17,AE,United Arab Emirates,EMRO,0,1067030,0,2349,1064681
2023-09-24,AE,United Arab Emirates,EMRO,0,1067030,0,2349,1064681
2023-10-01,AE,United Arab Emirates,EMRO,0,1067030,0,2349,1064681
2023-10-08,AE,United Arab Emirates,EMRO,0,1067030,0,2349,1064681
2023-10-15,AE,United Arab Emirates,EMRO,0,1067030,0,2349,1064681
2023-10-22,AE,United Arab Emirates,EMRO,0,1067030,0,2349,1064681
2023-10-29,AE,United Arab Emirates,EMRO,0,1067030,0,2349,1064681
2023-11-05,AE,United Arab Emirates,EMRO,0,1067030,0,2349,1064681
2023-11-12,AE,United Arab Emirates,EMRO,0,1067030,0,2349,1064681
2023-11-19,AE,United Arab Emirates,EMRO,0,1067030,0,2349,1064681
2023-11-26,AE,United Arab Emirates,EMRO,0,1067030,0,2349,1064681
2023-12-03,AE,United Arab Emirates,EMRO,0,1067030,0,2349,1064681
2023-12-10,AE,United Arab Emirates,EMRO,0,1067030,0,2349,1064681
2023-12-17,AE,United Arab Emirates,EMRO,0,1067030,0,2349,1064681
2023-12-24,AE,United Arab Emirates,EMRO,0,1067030,0,2349,1064681
2023-12-31,AE,United Arab Emirates,EMRO,0,1067030,0,2349,1064681
2024-01-07,AE,United Arab Emirates,EMRO,0,1067030,0,2349,1064681
2024-01-14,AE,United Arab Emirates,EMRO,0,1067030,0,2349,1064681
2024-01-21,AE,United Arab Emirates,EMRO,0,1067030,0,2349,1064681
2024-01-28,AE,United Arab Emirates,EMRO,0,1067030,0,2349,1064681
2024-02-04,AE,United Arab Emirates,EMRO,0,1067030,0,2349,1064681
2024-02-11,AE,United Arab Emirates,EMRO,0,1067030,0,2349,1064681
2024-02-18,AE,United Arab Emirates,EMRO,0,1067030,0,2349,1064681
2024-02-25,AE,United Arab Emirates,EMRO,0,1067030,0,2349,1064681
2024-03-03,AE,United Arab Emirates,EMRO,0,1067030,0,2349,1064681
2024-03-10,AE,United Arab Emirates,EMRO,0,1067030,0,2349,1064681
2024-03-17,AE,United Arab Emirates,EMRO,0,1067030,0,2349,1064681
2024-03-24,AE,United Arab Emirates,EMRO,0,1067030,0,2349,1064681
2024-03-31,AE,United Arab Emirates,EMRO,0,1067030,0,2349,1064681
2024-04-07,AE,United Arab Emirates,EMRO,0,1067030,0,2349,1064681
2024-04-14,AE,United Arab Emirates,EMRO,0,1067030,0,2349,1064681
2024-04-21,AE,United Arab Emirates,EMRO,0,1067030,0,2349,1064681
2024-04-28,AE,United Arab Emirates,EMRO,0,1067030,0,2349,1064681
2024-05-05,AE,United Arab Emirates,EMRO,0,1067030,0,2349,1064681
2024-05-12,AE,United Arab Emirates,EMRO,0,1067030,0,2349,1064681
2024-05-19,AE,United Arab Emirates,EMRO,0,1067030,0,2349,1064681
2024-05-26,AE,United Arab Emirates,EMRO,0,1067030,0,2349,1064681
2024-06-02,AE,United Arab Emirates,EMRO,0,1067030,0,2349,1064681
2024-06-09,AE,United Arab Emirates,EMRO,0,1067030,0,2349,1064681
2024-06-16,AE,United Arab Emirates,EMRO,0,1067030,0,2349,1064681
2024-06-23,AE,United Arab Emirates,EMRO,0,1067030,0,2349,1064681
2024-06-30,AE,United Arab Emirates,EMRO,0,1067030,0,2349,1064681
2024-07-07,AE,United Arab Emirates,EMRO,0,1067030,0,2349,1064681
2024-07-14,AE,United Arab Emirates,EMRO,0,1067030,0,2349,1064681
2024-07-21,AE,United Arab Emirates,EMRO,0,1067030,0,2349,1064681
2024-07-28,AE,United Arab Emirates,EMRO,0,1067030,0,2349,1064681
2024-08-04,AE,United Arab Emirates,EMRO,0,1067030,0,2349,1064681
2024-08-11,AE,United Arab Emirates,EMRO,0,1067030,0,2349,1064681
2024-08-18,AE,United Arab Emirates,EMRO,0,1067030,0,2349,1064681
2024-08-25,AE,United Arab Emirates,EMRO,0,1067030,0,2349,1064681
2024-09-01,AE,United Arab Emirates,EMRO,0,1067030,0,2349,1064681
2024-09-08,AE,United Arab Emirates,EMRO,0,1067030,0,2349,1064681
2024-09-15,AE,United Arab Emirates,EMRO,0,1067030,0,2349,1064681
2024-09-22,AE,United Arab Emirates,EMRO,0,1067030,0,2349,1064681
2024-09-29,AE,United Arab Emirates,EMRO,0,1067030,0,2349,1064681
2024-10-06,AE,United Arab Emirates,EMRO,0,1067030,0,2349,1064681
2024-10-13,AE,United Arab Emirates,EMRO,0,1067030,0,2349,1064681
2024-10-20,AE,United Arab Emirates,EMRO,0,1067030,0,2349,1064681
2024-10-27,AE,United Arab Emirates,EMRO,0,1067030,0,2349,1064681
2024-11-03,AE,United Arab Emirates,EMRO,0,1067030,0,2349,1064681
2024-11-10,AE,United Arab Emirates,EMRO,0,1067030,0,2349,1064681
2024-11-17,AE,United Arab Emirates,EMRO,0,1067030,0,2349,1064681
2020-01-05,TZ,United Republic of Tanzania,AFRO,0,0,0,0,0
2020-01-12,TZ,United Republic of Tanzania,AFRO,0,0,0,0,0
2020-01-19,TZ,United Republic of Tanzania,AFRO,0,0,0,0,0
2020-01-26,TZ,United Republic of Tanzania,AFRO,0,0,0,0,0
2020-02-02,TZ,United Republic of Tanzania,AFRO,0,0,0,0,0
2020-02-09,TZ,United Republic of Tanzania,AFRO,0,0,0,0,0
2020-02-16,TZ,United Republic of Tanzania,AFRO,0,0,0,0,0
2020-02-23,TZ,United Republic of Tanzania,AFRO,0,0,0,0,0
2020-03-01,TZ,United Republic of Tanzania,AFRO,0,0,0,0,0
2020-03-08,TZ,United Republic of Tanzania,AFRO,0,0,0,0,0
2020-03-15,TZ,United Republic of Tanzania,AFRO,0,0,0,0,0
2020-03-22,TZ,United Republic of Tanzania,AFRO,6,6,0,0,6
2020-03-29,TZ,United Republic of Tanzania,AFRO,8,14,0,0,14
2020-04-05,TZ,United Republic of Tanzania,AFRO,6,20,1,1,19
2020-04-12,TZ,United Republic of Tanzania,AFRO,12,32,2,3,29
2020-04-19,TZ,United Republic of Tanzania,AFRO,116,148,2,5,143
2020-04-26,TZ,United Republic of Tanzania,AFRO,152,300,5,10,290
2020-05-03,TZ,United Republic of Tanzania,AFRO,180,480,8,18,462
2020-05-10,TZ,United Republic of Tanzania,AFRO,29,509,3,21,488
2020-05-17,TZ,United Republic of Tanzania,AFRO,0,509,0,21,488
2020-05-24,TZ,United Republic of Tanzania,AFRO,0,509,0,21,488
2020-05-31,TZ,United Republic of Tanzania,AFRO,0,509,0,21,488
2020-06-07,TZ,United Republic of Tanzania,AFRO,0,509,0,21,488
2020-06-14,TZ,United Republic of Tanzania,AFRO,0,509,0,21,488
2020-06-21,TZ,United Republic of Tanzania,AFRO,0,509,0,21,488
2020-06-28,TZ,United Republic of Tanzania,AFRO,0,509,0,21,488
2020-07-05,TZ,United Republic of Tanzania,AFRO,0,509,0,21,488
2020-07-12,TZ,United Republic of Tanzania,AFRO,0,509,0,21,488
2020-07-19,TZ,United Republic of Tanzania,AFRO,0,509,0,21,488
2020-07-26,TZ,United Republic of Tanzania,AFRO,0,509,0,21,488
2020-08-02,TZ,United Republic of Tanzania,AFRO,0,509,0,21,488
2020-08-09,TZ,United Republic of Tanzania,AFRO,0,509,0,21,488
2020-08-16,TZ,United Republic of Tanzania,AFRO,0,509,0,21,488
2020-08-23,TZ,United Republic of Tanzania,AFRO,0,509,0,21,488
2020-08-30,TZ,United Republic of Tanzania,AFRO,0,509,0,21,488
2020-09-06,TZ,United Republic of Tanzania,AFRO,0,509,0,21,488
2020-09-13,TZ,United Republic of Tanzania,AFRO,0,509,0,21,488
2020-09-20,TZ,United Republic of Tanzania,AFRO,0,509,0,21,488
2020-09-27,TZ,United Republic of Tanzania,AFRO,0,509,0,21,488
2020-10-04,TZ,United Republic of Tanzania,AFRO,0,509,0,21,488
2020-10-11,TZ,United Republic of Tanzania,AFRO,0,509,0,21,488
2020-10-18,TZ,United Republic of Tanzania,AFRO,0,509,0,21,488
2020-10-25,TZ,United Republic of Tanzania,AFRO,0,509,0,21,488
2020-11-01,TZ,United Republic of Tanzania,AFRO,0,509,0,21,488
2020-11-08,TZ,United Republic of Tanzania,AFRO,0,509,0,21,488
2020-11-15,TZ,United Republic of Tanzania,AFRO,0,509,0,21,488
2020-11-22,TZ,United Republic of Tanzania,AFRO,0,509,0,21,488
2020-11-29,TZ,United Republic of Tanzania,AFRO,0,509,0,21,488
2020-12-06,TZ,United Republic of Tanzania,AFRO,0,509,0,21,488
2020-12-13,TZ,United Republic of Tanzania,AFRO,0,509,0,21,488
2020-12-20,TZ,United Republic of Tanzania,AFRO,0,509,0,21,488
2020-12-27,TZ,United Republic of Tanzania,AFRO,0,509,0,21,488
2021-01-03,TZ,United Republic of Tanzania,AFRO,0,509,0,21,488
2021-01-10,TZ,United Republic of Tanzania,AFRO,0,509,0,21,488
2021-01-17,TZ,United Republic of Tanzania,AFRO,0,509,0,21,488
2021-01-24,TZ,United Republic of Tanzania,AFRO,0,509,0,21,488
2021-01-31,TZ,United Republic of Tanzania,AFRO,0,509,0,21,488
2021-02-07,TZ,United Republic of Tanzania,AFRO,0,509,0,21,488
2021-02-14,TZ,United Republic of Tanzania,AFRO,0,509,0,21,488
2021-02-21,TZ,United Republic of Tanzania,AFRO,0,509,0,21,488
2021-02-28,TZ,United Republic of Tanzania,AFRO,0,509,0,21,488
2021-03-07,TZ,United Republic of Tanzania,AFRO,0,509,0,21,488
2021-03-14,TZ,United Republic of Tanzania,AFRO,0,509,0,21,488
2021-03-21,TZ,United Republic of Tanzania,AFRO,0,509,0,21,488
2021-03-28,TZ,United Republic of Tanzania,AFRO,0,509,0,21,488
2021-04-04,TZ,United Republic of Tanzania,AFRO,0,509,0,21,488
2021-04-11,TZ,United Republic of Tanzania,AFRO,0,509,0,21,488
2021-04-18,TZ,United Republic of Tanzania,AFRO,0,509,0,21,488
2021-04-25,TZ,United Republic of Tanzania,AFRO,0,509,0,21,488
2021-05-02,TZ,United Republic of Tanzania,AFRO,0,509,0,21,488
2021-05-09,TZ,United Republic of Tanzania,AFRO,0,509,0,21,488
2021-05-16,TZ,United Republic of Tanzania,AFRO,0,509,0,21,488
2021-05-23,TZ,United Republic of Tanzania,AFRO,0,509,0,21,488
2021-05-30,TZ,United Republic of Tanzania,AFRO,0,509,0,21,488
2021-06-06,TZ,United Republic of Tanzania,AFRO,0,509,0,21,488
2021-06-13,TZ,United Republic of Tanzania,AFRO,0,509,0,21,488
2021-06-20,TZ,United Republic of Tanzania,AFRO,0,509,0,21,488
2021-06-27,TZ,United Republic of Tanzania,AFRO,0,509,0,21,488
2021-07-04,TZ,United Republic of Tanzania,AFRO,100,609,0,21,588
2021-07-11,TZ,United Republic of Tanzania,AFRO,0,609,0,21,588
2021-07-18,TZ,United Republic of Tanzania,AFRO,408,1017,0,21,996
2021-07-25,TZ,United Republic of Tanzania,AFRO,350,1367,29,50,1317
2021-08-01,TZ,United Republic of Tanzania,AFRO,0,1367,0,50,1317
2021-08-08,TZ,United Republic of Tanzania,AFRO,20607,21974,553,603,21371
2021-08-15,TZ,United Republic of Tanzania,AFRO,1403,23377,28,631,22746
2021-08-22,TZ,United Republic of Tanzania,AFRO,855,24232,27,658,23574
2021-08-29,TZ,United Republic of Tanzania,AFRO,603,24835,20,678,24157
2021-09-05,TZ,United Republic of Tanzania,AFRO,466,25301,17,695,24606
2021-09-12,TZ,United Republic of Tanzania,AFRO,213,25514,9,704,24810
2021-09-19,TZ,United Republic of Tanzania,AFRO,195,25709,11,715,24994
2021-09-26,TZ,United Republic of Tanzania,AFRO,137,25846,4,719,25127
2021-10-03,TZ,United Republic of Tanzania,AFRO,111,25957,4,723,25234
2021-10-10,TZ,United Republic of Tanzania,AFRO,77,26034,1,724,25310
2021-10-17,TZ,United Republic of Tanzania,AFRO,81,26115,1,725,25390
2021-10-24,TZ,United Republic of Tanzania,AFRO,39,26154,0,725,25429
2021-10-31,TZ,United Republic of Tanzania,AFRO,42,26196,0,725,25471
2021-11-07,TZ,United Republic of Tanzania,AFRO,12,26208,0,725,25483
2021-11-14,TZ,United Republic of Tanzania,AFRO,19,26227,2,727,25500
2021-11-21,TZ,United Republic of Tanzania,AFRO,34,26261,3,730,25531
2021-11-28,TZ,United Republic of Tanzania,AFRO,9,26270,0,730,25540
2021-12-05,TZ,United Republic of Tanzania,AFRO,39,26309,4,734,25575
2021-12-12,TZ,United Republic of Tanzania,AFRO,174,26483,0,734,25749
2021-12-19,TZ,United Republic of Tanzania,AFRO,0,26483,0,734,25749
2021-12-26,TZ,United Republic of Tanzania,AFRO,2823,29306,3,737,28569
2022-01-02,TZ,United Republic of Tanzania,AFRO,1258,30564,3,740,29824
2022-01-09,TZ,United Republic of Tanzania,AFRO,831,31395,5,745,30650
2022-01-16,TZ,United Republic of Tanzania,AFRO,998,32393,8,753,31640
2022-01-23,TZ,United Republic of Tanzania,AFRO,527,32920,25,778,32142
2022-01-30,TZ,United Republic of Tanzania,AFRO,310,33230,11,789,32441
2022-02-06,TZ,United Republic of Tanzania,AFRO,206,33436,3,792,32644
2022-02-13,TZ,United Republic of Tanzania,AFRO,113,33549,4,796,32753
2022-02-20,TZ,United Republic of Tanzania,AFRO,71,33620,2,798,32822
2022-02-27,TZ,United Republic of Tanzania,AFRO,0,33620,0,798,32822
2022-03-06,TZ,United Republic of Tanzania,AFRO,106,33726,2,800,32926
2022-03-13,TZ,United Republic of Tanzania,AFRO,47,33773,0,800,32973
2022-03-20,TZ,United Republic of Tanzania,AFRO,24,33797,0,800,32997
2022-03-27,TZ,United Republic of Tanzania,AFRO,18,33815,0,800,33015
2022-04-03,TZ,United Republic of Tanzania,AFRO,21,33836,3,803,33033
2022-04-10,TZ,United Republic of Tanzania,AFRO,15,33851,0,803,33048
2022-04-17,TZ,United Republic of Tanzania,AFRO,13,33864,0,803,33061
2022-04-24,TZ,United Republic of Tanzania,AFRO,8,33872,0,803,33069
2022-05-01,TZ,United Republic of Tanzania,AFRO,32,33904,0,803,33101
2022-05-08,TZ,United Republic of Tanzania,AFRO,737,34641,37,840,33801
2022-05-15,TZ,United Republic of Tanzania,AFRO,41,34682,0,840,33842
2022-05-22,TZ,United Republic of Tanzania,AFRO,83,34765,0,840,33925
2022-05-29,TZ,United Republic of Tanzania,AFRO,71,34836,0,840,33996
2022-06-05,TZ,United Republic of Tanzania,AFRO,152,34988,0,840,34148
2022-06-12,TZ,United Republic of Tanzania,AFRO,171,35159,0,840,34319
2022-06-19,TZ,United Republic of Tanzania,AFRO,207,35366,1,841,34525
2022-06-26,TZ,United Republic of Tanzania,AFRO,402,35768,0,841,34927
2022-07-03,TZ,United Republic of Tanzania,AFRO,406,36174,0,841,35333
2022-07-10,TZ,United Republic of Tanzania,AFRO,346,36520,0,841,35679
2022-07-17,TZ,United Republic of Tanzania,AFRO,366,36886,0,841,36045
2022-07-24,TZ,United Republic of Tanzania,AFRO,443,37329,0,841,36488
2022-07-31,TZ,United Republic of Tanzania,AFRO,536,37865,0,841,37024
2022-08-07,TZ,United Republic of Tanzania,AFRO,340,38205,0,841,37364
2022-08-14,TZ,United Republic of Tanzania,AFRO,249,38454,0,841,37613
2022-08-21,TZ,United Republic of Tanzania,AFRO,258,38712,0,841,37871
2022-08-28,TZ,United Republic of Tanzania,AFRO,239,38951,4,845,38106
2022-09-04,TZ,United Republic of Tanzania,AFRO,227,39178,0,845,38333
2022-09-11,TZ,United Republic of Tanzania,AFRO,85,39263,0,845,38418
2022-09-18,TZ,United Republic of Tanzania,AFRO,88,39351,0,845,38506
2022-09-25,TZ,United Republic of Tanzania,AFRO,99,39450,0,845,38605
2022-10-02,TZ,United Republic of Tanzania,AFRO,73,39523,0,845,38678
2022-10-09,TZ,United Republic of Tanzania,AFRO,166,39689,0,845,38844
2022-10-16,TZ,United Republic of Tanzania,AFRO,125,39814,0,845,38969
2022-10-23,TZ,United Republic of Tanzania,AFRO,471,40285,0,845,39440
2022-10-30,TZ,United Republic of Tanzania,AFRO,0,40285,0,845,39440
2022-11-06,TZ,United Republic of Tanzania,AFRO,1134,41419,0,845,40574
2022-11-13,TZ,United Republic of Tanzania,AFRO,243,41662,0,845,40817
2022-11-20,TZ,United Republic of Tanzania,AFRO,0,41662,0,845,40817
2022-11-27,TZ,United Republic of Tanzania,AFRO,185,41847,0,845,41002
2022-12-04,TZ,United Republic of Tanzania,AFRO,150,41997,0,845,41152
2022-12-11,TZ,United Republic of Tanzania,AFRO,114,42111,0,845,41266
2022-12-18,TZ,United Republic of Tanzania,AFRO,117,42228,0,845,41383
2022-12-25,TZ,United Republic of Tanzania,AFRO,123,42351,0,845,41506
2023-01-01,TZ,United Republic of Tanzania,AFRO,45,42396,0,845,41551
2023-01-08,TZ,United Republic of Tanzania,AFRO,71,42467,1,846,41621
2023-01-15,TZ,United Republic of Tanzania,AFRO,63,42530,0,846,41684
2023-01-22,TZ,United Republic of Tanzania,AFRO,70,42600,0,846,41754
2023-01-29,TZ,United Republic of Tanzania,AFRO,64,42664,0,846,41818
2023-02-05,TZ,United Republic of Tanzania,AFRO,53,42717,0,846,41871
2023-02-12,TZ,United Republic of Tanzania,AFRO,58,42775,0,846,41929
2023-02-19,TZ,United Republic of Tanzania,AFRO,48,42823,0,846,41977
2023-02-26,TZ,United Republic of Tanzania,AFRO,23,42846,0,846,42000
2023-03-05,TZ,United Republic of Tanzania,AFRO,60,42906,0,846,42060
2023-03-12,TZ,United Republic of Tanzania,AFRO,21,42927,0,846,42081
2023-03-19,TZ,United Republic of Tanzania,AFRO,15,42942,0,846,42096
2023-03-26,TZ,United Republic of Tanzania,AFRO,17,42959,0,846,42113
2023-04-02,TZ,United Republic of Tanzania,AFRO,14,42973,0,846,42127
2023-04-09,TZ,United Republic of Tanzania,AFRO,25,42998,0,846,42152
2023-04-16,TZ,United Republic of Tanzania,AFRO,25,43023,0,846,42177
2023-04-23,TZ,United Republic of Tanzania,AFRO,25,43048,0,846,42202
2023-04-30,TZ,United Republic of Tanzania,AFRO,30,43078,0,846,42232
2023-05-07,TZ,United Republic of Tanzania,AFRO,0,43078,0,846,42232
2023-05-14,TZ,United Republic of Tanzania,AFRO,0,43078,0,846,42232
2023-05-21,TZ,United Republic of Tanzania,AFRO,0,43078,0,846,42232
2023-05-28,TZ,United Republic of Tanzania,AFRO,0,43078,0,846,42232
2023-06-04,TZ,United Republic of Tanzania,AFRO,0,43078,0,846,42232
2023-06-11,TZ,United Republic of Tanzania,AFRO,0,43078,0,846,42232
2023-06-18,TZ,United Republic of Tanzania,AFRO,0,43078,0,846,42232
2023-06-25,TZ,United Republic of Tanzania,AFRO,0,43078,0,846,42232
2023-07-02,TZ,United Republic of Tanzania,AFRO,0,43078,0,846,42232
2023-07-09,TZ,United Republic of Tanzania,AFRO,0,43078,0,846,42232
2023-07-16,TZ,United Republic of Tanzania,AFRO,0,43078,0,846,42232
2023-07-23,TZ,United Republic of Tanzania,AFRO,0,43078,0,846,42232
2023-07-30,TZ,United Republic of Tanzania,AFRO,0,43078,0,846,42232
2023-08-06,TZ,United Republic of Tanzania,AFRO,0,43078,0,846,42232
2023-08-13,TZ,United Republic of Tanzania,AFRO,0,43078,0,846,42232
2023-08-20,TZ,United Republic of Tanzania,AFRO,0,43078,0,846,42232
2023-08-27,TZ,United Republic of Tanzania,AFRO,0,43078,0,846,42232
2023-09-03,TZ,United Republic of Tanzania,AFRO,0,43078,0,846,42232
2023-09-10,TZ,United Republic of Tanzania,AFRO,0,43078,0,846,42232
2023-09-17,TZ,United Republic of Tanzania,AFRO,0,43078,0,846,42232
2023-09-24,TZ,United Republic of Tanzania,AFRO,0,43078,0,846,42232
2023-10-01,TZ,United Republic of Tanzania,AFRO,0,43078,0,846,42232
2023-10-08,TZ,United Republic of Tanzania,AFRO,6,43084,0,846,42238
2023-10-15,TZ,United Republic of Tanzania,AFRO,24,43108,0,846,42262
2023-10-22,TZ,United Republic of Tanzania,AFRO,2,43110,0,846,42264
2023-10-29,TZ,United Republic of Tanzania,AFRO,5,43115,0,846,42269
2023-11-05,TZ,United Republic of Tanzania,AFRO,2,43117,0,846,42271
2023-11-12,TZ,United Republic of Tanzania,AFRO,0,43117,0,846,42271
2023-11-19,TZ,United Republic of Tanzania,AFRO,10,43127,0,846,42281
2023-11-26,TZ,United Republic of Tanzania,AFRO,31,43158,0,846,42312
2023-12-03,TZ,United Republic of Tanzania,AFRO,33,43191,0,846,42345
2023-12-10,TZ,United Republic of Tanzania,AFRO,32,43223,0,846,42377
2023-12-17,TZ,United Republic of Tanzania,AFRO,0,43223,0,846,42377
2023-12-24,TZ,United Republic of Tanzania,AFRO,0,43223,0,846,42377
2023-12-31,TZ,United Republic of Tanzania,AFRO,0,43223,0,846,42377
2024-01-07,TZ,United Republic of Tanzania,AFRO,0,43223,0,846,42377
2024-01-14,TZ,United Republic of Tanzania,AFRO,0,43223,0,846,42377
2024-01-21,TZ,United Republic of Tanzania,AFRO,0,43223,0,846,42377
2024-01-28,TZ,United Republic of Tanzania,AFRO,0,43223,0,846,42377
2024-02-04,TZ,United Republic of Tanzania,AFRO,0,43223,0,846,42377
2024-02-11,TZ,United Republic of Tanzania,AFRO,0,43223,0,846,42377
2024-02-18,TZ,United Republic of Tanzania,AFRO,0,43223,0,846,42377
2024-02-25,TZ,United Republic of Tanzania,AFRO,0,43223,0,846,42377
2024-03-03,TZ,United Republic of Tanzania,AFRO,0,43223,0,846,42377
2024-03-10,TZ,United Republic of Tanzania,AFRO,0,43223,0,846,42377
2024-03-17,TZ,United Republic of Tanzania,AFRO,0,43223,0,846,42377
2024-03-24,TZ,United Republic of Tanzania,AFRO,0,43223,0,846,42377
2024-03-31,TZ,United Republic of Tanzania,AFRO,1,43224,0,846,42378
2024-04-07,TZ,United Republic of Tanzania,AFRO,1,43225,0,846,42379
2024-04-14,TZ,United Republic of Tanzania,AFRO,0,43225,0,846,42379
2024-04-21,TZ,United Republic of Tanzania,AFRO,0,43225,0,846,42379
2024-04-28,TZ,United Republic of Tanzania,AFRO,0,43225,0,846,42379
2024-05-05,TZ,United Republic of Tanzania,AFRO,0,43225,0,846,42379
2024-05-12,TZ,United Republic of Tanzania,AFRO,1,43226,0,846,42380
2024-05-19,TZ,United Republic of Tanzania,AFRO,0,43226,0,846,42380
2024-05-26,TZ,United Republic of Tanzania,AFRO,0,43226,0,846,42380
2024-06-02,TZ,United Republic of Tanzania,AFRO,0,43226,0,846,42380
2024-06-09,TZ,United Republic of Tanzania,AFRO,0,43226,0,846,42380
2024-06-16,TZ,United Republic of Tanzania,AFRO,0,43226,0,846,42380
2024-06-23,TZ,United Republic of Tanzania,AFRO,3,43229,0,846,42383
2024-06-30,TZ,United Republic of Tanzania,AFRO,1,43230,0,846,42384
2024-07-07,TZ,United Republic of Tanzania,AFRO,0,43230,0,846,42384
2024-07-14,TZ,United Republic of Tanzania,AFRO,0,43230,0,846,42384
2024-07-21,TZ,United Republic of Tanzania,AFRO,0,43230,0,846,42384
2024-07-28,TZ,United Republic of Tanzania,AFRO,0,43230,0,846,42384
2024-08-04,TZ,United Republic of Tanzania,AFRO,1,43231,0,846,42385
2024-08-11,TZ,United Republic of Tanzania,AFRO,1,43232,0,846,42386
2024-08-18,TZ,United Republic of Tanzania,AFRO,5,43237,0,846,42391
2024-08-25,TZ,United Republic of Tanzania,AFRO,1,43238,0,846,42392
2024-09-01,TZ,United Republic of Tanzania,AFRO,6,43244,0,846,42398
2024-09-08,TZ,United Republic of Tanzania,AFRO,0,43244,0,846,42398
2024-09-15,TZ,United Republic of Tanzania,AFRO,0,43244,0,846,42398
2024-09-22,TZ,United Republic of Tanzania,AFRO,6,43250,0,846,42404
2024-09-29,TZ,United Republic of Tanzania,AFRO,0,43250,0,846,42404
2024-10-06,TZ,United Republic of Tanzania,AFRO,1,43251,0,846,42405
2024-10-13,TZ,United Republic of Tanzania,AFRO,2,43253,0,846,42407
2024-10-20,TZ,United Republic of Tanzania,AFRO,10,43263,0,846,42417
2024-10-27,TZ,United Republic of Tanzania,AFRO,14,43277,0,846,42431
2024-11-03,TZ,United Republic of Tanzania,AFRO,21,43298,0,846,42452
2024-11-10,TZ,United Republic of Tanzania,AFRO,0,43298,0,846,42452
2024-11-17,TZ,United Republic of Tanzania,AFRO,0,43298,0,846,42452
2020-01-05,US,United States of America,AMRO,0,0,0,0,0
2020-01-12,US,United States of America,AMRO,0,0,0,0,0
2020-01-19,US,United States of America,AMRO,0,0,0,0,0
2020-01-26,US,United States of America,AMRO,7,7,0,0,7
2020-02-02,US,United States of America,AMRO,2,9,0,0,9
2020-02-09,US,United States of America,AMRO,11,20,0,0,20
2020-02-16,US,United States of America,AMRO,4,24,0,0,24
2020-02-23,US,United States of America,AMRO,16,40,0,0,40
2020-03-01,US,United States of America,AMRO,33,73,1,1,72
2020-03-08,US,United States of America,AMRO,391,464,18,19,445
2020-03-15,US,United States of America,AMRO,3465,3929,50,69,3860
2020-03-22,US,United States of America,AMRO,27486,31415,305,374,31041
2020-03-29,US,United States of America,AMRO,94894,126309,1732,2106,124203
2020-04-05,US,United States of America,AMRO,176151,302460,6642,8748,293712
2020-04-12,US,United States of America,AMRO,219172,521632,13889,22637,498995
2020-04-19,US,United States of America,AMRO,196150,717782,15898,38535,679247
2020-04-26,US,United States of America,AMRO,205165,922947,14899,53434,869513
2020-05-03,US,United States of America,AMRO,198436,1121383,13635,67069,1054314
2020-05-10,US,United States of America,AMRO,182246,1303629,12758,79827,1223802
2020-05-17,US,United States of America,AMRO,169032,1472661,10130,89957,1382704
2020-05-24,US,United States of America,AMRO,166325,1638986,8558,98515,1540471
2020-05-31,US,United States of America,AMRO,146436,1785422,6810,105325,1680097
2020-06-07,US,United States of America,AMRO,149780,1935202,5987,111312,1823890
2020-06-14,US,United States of America,AMRO,151876,2087078,5370,116682,1970396
2020-06-21,US,United States of America,AMRO,180021,2267099,4455,121137,2145962
2020-06-28,US,United States of America,AMRO,258278,2525377,6081,127218,2398159
2020-07-05,US,United States of America,AMRO,342166,2867543,4451,131669,2735874
2020-07-12,US,United States of America,AMRO,392205,3259748,5529,137198,3122550
2020-07-19,US,United States of America,AMRO,466267,3726015,6666,143864,3582151
2020-07-26,US,United States of America,AMRO,467901,4193916,7726,151590,4042326
2020-08-02,US,United States of America,AMRO,431250,4625166,8146,159736,4465430
2020-08-09,US,United States of America,AMRO,375909,5001075,7799,167535,4833540
2020-08-16,US,United States of America,AMRO,362662,5363737,7404,174939,5188798
2020-08-23,US,United States of America,AMRO,315788,5679525,6677,181616,5497909
2020-08-30,US,United States of America,AMRO,294946,5974471,6343,187959,5786512
2020-09-06,US,United States of America,AMRO,295253,6269724,5705,193664,6076060
2020-09-13,US,United States of America,AMRO,245621,6515345,4977,198641,6316704
2020-09-20,US,United States of America,AMRO,280977,6796322,5176,203817,6592505
2020-09-27,US,United States of America,AMRO,304774,7101096,4776,208593,6892503
2020-10-04,US,United States of America,AMRO,298348,7399444,4687,213280,7186164
2020-10-11,US,United States of America,AMRO,334249,7733693,4615,217895,7515798
2020-10-18,US,United States of America,AMRO,387634,8121327,4801,222696,7898631
2020-10-25,US,United States of America,AMRO,449438,8570765,5723,228419,8342346
2020-11-01,US,United States of America,AMRO,559394,9130159,6096,234515,8895644
2020-11-08,US,United States of America,AMRO,790094,9920253,7204,241719,9678534
2020-11-15,US,United States of America,AMRO,1004845,10925098,8717,250436,10674662
2020-11-22,US,United States of America,AMRO,1175483,12100581,10820,261256,11839325
2020-11-29,US,United States of America,AMRO,1162401,13262982,11950,273206,12989776
2020-12-06,US,United States of America,AMRO,1280932,14543914,14801,288007,14255907
2020-12-13,US,United States of America,AMRO,1468482,16012396,17714,305721,15706675
2020-12-20,US,United States of America,AMRO,1517928,17530324,18866,324587,17205737
2020-12-27,US,United States of America,AMRO,1360122,18890446,18333,342920,18547526
2021-01-03,US,United States of America,AMRO,1380995,20271441,19650,362570,19908871
2021-01-10,US,United States of America,AMRO,1667151,21938592,21497,384067,21554525
2021-01-17,US,United States of America,AMRO,1589955,23528547,23312,407379,23121168
2021-01-24,US,United States of America,AMRO,1265861,24794408,22495,429874,24364534
2021-01-31,US,United States of America,AMRO,1068625,25863033,22249,452123,25410910
2021-02-07,US,United States of America,AMRO,857250,26720283,20100,472223,26248060
2021-02-14,US,United States of America,AMRO,670572,27390855,19838,492061,26898794
2021-02-21,US,United States of America,AMRO,473485,27864340,14432,506493,27357847
2021-02-28,US,United States of America,AMRO,465751,28330091,13360,519853,27810238
2021-03-07,US,United States of America,AMRO,420739,28750830,10446,530299,28220531
2021-03-14,US,United States of America,AMRO,384000,29134830,8559,538858,28595972
2021-03-21,US,United States of America,AMRO,379551,29514381,6264,545122,28969259
2021-03-28,US,United States of America,AMRO,417818,29932199,6111,551233,29380966
2021-04-04,US,United States of America,AMRO,449960,30382159,5352,556585,29825574
2021-04-11,US,United States of America,AMRO,455950,30838109,4903,561488,30276621
2021-04-18,US,United States of America,AMRO,467217,31305326,4875,566363,30738963
2021-04-25,US,United States of America,AMRO,406095,31711421,4721,571084,31140337
2021-05-02,US,United States of America,AMRO,338407,32049828,4493,575577,31474251
2021-05-09,US,United States of America,AMRO,292324,32342152,4451,580028,31762124
2021-05-16,US,United States of America,AMRO,233350,32575502,3973,584001,31991501
2021-05-23,US,United States of America,AMRO,181609,32757111,3624,587625,32169486
2021-05-30,US,United States of America,AMRO,147811,32904922,3534,591159,32313763
2021-06-06,US,United States of America,AMRO,99112,33004034,2675,593834,32410200
2021-06-13,US,United States of America,AMRO,99565,33103599,2624,596458,32507141
2021-06-20,US,United States of America,AMRO,80627,33184226,1762,598220,32586006
2021-06-27,US,United States of America,AMRO,87637,33271863,2101,600321,32671542
2021-07-04,US,United States of America,AMRO,97037,33368900,1717,602038,32766862
2021-07-11,US,United States of America,AMRO,286510,33655410,1509,603547,33051863
2021-07-18,US,United States of America,AMRO,222579,33877989,1931,605478,33272511
2021-07-25,US,United States of America,AMRO,359027,34237016,2084,607562,33629454
2021-08-01,US,United States of America,AMRO,547086,34784102,2927,610489,34173613
2021-08-08,US,United States of America,AMRO,743056,35527158,4453,614942,34912216
2021-08-15,US,United States of America,AMRO,886464,36413622,5637,620579,35793043
2021-08-22,US,United States of America,AMRO,1019966,37433588,8055,628634,36804954
2021-08-29,US,United States of America,AMRO,1094890,38528478,10183,638817,37889661
2021-09-05,US,United States of America,AMRO,1144251,39672729,11709,650526,39022203
2021-09-12,US,United States of America,AMRO,1022570,40695299,12085,662611,40032688
2021-09-19,US,United States of America,AMRO,1037454,41732753,13590,676201,41056552
2021-09-26,US,United States of America,AMRO,852294,42585047,13384,689585,41895462
2021-10-03,US,United States of America,AMRO,755688,43340735,12992,702577,42638158
2021-10-10,US,United States of America,AMRO,681984,44022719,11684,714261,43308458
2021-10-17,US,United States of America,AMRO,582237,44604956,10462,724723,43880233
2021-10-24,US,United States of America,AMRO,508543,45113499,11091,735814,44377685
2021-10-31,US,United States of America,AMRO,526186,45639685,8915,744729,44894956
2021-11-07,US,United States of America,AMRO,510211,46149896,7407,752136,45397760
2021-11-14,US,United States of America,AMRO,557180,46707076,7529,759665,45947411
2021-11-21,US,United States of America,AMRO,676876,47383952,10276,769941,46614011
2021-11-28,US,United States of America,AMRO,592394,47976346,5690,775631,47200715
2021-12-05,US,United States of America,AMRO,751017,48727363,8304,783935,47943428
2021-12-12,US,United States of America,AMRO,834969,49562332,8586,792521,48769811
2021-12-19,US,United States of America,AMRO,899109,50461441,9065,801586,49659855
2021-12-26,US,United States of America,AMRO,1417419,51878860,11001,812587,51066273
2022-01-02,US,United States of America,AMRO,2712038,54590898,9146,821733,53769165
2022-01-09,US,United States of America,AMRO,4682897,59273795,11716,833449,58440346
2022-01-16,US,United States of America,AMRO,5650933,64924728,14380,847829,64076899
2022-01-23,US,United States of America,AMRO,5042888,69967616,16308,864137,69103479
2022-01-30,US,United States of America,AMRO,3789262,73756878,18403,882540,72874338
2022-02-06,US,United States of America,AMRO,2188710,75945588,18654,901194,75044394
2022-02-13,US,United States of America,AMRO,1222112,77167700,17550,918744,76248956
2022-02-20,US,United States of America,AMRO,708156,77875856,15372,934116,76941740
2022-02-27,US,United States of America,AMRO,458272,78334128,13046,947162,77386966
2022-03-06,US,United States of America,AMRO,332509,78666637,9678,956840,77709797
2022-03-13,US,United States of America,AMRO,234332,78900969,8606,965446,77935523
2022-03-20,US,United States of America,AMRO,208740,79109709,3245,968691,78141018
2022-03-27,US,United States of America,AMRO,193469,79303178,4991,973682,78329496
2022-04-03,US,United States of America,AMRO,194464,79497642,4172,977854,78519788
2022-04-10,US,United States of America,AMRO,201192,79698834,3467,981321,78717513
2022-04-17,US,United States of America,AMRO,247939,79946773,3123,984444,78962329
2022-04-24,US,United States of America,AMRO,300721,80247494,2443,986887,79260607
2022-05-01,US,United States of America,AMRO,378549,80626043,2242,989129,79636914
2022-05-08,US,United States of America,AMRO,465658,81091701,2641,991770,80099931
2022-05-15,US,United States of America,AMRO,604955,81696656,1966,993736,80702920
2022-05-22,US,United States of America,AMRO,734495,82431151,2081,995817,81435334
2022-05-29,US,United States of America,AMRO,740720,83171871,2629,998446,82173425
2022-06-05,US,United States of America,AMRO,675627,83847498,1979,1000425,82847073
2022-06-12,US,United States of America,AMRO,741044,84588542,2284,1002709,83585833
2022-06-19,US,United States of America,AMRO,672256,85260798,2202,1004911,84255887
2022-06-26,US,United States of America,AMRO,709637,85970435,2501,1007412,84963023
2022-07-03,US,United States of America,AMRO,773772,86744207,2642,1010054,85734153
2022-07-10,US,United States of America,AMRO,743769,87487976,2454,1012508,86475468
2022-07-17,US,United States of America,AMRO,888229,88376205,2785,1015293,87360912
2022-07-24,US,United States of America,AMRO,908695,89284900,3187,1018480,88266420
2022-07-31,US,United States of America,AMRO,947983,90232883,3113,1021593,89211290
2022-08-07,US,United States of America,AMRO,788051,91020934,3261,1024854,89996080
2022-08-14,US,United States of America,AMRO,701618,91722552,3442,1028296,90694256
2022-08-21,US,United States of America,AMRO,644925,92367477,3231,1031527,91335950
2022-08-28,US,United States of America,AMRO,610329,92977806,3221,1034748,91943058
2022-09-04,US,United States of America,AMRO,580363,93558169,3090,1037838,92520331
2022-09-11,US,United States of America,AMRO,449509,94007678,2625,1040463,92967215
2022-09-18,US,United States of America,AMRO,406901,94414579,2899,1043362,93371217
2022-09-25,US,United States of America,AMRO,368725,94783304,2705,1046067,93737237
2022-10-02,US,United States of America,AMRO,321234,95104538,2982,1049049,94055489
2022-10-09,US,United States of America,AMRO,280584,95385122,2560,1051609,94333513
2022-10-16,US,United States of America,AMRO,251280,95636402,2274,1053883,94582519
2022-10-23,US,United States of America,AMRO,283734,95920136,2955,1056838,94863298
2022-10-30,US,United States of America,AMRO,255156,96175292,3081,1059919,95115373
2022-11-06,US,United States of America,AMRO,267304,96442596,2463,1062382,95380214
2022-11-13,US,United States of America,AMRO,282897,96725493,2290,1064672,95660821
2022-11-20,US,United States of America,AMRO,274984,97000477,2202,1066874,95933603
2022-11-27,US,United States of America,AMRO,300171,97300648,2619,1069493,96231155
2022-12-04,US,United States of America,AMRO,302599,97603247,1763,1071256,96531991
2022-12-11,US,United States of America,AMRO,462223,98065470,3035,1074291,96991179
2022-12-18,US,United States of America,AMRO,446014,98511484,2652,1076943,97434541
2022-12-25,US,United States of America,AMRO,508009,99019493,3033,1079976,97939517
2023-01-01,US,United States of America,AMRO,392203,99411696,2480,1082456,98329240
2023-01-08,US,United States of America,AMRO,471714,99883410,2764,1085220,98798190
2023-01-15,US,United States of America,AMRO,448092,100331502,4407,1089627,99241875
2023-01-22,US,United States of America,AMRO,308025,100639527,3664,1093291,99546236
2023-01-29,US,United States of America,AMRO,294867,100934394,3743,1097034,99837360
2023-02-05,US,United States of America,AMRO,285402,101219796,3452,1100486,100119310
2023-02-12,US,United States of America,AMRO,278228,101498024,3440,1103926,100394098
2023-02-19,US,United States of America,AMRO,254372,101752396,2857,1106783,100645613
2023-02-26,US,United States of America,AMRO,267168,102019564,2362,1109145,100910419
2023-03-05,US,United States of America,AMRO,227828,102247392,2197,1111342,101136050
2023-03-12,US,United States of America,AMRO,170593,102417985,1887,1113229,101304756
2023-03-19,US,United States of America,AMRO,126613,102544598,1741,1114970,101429628
2023-03-26,US,United States of America,AMRO,152968,102697566,2084,1117054,101580512
2023-04-02,US,United States of America,AMRO,176358,102873924,1746,1118800,101755124
2023-04-09,US,United States of America,AMRO,103472,102977396,1729,1120529,101856867
2023-04-16,US,United States of America,AMRO,104057,103081453,1290,1121819,101959634
2023-04-23,US,United States of America,AMRO,98467,103179920,1198,1123017,102056903
2023-04-30,US,United States of America,AMRO,86484,103266404,1046,1124063,102142341
2023-05-07,US,United States of America,AMRO,77165,103343569,1146,1125209,102218360
2023-05-14,US,United States of America,AMRO,93260,103436829,1943,1127152,102309677
2023-05-21,US,United States of America,AMRO,0,103436829,760,1127912,102308917
2023-05-28,US,United States of America,AMRO,0,103436829,743,1128655,102308174
2023-06-04,US,United States of America,AMRO,0,103436829,697,1129352,102307477
2023-06-11,US,United States of America,AMRO,0,103436829,633,1129985,102306844
2023-06-18,US,United States of America,AMRO,0,103436829,613,1130598,102306231
2023-06-25,US,United States of America,AMRO,0,103436829,584,1131182,102305647
2023-07-02,US,United States of America,AMRO,0,103436829,543,1131725,102305104
2023-07-09,US,United States of America,AMRO,0,103436829,493,1132218,102304611
2023-07-16,US,United States of America,AMRO,0,103436829,510,1132728,102304101
2023-07-23,US,United States of America,AMRO,0,103436829,540,1133268,102303561
2023-07-30,US,United States of America,AMRO,0,103436829,554,1133822,102303007
2023-08-06,US,United States of America,AMRO,0,103436829,673,1134495,102302334
2023-08-13,US,United States of America,AMRO,0,103436829,754,1135249,102301580
2023-08-20,US,United States of America,AMRO,0,103436829,925,1136174,102300655
2023-08-27,US,United States of America,AMRO,0,103436829,1068,1137242,102299587
2023-09-03,US,United States of America,AMRO,0,103436829,1188,1138430,102298399
2023-09-10,US,United States of America,AMRO,0,103436829,1317,1139747,102297082
2023-09-17,US,United States of America,AMRO,0,103436829,1411,1141158,102295671
2023-09-24,US,United States of America,AMRO,0,103436829,1418,1142576,102294253
2023-10-01,US,United States of America,AMRO,0,103436829,1459,1144035,102292794
2023-10-08,US,United States of America,AMRO,0,103436829,1402,1145437,102291392
2023-10-15,US,United States of America,AMRO,0,103436829,1317,1146754,102290075
2023-10-22,US,United States of America,AMRO,0,103436829,1392,1148146,102288683
2023-10-29,US,United States of America,AMRO,0,103436829,1292,1149438,102287391
2023-11-05,US,United States of America,AMRO,0,103436829,1247,1150685,102286144
2023-11-12,US,United States of America,AMRO,0,103436829,1394,1152079,102284750
2023-11-19,US,United States of America,AMRO,0,103436829,1431,1153510,102283319
2023-11-26,US,United States of America,AMRO,0,103436829,1428,1154938,102281891
2023-12-03,US,United States of America,AMRO,0,103436829,1733,1156671,102280158
2023-12-10,US,United States of America,AMRO,0,103436829,1794,1158465,102278364
2023-12-17,US,United States of America,AMRO,0,103436829,1851,1160316,102276513
2023-12-24,US,United States of America,AMRO,0,103436829,1937,1162253,102274576
2023-12-31,US,United States of America,AMRO,0,103436829,2233,1164486,102272343
2024-01-07,US,United States of America,AMRO,0,103436829,2499,1166985,102269844
2024-01-14,US,United States of America,AMRO,0,103436829,2588,1169573,102267256
2024-01-21,US,United States of America,AMRO,0,103436829,2365,1171938,102264891
2024-01-28,US,United States of America,AMRO,0,103436829,2138,1174076,102262753
2024-02-04,US,United States of America,AMRO,0,103436829,1747,1175823,102261006
2024-02-11,US,United States of America,AMRO,0,103436829,1625,1177448,102259381
2024-02-18,US,United States of America,AMRO,0,103436829,1393,1178841,102257988
2024-02-25,US,United States of America,AMRO,0,103436829,1327,1180168,102256661
2024-03-03,US,United States of America,AMRO,0,103436829,1272,1181440,102255389
2024-03-10,US,United States of America,AMRO,0,103436829,1103,1182543,102254286
2024-03-17,US,United States of America,AMRO,0,103436829,1045,1183588,102253241
2024-03-24,US,United States of America,AMRO,0,103436829,849,1184437,102252392
2024-03-31,US,United States of America,AMRO,0,103436829,741,1185178,102251651
2024-04-07,US,United States of America,AMRO,0,103436829,633,1185811,102251018
2024-04-14,US,United States of America,AMRO,0,103436829,571,1186382,102250447
2024-04-21,US,United States of America,AMRO,0,103436829,500,1186882,102249947
2024-04-28,US,United States of America,AMRO,0,103436829,428,1187310,102249519
2024-05-05,US,United States of America,AMRO,0,103436829,426,1187736,102249093
2024-05-12,US,United States of America,AMRO,0,103436829,335,1188071,102248758
2024-05-19,US,United States of America,AMRO,0,103436829,338,1188409,102248420
2024-05-26,US,United States of America,AMRO,0,103436829,343,1188752,102248077
2024-06-02,US,United States of America,AMRO,0,103436829,326,1189078,102247751
2024-06-09,US,United States of America,AMRO,0,103436829,313,1189391,102247438
2024-06-16,US,United States of America,AMRO,0,103436829,367,1189758,102247071
2024-06-23,US,United States of America,AMRO,0,103436829,433,1190191,102246638
2024-06-30,US,United States of America,AMRO,0,103436829,442,1190633,102246196
2024-07-07,US,United States of America,AMRO,0,103436829,522,1191155,102245674
2024-07-14,US,United States of America,AMRO,0,103436829,580,1191735,102245094
2024-07-21,US,United States of America,AMRO,0,103436829,717,1192452,102244377
2024-07-28,US,United States of America,AMRO,0,103436829,853,1193305,102243524
2024-08-04,US,United States of America,AMRO,0,103436829,980,1194285,102242544
2024-08-11,US,United States of America,AMRO,0,103436829,1056,1195341,102241488
2024-08-18,US,United States of America,AMRO,0,103436829,1073,1196414,102240415
2024-08-25,US,United States of America,AMRO,0,103436829,1237,1197651,102239178
2024-09-01,US,United States of America,AMRO,0,103436829,1341,1198992,102237837
2024-09-08,US,United States of America,AMRO,0,103436829,1210,1200202,102236627
2024-09-15,US,United States of America,AMRO,0,103436829,1224,1201426,102235403
2024-09-22,US,United States of America,AMRO,0,103436829,1084,1202510,102234319
2024-09-29,US,United States of America,AMRO,0,103436829,1014,1203524,102233305
2024-10-06,US,United States of America,AMRO,0,103436829,956,1204480,102232349
2024-10-13,US,United States of America,AMRO,0,103436829,793,1205273,102231556
2024-10-20,US,United States of America,AMRO,0,103436829,707,1205980,102230849
2024-10-27,US,United States of America,AMRO,0,103436829,614,1206594,102230235
2024-11-03,US,United States of America,AMRO,0,103436829,561,1207155,102229674
2024-11-10,US,United States of America,AMRO,0,103436829,485,1207640,102229189
2024-11-17,US,United States of America,AMRO,0,103436829,373,1208013,102228816
2020-01-05,VI,United States Virgin Islands,AMRO,0,0,0,0,0
2020-01-12,VI,United States Virgin Islands,AMRO,0,0,0,0,0
2020-01-19,VI,United States Virgin Islands,AMRO,0,0,0,0,0
2020-01-26,VI,United States Virgin Islands,AMRO,0,0,0,0,0
2020-02-02,VI,United States Virgin Islands,AMRO,0,0,0,0,0
2020-02-09,VI,United States Virgin Islands,AMRO,0,0,0,0,0
2020-02-16,VI,United States Virgin Islands,AMRO,0,0,0,0,0
2020-02-23,VI,United States Virgin Islands,AMRO,0,0,0,0,0
2020-03-01,VI,United States Virgin Islands,AMRO,0,0,0,0,0
2020-03-08,VI,United States Virgin Islands,AMRO,0,0,0,0,0
2020-03-15,VI,United States Virgin Islands,AMRO,0,0,0,0,0
2020-03-22,VI,United States Virgin Islands,AMRO,6,6,0,0,6
2020-03-29,VI,United States Virgin Islands,AMRO,11,17,0,0,17
2020-04-05,VI,United States Virgin Islands,AMRO,23,40,0,0,40
2020-04-12,VI,United States Virgin Islands,AMRO,11,51,1,1,50
2020-04-19,VI,United States Virgin Islands,AMRO,2,53,2,3,50
2020-04-26,VI,United States Virgin Islands,AMRO,2,55,0,3,52
2020-05-03,VI,United States Virgin Islands,AMRO,11,66,1,4,62
2020-05-10,VI,United States Virgin Islands,AMRO,2,68,0,4,64
2020-05-17,VI,United States Virgin Islands,AMRO,1,69,2,6,63
2020-05-24,VI,United States Virgin Islands,AMRO,0,69,0,6,63
2020-05-31,VI,United States Virgin Islands,AMRO,0,69,0,6,63
2020-06-07,VI,United States Virgin Islands,AMRO,2,71,0,6,65
2020-06-14,VI,United States Virgin Islands,AMRO,1,72,0,6,66
2020-06-21,VI,United States Virgin Islands,AMRO,2,74,0,6,68
2020-06-28,VI,United States Virgin Islands,AMRO,7,81,0,6,75
2020-07-05,VI,United States Virgin Islands,AMRO,30,111,0,6,105
2020-07-12,VI,United States Virgin Islands,AMRO,56,167,0,6,161
2020-07-19,VI,United States Virgin Islands,AMRO,116,283,0,6,277
2020-07-26,VI,United States Virgin Islands,AMRO,69,352,1,7,345
2020-08-02,VI,United States Virgin Islands,AMRO,69,421,1,8,413
2020-08-09,VI,United States Virgin Islands,AMRO,107,528,1,9,519
2020-08-16,VI,United States Virgin Islands,AMRO,206,734,0,9,725
2020-08-23,VI,United States Virgin Islands,AMRO,198,932,1,10,922
2020-08-30,VI,United States Virgin Islands,AMRO,186,1118,4,14,1104
2020-09-06,VI,United States Virgin Islands,AMRO,49,1167,2,16,1151
2020-09-13,VI,United States Virgin Islands,AMRO,44,1211,3,19,1192
2020-09-20,VI,United States Virgin Islands,AMRO,31,1242,0,19,1223
2020-09-27,VI,United States Virgin Islands,AMRO,54,1296,0,19,1277
2020-10-04,VI,United States Virgin Islands,AMRO,30,1326,1,20,1306
2020-10-11,VI,United States Virgin Islands,AMRO,0,1324,0,20,1304
2020-10-18,VI,United States Virgin Islands,AMRO,5,1329,1,21,1308
2020-10-25,VI,United States Virgin Islands,AMRO,17,1346,0,21,1325
2020-11-01,VI,United States Virgin Islands,AMRO,30,1376,0,21,1355
2020-11-08,VI,United States Virgin Islands,AMRO,14,1390,2,23,1367
2020-11-15,VI,United States Virgin Islands,AMRO,44,1434,0,23,1411
2020-11-22,VI,United States Virgin Islands,AMRO,57,1491,0,23,1468
2020-11-29,VI,United States Virgin Islands,AMRO,47,1538,0,23,1515
2020-12-06,VI,United States Virgin Islands,AMRO,95,1633,0,23,1610
2020-12-13,VI,United States Virgin Islands,AMRO,158,1791,0,23,1768
2020-12-20,VI,United States Virgin Islands,AMRO,119,1910,0,23,1887
2020-12-27,VI,United States Virgin Islands,AMRO,69,1979,0,23,1956
2021-01-03,VI,United States Virgin Islands,AMRO,57,2036,0,23,2013
2021-01-10,VI,United States Virgin Islands,AMRO,107,2143,1,24,2119
2021-01-17,VI,United States Virgin Islands,AMRO,109,2252,0,24,2228
2021-01-24,VI,United States Virgin Islands,AMRO,83,2335,0,24,2311
2021-01-31,VI,United States Virgin Islands,AMRO,63,2398,0,24,2374
2021-02-07,VI,United States Virgin Islands,AMRO,51,2449,0,24,2425
2021-02-14,VI,United States Virgin Islands,AMRO,75,2524,1,25,2499
2021-02-21,VI,United States Virgin Islands,AMRO,51,2575,0,25,2550
2021-02-28,VI,United States Virgin Islands,AMRO,71,2646,0,25,2621
2021-03-07,VI,United States Virgin Islands,AMRO,68,2714,0,25,2689
2021-03-14,VI,United States Virgin Islands,AMRO,53,2767,0,25,2742
2021-03-21,VI,United States Virgin Islands,AMRO,47,2814,0,25,2789
2021-03-28,VI,United States Virgin Islands,AMRO,87,2901,1,26,2875
2021-04-04,VI,United States Virgin Islands,AMRO,30,2931,0,26,2905
2021-04-11,VI,United States Virgin Islands,AMRO,40,2971,0,26,2945
2021-04-18,VI,United States Virgin Islands,AMRO,68,3039,1,27,3012
2021-04-25,VI,United States Virgin Islands,AMRO,41,3080,0,27,3053
2021-05-02,VI,United States Virgin Islands,AMRO,45,3125,0,27,3098
2021-05-09,VI,United States Virgin Islands,AMRO,85,3210,0,27,3183
2021-05-16,VI,United States Virgin Islands,AMRO,57,3267,0,27,3240
2021-05-23,VI,United States Virgin Islands,AMRO,79,3346,0,27,3319
2021-05-30,VI,United States Virgin Islands,AMRO,119,3465,0,27,3438
2021-06-06,VI,United States Virgin Islands,AMRO,95,3560,1,28,3532
2021-06-13,VI,United States Virgin Islands,AMRO,130,3690,0,28,3662
2021-06-20,VI,United States Virgin Islands,AMRO,78,3768,2,30,3738
2021-06-27,VI,United States Virgin Islands,AMRO,71,3839,0,30,3809
2021-07-04,VI,United States Virgin Islands,AMRO,63,3902,0,30,3872
2021-07-11,VI,United States Virgin Islands,AMRO,103,4005,2,32,3973
2021-07-18,VI,United States Virgin Islands,AMRO,155,4160,0,32,4128
2021-07-25,VI,United States Virgin Islands,AMRO,176,4336,3,35,4301
2021-08-01,VI,United States Virgin Islands,AMRO,293,4629,2,37,4592
2021-08-08,VI,United States Virgin Islands,AMRO,278,4907,3,40,4867
2021-08-15,VI,United States Virgin Islands,AMRO,335,5242,1,41,5201
2021-08-22,VI,United States Virgin Islands,AMRO,352,5594,4,45,5549
2021-08-29,VI,United States Virgin Islands,AMRO,180,5774,8,53,5721
2021-09-05,VI,United States Virgin Islands,AMRO,199,5973,7,60,5913
2021-09-12,VI,United States Virgin Islands,AMRO,241,6214,4,64,6150
2021-09-19,VI,United States Virgin Islands,AMRO,225,6439,3,67,6372
2021-09-26,VI,United States Virgin Islands,AMRO,192,6631,2,69,6562
2021-10-03,VI,United States Virgin Islands,AMRO,155,6786,2,71,6715
2021-10-10,VI,United States Virgin Islands,AMRO,164,6950,2,73,6877
2021-10-17,VI,United States Virgin Islands,AMRO,95,7045,5,78,6967
2021-10-24,VI,United States Virgin Islands,AMRO,81,7126,0,78,7048
2021-10-31,VI,United States Virgin Islands,AMRO,78,7204,3,81,7123
2021-11-07,VI,United States Virgin Islands,AMRO,71,7275,2,83,7192
2021-11-14,VI,United States Virgin Islands,AMRO,69,7344,1,84,7260
2021-11-21,VI,United States Virgin Islands,AMRO,95,7439,1,85,7354
2021-11-28,VI,United States Virgin Islands,AMRO,51,7490,0,85,7405
2021-12-05,VI,United States Virgin Islands,AMRO,40,7530,2,87,7443
2021-12-12,VI,United States Virgin Islands,AMRO,68,7598,0,87,7511
2021-12-19,VI,United States Virgin Islands,AMRO,42,7640,1,88,7552
2021-12-26,VI,United States Virgin Islands,AMRO,367,8007,0,88,7919
2022-01-02,VI,United States Virgin Islands,AMRO,2099,10106,1,89,10017
2022-01-09,VI,United States Virgin Islands,AMRO,2032,12138,0,89,12049
2022-01-16,VI,United States Virgin Islands,AMRO,1383,13521,2,91,13430
2022-01-23,VI,United States Virgin Islands,AMRO,780,14301,4,95,14206
2022-01-30,VI,United States Virgin Islands,AMRO,545,14846,4,99,14747
2022-02-06,VI,United States Virgin Islands,AMRO,142,14988,3,102,14886
2022-02-13,VI,United States Virgin Islands,AMRO,183,15171,3,105,15066
2022-02-20,VI,United States Virgin Islands,AMRO,112,15283,3,108,15175
2022-02-27,VI,United States Virgin Islands,AMRO,112,15395,1,109,15286
2022-03-06,VI,United States Virgin Islands,AMRO,31,15426,0,109,15317
2022-03-13,VI,United States Virgin Islands,AMRO,130,15556,0,109,15447
2022-03-20,VI,United States Virgin Islands,AMRO,22,15578,1,110,15468
2022-03-27,VI,United States Virgin Islands,AMRO,33,15611,0,110,15501
2022-04-03,VI,United States Virgin Islands,AMRO,45,15656,1,111,15545
2022-04-10,VI,United States Virgin Islands,AMRO,108,15764,0,111,15653
2022-04-17,VI,United States Virgin Islands,AMRO,118,15882,0,111,15771
2022-04-24,VI,United States Virgin Islands,AMRO,209,16091,0,111,15980
2022-05-01,VI,United States Virgin Islands,AMRO,258,16349,0,111,16238
2022-05-08,VI,United States Virgin Islands,AMRO,818,17167,2,113,17054
2022-05-15,VI,United States Virgin Islands,AMRO,870,18037,0,113,17924
2022-05-22,VI,United States Virgin Islands,AMRO,817,18854,0,113,18741
2022-05-29,VI,United States Virgin Islands,AMRO,678,19532,0,113,19419
2022-06-05,VI,United States Virgin Islands,AMRO,551,20083,0,113,19970
2022-06-12,VI,United States Virgin Islands,AMRO,328,20411,2,115,20296
2022-06-19,VI,United States Virgin Islands,AMRO,195,20606,2,117,20489
2022-06-26,VI,United States Virgin Islands,AMRO,183,20789,1,118,20671
2022-07-03,VI,United States Virgin Islands,AMRO,171,20960,0,118,20842
2022-07-10,VI,United States Virgin Islands,AMRO,143,21103,1,119,20984
2022-07-17,VI,United States Virgin Islands,AMRO,223,21326,1,120,21206
2022-07-24,VI,United States Virgin Islands,AMRO,243,21569,0,120,21449
2022-07-31,VI,United States Virgin Islands,AMRO,206,21775,0,120,21655
2022-08-07,VI,United States Virgin Islands,AMRO,182,21957,1,121,21836
2022-08-14,VI,United States Virgin Islands,AMRO,178,22135,1,122,22013
2022-08-21,VI,United States Virgin Islands,AMRO,165,22300,0,122,22178
2022-08-28,VI,United States Virgin Islands,AMRO,181,22481,0,122,22359
2022-09-04,VI,United States Virgin Islands,AMRO,290,22771,0,122,22649
2022-09-11,VI,United States Virgin Islands,AMRO,140,22911,0,122,22789
2022-09-18,VI,United States Virgin Islands,AMRO,120,23031,1,123,22908
2022-09-25,VI,United States Virgin Islands,AMRO,89,23120,0,123,22997
2022-10-02,VI,United States Virgin Islands,AMRO,34,23154,0,123,23031
2022-10-09,VI,United States Virgin Islands,AMRO,53,23207,0,123,23084
2022-10-16,VI,United States Virgin Islands,AMRO,33,23240,0,123,23117
2022-10-23,VI,United States Virgin Islands,AMRO,43,23283,0,123,23160
2022-10-30,VI,United States Virgin Islands,AMRO,50,23333,1,124,23209
2022-11-06,VI,United States Virgin Islands,AMRO,69,23402,0,124,23278
2022-11-13,VI,United States Virgin Islands,AMRO,43,23445,0,124,23321
2022-11-20,VI,United States Virgin Islands,AMRO,24,23469,0,124,23345
2022-11-27,VI,United States Virgin Islands,AMRO,26,23495,0,124,23371
2022-12-04,VI,United States Virgin Islands,AMRO,50,23545,1,125,23420
2022-12-11,VI,United States Virgin Islands,AMRO,88,23633,1,126,23507
2022-12-18,VI,United States Virgin Islands,AMRO,46,23679,0,126,23553
2022-12-25,VI,United States Virgin Islands,AMRO,55,23734,1,127,23607
2023-01-01,VI,United States Virgin Islands,AMRO,47,23781,0,127,23654
2023-01-08,VI,United States Virgin Islands,AMRO,50,23831,0,127,23704
2023-01-15,VI,United States Virgin Islands,AMRO,201,24032,1,128,23904
2023-01-22,VI,United States Virgin Islands,AMRO,237,24269,1,129,24140
2023-01-29,VI,United States Virgin Islands,AMRO,206,24475,0,129,24346
2023-02-05,VI,United States Virgin Islands,AMRO,109,24584,0,129,24455
2023-02-12,VI,United States Virgin Islands,AMRO,88,24672,0,129,24543
2023-02-19,VI,United States Virgin Islands,AMRO,33,24705,1,130,24575
2023-02-26,VI,United States Virgin Islands,AMRO,51,24756,0,130,24626
2023-03-05,VI,United States Virgin Islands,AMRO,24,24780,0,130,24650
2023-03-12,VI,United States Virgin Islands,AMRO,33,24813,0,130,24683
2023-03-19,VI,United States Virgin Islands,AMRO,18,24831,0,130,24701
2023-03-26,VI,United States Virgin Islands,AMRO,7,24838,0,130,24708
2023-04-02,VI,United States Virgin Islands,AMRO,25,24863,0,130,24733
2023-04-09,VI,United States Virgin Islands,AMRO,23,24886,0,130,24756
2023-04-16,VI,United States Virgin Islands,AMRO,12,24898,0,130,24768
2023-04-23,VI,United States Virgin Islands,AMRO,9,24907,0,130,24777
2023-04-30,VI,United States Virgin Islands,AMRO,12,24919,0,130,24789
2023-05-07,VI,United States Virgin Islands,AMRO,17,24936,1,131,24805
2023-05-14,VI,United States Virgin Islands,AMRO,58,24994,0,131,24863
2023-05-21,VI,United States Virgin Islands,AMRO,52,25046,0,131,24915
2023-05-28,VI,United States Virgin Islands,AMRO,40,25086,0,131,24955
2023-06-04,VI,United States Virgin Islands,AMRO,36,25122,0,131,24991
2023-06-11,VI,United States Virgin Islands,AMRO,60,25182,0,131,25051
2023-06-18,VI,United States Virgin Islands,AMRO,29,25211,0,131,25080
2023-06-25,VI,United States Virgin Islands,AMRO,34,25245,0,131,25114
2023-07-02,VI,United States Virgin Islands,AMRO,25,25270,1,132,25138
2023-07-09,VI,United States Virgin Islands,AMRO,23,25293,0,132,25161
2023-07-16,VI,United States Virgin Islands,AMRO,5,25298,0,132,25166
2023-07-23,VI,United States Virgin Islands,AMRO,27,25325,0,132,25193
2023-07-30,VI,United States Virgin Islands,AMRO,64,25389,0,132,25257
2023-08-06,VI,United States Virgin Islands,AMRO,0,25389,0,132,25257
2023-08-13,VI,United States Virgin Islands,AMRO,0,25389,0,132,25257
2023-08-20,VI,United States Virgin Islands,AMRO,0,25389,0,132,25257
2023-08-27,VI,United States Virgin Islands,AMRO,0,25389,0,132,25257
2023-09-03,VI,United States Virgin Islands,AMRO,0,25389,0,132,25257
2023-09-10,VI,United States Virgin Islands,AMRO,0,25389,0,132,25257
2023-09-17,VI,United States Virgin Islands,AMRO,0,25389,0,132,25257
2023-09-24,VI,United States Virgin Islands,AMRO,0,25389,0,132,25257
2023-10-01,VI,United States Virgin Islands,AMRO,0,25389,0,132,25257
2023-10-08,VI,United States Virgin Islands,AMRO,0,25389,0,132,25257
2023-10-15,VI,United States Virgin Islands,AMRO,0,25389,0,132,25257
2023-10-22,VI,United States Virgin Islands,AMRO,0,25389,0,132,25257
2023-10-29,VI,United States Virgin Islands,AMRO,0,25389,0,132,25257
2023-11-05,VI,United States Virgin Islands,AMRO,0,25389,0,132,25257
2023-11-12,VI,United States Virgin Islands,AMRO,0,25389,0,132,25257
2023-11-19,VI,United States Virgin Islands,AMRO,0,25389,0,132,25257
2023-11-26,VI,United States Virgin Islands,AMRO,0,25389,0,132,25257
2023-12-03,VI,United States Virgin Islands,AMRO,0,25389,0,132,25257
2023-12-10,VI,United States Virgin Islands,AMRO,0,25389,0,132,25257
2023-12-17,VI,United States Virgin Islands,AMRO,0,25389,0,132,25257
2023-12-24,VI,United States Virgin Islands,AMRO,0,25389,0,132,25257
2023-12-31,VI,United States Virgin Islands,AMRO,0,25389,0,132,25257
2024-01-07,VI,United States Virgin Islands,AMRO,0,25389,0,132,25257
2024-01-14,VI,United States Virgin Islands,AMRO,0,25389,0,132,25257
2024-01-21,VI,United States Virgin Islands,AMRO,0,25389,0,132,25257
2024-01-28,VI,United States Virgin Islands,AMRO,0,25389,0,132,25257
2024-02-04,VI,United States Virgin Islands,AMRO,0,25389,0,132,25257
2024-02-11,VI,United States Virgin Islands,AMRO,0,25389,0,132,25257
2024-02-18,VI,United States Virgin Islands,AMRO,0,25389,0,132,25257
2024-02-25,VI,United States Virgin Islands,AMRO,0,25389,0,132,25257
2024-03-03,VI,United States Virgin Islands,AMRO,0,25389,0,132,25257
2024-03-10,VI,United States Virgin Islands,AMRO,0,25389,0,132,25257
2024-03-17,VI,United States Virgin Islands,AMRO,0,25389,0,132,25257
2024-03-24,VI,United States Virgin Islands,AMRO,0,25389,0,132,25257
2024-03-31,VI,United States Virgin Islands,AMRO,0,25389,0,132,25257
2024-04-07,VI,United States Virgin Islands,AMRO,0,25389,0,132,25257
2024-04-14,VI,United States Virgin Islands,AMRO,0,25389,0,132,25257
2024-04-21,VI,United States Virgin Islands,AMRO,0,25389,0,132,25257
2024-04-28,VI,United States Virgin Islands,AMRO,0,25389,0,132,25257
2024-05-05,VI,United States Virgin Islands,AMRO,0,25389,0,132,25257
2024-05-12,VI,United States Virgin Islands,AMRO,0,25389,0,132,25257
2024-05-19,VI,United States Virgin Islands,AMRO,0,25389,0,132,25257
2024-05-26,VI,United States Virgin Islands,AMRO,0,25389,0,132,25257
2024-06-02,VI,United States Virgin Islands,AMRO,0,25389,0,132,25257
2024-06-09,VI,United States Virgin Islands,AMRO,0,25389,0,132,25257
2024-06-16,VI,United States Virgin Islands,AMRO,0,25389,0,132,25257
2024-06-23,VI,United States Virgin Islands,AMRO,0,25389,0,132,25257
2024-06-30,VI,United States Virgin Islands,AMRO,0,25389,0,132,25257
2024-07-07,VI,United States Virgin Islands,AMRO,0,25389,0,132,25257
2024-07-14,VI,United States Virgin Islands,AMRO,0,25389,0,132,25257
2024-07-21,VI,United States Virgin Islands,AMRO,0,25389,0,132,25257
2024-07-28,VI,United States Virgin Islands,AMRO,0,25389,0,132,25257
2024-08-04,VI,United States Virgin Islands,AMRO,0,25389,0,132,25257
2024-08-11,VI,United States Virgin Islands,AMRO,0,25389,0,132,25257
2024-08-18,VI,United States Virgin Islands,AMRO,0,25389,0,132,25257
2024-08-25,VI,United States Virgin Islands,AMRO,0,25389,0,132,25257
2024-09-01,VI,United States Virgin Islands,AMRO,0,25389,0,132,25257
2024-09-08,VI,United States Virgin Islands,AMRO,0,25389,0,132,25257
2024-09-15,VI,United States Virgin Islands,AMRO,0,25389,0,132,25257
2024-09-22,VI,United States Virgin Islands,AMRO,0,25389,0,132,25257
2024-09-29,VI,United States Virgin Islands,AMRO,0,25389,0,132,25257
2024-10-06,VI,United States Virgin Islands,AMRO,0,25389,0,132,25257
2024-10-13,VI,United States Virgin Islands,AMRO,0,25389,0,132,25257
2024-10-20,VI,United States Virgin Islands,AMRO,0,25389,0,132,25257
2024-10-27,VI,United States Virgin Islands,AMRO,0,25389,0,132,25257
2024-11-03,VI,United States Virgin Islands,AMRO,0,25389,0,132,25257
2024-11-10,VI,United States Virgin Islands,AMRO,0,25389,0,132,25257
2024-11-17,VI,United States Virgin Islands,AMRO,0,25389,0,132,25257
2020-01-05,UY,Uruguay,AMRO,0,0,0,0,0
2020-01-12,UY,Uruguay,AMRO,0,0,0,0,0
2020-01-19,UY,Uruguay,AMRO,0,0,0,0,0
2020-01-26,UY,Uruguay,AMRO,0,0,0,0,0
2020-02-02,UY,Uruguay,AMRO,0,0,0,0,0
2020-02-09,UY,Uruguay,AMRO,0,0,0,0,0
2020-02-16,UY,Uruguay,AMRO,0,0,0,0,0
2020-02-23,UY,Uruguay,AMRO,0,0,0,0,0
2020-03-01,UY,Uruguay,AMRO,0,0,0,0,0
2020-03-08,UY,Uruguay,AMRO,0,0,0,0,0
2020-03-15,UY,Uruguay,AMRO,4,4,0,0,4
2020-03-22,UY,Uruguay,AMRO,90,94,0,0,94
2020-03-29,UY,Uruguay,AMRO,180,274,0,0,274
2020-04-05,UY,Uruguay,AMRO,112,386,4,4,382
2020-04-12,UY,Uruguay,AMRO,108,494,3,7,487
2020-04-19,UY,Uruguay,AMRO,14,508,2,9,499
2020-04-26,UY,Uruguay,AMRO,55,563,3,12,551
2020-05-03,UY,Uruguay,AMRO,85,648,5,17,631
2020-05-10,UY,Uruguay,AMRO,46,694,0,17,677
2020-05-17,UY,Uruguay,AMRO,38,732,2,19,713
2020-05-24,UY,Uruguay,AMRO,21,753,1,20,733
2020-05-31,UY,Uruguay,AMRO,63,816,2,22,794
2020-06-07,UY,Uruguay,AMRO,18,834,1,23,811
2020-06-14,UY,Uruguay,AMRO,13,847,0,23,824
2020-06-21,UY,Uruguay,AMRO,6,853,1,24,829
2020-06-28,UY,Uruguay,AMRO,66,919,2,26,893
2020-07-05,UY,Uruguay,AMRO,33,952,2,28,924
2020-07-12,UY,Uruguay,AMRO,33,985,1,29,956
2020-07-19,UY,Uruguay,AMRO,52,1037,3,32,1005
2020-07-26,UY,Uruguay,AMRO,129,1166,2,34,1132
2020-08-02,UY,Uruguay,AMRO,99,1265,1,35,1230
2020-08-09,UY,Uruguay,AMRO,60,1325,2,37,1288
2020-08-16,UY,Uruguay,AMRO,96,1421,1,38,1383
2020-08-23,UY,Uruguay,AMRO,95,1516,4,42,1474
2020-08-30,UY,Uruguay,AMRO,40,1556,1,43,1513
2020-09-06,UY,Uruguay,AMRO,97,1653,2,45,1608
2020-09-13,UY,Uruguay,AMRO,120,1773,0,45,1728
2020-09-20,UY,Uruguay,AMRO,117,1890,1,46,1844
2020-09-27,UY,Uruguay,AMRO,77,1967,1,47,1920
2020-10-04,UY,Uruguay,AMRO,130,2097,1,48,2049
2020-10-11,UY,Uruguay,AMRO,154,2251,1,49,2202
2020-10-18,UY,Uruguay,AMRO,199,2450,2,51,2399
2020-10-25,UY,Uruguay,AMRO,309,2759,2,53,2706
2020-11-01,UY,Uruguay,AMRO,323,3082,5,58,3024
2020-11-08,UY,Uruguay,AMRO,288,3370,3,61,3309
2020-11-15,UY,Uruguay,AMRO,513,3883,3,64,3819
2020-11-22,UY,Uruguay,AMRO,594,4477,5,69,4408
2020-11-29,UY,Uruguay,AMRO,826,5303,5,74,5229
2020-12-06,UY,Uruguay,AMRO,1428,6731,6,80,6651
2020-12-13,UY,Uruguay,AMRO,2118,8849,10,90,8759
2020-12-20,UY,Uruguay,AMRO,3101,11950,19,109,11841
2020-12-27,UY,Uruguay,AMRO,3898,15848,34,143,15705
2021-01-03,UY,Uruguay,AMRO,3905,19753,50,193,19560
2021-01-10,UY,Uruguay,AMRO,4586,24339,47,240,24099
2021-01-17,UY,Uruguay,AMRO,6607,30946,51,291,30655
2021-01-24,UY,Uruguay,AMRO,5224,36170,73,364,35806
2021-01-31,UY,Uruguay,AMRO,4359,40529,61,425,40104
2021-02-07,UY,Uruguay,AMRO,3774,44303,53,478,43825
2021-02-14,UY,Uruguay,AMRO,3525,47828,49,527,47301
2021-02-21,UY,Uruguay,AMRO,3549,51377,36,563,50814
2021-02-28,UY,Uruguay,AMRO,5165,56542,38,601,55941
2021-03-07,UY,Uruguay,AMRO,5387,61929,36,637,61292
2021-03-14,UY,Uruguay,AMRO,7145,69074,52,689,68385
2021-03-21,UY,Uruguay,AMRO,9327,78401,71,760,77641
2021-03-28,UY,Uruguay,AMRO,13942,92343,115,875,91468
2021-04-04,UY,Uruguay,AMRO,19225,111568,166,1041,110527
2021-04-11,UY,Uruguay,AMRO,26378,137946,322,1363,136583
2021-04-18,UY,Uruguay,AMRO,21623,159569,425,1788,157781
2021-04-25,UY,Uruguay,AMRO,19968,179537,439,2227,177310
2021-05-02,UY,Uruguay,AMRO,18891,198428,389,2616,195812
2021-05-09,UY,Uruguay,AMRO,17718,216146,416,3032,213114
2021-05-16,UY,Uruguay,AMRO,19060,235206,337,3369,231837
2021-05-23,UY,Uruguay,AMRO,23334,258540,391,3760,254780
2021-05-30,UY,Uruguay,AMRO,23658,282198,358,4118,278080
2021-06-06,UY,Uruguay,AMRO,26292,308490,398,4516,303974
2021-06-13,UY,Uruguay,AMRO,24994,333484,390,4906,328578
2021-06-20,UY,Uruguay,AMRO,17894,351378,301,5207,346171
2021-06-27,UY,Uruguay,AMRO,12202,363580,240,5447,358133
2021-07-04,UY,Uruguay,AMRO,7837,371417,195,5642,365775
2021-07-11,UY,Uruguay,AMRO,4485,375902,148,5790,370112
2021-07-18,UY,Uruguay,AMRO,2578,378480,81,5871,372609
2021-07-25,UY,Uruguay,AMRO,1671,380151,48,5919,374232
2021-08-01,UY,Uruguay,AMRO,1213,381364,40,5959,375405
2021-08-08,UY,Uruguay,AMRO,931,382295,27,5986,376309
2021-08-15,UY,Uruguay,AMRO,806,383101,12,5998,377103
2021-08-22,UY,Uruguay,AMRO,802,383903,17,6015,377888
2021-08-29,UY,Uruguay,AMRO,628,384531,11,6026,378505
2021-09-05,UY,Uruguay,AMRO,892,385423,8,6034,379389
2021-09-12,UY,Uruguay,AMRO,987,386410,3,6037,380373
2021-09-19,UY,Uruguay,AMRO,1039,387449,9,6046,381403
2021-09-26,UY,Uruguay,AMRO,864,388313,5,6051,382262
2021-10-03,UY,Uruguay,AMRO,712,389025,5,6056,382969
2021-10-10,UY,Uruguay,AMRO,792,389817,6,6062,383755
2021-10-17,UY,Uruguay,AMRO,945,390762,4,6066,384696
2021-10-24,UY,Uruguay,AMRO,1128,391890,4,6070,385820
2021-10-31,UY,Uruguay,AMRO,1564,393454,7,6077,387377
2021-11-07,UY,Uruguay,AMRO,1460,394914,7,6084,388830
2021-11-14,UY,Uruguay,AMRO,1261,396175,15,6099,390076
2021-11-21,UY,Uruguay,AMRO,1374,397549,11,6110,391439
2021-11-28,UY,Uruguay,AMRO,1341,398890,14,6124,392766
2021-12-05,UY,Uruguay,AMRO,1652,400542,8,6132,394410
2021-12-12,UY,Uruguay,AMRO,1607,402149,9,6141,396008
2021-12-19,UY,Uruguay,AMRO,1750,403899,9,6150,397749
2021-12-26,UY,Uruguay,AMRO,2840,406739,12,6162,400577
2022-01-02,UY,Uruguay,AMRO,6644,413383,8,6170,407213
2022-01-09,UY,Uruguay,AMRO,23679,437062,18,6188,430874
2022-01-16,UY,Uruguay,AMRO,53564,490626,26,6214,484412
2022-01-23,UY,Uruguay,AMRO,78411,569037,70,6284,562753
2022-01-30,UY,Uruguay,AMRO,75594,644631,127,6411,638220
2022-02-06,UY,Uruguay,AMRO,66243,710874,195,6606,704268
2022-02-13,UY,Uruguay,AMRO,55086,765960,123,6729,759231
2022-02-20,UY,Uruguay,AMRO,42052,808012,125,6854,801158
2022-02-27,UY,Uruguay,AMRO,27334,835346,95,6949,828397
2022-03-06,UY,Uruguay,AMRO,15895,851241,82,7031,844210
2022-03-13,UY,Uruguay,AMRO,10912,862153,52,7083,855070
2022-03-20,UY,Uruguay,AMRO,10785,872938,44,7127,865811
2022-03-27,UY,Uruguay,AMRO,9441,882379,22,7149,875230
2022-04-03,UY,Uruguay,AMRO,6260,888639,12,7161,881478
2022-04-10,UY,Uruguay,AMRO,4370,893009,20,7181,885828
2022-04-17,UY,Uruguay,AMRO,2442,895451,12,7193,888258
2022-04-24,UY,Uruguay,AMRO,2416,897867,10,7203,890664
2022-05-01,UY,Uruguay,AMRO,1856,899723,7,7210,892513
2022-05-08,UY,Uruguay,AMRO,2817,902540,3,7213,895327
2022-05-15,UY,Uruguay,AMRO,5538,908078,2,7215,900863
2022-05-22,UY,Uruguay,AMRO,8310,916388,12,7227,909161
2022-05-29,UY,Uruguay,AMRO,9389,925777,11,7238,918539
2022-06-05,UY,Uruguay,AMRO,9184,934961,24,7262,927699
2022-06-12,UY,Uruguay,AMRO,8916,943877,28,7290,936587
2022-06-19,UY,Uruguay,AMRO,8071,951948,22,7312,944636
2022-06-26,UY,Uruguay,AMRO,5681,957629,19,7331,950298
2022-07-03,UY,Uruguay,AMRO,4622,962251,20,7351,954900
2022-07-10,UY,Uruguay,AMRO,3119,965370,22,7373,957997
2022-07-17,UY,Uruguay,AMRO,2438,967808,14,7387,960421
2022-07-24,UY,Uruguay,AMRO,1995,969803,16,7403,962400
2022-07-31,UY,Uruguay,AMRO,1925,971728,12,7415,964313
2022-08-07,UY,Uruguay,AMRO,1692,973420,8,7423,965997
2022-08-14,UY,Uruguay,AMRO,1844,975264,6,7429,967835
2022-08-21,UY,Uruguay,AMRO,2041,977305,9,7438,969867
2022-08-28,UY,Uruguay,AMRO,1855,979160,7,7445,971715
2022-09-04,UY,Uruguay,AMRO,2026,981186,10,7455,973731
2022-09-11,UY,Uruguay,AMRO,1660,982846,7,7462,975384
2022-09-18,UY,Uruguay,AMRO,1306,984152,11,7473,976679
2022-09-25,UY,Uruguay,AMRO,1270,985422,12,7485,977937
2022-10-02,UY,Uruguay,AMRO,1024,986446,10,7495,978951
2022-10-09,UY,Uruguay,AMRO,1117,987563,6,7501,980062
2022-10-16,UY,Uruguay,AMRO,964,988527,9,7510,981017
2022-10-23,UY,Uruguay,AMRO,1102,989629,5,7515,982114
2022-10-30,UY,Uruguay,AMRO,931,990560,3,7518,983042
2022-11-06,UY,Uruguay,AMRO,659,991219,8,7526,983693
2022-11-13,UY,Uruguay,AMRO,816,992035,3,7529,984506
2022-11-20,UY,Uruguay,AMRO,852,992887,1,7530,985357
2022-11-27,UY,Uruguay,AMRO,988,993875,7,7537,986338
2022-12-04,UY,Uruguay,AMRO,1527,995402,4,7541,987861
2022-12-11,UY,Uruguay,AMRO,2645,998047,7,7548,990499
2022-12-18,UY,Uruguay,AMRO,4941,1002988,4,7552,995436
2022-12-25,UY,Uruguay,AMRO,9000,1011988,10,7562,1004426
2023-01-01,UY,Uruguay,AMRO,8173,1020161,8,7570,1012591
2023-01-08,UY,Uruguay,AMRO,5649,1025810,16,7586,1018224
2023-01-15,UY,Uruguay,AMRO,3754,1029564,11,7597,1021967
2023-01-22,UY,Uruguay,AMRO,2017,1031581,4,7601,1023980
2023-01-29,UY,Uruguay,AMRO,1129,1032710,8,7609,1025101
2023-02-05,UY,Uruguay,AMRO,555,1033265,5,7614,1025651
2023-02-12,UY,Uruguay,AMRO,501,1033766,3,7617,1026149
2023-02-19,UY,Uruguay,AMRO,280,1034046,0,7617,1026429
2023-02-26,UY,Uruguay,AMRO,257,1034303,0,7617,1026686
2023-03-05,UY,Uruguay,AMRO,0,1034303,0,7617,1026686
2023-03-12,UY,Uruguay,AMRO,743,1035046,2,7619,1027427
2023-03-19,UY,Uruguay,AMRO,0,1035046,0,7619,1027427
2023-03-26,UY,Uruguay,AMRO,1113,1036159,2,7621,1028538
2023-04-02,UY,Uruguay,AMRO,0,1036159,0,7621,1028538
2023-04-09,UY,Uruguay,AMRO,0,1036159,0,7621,1028538
2023-04-16,UY,Uruguay,AMRO,936,1037095,0,7621,1029474
2023-04-23,UY,Uruguay,AMRO,798,1037893,4,7625,1030268
2023-04-30,UY,Uruguay,AMRO,0,1037893,0,7625,1030268
2023-05-07,UY,Uruguay,AMRO,0,1037893,0,7625,1030268
2023-05-14,UY,Uruguay,AMRO,0,1037893,0,7625,1030268
2023-05-21,UY,Uruguay,AMRO,0,1037893,0,7625,1030268
2023-05-28,UY,Uruguay,AMRO,0,1037893,0,7625,1030268
2023-06-04,UY,Uruguay,AMRO,0,1037893,0,7625,1030268
2023-06-11,UY,Uruguay,AMRO,0,1037893,0,7625,1030268
2023-06-18,UY,Uruguay,AMRO,0,1037893,0,7625,1030268
2023-06-25,UY,Uruguay,AMRO,0,1037893,0,7625,1030268
2023-07-02,UY,Uruguay,AMRO,0,1037893,0,7625,1030268
2023-07-09,UY,Uruguay,AMRO,0,1037893,0,7625,1030268
2023-07-16,UY,Uruguay,AMRO,0,1037893,0,7625,1030268
2023-07-23,UY,Uruguay,AMRO,0,1037893,0,7625,1030268
2023-07-30,UY,Uruguay,AMRO,0,1037893,0,7625,1030268
2023-08-06,UY,Uruguay,AMRO,0,1037893,0,7625,1030268
2023-08-13,UY,Uruguay,AMRO,0,1037893,0,7625,1030268
2023-08-20,UY,Uruguay,AMRO,0,1037893,0,7625,1030268
2023-08-27,UY,Uruguay,AMRO,0,1037893,0,7625,1030268
2023-09-03,UY,Uruguay,AMRO,0,1037893,0,7625,1030268
2023-09-10,UY,Uruguay,AMRO,0,1037893,0,7625,1030268
2023-09-17,UY,Uruguay,AMRO,0,1037893,0,7625,1030268
2023-09-24,UY,Uruguay,AMRO,0,1037893,0,7625,1030268
2023-10-01,UY,Uruguay,AMRO,0,1037893,0,7625,1030268
2023-10-08,UY,Uruguay,AMRO,0,1037893,0,7625,1030268
2023-10-15,UY,Uruguay,AMRO,0,1037893,0,7625,1030268
2023-10-22,UY,Uruguay,AMRO,0,1037893,0,7625,1030268
2023-10-29,UY,Uruguay,AMRO,0,1037893,0,7625,1030268
2023-11-05,UY,Uruguay,AMRO,0,1037893,0,7625,1030268
2023-11-12,UY,Uruguay,AMRO,0,1037893,0,7625,1030268
2023-11-19,UY,Uruguay,AMRO,0,1037893,0,7625,1030268
2023-11-26,UY,Uruguay,AMRO,0,1037893,0,7625,1030268
2023-12-03,UY,Uruguay,AMRO,0,1037893,0,7625,1030268
2023-12-10,UY,Uruguay,AMRO,0,1037893,0,7625,1030268
2023-12-17,UY,Uruguay,AMRO,0,1037893,0,7625,1030268
2023-12-24,UY,Uruguay,AMRO,0,1037893,0,7625,1030268
2023-12-31,UY,Uruguay,AMRO,0,1037893,0,7625,1030268
2024-01-07,UY,Uruguay,AMRO,220,1038113,3,7628,1030485
2024-01-14,UY,Uruguay,AMRO,194,1038307,4,7632,1030675
2024-01-21,UY,Uruguay,AMRO,267,1038574,5,7637,1030937
2024-01-28,UY,Uruguay,AMRO,221,1038795,3,7640,1031155
2024-02-04,UY,Uruguay,AMRO,267,1039062,6,7646,1031416
2024-02-11,UY,Uruguay,AMRO,263,1039325,4,7650,1031675
2024-02-18,UY,Uruguay,AMRO,202,1039527,3,7653,1031874
2024-02-25,UY,Uruguay,AMRO,278,1039805,1,7654,1032151
2024-03-03,UY,Uruguay,AMRO,313,1040118,3,7657,1032461
2024-03-10,UY,Uruguay,AMRO,277,1040395,5,7662,1032733
2024-03-17,UY,Uruguay,AMRO,283,1040678,1,7663,1033015
2024-03-24,UY,Uruguay,AMRO,178,1040856,2,7665,1033191
2024-03-31,UY,Uruguay,AMRO,115,1040971,5,7670,1033301
2024-04-07,UY,Uruguay,AMRO,112,1041083,1,7671,1033412
2024-04-14,UY,Uruguay,AMRO,49,1041132,3,7674,1033458
2024-04-21,UY,Uruguay,AMRO,31,1041163,2,7676,1033487
2024-04-28,UY,Uruguay,AMRO,16,1041179,1,7677,1033502
2024-05-05,UY,Uruguay,AMRO,21,1041200,1,7678,1033522
2024-05-12,UY,Uruguay,AMRO,23,1041223,0,7678,1033545
2024-05-19,UY,Uruguay,AMRO,15,1041238,0,7678,1033560
2024-05-26,UY,Uruguay,AMRO,8,1041246,0,7678,1033568
2024-06-02,UY,Uruguay,AMRO,13,1041259,0,7678,1033581
2024-06-09,UY,Uruguay,AMRO,15,1041274,3,7681,1033593
2024-06-16,UY,Uruguay,AMRO,7,1041281,1,7682,1033599
2024-06-23,UY,Uruguay,AMRO,12,1041293,0,7682,1033611
2024-06-30,UY,Uruguay,AMRO,2,1041295,0,7682,1033613
2024-07-07,UY,Uruguay,AMRO,4,1041299,0,7682,1033617
2024-07-14,UY,Uruguay,AMRO,8,1041307,0,7682,1033625
2024-07-21,UY,Uruguay,AMRO,12,1041319,0,7682,1033637
2024-07-28,UY,Uruguay,AMRO,12,1041331,0,7682,1033649
2024-08-04,UY,Uruguay,AMRO,15,1041346,0,7682,1033664
2024-08-11,UY,Uruguay,AMRO,17,1041363,0,7682,1033681
2024-08-18,UY,Uruguay,AMRO,13,1041376,0,7682,1033694
2024-08-25,UY,Uruguay,AMRO,20,1041396,0,7682,1033714
2024-09-01,UY,Uruguay,AMRO,19,1041415,0,7682,1033733
2024-09-08,UY,Uruguay,AMRO,13,1041428,0,7682,1033746
2024-09-15,UY,Uruguay,AMRO,17,1041445,0,7682,1033763
2024-09-22,UY,Uruguay,AMRO,31,1041476,1,7683,1033793
2024-09-29,UY,Uruguay,AMRO,50,1041526,1,7684,1033842
2024-10-06,UY,Uruguay,AMRO,32,1041558,1,7685,1033873
2024-10-13,UY,Uruguay,AMRO,40,1041598,0,7685,1033913
2024-10-20,UY,Uruguay,AMRO,57,1041655,0,7685,1033970
2024-10-27,UY,Uruguay,AMRO,69,1041724,1,7686,1034038
2024-11-03,UY,Uruguay,AMRO,94,1041818,1,7687,1034131
2024-11-10,UY,Uruguay,AMRO,94,1041912,0,7687,1034225
2024-11-17,UY,Uruguay,AMRO,134,1042046,0,7687,1034359
2020-01-05,UZ,Uzbekistan,EURO,0,0,0,0,0
2020-01-12,UZ,Uzbekistan,EURO,0,0,0,0,0
2020-01-19,UZ,Uzbekistan,EURO,0,0,0,0,0
2020-01-26,UZ,Uzbekistan,EURO,0,0,0,0,0
2020-02-02,UZ,Uzbekistan,EURO,0,0,0,0,0
2020-02-09,UZ,Uzbekistan,EURO,0,0,0,0,0
2020-02-16,UZ,Uzbekistan,EURO,0,0,0,0,0
2020-02-23,UZ,Uzbekistan,EURO,0,0,0,0,0
2020-03-01,UZ,Uzbekistan,EURO,0,0,0,0,0
2020-03-08,UZ,Uzbekistan,EURO,0,0,0,0,0
2020-03-15,UZ,Uzbekistan,EURO,0,0,0,0,0
2020-03-22,UZ,Uzbekistan,EURO,0,0,0,0,0
2020-03-29,UZ,Uzbekistan,EURO,0,0,0,0,0
2020-04-05,UZ,Uzbekistan,EURO,0,0,0,0,0
2020-04-12,UZ,Uzbekistan,EURO,0,0,0,0,0
2020-04-19,UZ,Uzbekistan,EURO,0,0,0,0,0
2020-04-26,UZ,Uzbekistan,EURO,0,0,0,0,0
2020-05-03,UZ,Uzbekistan,EURO,0,0,0,0,0
2020-05-10,UZ,Uzbekistan,EURO,0,0,0,0,0
2020-05-17,UZ,Uzbekistan,EURO,0,0,0,0,0
2020-05-24,UZ,Uzbekistan,EURO,0,0,0,0,0
2020-05-31,UZ,Uzbekistan,EURO,0,0,0,0,0
2020-06-07,UZ,Uzbekistan,EURO,0,0,0,0,0
2020-06-14,UZ,Uzbekistan,EURO,0,0,0,0,0
2020-06-21,UZ,Uzbekistan,EURO,0,0,0,0,0
2020-06-28,UZ,Uzbekistan,EURO,0,0,0,0,0
2020-07-05,UZ,Uzbekistan,EURO,0,0,0,0,0
2020-07-12,UZ,Uzbekistan,EURO,0,0,0,0,0
2020-07-19,UZ,Uzbekistan,EURO,0,0,0,0,0
2020-07-26,UZ,Uzbekistan,EURO,0,0,0,0,0
2020-08-02,UZ,Uzbekistan,EURO,0,0,0,0,0
2020-08-09,UZ,Uzbekistan,EURO,0,0,0,0,0
2020-08-16,UZ,Uzbekistan,EURO,0,0,0,0,0
2020-08-23,UZ,Uzbekistan,EURO,0,0,0,0,0
2020-08-30,UZ,Uzbekistan,EURO,0,0,0,0,0
2020-09-06,UZ,Uzbekistan,EURO,0,0,0,0,0
2020-09-13,UZ,Uzbekistan,EURO,0,0,0,0,0
2020-09-20,UZ,Uzbekistan,EURO,0,0,0,0,0
2020-09-27,UZ,Uzbekistan,EURO,0,0,0,0,0
2020-10-04,UZ,Uzbekistan,EURO,0,0,0,0,0
2020-10-11,UZ,Uzbekistan,EURO,4,4,0,0,4
2020-10-18,UZ,Uzbekistan,EURO,5,9,0,0,9
2020-10-25,UZ,Uzbekistan,EURO,0,9,0,0,9
2020-11-01,UZ,Uzbekistan,EURO,0,9,0,0,9
2020-11-08,UZ,Uzbekistan,EURO,0,9,0,0,9
2020-11-15,UZ,Uzbekistan,EURO,0,9,0,0,9
2020-11-22,UZ,Uzbekistan,EURO,0,9,0,0,9
2020-11-29,UZ,Uzbekistan,EURO,0,9,0,0,9
2020-12-06,UZ,Uzbekistan,EURO,0,9,0,0,9
2020-12-13,UZ,Uzbekistan,EURO,0,9,0,0,9
2020-12-20,UZ,Uzbekistan,EURO,0,9,0,0,9
2020-12-27,UZ,Uzbekistan,EURO,0,9,0,0,9
2021-01-03,UZ,Uzbekistan,EURO,0,9,0,0,9
2021-01-10,UZ,Uzbekistan,EURO,0,9,0,0,9
2021-01-17,UZ,Uzbekistan,EURO,0,9,0,0,9
2021-01-24,UZ,Uzbekistan,EURO,0,9,0,0,9
2021-01-31,UZ,Uzbekistan,EURO,0,9,0,0,9
2021-02-07,UZ,Uzbekistan,EURO,0,9,0,0,9
2021-02-14,UZ,Uzbekistan,EURO,0,9,0,0,9
2021-02-21,UZ,Uzbekistan,EURO,0,9,0,0,9
2021-02-28,UZ,Uzbekistan,EURO,0,9,0,0,9
2021-03-07,UZ,Uzbekistan,EURO,0,9,0,0,9
2021-03-14,UZ,Uzbekistan,EURO,0,9,0,0,9
2021-03-21,UZ,Uzbekistan,EURO,0,9,0,0,9
2021-03-28,UZ,Uzbekistan,EURO,1123,1132,4,4,1128
2021-04-04,UZ,Uzbekistan,EURO,1271,2403,5,9,2394
2021-04-11,UZ,Uzbekistan,EURO,1312,3715,3,12,3703
2021-04-18,UZ,Uzbekistan,EURO,1868,5583,4,16,5567
2021-04-25,UZ,Uzbekistan,EURO,2373,7956,7,23,7933
2021-05-02,UZ,Uzbekistan,EURO,2651,10607,8,31,10576
2021-05-09,UZ,Uzbekistan,EURO,2753,13360,9,40,13320
2021-05-16,UZ,Uzbekistan,EURO,2134,15494,8,48,15446
2021-05-23,UZ,Uzbekistan,EURO,1764,17258,10,58,17200
2021-05-30,UZ,Uzbekistan,EURO,1678,18936,10,68,18868
2021-06-06,UZ,Uzbekistan,EURO,1629,20565,6,74,20491
2021-06-13,UZ,Uzbekistan,EURO,1849,22414,12,86,22328
2021-06-20,UZ,Uzbekistan,EURO,2639,25053,10,96,24957
2021-06-27,UZ,Uzbekistan,EURO,3240,28293,13,109,28184
2021-07-04,UZ,Uzbekistan,EURO,3380,31673,20,129,31544
2021-07-11,UZ,Uzbekistan,EURO,3349,35022,23,152,34870
2021-07-18,UZ,Uzbekistan,EURO,3552,38574,27,179,38395
2021-07-25,UZ,Uzbekistan,EURO,5022,43596,37,216,43380
2021-08-01,UZ,Uzbekistan,EURO,6084,49680,47,263,49417
2021-08-08,UZ,Uzbekistan,EURO,6412,56092,48,311,55781
2021-08-15,UZ,Uzbekistan,EURO,6406,62498,48,359,62139
2021-08-22,UZ,Uzbekistan,EURO,5958,68456,47,406,68050
2021-08-29,UZ,Uzbekistan,EURO,5763,74219,47,453,73766
2021-09-05,UZ,Uzbekistan,EURO,4872,79091,45,498,78593
2021-09-12,UZ,Uzbekistan,EURO,4379,83470,39,537,82933
2021-09-19,UZ,Uzbekistan,EURO,4048,87518,33,570,86948
2021-09-26,UZ,Uzbekistan,EURO,3555,91073,33,603,90470
2021-10-03,UZ,Uzbekistan,EURO,3222,94295,24,627,93668
2021-10-10,UZ,Uzbekistan,EURO,2922,97217,22,649,96568
2021-10-17,UZ,Uzbekistan,EURO,2675,99892,19,668,99224
2021-10-24,UZ,Uzbekistan,EURO,2616,102508,16,684,101824
2021-10-31,UZ,Uzbekistan,EURO,2316,104824,19,703,104121
2021-11-07,UZ,Uzbekistan,EURO,1915,106739,15,718,106021
2021-11-14,UZ,Uzbekistan,EURO,1746,108485,18,736,107749
2021-11-21,UZ,Uzbekistan,EURO,1489,109974,21,757,109217
2021-11-28,UZ,Uzbekistan,EURO,1489,111463,21,778,110685
2021-12-05,UZ,Uzbekistan,EURO,1491,112954,22,800,112154
2021-12-12,UZ,Uzbekistan,EURO,1402,114356,19,819,113537
2021-12-19,UZ,Uzbekistan,EURO,1310,115666,21,840,114826
2021-12-26,UZ,Uzbekistan,EURO,1119,116785,20,860,115925
2022-01-02,UZ,Uzbekistan,EURO,799,117584,4,864,116720
2022-01-09,UZ,Uzbekistan,EURO,1548,119132,12,876,118256
2022-01-16,UZ,Uzbekistan,EURO,5392,124524,21,897,123627
2022-01-23,UZ,Uzbekistan,EURO,8941,133465,24,921,132544
2022-01-30,UZ,Uzbekistan,EURO,7945,141410,22,943,140467
2022-02-06,UZ,Uzbekistan,EURO,6620,148030,22,965,147065
2022-02-13,UZ,Uzbekistan,EURO,4133,152163,18,983,151180
2022-02-20,UZ,Uzbekistan,EURO,1666,153829,17,1000,152829
2022-02-27,UZ,Uzbekistan,EURO,978,154807,14,1014,153793
2022-03-06,UZ,Uzbekistan,EURO,562,155369,2,1016,154353
2022-03-13,UZ,Uzbekistan,EURO,293,155662,0,1016,154646
2022-03-20,UZ,Uzbekistan,EURO,248,155910,0,1016,154894
2022-03-27,UZ,Uzbekistan,EURO,171,156081,0,1016,155065
2022-04-03,UZ,Uzbekistan,EURO,209,156290,0,1016,155274
2022-04-10,UZ,Uzbekistan,EURO,200,156490,0,1016,155474
2022-04-17,UZ,Uzbekistan,EURO,225,156715,0,1016,155699
2022-04-24,UZ,Uzbekistan,EURO,190,156905,0,1016,155889
2022-05-01,UZ,Uzbekistan,EURO,124,157029,0,1016,156013
2022-05-08,UZ,Uzbekistan,EURO,109,157138,0,1016,156122
2022-05-15,UZ,Uzbekistan,EURO,82,157220,0,1016,156204
2022-05-22,UZ,Uzbekistan,EURO,122,157342,0,1016,156326
2022-05-29,UZ,Uzbekistan,EURO,85,157427,0,1016,156411
2022-06-05,UZ,Uzbekistan,EURO,110,157537,0,1016,156521
2022-06-12,UZ,Uzbekistan,EURO,137,157674,0,1016,156658
2022-06-19,UZ,Uzbekistan,EURO,454,158128,0,1016,157112
2022-06-26,UZ,Uzbekistan,EURO,752,158880,0,1016,157864
2022-07-03,UZ,Uzbekistan,EURO,644,159524,0,1016,158508
2022-07-10,UZ,Uzbekistan,EURO,616,160140,0,1016,159124
2022-07-17,UZ,Uzbekistan,EURO,567,160707,0,1016,159691
2022-07-24,UZ,Uzbekistan,EURO,442,161149,0,1016,160133
2022-07-31,UZ,Uzbekistan,EURO,384,161533,0,1016,160517
2022-08-07,UZ,Uzbekistan,EURO,229,161762,0,1016,160746
2022-08-14,UZ,Uzbekistan,EURO,202,161964,0,1016,160948
2022-08-21,UZ,Uzbekistan,EURO,115,162079,0,1016,161063
2022-08-28,UZ,Uzbekistan,EURO,101,162180,0,1016,161164
2022-09-04,UZ,Uzbekistan,EURO,85,162265,0,1016,161249
2022-09-11,UZ,Uzbekistan,EURO,107,162372,0,1016,161356
2022-09-18,UZ,Uzbekistan,EURO,90,162462,0,1016,161446
2022-09-25,UZ,Uzbekistan,EURO,100,162562,0,1016,161546
2022-10-02,UZ,Uzbekistan,EURO,85,162647,0,1016,161631
2022-10-09,UZ,Uzbekistan,EURO,89,162736,0,1016,161720
2022-10-16,UZ,Uzbekistan,EURO,87,162823,0,1016,161807
2022-10-23,UZ,Uzbekistan,EURO,70,162893,0,1016,161877
2022-10-30,UZ,Uzbekistan,EURO,148,163041,0,1016,162025
2022-11-06,UZ,Uzbekistan,EURO,179,163220,0,1016,162204
2022-11-13,UZ,Uzbekistan,EURO,220,163440,0,1016,162424
2022-11-20,UZ,Uzbekistan,EURO,461,163901,0,1016,162885
2022-11-27,UZ,Uzbekistan,EURO,740,164641,0,1016,163625
2022-12-04,UZ,Uzbekistan,EURO,1056,165697,0,1016,164681
2022-12-11,UZ,Uzbekistan,EURO,906,166603,0,1016,165587
2022-12-18,UZ,Uzbekistan,EURO,689,167292,0,1016,166276
2022-12-25,UZ,Uzbekistan,EURO,0,167292,0,1016,166276
2023-01-01,UZ,Uzbekistan,EURO,0,167292,0,1016,166276
2023-01-08,UZ,Uzbekistan,EURO,291,167583,0,1016,166567
2023-01-15,UZ,Uzbekistan,EURO,229,167812,0,1016,166796
2023-01-22,UZ,Uzbekistan,EURO,167,167979,0,1016,166963
2023-01-29,UZ,Uzbekistan,EURO,135,168114,0,1016,167098
2023-02-05,UZ,Uzbekistan,EURO,113,168227,0,1016,167211
2023-02-12,UZ,Uzbekistan,EURO,123,168350,0,1016,167334
2023-02-19,UZ,Uzbekistan,EURO,128,168478,0,1016,167462
2023-02-26,UZ,Uzbekistan,EURO,129,168607,0,1016,167591
2023-03-05,UZ,Uzbekistan,EURO,173,168780,0,1016,167764
2023-03-12,UZ,Uzbekistan,EURO,180,168960,0,1016,167944
2023-03-19,UZ,Uzbekistan,EURO,0,168960,0,1016,167944
2023-03-26,UZ,Uzbekistan,EURO,169,169129,0,1016,168113
2023-04-02,UZ,Uzbekistan,EURO,246,169375,0,1016,168359
2023-04-09,UZ,Uzbekistan,EURO,212,169587,0,1016,168571
2023-04-16,UZ,Uzbekistan,EURO,235,169822,0,1016,168806
2023-04-23,UZ,Uzbekistan,EURO,0,169822,0,1016,168806
2023-04-30,UZ,Uzbekistan,EURO,273,170095,0,1016,169079
2023-05-07,UZ,Uzbekistan,EURO,305,170400,0,1016,169384
2023-05-14,UZ,Uzbekistan,EURO,231,170631,0,1016,169615
2023-05-21,UZ,Uzbekistan,EURO,260,170891,0,1016,169875
2023-05-28,UZ,Uzbekistan,EURO,0,170891,0,1016,169875
2023-06-04,UZ,Uzbekistan,EURO,0,170891,0,1016,169875
2023-06-11,UZ,Uzbekistan,EURO,194,171085,0,1016,170069
2023-06-18,UZ,Uzbekistan,EURO,182,171267,0,1016,170251
2023-06-25,UZ,Uzbekistan,EURO,150,171417,0,1016,170401
2023-07-02,UZ,Uzbekistan,EURO,108,171525,0,1016,170509
2023-07-09,UZ,Uzbekistan,EURO,157,171682,0,1016,170666
2023-07-16,UZ,Uzbekistan,EURO,160,171842,0,1016,170826
2023-07-23,UZ,Uzbekistan,EURO,125,171967,0,1016,170951
2023-07-30,UZ,Uzbekistan,EURO,186,172153,0,1016,171137
2023-08-06,UZ,Uzbekistan,EURO,176,172329,0,1016,171313
2023-08-13,UZ,Uzbekistan,EURO,0,172329,0,1016,171313
2023-08-20,UZ,Uzbekistan,EURO,324,172653,0,1016,171637
2023-08-27,UZ,Uzbekistan,EURO,360,173013,0,1016,171997
2023-09-03,UZ,Uzbekistan,EURO,321,173334,0,1016,172318
2023-09-10,UZ,Uzbekistan,EURO,404,173738,0,1016,172722
2023-09-17,UZ,Uzbekistan,EURO,385,174123,0,1016,173107
2023-09-24,UZ,Uzbekistan,EURO,0,174123,0,1016,173107
2023-10-01,UZ,Uzbekistan,EURO,276,174399,0,1016,173383
2023-10-08,UZ,Uzbekistan,EURO,0,174399,0,1016,173383
2023-10-15,UZ,Uzbekistan,EURO,176,174575,0,1016,173559
2023-10-22,UZ,Uzbekistan,EURO,0,174575,0,1016,173559
2023-10-29,UZ,Uzbekistan,EURO,0,174575,0,1016,173559
2023-11-05,UZ,Uzbekistan,EURO,0,174575,0,1016,173559
2023-11-12,UZ,Uzbekistan,EURO,117,174692,0,1016,173676
2023-11-19,UZ,Uzbekistan,EURO,122,174814,0,1016,173798
2023-11-26,UZ,Uzbekistan,EURO,102,174916,0,1016,173900
2023-12-03,UZ,Uzbekistan,EURO,82,174998,0,1016,173982
2023-12-10,UZ,Uzbekistan,EURO,83,175081,0,1016,174065
2023-12-17,UZ,Uzbekistan,EURO,0,175081,0,1016,174065
2023-12-24,UZ,Uzbekistan,EURO,0,175081,0,1016,174065
2023-12-31,UZ,Uzbekistan,EURO,0,175081,0,1016,174065
2024-01-07,UZ,Uzbekistan,EURO,0,175081,0,1016,174065
2024-01-14,UZ,Uzbekistan,EURO,0,175081,0,1016,174065
2024-01-21,UZ,Uzbekistan,EURO,0,175081,0,1016,174065
2024-01-28,UZ,Uzbekistan,EURO,0,175081,0,1016,174065
2024-02-04,UZ,Uzbekistan,EURO,0,175081,0,1016,174065
2024-02-11,UZ,Uzbekistan,EURO,0,175081,0,1016,174065
2024-02-18,UZ,Uzbekistan,EURO,0,175081,0,1016,174065
2024-02-25,UZ,Uzbekistan,EURO,0,175081,0,1016,174065
2024-03-03,UZ,Uzbekistan,EURO,0,175081,0,1016,174065
2024-03-10,UZ,Uzbekistan,EURO,0,175081,0,1016,174065
2024-03-17,UZ,Uzbekistan,EURO,0,175081,0,1016,174065
2024-03-24,UZ,Uzbekistan,EURO,0,175081,0,1016,174065
2024-03-31,UZ,Uzbekistan,EURO,0,175081,0,1016,174065
2024-04-07,UZ,Uzbekistan,EURO,0,175081,0,1016,174065
2024-04-14,UZ,Uzbekistan,EURO,0,175081,0,1016,174065
2024-04-21,UZ,Uzbekistan,EURO,0,175081,0,1016,174065
2024-04-28,UZ,Uzbekistan,EURO,0,175081,0,1016,174065
2024-05-05,UZ,Uzbekistan,EURO,0,175081,0,1016,174065
2024-05-12,UZ,Uzbekistan,EURO,0,175081,0,1016,174065
2024-05-19,UZ,Uzbekistan,EURO,0,175081,0,1016,174065
2024-05-26,UZ,Uzbekistan,EURO,0,175081,0,1016,174065
2024-06-02,UZ,Uzbekistan,EURO,0,175081,0,1016,174065
2024-06-09,UZ,Uzbekistan,EURO,0,175081,0,1016,174065
2024-06-16,UZ,Uzbekistan,EURO,0,175081,0,1016,174065
2024-06-23,UZ,Uzbekistan,EURO,0,175081,0,1016,174065
2024-06-30,UZ,Uzbekistan,EURO,0,175081,0,1016,174065
2024-07-07,UZ,Uzbekistan,EURO,0,175081,0,1016,174065
2024-07-14,UZ,Uzbekistan,EURO,0,175081,0,1016,174065
2024-07-21,UZ,Uzbekistan,EURO,0,175081,0,1016,174065
2024-07-28,UZ,Uzbekistan,EURO,0,175081,0,1016,174065
2024-08-04,UZ,Uzbekistan,EURO,0,175081,0,1016,174065
2024-08-11,UZ,Uzbekistan,EURO,0,175081,0,1016,174065
2024-08-18,UZ,Uzbekistan,EURO,0,175081,0,1016,174065
2024-08-25,UZ,Uzbekistan,EURO,0,175081,0,1016,174065
2024-09-01,UZ,Uzbekistan,EURO,0,175081,0,1016,174065
2024-09-08,UZ,Uzbekistan,EURO,0,175081,0,1016,174065
2024-09-15,UZ,Uzbekistan,EURO,0,175081,0,1016,174065
2024-09-22,UZ,Uzbekistan,EURO,0,175081,0,1016,174065
2024-09-29,UZ,Uzbekistan,EURO,0,175081,0,1016,174065
2024-10-06,UZ,Uzbekistan,EURO,0,175081,0,1016,174065
2024-10-13,UZ,Uzbekistan,EURO,0,175081,0,1016,174065
2024-10-20,UZ,Uzbekistan,EURO,0,175081,0,1016,174065
2024-10-27,UZ,Uzbekistan,EURO,0,175081,0,1016,174065
2024-11-03,UZ,Uzbekistan,EURO,0,175081,0,1016,174065
2024-11-10,UZ,Uzbekistan,EURO,0,175081,0,1016,174065
2024-11-17,UZ,Uzbekistan,EURO,0,175081,0,1016,174065
2020-01-05,VU,Vanuatu,WPRO,0,0,0,0,0
2020-01-12,VU,Vanuatu,WPRO,0,0,0,0,0
2020-01-19,VU,Vanuatu,WPRO,0,0,0,0,0
2020-01-26,VU,Vanuatu,WPRO,0,0,0,0,0
2020-02-02,VU,Vanuatu,WPRO,0,0,0,0,0
2020-02-09,VU,Vanuatu,WPRO,0,0,0,0,0
2020-02-16,VU,Vanuatu,WPRO,0,0,0,0,0
2020-02-23,VU,Vanuatu,WPRO,0,0,0,0,0
2020-03-01,VU,Vanuatu,WPRO,0,0,0,0,0
2020-03-08,VU,Vanuatu,WPRO,0,0,0,0,0
2020-03-15,VU,Vanuatu,WPRO,0,0,0,0,0
2020-03-22,VU,Vanuatu,WPRO,0,0,0,0,0
2020-03-29,VU,Vanuatu,WPRO,0,0,0,0,0
2020-04-05,VU,Vanuatu,WPRO,0,0,0,0,0
2020-04-12,VU,Vanuatu,WPRO,0,0,0,0,0
2020-04-19,VU,Vanuatu,WPRO,0,0,0,0,0
2020-04-26,VU,Vanuatu,WPRO,0,0,0,0,0
2020-05-03,VU,Vanuatu,WPRO,0,0,0,0,0
2020-05-10,VU,Vanuatu,WPRO,0,0,0,0,0
2020-05-17,VU,Vanuatu,WPRO,0,0,0,0,0
2020-05-24,VU,Vanuatu,WPRO,0,0,0,0,0
2020-05-31,VU,Vanuatu,WPRO,0,0,0,0,0
2020-06-07,VU,Vanuatu,WPRO,0,0,0,0,0
2020-06-14,VU,Vanuatu,WPRO,0,0,0,0,0
2020-06-21,VU,Vanuatu,WPRO,0,0,0,0,0
2020-06-28,VU,Vanuatu,WPRO,0,0,0,0,0
2020-07-05,VU,Vanuatu,WPRO,0,0,0,0,0
2020-07-12,VU,Vanuatu,WPRO,0,0,0,0,0
2020-07-19,VU,Vanuatu,WPRO,0,0,0,0,0
2020-07-26,VU,Vanuatu,WPRO,0,0,0,0,0
2020-08-02,VU,Vanuatu,WPRO,0,0,0,0,0
2020-08-09,VU,Vanuatu,WPRO,0,0,0,0,0
2020-08-16,VU,Vanuatu,WPRO,0,0,0,0,0
2020-08-23,VU,Vanuatu,WPRO,0,0,0,0,0
2020-08-30,VU,Vanuatu,WPRO,0,0,0,0,0
2020-09-06,VU,Vanuatu,WPRO,0,0,0,0,0
2020-09-13,VU,Vanuatu,WPRO,0,0,0,0,0
2020-09-20,VU,Vanuatu,WPRO,0,0,0,0,0
2020-09-27,VU,Vanuatu,WPRO,0,0,0,0,0
2020-10-04,VU,Vanuatu,WPRO,0,0,0,0,0
2020-10-11,VU,Vanuatu,WPRO,0,0,0,0,0
2020-10-18,VU,Vanuatu,WPRO,0,0,0,0,0
2020-10-25,VU,Vanuatu,WPRO,0,0,0,0,0
2020-11-01,VU,Vanuatu,WPRO,0,0,0,0,0
2020-11-08,VU,Vanuatu,WPRO,0,0,0,0,0
2020-11-15,VU,Vanuatu,WPRO,1,1,0,0,1
2020-11-22,VU,Vanuatu,WPRO,0,1,0,0,1
2020-11-29,VU,Vanuatu,WPRO,0,1,0,0,1
2020-12-06,VU,Vanuatu,WPRO,0,1,0,0,1
2020-12-13,VU,Vanuatu,WPRO,0,1,0,0,1
2020-12-20,VU,Vanuatu,WPRO,0,1,0,0,1
2020-12-27,VU,Vanuatu,WPRO,0,1,0,0,1
2021-01-03,VU,Vanuatu,WPRO,0,1,0,0,1
2021-01-10,VU,Vanuatu,WPRO,0,1,0,0,1
2021-01-17,VU,Vanuatu,WPRO,0,1,0,0,1
2021-01-24,VU,Vanuatu,WPRO,0,1,0,0,1
2021-01-31,VU,Vanuatu,WPRO,0,1,0,0,1
2021-02-07,VU,Vanuatu,WPRO,0,1,0,0,1
2021-02-14,VU,Vanuatu,WPRO,0,1,0,0,1
2021-02-21,VU,Vanuatu,WPRO,0,1,0,0,1
2021-02-28,VU,Vanuatu,WPRO,0,1,0,0,1
2021-03-07,VU,Vanuatu,WPRO,2,3,0,0,3
2021-03-14,VU,Vanuatu,WPRO,0,3,0,0,3
2021-03-21,VU,Vanuatu,WPRO,0,3,0,0,3
2021-03-28,VU,Vanuatu,WPRO,0,3,0,0,3
2021-04-04,VU,Vanuatu,WPRO,0,3,0,0,3
2021-04-11,VU,Vanuatu,WPRO,0,3,0,0,3
2021-04-18,VU,Vanuatu,WPRO,0,3,0,0,3
2021-04-25,VU,Vanuatu,WPRO,0,3,0,0,3
2021-05-02,VU,Vanuatu,WPRO,0,3,0,0,3
2021-05-09,VU,Vanuatu,WPRO,0,3,0,0,3
2021-05-16,VU,Vanuatu,WPRO,0,3,0,0,3
2021-05-23,VU,Vanuatu,WPRO,0,3,0,0,3
2021-05-30,VU,Vanuatu,WPRO,0,3,0,0,3
2021-06-06,VU,Vanuatu,WPRO,0,3,0,0,3
2021-06-13,VU,Vanuatu,WPRO,0,3,0,0,3
2021-06-20,VU,Vanuatu,WPRO,0,3,0,0,3
2021-06-27,VU,Vanuatu,WPRO,0,3,0,0,3
2021-07-04,VU,Vanuatu,WPRO,0,3,0,0,3
2021-07-11,VU,Vanuatu,WPRO,0,3,0,0,3
2021-07-18,VU,Vanuatu,WPRO,0,3,0,0,3
2021-07-25,VU,Vanuatu,WPRO,0,3,0,0,3
2021-08-01,VU,Vanuatu,WPRO,0,3,0,0,3
2021-08-08,VU,Vanuatu,WPRO,0,3,0,0,3
2021-08-15,VU,Vanuatu,WPRO,0,3,0,0,3
2021-08-22,VU,Vanuatu,WPRO,0,3,0,0,3
2021-08-29,VU,Vanuatu,WPRO,0,3,0,0,3
2021-09-05,VU,Vanuatu,WPRO,0,3,0,0,3
2021-09-12,VU,Vanuatu,WPRO,0,3,0,0,3
2021-09-19,VU,Vanuatu,WPRO,0,3,0,0,3
2021-09-26,VU,Vanuatu,WPRO,0,3,0,0,3
2021-10-03,VU,Vanuatu,WPRO,0,3,0,0,3
2021-10-10,VU,Vanuatu,WPRO,0,3,0,0,3
2021-10-17,VU,Vanuatu,WPRO,0,3,0,0,3
2021-10-24,VU,Vanuatu,WPRO,0,3,0,0,3
2021-10-31,VU,Vanuatu,WPRO,2,5,0,0,5
2021-11-07,VU,Vanuatu,WPRO,0,5,0,0,5
2021-11-14,VU,Vanuatu,WPRO,0,5,0,0,5
2021-11-21,VU,Vanuatu,WPRO,0,5,0,0,5
2021-11-28,VU,Vanuatu,WPRO,0,5,0,0,5
2021-12-05,VU,Vanuatu,WPRO,0,5,0,0,5
2021-12-12,VU,Vanuatu,WPRO,1,6,0,0,6
2021-12-19,VU,Vanuatu,WPRO,1,7,0,0,7
2021-12-26,VU,Vanuatu,WPRO,0,7,0,0,7
2022-01-02,VU,Vanuatu,WPRO,0,7,0,0,7
2022-01-09,VU,Vanuatu,WPRO,0,7,0,0,7
2022-01-16,VU,Vanuatu,WPRO,0,7,0,0,7
2022-01-23,VU,Vanuatu,WPRO,0,7,0,0,7
2022-01-30,VU,Vanuatu,WPRO,0,7,0,0,7
2022-02-06,VU,Vanuatu,WPRO,0,7,0,0,7
2022-02-13,VU,Vanuatu,WPRO,0,7,0,0,7
2022-02-20,VU,Vanuatu,WPRO,8,15,0,0,15
2022-02-27,VU,Vanuatu,WPRO,3,18,0,0,18
2022-03-06,VU,Vanuatu,WPRO,1,19,0,0,19
2022-03-13,VU,Vanuatu,WPRO,227,246,0,0,246
2022-03-20,VU,Vanuatu,WPRO,698,944,0,0,944
2022-03-27,VU,Vanuatu,WPRO,1591,2535,0,0,2535
2022-04-03,VU,Vanuatu,WPRO,1579,4114,2,2,4112
2022-04-10,VU,Vanuatu,WPRO,1373,5487,2,4,5483
2022-04-17,VU,Vanuatu,WPRO,142,5629,2,6,5623
2022-04-24,VU,Vanuatu,WPRO,1233,6862,6,12,6850
2022-05-01,VU,Vanuatu,WPRO,651,7513,1,13,7500
2022-05-08,VU,Vanuatu,WPRO,394,7907,1,14,7893
2022-05-15,VU,Vanuatu,WPRO,555,8462,0,14,8448
2022-05-22,VU,Vanuatu,WPRO,204,8666,0,14,8652
2022-05-29,VU,Vanuatu,WPRO,346,9012,0,14,8998
2022-06-05,VU,Vanuatu,WPRO,1105,10117,0,14,10103
2022-06-12,VU,Vanuatu,WPRO,521,10638,0,14,10624
2022-06-19,VU,Vanuatu,WPRO,293,10931,0,14,10917
2022-06-26,VU,Vanuatu,WPRO,250,11181,0,14,11167
2022-07-03,VU,Vanuatu,WPRO,92,11273,0,14,11259
2022-07-10,VU,Vanuatu,WPRO,315,11588,0,14,11574
2022-07-17,VU,Vanuatu,WPRO,132,11720,0,14,11706
2022-07-24,VU,Vanuatu,WPRO,0,11720,0,14,11706
2022-07-31,VU,Vanuatu,WPRO,5,11725,0,14,11711
2022-08-07,VU,Vanuatu,WPRO,6,11731,0,14,11717
2022-08-14,VU,Vanuatu,WPRO,3,11734,0,14,11720
2022-08-21,VU,Vanuatu,WPRO,36,11770,0,14,11756
2022-08-28,VU,Vanuatu,WPRO,10,11780,0,14,11766
2022-09-04,VU,Vanuatu,WPRO,83,11863,0,14,11849
2022-09-11,VU,Vanuatu,WPRO,36,11899,0,14,11885
2022-09-18,VU,Vanuatu,WPRO,51,11950,0,14,11936
2022-09-25,VU,Vanuatu,WPRO,0,11950,0,14,11936
2022-10-02,VU,Vanuatu,WPRO,24,11974,0,14,11960
2022-10-09,VU,Vanuatu,WPRO,2,11976,0,14,11962
2022-10-16,VU,Vanuatu,WPRO,0,11976,0,14,11962
2022-10-23,VU,Vanuatu,WPRO,5,11981,0,14,11967
2022-10-30,VU,Vanuatu,WPRO,0,11981,0,14,11967
2022-11-06,VU,Vanuatu,WPRO,0,11981,0,14,11967
2022-11-13,VU,Vanuatu,WPRO,0,11981,0,14,11967
2022-11-20,VU,Vanuatu,WPRO,0,11981,0,14,11967
2022-11-27,VU,Vanuatu,WPRO,0,11981,0,14,11967
2022-12-04,VU,Vanuatu,WPRO,30,12011,0,14,11997
2022-12-11,VU,Vanuatu,WPRO,0,12011,0,14,11997
2022-12-18,VU,Vanuatu,WPRO,0,12011,0,14,11997
2022-12-25,VU,Vanuatu,WPRO,2,12013,0,14,11999
2023-01-01,VU,Vanuatu,WPRO,1,12014,0,14,12000
2023-01-08,VU,Vanuatu,WPRO,0,12014,0,14,12000
2023-01-15,VU,Vanuatu,WPRO,0,12014,0,14,12000
2023-01-22,VU,Vanuatu,WPRO,0,12014,0,14,12000
2023-01-29,VU,Vanuatu,WPRO,0,12014,0,14,12000
2023-02-05,VU,Vanuatu,WPRO,0,12014,0,14,12000
2023-02-12,VU,Vanuatu,WPRO,0,12014,0,14,12000
2023-02-19,VU,Vanuatu,WPRO,0,12014,0,14,12000
2023-02-26,VU,Vanuatu,WPRO,0,12014,0,14,12000
2023-03-05,VU,Vanuatu,WPRO,0,12014,0,14,12000
2023-03-12,VU,Vanuatu,WPRO,0,12014,0,14,12000
2023-03-19,VU,Vanuatu,WPRO,0,12014,0,14,12000
2023-03-26,VU,Vanuatu,WPRO,0,12014,0,14,12000
2023-04-02,VU,Vanuatu,WPRO,0,12014,0,14,12000
2023-04-09,VU,Vanuatu,WPRO,0,12014,0,14,12000
2023-04-16,VU,Vanuatu,WPRO,0,12014,0,14,12000
2023-04-23,VU,Vanuatu,WPRO,2,12016,0,14,12002
2023-04-30,VU,Vanuatu,WPRO,0,12016,0,14,12002
2023-05-07,VU,Vanuatu,WPRO,0,12016,0,14,12002
2023-05-14,VU,Vanuatu,WPRO,0,12016,0,14,12002
2023-05-21,VU,Vanuatu,WPRO,0,12016,0,14,12002
2023-05-28,VU,Vanuatu,WPRO,0,12016,0,14,12002
2023-06-04,VU,Vanuatu,WPRO,3,12019,0,14,12005
2023-06-11,VU,Vanuatu,WPRO,0,12019,0,14,12005
2023-06-18,VU,Vanuatu,WPRO,0,12019,0,14,12005
2023-06-25,VU,Vanuatu,WPRO,0,12019,0,14,12005
2023-07-02,VU,Vanuatu,WPRO,0,12019,0,14,12005
2023-07-09,VU,Vanuatu,WPRO,0,12019,0,14,12005
2023-07-16,VU,Vanuatu,WPRO,0,12019,0,14,12005
2023-07-23,VU,Vanuatu,WPRO,0,12019,0,14,12005
2023-07-30,VU,Vanuatu,WPRO,0,12019,0,14,12005
2023-08-06,VU,Vanuatu,WPRO,0,12019,0,14,12005
2023-08-13,VU,Vanuatu,WPRO,0,12019,0,14,12005
2023-08-20,VU,Vanuatu,WPRO,0,12019,0,14,12005
2023-08-27,VU,Vanuatu,WPRO,0,12019,0,14,12005
2023-09-03,VU,Vanuatu,WPRO,0,12019,0,14,12005
2023-09-10,VU,Vanuatu,WPRO,0,12019,0,14,12005
2023-09-17,VU,Vanuatu,WPRO,0,12019,0,14,12005
2023-09-24,VU,Vanuatu,WPRO,0,12019,0,14,12005
2023-10-01,VU,Vanuatu,WPRO,0,12019,0,14,12005
2023-10-08,VU,Vanuatu,WPRO,0,12019,0,14,12005
2023-10-15,VU,Vanuatu,WPRO,0,12019,0,14,12005
2023-10-22,VU,Vanuatu,WPRO,0,12019,0,14,12005
2023-10-29,VU,Vanuatu,WPRO,0,12019,0,14,12005
2023-11-05,VU,Vanuatu,WPRO,0,12019,0,14,12005
2023-11-12,VU,Vanuatu,WPRO,0,12019,0,14,12005
2023-11-19,VU,Vanuatu,WPRO,0,12019,0,14,12005
2023-11-26,VU,Vanuatu,WPRO,0,12019,0,14,12005
2023-12-03,VU,Vanuatu,WPRO,0,12019,0,14,12005
2023-12-10,VU,Vanuatu,WPRO,0,12019,0,14,12005
2023-12-17,VU,Vanuatu,WPRO,0,12019,0,14,12005
2023-12-24,VU,Vanuatu,WPRO,0,12019,0,14,12005
2023-12-31,VU,Vanuatu,WPRO,0,12019,0,14,12005
2024-01-07,VU,Vanuatu,WPRO,0,12019,0,14,12005
2024-01-14,VU,Vanuatu,WPRO,0,12019,0,14,12005
2024-01-21,VU,Vanuatu,WPRO,0,12019,0,14,12005
2024-01-28,VU,Vanuatu,WPRO,0,12019,0,14,12005
2024-02-04,VU,Vanuatu,WPRO,0,12019,0,14,12005
2024-02-11,VU,Vanuatu,WPRO,0,12019,0,14,12005
2024-02-18,VU,Vanuatu,WPRO,0,12019,0,14,12005
2024-02-25,VU,Vanuatu,WPRO,0,12019,0,14,12005
2024-03-03,VU,Vanuatu,WPRO,0,12019,0,14,12005
2024-03-10,VU,Vanuatu,WPRO,0,12019,0,14,12005
2024-03-17,VU,Vanuatu,WPRO,0,12019,0,14,12005
2024-03-24,VU,Vanuatu,WPRO,0,12019,0,14,12005
2024-03-31,VU,Vanuatu,WPRO,0,12019,0,14,12005
2024-04-07,VU,Vanuatu,WPRO,0,12019,0,14,12005
2024-04-14,VU,Vanuatu,WPRO,0,12019,0,14,12005
2024-04-21,VU,Vanuatu,WPRO,0,12019,0,14,12005
2024-04-28,VU,Vanuatu,WPRO,0,12019,0,14,12005
2024-05-05,VU,Vanuatu,WPRO,0,12019,0,14,12005
2024-05-12,VU,Vanuatu,WPRO,0,12019,0,14,12005
2024-05-19,VU,Vanuatu,WPRO,0,12019,0,14,12005
2024-05-26,VU,Vanuatu,WPRO,0,12019,0,14,12005
2024-06-02,VU,Vanuatu,WPRO,0,12019,0,14,12005
2024-06-09,VU,Vanuatu,WPRO,0,12019,0,14,12005
2024-06-16,VU,Vanuatu,WPRO,0,12019,0,14,12005
2024-06-23,VU,Vanuatu,WPRO,0,12019,0,14,12005
2024-06-30,VU,Vanuatu,WPRO,0,12019,0,14,12005
2024-07-07,VU,Vanuatu,WPRO,0,12019,0,14,12005
2024-07-14,VU,Vanuatu,WPRO,0,12019,0,14,12005
2024-07-21,VU,Vanuatu,WPRO,0,12019,0,14,12005
2024-07-28,VU,Vanuatu,WPRO,0,12019,0,14,12005
2024-08-04,VU,Vanuatu,WPRO,0,12019,0,14,12005
2024-08-11,VU,Vanuatu,WPRO,0,12019,0,14,12005
2024-08-18,VU,Vanuatu,WPRO,0,12019,0,14,12005
2024-08-25,VU,Vanuatu,WPRO,0,12019,0,14,12005
2024-09-01,VU,Vanuatu,WPRO,0,12019,0,14,12005
2024-09-08,VU,Vanuatu,WPRO,0,12019,0,14,12005
2024-09-15,VU,Vanuatu,WPRO,0,12019,0,14,12005
2024-09-22,VU,Vanuatu,WPRO,0,12019,0,14,12005
2024-09-29,VU,Vanuatu,WPRO,0,12019,0,14,12005
2024-10-06,VU,Vanuatu,WPRO,0,12019,0,14,12005
2024-10-13,VU,Vanuatu,WPRO,0,12019,0,14,12005
2024-10-20,VU,Vanuatu,WPRO,0,12019,0,14,12005
2024-10-27,VU,Vanuatu,WPRO,0,12019,0,14,12005
2024-11-03,VU,Vanuatu,WPRO,0,12019,0,14,12005
2024-11-10,VU,Vanuatu,WPRO,0,12019,0,14,12005
2024-11-17,VU,Vanuatu,WPRO,0,12019,0,14,12005
2020-01-05,VE,Venezuela (Bolivarian Republic of),AMRO,0,0,0,0,0
2020-01-12,VE,Venezuela (Bolivarian Republic of),AMRO,0,0,0,0,0
2020-01-19,VE,Venezuela (Bolivarian Republic of),AMRO,0,0,0,0,0
2020-01-26,VE,Venezuela (Bolivarian Republic of),AMRO,0,0,0,0,0
2020-02-02,VE,Venezuela (Bolivarian Republic of),AMRO,0,0,0,0,0
2020-02-09,VE,Venezuela (Bolivarian Republic of),AMRO,0,0,0,0,0
2020-02-16,VE,Venezuela (Bolivarian Republic of),AMRO,0,0,0,0,0
2020-02-23,VE,Venezuela (Bolivarian Republic of),AMRO,0,0,0,0,0
2020-03-01,VE,Venezuela (Bolivarian Republic of),AMRO,0,0,0,0,0
2020-03-08,VE,Venezuela (Bolivarian Republic of),AMRO,0,0,0,0,0
2020-03-15,VE,Venezuela (Bolivarian Republic of),AMRO,21,21,0,0,21
2020-03-22,VE,Venezuela (Bolivarian Republic of),AMRO,19,40,0,0,40
2020-03-29,VE,Venezuela (Bolivarian Republic of),AMRO,73,113,2,2,111
2020-04-05,VE,Venezuela (Bolivarian Republic of),AMRO,31,144,1,3,141
2020-04-12,VE,Venezuela (Bolivarian Republic of),AMRO,27,171,6,9,162
2020-04-19,VE,Venezuela (Bolivarian Republic of),AMRO,33,204,0,9,195
2020-04-26,VE,Venezuela (Bolivarian Republic of),AMRO,114,318,1,10,308
2020-05-03,VE,Venezuela (Bolivarian Republic of),AMRO,27,345,0,10,335
2020-05-10,VE,Venezuela (Bolivarian Republic of),AMRO,43,388,0,10,378
2020-05-17,VE,Venezuela (Bolivarian Republic of),AMRO,116,504,0,10,494
2020-05-24,VE,Venezuela (Bolivarian Republic of),AMRO,440,944,0,10,934
2020-05-31,VE,Venezuela (Bolivarian Republic of),AMRO,426,1370,4,14,1356
2020-06-07,VE,Venezuela (Bolivarian Republic of),AMRO,775,2145,6,20,2125
2020-06-14,VE,Venezuela (Bolivarian Republic of),AMRO,734,2879,3,23,2856
2020-06-21,VE,Venezuela (Bolivarian Republic of),AMRO,712,3591,7,30,3561
2020-06-28,VE,Venezuela (Bolivarian Republic of),AMRO,1188,4779,11,41,4738
2020-07-05,VE,Venezuela (Bolivarian Republic of),AMRO,1758,6537,18,59,6478
2020-07-12,VE,Venezuela (Bolivarian Republic of),AMRO,2266,8803,24,83,8720
2020-07-19,VE,Venezuela (Bolivarian Republic of),AMRO,2388,11191,24,107,11084
2020-07-26,VE,Venezuela (Bolivarian Republic of),AMRO,3072,14263,27,134,14129
2020-08-02,VE,Venezuela (Bolivarian Republic of),AMRO,4311,18574,30,164,18410
2020-08-09,VE,Venezuela (Bolivarian Republic of),AMRO,5592,24166,44,208,23958
2020-08-16,VE,Venezuela (Bolivarian Republic of),AMRO,7215,31381,58,266,31115
2020-08-23,VE,Venezuela (Bolivarian Republic of),AMRO,6807,38188,51,317,37871
2020-08-30,VE,Venezuela (Bolivarian Republic of),AMRO,5691,43879,41,358,43521
2020-09-06,VE,Venezuela (Bolivarian Republic of),AMRO,7094,50973,54,412,50561
2020-09-13,VE,Venezuela (Bolivarian Republic of),AMRO,7690,58663,56,468,58195
2020-09-20,VE,Venezuela (Bolivarian Republic of),AMRO,6511,65174,62,530,64644
2020-09-27,VE,Venezuela (Bolivarian Republic of),AMRO,6099,71273,61,591,70682
2020-10-04,VE,Venezuela (Bolivarian Republic of),AMRO,5547,76820,52,643,76177
2020-10-11,VE,Venezuela (Bolivarian Republic of),AMRO,4876,81696,41,684,81012
2020-10-18,VE,Venezuela (Bolivarian Republic of),AMRO,4062,85758,41,725,85033
2020-10-25,VE,Venezuela (Bolivarian Republic of),AMRO,2658,88416,34,759,87657
2020-11-01,VE,Venezuela (Bolivarian Republic of),AMRO,3173,91589,34,793,90796
2020-11-08,VE,Venezuela (Bolivarian Republic of),AMRO,2716,94305,28,821,93484
2020-11-15,VE,Venezuela (Bolivarian Republic of),AMRO,2136,96441,23,844,95597
2020-11-22,VE,Venezuela (Bolivarian Republic of),AMRO,2576,99017,22,866,98151
2020-11-29,VE,Venezuela (Bolivarian Republic of),AMRO,2507,101524,22,888,100636
2020-12-06,VE,Venezuela (Bolivarian Republic of),AMRO,2353,103877,25,913,102964
2020-12-13,VE,Venezuela (Bolivarian Republic of),AMRO,2838,106715,31,944,105771
2020-12-20,VE,Venezuela (Bolivarian Republic of),AMRO,2680,109395,35,979,108416
2020-12-27,VE,Venezuela (Bolivarian Republic of),AMRO,2208,111603,31,1010,110593
2021-01-03,VE,Venezuela (Bolivarian Republic of),AMRO,1959,113562,18,1028,112534
2021-01-10,VE,Venezuela (Bolivarian Republic of),AMRO,2105,115667,28,1056,114611
2021-01-17,VE,Venezuela (Bolivarian Republic of),AMRO,3189,118856,39,1095,117761
2021-01-24,VE,Venezuela (Bolivarian Republic of),AMRO,3939,122795,41,1136,121659
2021-01-31,VE,Venezuela (Bolivarian Republic of),AMRO,2981,125776,41,1177,124599
2021-02-07,VE,Venezuela (Bolivarian Republic of),AMRO,3455,129231,46,1223,128008
2021-02-14,VE,Venezuela (Bolivarian Republic of),AMRO,3028,132259,44,1267,130992
2021-02-21,VE,Venezuela (Bolivarian Republic of),AMRO,2855,135114,41,1308,133806
2021-02-28,VE,Venezuela (Bolivarian Republic of),AMRO,3181,138295,30,1338,136957
2021-03-07,VE,Venezuela (Bolivarian Republic of),AMRO,3061,141356,33,1371,139985
2021-03-14,VE,Venezuela (Bolivarian Republic of),AMRO,3430,144786,51,1422,143364
2021-03-21,VE,Venezuela (Bolivarian Republic of),AMRO,4359,149145,53,1475,147670
2021-03-28,VE,Venezuela (Bolivarian Republic of),AMRO,5760,154905,68,1543,153362
2021-04-04,VE,Venezuela (Bolivarian Republic of),AMRO,7825,162730,86,1629,161101
2021-04-11,VE,Venezuela (Bolivarian Republic of),AMRO,9731,172461,110,1739,170722
2021-04-18,VE,Venezuela (Bolivarian Republic of),AMRO,8148,180609,131,1870,178739
2021-04-25,VE,Venezuela (Bolivarian Republic of),AMRO,8772,189381,139,2009,187372
2021-05-02,VE,Venezuela (Bolivarian Republic of),AMRO,8302,197683,127,2136,195547
2021-05-09,VE,Venezuela (Bolivarian Republic of),AMRO,7498,205181,127,2263,202918
2021-05-16,VE,Venezuela (Bolivarian Republic of),AMRO,7817,212998,103,2366,210632
2021-05-23,VE,Venezuela (Bolivarian Republic of),AMRO,8044,221042,117,2483,218559
2021-05-30,VE,Venezuela (Bolivarian Republic of),AMRO,9105,230147,112,2595,227552
2021-06-06,VE,Venezuela (Bolivarian Republic of),AMRO,9105,239252,103,2698,236554
2021-06-13,VE,Venezuela (Bolivarian Republic of),AMRO,9568,248820,99,2797,246023
2021-06-20,VE,Venezuela (Bolivarian Republic of),AMRO,9320,258140,128,2925,255215
2021-06-27,VE,Venezuela (Bolivarian Republic of),AMRO,8812,266952,113,3038,263914
2021-07-04,VE,Venezuela (Bolivarian Republic of),AMRO,8253,275205,116,3154,272051
2021-07-11,VE,Venezuela (Bolivarian Republic of),AMRO,7735,282940,110,3264,279676
2021-07-18,VE,Venezuela (Bolivarian Republic of),AMRO,7584,290524,86,3350,287174
2021-07-25,VE,Venezuela (Bolivarian Republic of),AMRO,7258,297782,108,3458,294324
2021-08-01,VE,Venezuela (Bolivarian Republic of),AMRO,6944,304726,118,3576,301150
2021-08-08,VE,Venezuela (Bolivarian Republic of),AMRO,6234,310960,106,3682,307278
2021-08-15,VE,Venezuela (Bolivarian Republic of),AMRO,6374,317334,99,3781,313553
2021-08-22,VE,Venezuela (Bolivarian Republic of),AMRO,6192,323526,90,3871,319655
2021-08-29,VE,Venezuela (Bolivarian Republic of),AMRO,7586,331112,99,3970,327142
2021-09-05,VE,Venezuela (Bolivarian Republic of),AMRO,7188,338300,102,4072,334228
2021-09-12,VE,Venezuela (Bolivarian Republic of),AMRO,7260,345560,107,4179,341381
2021-09-19,VE,Venezuela (Bolivarian Republic of),AMRO,7841,353401,96,4275,349126
2021-09-26,VE,Venezuela (Bolivarian Republic of),AMRO,7448,360849,104,4379,356470
2021-10-03,VE,Venezuela (Bolivarian Republic of),AMRO,9519,370368,104,4483,365885
2021-10-10,VE,Venezuela (Bolivarian Republic of),AMRO,10488,380856,109,4592,376264
2021-10-17,VE,Venezuela (Bolivarian Republic of),AMRO,9189,390045,101,4693,385352
2021-10-24,VE,Venezuela (Bolivarian Republic of),AMRO,8566,398611,97,4790,393821
2021-10-31,VE,Venezuela (Bolivarian Republic of),AMRO,6834,405445,84,4874,400571
2021-11-07,VE,Venezuela (Bolivarian Republic of),AMRO,6129,411574,72,4946,406628
2021-11-14,VE,Venezuela (Bolivarian Republic of),AMRO,6424,417998,64,5010,412988
2021-11-21,VE,Venezuela (Bolivarian Republic of),AMRO,5635,423633,56,5066,418567
2021-11-28,VE,Venezuela (Bolivarian Republic of),AMRO,5727,429360,58,5124,424236
2021-12-05,VE,Venezuela (Bolivarian Republic of),AMRO,4300,433660,53,5177,428483
2021-12-12,VE,Venezuela (Bolivarian Republic of),AMRO,3453,437113,52,5229,431884
2021-12-19,VE,Venezuela (Bolivarian Republic of),AMRO,3671,440784,43,5272,435512
2021-12-26,VE,Venezuela (Bolivarian Republic of),AMRO,2215,442999,40,5312,437687
2022-01-02,VE,Venezuela (Bolivarian Republic of),AMRO,1636,444635,16,5328,439307
2022-01-09,VE,Venezuela (Bolivarian Republic of),AMRO,1792,446427,20,5348,441079
2022-01-16,VE,Venezuela (Bolivarian Republic of),AMRO,6003,452430,28,5376,447054
2022-01-23,VE,Venezuela (Bolivarian Republic of),AMRO,13033,465463,23,5399,460064
2022-01-30,VE,Venezuela (Bolivarian Republic of),AMRO,13548,479011,31,5430,473581
2022-02-06,VE,Venezuela (Bolivarian Republic of),AMRO,13667,492678,44,5474,487204
2022-02-13,VE,Venezuela (Bolivarian Republic of),AMRO,10484,503162,55,5529,497633
2022-02-20,VE,Venezuela (Bolivarian Republic of),AMRO,6785,509947,62,5591,504356
2022-02-27,VE,Venezuela (Bolivarian Republic of),AMRO,3480,513427,37,5628,507799
2022-03-06,VE,Venezuela (Bolivarian Republic of),AMRO,2809,516236,17,5645,510591
2022-03-13,VE,Venezuela (Bolivarian Republic of),AMRO,1763,517999,11,5656,512343
2022-03-20,VE,Venezuela (Bolivarian Republic of),AMRO,1421,519420,10,5666,513754
2022-03-27,VE,Venezuela (Bolivarian Republic of),AMRO,618,520038,8,5674,514364
2022-04-03,VE,Venezuela (Bolivarian Republic of),AMRO,589,520627,10,5684,514943
2022-04-10,VE,Venezuela (Bolivarian Republic of),AMRO,698,521325,8,5692,515633
2022-04-17,VE,Venezuela (Bolivarian Republic of),AMRO,621,521946,8,5700,516246
2022-04-24,VE,Venezuela (Bolivarian Republic of),AMRO,142,522088,5,5705,516383
2022-05-01,VE,Venezuela (Bolivarian Republic of),AMRO,217,522305,3,5708,516597
2022-05-08,VE,Venezuela (Bolivarian Republic of),AMRO,320,522625,1,5709,516916
2022-05-15,VE,Venezuela (Bolivarian Republic of),AMRO,296,522921,2,5711,517210
2022-05-22,VE,Venezuela (Bolivarian Republic of),AMRO,317,523238,5,5716,517522
2022-05-29,VE,Venezuela (Bolivarian Republic of),AMRO,302,523540,4,5720,517820
2022-06-05,VE,Venezuela (Bolivarian Republic of),AMRO,257,523797,2,5722,518075
2022-06-12,VE,Venezuela (Bolivarian Republic of),AMRO,355,524152,1,5723,518429
2022-06-19,VE,Venezuela (Bolivarian Republic of),AMRO,566,524718,1,5724,518994
2022-06-26,VE,Venezuela (Bolivarian Republic of),AMRO,821,525539,2,5726,519813
2022-07-03,VE,Venezuela (Bolivarian Republic of),AMRO,915,526454,8,5734,520720
2022-07-10,VE,Venezuela (Bolivarian Republic of),AMRO,1335,527789,5,5739,522050
2022-07-17,VE,Venezuela (Bolivarian Republic of),AMRO,1595,529384,6,5745,523639
2022-07-24,VE,Venezuela (Bolivarian Republic of),AMRO,2579,531963,10,5755,526208
2022-07-31,VE,Venezuela (Bolivarian Republic of),AMRO,2943,534906,6,5761,529145
2022-08-07,VE,Venezuela (Bolivarian Republic of),AMRO,2936,537842,6,5767,532075
2022-08-14,VE,Venezuela (Bolivarian Republic of),AMRO,1887,539729,6,5773,533956
2022-08-21,VE,Venezuela (Bolivarian Republic of),AMRO,1458,541187,13,5786,535401
2022-08-28,VE,Venezuela (Bolivarian Republic of),AMRO,852,542039,8,5794,536245
2022-09-04,VE,Venezuela (Bolivarian Republic of),AMRO,665,542704,3,5797,536907
2022-09-11,VE,Venezuela (Bolivarian Republic of),AMRO,890,543594,8,5805,537789
2022-09-18,VE,Venezuela (Bolivarian Republic of),AMRO,496,544090,4,5809,538281
2022-09-25,VE,Venezuela (Bolivarian Republic of),AMRO,315,544405,5,5814,538591
2022-10-02,VE,Venezuela (Bolivarian Republic of),AMRO,398,544803,0,5814,538989
2022-10-09,VE,Venezuela (Bolivarian Republic of),AMRO,129,544932,4,5818,539114
2022-10-16,VE,Venezuela (Bolivarian Republic of),AMRO,261,545193,1,5819,539374
2022-10-23,VE,Venezuela (Bolivarian Republic of),AMRO,330,545523,1,5820,539703
2022-10-30,VE,Venezuela (Bolivarian Republic of),AMRO,280,545803,0,5820,539983
2022-11-06,VE,Venezuela (Bolivarian Republic of),AMRO,244,546047,1,5821,540226
2022-11-13,VE,Venezuela (Bolivarian Republic of),AMRO,215,546262,3,5824,540438
2022-11-20,VE,Venezuela (Bolivarian Republic of),AMRO,471,546733,1,5825,540908
2022-11-27,VE,Venezuela (Bolivarian Republic of),AMRO,471,547204,2,5827,541377
2022-12-04,VE,Venezuela (Bolivarian Republic of),AMRO,493,547697,2,5829,541868
2022-12-11,VE,Venezuela (Bolivarian Republic of),AMRO,536,548233,0,5829,542404
2022-12-18,VE,Venezuela (Bolivarian Republic of),AMRO,732,548965,1,5830,543135
2022-12-25,VE,Venezuela (Bolivarian Republic of),AMRO,879,549844,0,5830,544014
2023-01-01,VE,Venezuela (Bolivarian Republic of),AMRO,678,550522,2,5832,544690
2023-01-08,VE,Venezuela (Bolivarian Republic of),AMRO,194,550716,0,5832,544884
2023-01-15,VE,Venezuela (Bolivarian Republic of),AMRO,165,550881,2,5834,545047
2023-01-22,VE,Venezuela (Bolivarian Republic of),AMRO,323,551204,6,5840,545364
2023-01-29,VE,Venezuela (Bolivarian Republic of),AMRO,195,551399,5,5845,545554
2023-02-05,VE,Venezuela (Bolivarian Republic of),AMRO,188,551587,0,5845,545742
2023-02-12,VE,Venezuela (Bolivarian Republic of),AMRO,106,551693,6,5851,545842
2023-02-19,VE,Venezuela (Bolivarian Republic of),AMRO,215,551908,1,5852,546056
2023-02-26,VE,Venezuela (Bolivarian Republic of),AMRO,49,551957,0,5852,546105
2023-03-05,VE,Venezuela (Bolivarian Republic of),AMRO,77,552034,2,5854,546180
2023-03-12,VE,Venezuela (Bolivarian Republic of),AMRO,128,552162,0,5854,546308
2023-03-19,VE,Venezuela (Bolivarian Republic of),AMRO,88,552250,0,5854,546396
2023-03-26,VE,Venezuela (Bolivarian Republic of),AMRO,47,552297,0,5854,546443
2023-04-02,VE,Venezuela (Bolivarian Republic of),AMRO,101,552398,0,5854,546544
2023-04-09,VE,Venezuela (Bolivarian Republic of),AMRO,0,552398,0,5854,546544
2023-04-16,VE,Venezuela (Bolivarian Republic of),AMRO,31,552429,2,5856,546573
2023-04-23,VE,Venezuela (Bolivarian Republic of),AMRO,126,552555,0,5856,546699
2023-04-30,VE,Venezuela (Bolivarian Republic of),AMRO,23,552578,0,5856,546722
2023-05-07,VE,Venezuela (Bolivarian Republic of),AMRO,117,552695,0,5856,546839
2023-05-14,VE,Venezuela (Bolivarian Republic of),AMRO,0,552695,0,5856,546839
2023-05-21,VE,Venezuela (Bolivarian Republic of),AMRO,0,552695,0,5856,546839
2023-05-28,VE,Venezuela (Bolivarian Republic of),AMRO,0,552695,0,5856,546839
2023-06-04,VE,Venezuela (Bolivarian Republic of),AMRO,0,552695,0,5856,546839
2023-06-11,VE,Venezuela (Bolivarian Republic of),AMRO,0,552695,0,5856,546839
2023-06-18,VE,Venezuela (Bolivarian Republic of),AMRO,0,552695,0,5856,546839
2023-06-25,VE,Venezuela (Bolivarian Republic of),AMRO,0,552695,0,5856,546839
2023-07-02,VE,Venezuela (Bolivarian Republic of),AMRO,0,552695,0,5856,546839
2023-07-09,VE,Venezuela (Bolivarian Republic of),AMRO,0,552695,0,5856,546839
2023-07-16,VE,Venezuela (Bolivarian Republic of),AMRO,0,552695,0,5856,546839
2023-07-23,VE,Venezuela (Bolivarian Republic of),AMRO,0,552695,0,5856,546839
2023-07-30,VE,Venezuela (Bolivarian Republic of),AMRO,0,552695,0,5856,546839
2023-08-06,VE,Venezuela (Bolivarian Republic of),AMRO,0,552695,0,5856,546839
2023-08-13,VE,Venezuela (Bolivarian Republic of),AMRO,0,552695,0,5856,546839
2023-08-20,VE,Venezuela (Bolivarian Republic of),AMRO,0,552695,0,5856,546839
2023-08-27,VE,Venezuela (Bolivarian Republic of),AMRO,0,552695,0,5856,546839
2023-09-03,VE,Venezuela (Bolivarian Republic of),AMRO,0,552695,0,5856,546839
2023-09-10,VE,Venezuela (Bolivarian Republic of),AMRO,0,552695,0,5856,546839
2023-09-17,VE,Venezuela (Bolivarian Republic of),AMRO,0,552695,0,5856,546839
2023-09-24,VE,Venezuela (Bolivarian Republic of),AMRO,0,552695,0,5856,546839
2023-10-01,VE,Venezuela (Bolivarian Republic of),AMRO,0,552695,0,5856,546839
2023-10-08,VE,Venezuela (Bolivarian Republic of),AMRO,0,552695,0,5856,546839
2023-10-15,VE,Venezuela (Bolivarian Republic of),AMRO,0,552695,0,5856,546839
2023-10-22,VE,Venezuela (Bolivarian Republic of),AMRO,0,552695,0,5856,546839
2023-10-29,VE,Venezuela (Bolivarian Republic of),AMRO,0,552695,0,5856,546839
2023-11-05,VE,Venezuela (Bolivarian Republic of),AMRO,0,552695,0,5856,546839
2023-11-12,VE,Venezuela (Bolivarian Republic of),AMRO,0,552695,0,5856,546839
2023-11-19,VE,Venezuela (Bolivarian Republic of),AMRO,0,552695,0,5856,546839
2023-11-26,VE,Venezuela (Bolivarian Republic of),AMRO,0,552695,0,5856,546839
2023-12-03,VE,Venezuela (Bolivarian Republic of),AMRO,0,552695,0,5856,546839
2023-12-10,VE,Venezuela (Bolivarian Republic of),AMRO,0,552695,0,5856,546839
2023-12-17,VE,Venezuela (Bolivarian Republic of),AMRO,0,552695,0,5856,546839
2023-12-24,VE,Venezuela (Bolivarian Republic of),AMRO,0,552695,0,5856,546839
2023-12-31,VE,Venezuela (Bolivarian Republic of),AMRO,0,552695,0,5856,546839
2024-01-07,VE,Venezuela (Bolivarian Republic of),AMRO,0,552695,0,5856,546839
2024-01-14,VE,Venezuela (Bolivarian Republic of),AMRO,0,552695,0,5856,546839
2024-01-21,VE,Venezuela (Bolivarian Republic of),AMRO,0,552695,0,5856,546839
2024-01-28,VE,Venezuela (Bolivarian Republic of),AMRO,0,552695,0,5856,546839
2024-02-04,VE,Venezuela (Bolivarian Republic of),AMRO,0,552695,0,5856,546839
2024-02-11,VE,Venezuela (Bolivarian Republic of),AMRO,0,552695,0,5856,546839
2024-02-18,VE,Venezuela (Bolivarian Republic of),AMRO,0,552695,0,5856,546839
2024-02-25,VE,Venezuela (Bolivarian Republic of),AMRO,0,552695,0,5856,546839
2024-03-03,VE,Venezuela (Bolivarian Republic of),AMRO,0,552695,0,5856,546839
2024-03-10,VE,Venezuela (Bolivarian Republic of),AMRO,0,552695,0,5856,546839
2024-03-17,VE,Venezuela (Bolivarian Republic of),AMRO,0,552695,0,5856,546839
2024-03-24,VE,Venezuela (Bolivarian Republic of),AMRO,0,552695,0,5856,546839
2024-03-31,VE,Venezuela (Bolivarian Republic of),AMRO,0,552695,0,5856,546839
2024-04-07,VE,Venezuela (Bolivarian Republic of),AMRO,0,552695,0,5856,546839
2024-04-14,VE,Venezuela (Bolivarian Republic of),AMRO,0,552695,0,5856,546839
2024-04-21,VE,Venezuela (Bolivarian Republic of),AMRO,0,552695,0,5856,546839
2024-04-28,VE,Venezuela (Bolivarian Republic of),AMRO,0,552695,0,5856,546839
2024-05-05,VE,Venezuela (Bolivarian Republic of),AMRO,0,552695,0,5856,546839
2024-05-12,VE,Venezuela (Bolivarian Republic of),AMRO,0,552695,0,5856,546839
2024-05-19,VE,Venezuela (Bolivarian Republic of),AMRO,0,552695,0,5856,546839
2024-05-26,VE,Venezuela (Bolivarian Republic of),AMRO,0,552695,0,5856,546839
2024-06-02,VE,Venezuela (Bolivarian Republic of),AMRO,0,552695,0,5856,546839
2024-06-09,VE,Venezuela (Bolivarian Republic of),AMRO,0,552695,0,5856,546839
2024-06-16,VE,Venezuela (Bolivarian Republic of),AMRO,0,552695,0,5856,546839
2024-06-23,VE,Venezuela (Bolivarian Republic of),AMRO,0,552695,0,5856,546839
2024-06-30,VE,Venezuela (Bolivarian Republic of),AMRO,0,552695,0,5856,546839
2024-07-07,VE,Venezuela (Bolivarian Republic of),AMRO,0,552695,0,5856,546839
2024-07-14,VE,Venezuela (Bolivarian Republic of),AMRO,0,552695,0,5856,546839
2024-07-21,VE,Venezuela (Bolivarian Republic of),AMRO,0,552695,0,5856,546839
2024-07-28,VE,Venezuela (Bolivarian Republic of),AMRO,0,552695,0,5856,546839
2024-08-04,VE,Venezuela (Bolivarian Republic of),AMRO,0,552695,0,5856,546839
2024-08-11,VE,Venezuela (Bolivarian Republic of),AMRO,0,552695,0,5856,546839
2024-08-18,VE,Venezuela (Bolivarian Republic of),AMRO,0,552695,0,5856,546839
2024-08-25,VE,Venezuela (Bolivarian Republic of),AMRO,0,552695,0,5856,546839
2024-09-01,VE,Venezuela (Bolivarian Republic of),AMRO,0,552695,0,5856,546839
2024-09-08,VE,Venezuela (Bolivarian Republic of),AMRO,0,552695,0,5856,546839
2024-09-15,VE,Venezuela (Bolivarian Republic of),AMRO,0,552695,0,5856,546839
2024-09-22,VE,Venezuela (Bolivarian Republic of),AMRO,0,552695,0,5856,546839
2024-09-29,VE,Venezuela (Bolivarian Republic of),AMRO,0,552695,0,5856,546839
2024-10-06,VE,Venezuela (Bolivarian Republic of),AMRO,0,552695,0,5856,546839
2024-10-13,VE,Venezuela (Bolivarian Republic of),AMRO,0,552695,0,5856,546839
2024-10-20,VE,Venezuela (Bolivarian Republic of),AMRO,0,552695,0,5856,546839
2024-10-27,VE,Venezuela (Bolivarian Republic of),AMRO,0,552695,0,5856,546839
2024-11-03,VE,Venezuela (Bolivarian Republic of),AMRO,0,552695,0,5856,546839
2024-11-10,VE,Venezuela (Bolivarian Republic of),AMRO,0,552695,0,5856,546839
2024-11-17,VE,Venezuela (Bolivarian Republic of),AMRO,0,552695,0,5856,546839
2020-01-05,VN,Viet Nam,WPRO,0,0,0,0,0
2020-01-12,VN,Viet Nam,WPRO,0,0,0,0,0
2020-01-19,VN,Viet Nam,WPRO,0,0,0,0,0
2020-01-26,VN,Viet Nam,WPRO,2,2,0,0,2
2020-02-02,VN,Viet Nam,WPRO,4,6,0,0,6
2020-02-09,VN,Viet Nam,WPRO,7,13,0,0,13
2020-02-16,VN,Viet Nam,WPRO,3,16,0,0,16
2020-02-23,VN,Viet Nam,WPRO,0,16,0,0,16
2020-03-01,VN,Viet Nam,WPRO,0,16,0,0,16
2020-03-08,VN,Viet Nam,WPRO,4,20,0,0,20
2020-03-15,VN,Viet Nam,WPRO,33,53,0,0,53
2020-03-22,VN,Viet Nam,WPRO,41,94,0,0,94
2020-03-29,VN,Viet Nam,WPRO,80,174,0,0,174
2020-04-05,VN,Viet Nam,WPRO,66,240,0,0,240
2020-04-12,VN,Viet Nam,WPRO,18,258,0,0,258
2020-04-19,VN,Viet Nam,WPRO,10,268,0,0,268
2020-04-26,VN,Viet Nam,WPRO,2,270,0,0,270
2020-05-03,VN,Viet Nam,WPRO,0,270,0,0,270
2020-05-10,VN,Viet Nam,WPRO,18,288,0,0,288
2020-05-17,VN,Viet Nam,WPRO,30,318,0,0,318
2020-05-24,VN,Viet Nam,WPRO,7,325,0,0,325
2020-05-31,VN,Viet Nam,WPRO,3,328,0,0,328
2020-06-07,VN,Viet Nam,WPRO,1,329,0,0,329
2020-06-14,VN,Viet Nam,WPRO,5,334,0,0,334
2020-06-21,VN,Viet Nam,WPRO,15,349,0,0,349
2020-06-28,VN,Viet Nam,WPRO,6,355,0,0,355
2020-07-05,VN,Viet Nam,WPRO,0,355,0,0,355
2020-07-12,VN,Viet Nam,WPRO,15,370,0,0,370
2020-07-19,VN,Viet Nam,WPRO,12,382,0,0,382
2020-07-26,VN,Viet Nam,WPRO,36,418,0,0,418
2020-08-02,VN,Viet Nam,WPRO,172,590,3,3,587
2020-08-09,VN,Viet Nam,WPRO,222,812,7,10,802
2020-08-16,VN,Viet Nam,WPRO,139,951,13,23,928
2020-08-23,VN,Viet Nam,WPRO,63,1014,3,26,988
2020-08-30,VN,Viet Nam,WPRO,26,1040,6,32,1008
2020-09-06,VN,Viet Nam,WPRO,9,1049,3,35,1014
2020-09-13,VN,Viet Nam,WPRO,11,1060,0,35,1025
2020-09-20,VN,Viet Nam,WPRO,8,1068,0,35,1033
2020-09-27,VN,Viet Nam,WPRO,1,1069,0,35,1034
2020-10-04,VN,Viet Nam,WPRO,27,1096,0,35,1061
2020-10-11,VN,Viet Nam,WPRO,11,1107,0,35,1072
2020-10-18,VN,Viet Nam,WPRO,19,1126,0,35,1091
2020-10-25,VN,Viet Nam,WPRO,34,1160,0,35,1125
2020-11-01,VN,Viet Nam,WPRO,20,1180,0,35,1145
2020-11-08,VN,Viet Nam,WPRO,33,1213,0,35,1178
2020-11-15,VN,Viet Nam,WPRO,52,1265,0,35,1230
2020-11-22,VN,Viet Nam,WPRO,41,1306,0,35,1271
2020-11-29,VN,Viet Nam,WPRO,35,1341,0,35,1306
2020-12-06,VN,Viet Nam,WPRO,24,1365,0,35,1330
2020-12-13,VN,Viet Nam,WPRO,30,1395,0,35,1360
2020-12-20,VN,Viet Nam,WPRO,16,1411,0,35,1376
2020-12-27,VN,Viet Nam,WPRO,29,1440,0,35,1405
2021-01-03,VN,Viet Nam,WPRO,54,1494,0,35,1459
2021-01-10,VN,Viet Nam,WPRO,20,1514,0,35,1479
2021-01-17,VN,Viet Nam,WPRO,23,1537,0,35,1502
2021-01-24,VN,Viet Nam,WPRO,11,1548,0,35,1513
2021-01-31,VN,Viet Nam,WPRO,271,1819,0,35,1784
2021-02-07,VN,Viet Nam,WPRO,186,2005,0,35,1970
2021-02-14,VN,Viet Nam,WPRO,224,2229,0,35,2194
2021-02-21,VN,Viet Nam,WPRO,154,2383,0,35,2348
2021-02-28,VN,Viet Nam,WPRO,65,2448,0,35,2413
2021-03-07,VN,Viet Nam,WPRO,64,2512,0,35,2477
2021-03-14,VN,Viet Nam,WPRO,42,2554,0,35,2519
2021-03-21,VN,Viet Nam,WPRO,18,2572,0,35,2537
2021-03-28,VN,Viet Nam,WPRO,19,2591,0,35,2556
2021-04-04,VN,Viet Nam,WPRO,40,2631,0,35,2596
2021-04-11,VN,Viet Nam,WPRO,65,2696,0,35,2661
2021-04-18,VN,Viet Nam,WPRO,89,2785,0,35,2750
2021-04-25,VN,Viet Nam,WPRO,61,2846,0,35,2811
2021-05-02,VN,Viet Nam,WPRO,116,2962,0,35,2927
2021-05-09,VN,Viet Nam,WPRO,450,3412,0,35,3377
2021-05-16,VN,Viet Nam,WPRO,800,4212,2,37,4175
2021-05-23,VN,Viet Nam,WPRO,1063,5275,5,42,5233
2021-05-30,VN,Viet Nam,WPRO,1893,7168,5,47,7121
2021-06-06,VN,Viet Nam,WPRO,1623,8791,6,53,8738
2021-06-13,VN,Viet Nam,WPRO,1839,10630,7,60,10570
2021-06-20,VN,Viet Nam,WPRO,2628,13258,7,67,13191
2021-06-27,VN,Viet Nam,WPRO,2482,15740,13,80,15660
2021-07-04,VN,Viet Nam,WPRO,4521,20261,19,99,20162
2021-07-11,VN,Viet Nam,WPRO,10217,30478,63,162,30316
2021-07-18,VN,Viet Nam,WPRO,25367,55845,92,254,55591
2021-07-25,VN,Viet Nam,WPRO,45328,101173,116,370,100803
2021-08-01,VN,Viet Nam,WPRO,56334,157507,936,1306,156201
2021-08-08,VN,Viet Nam,WPRO,58053,215560,2091,3397,212163
2021-08-15,VN,Viet Nam,WPRO,59484,275044,2377,5774,269270
2021-08-22,VN,Viet Nam,WPRO,73015,348059,2503,8277,339782
2021-08-29,VN,Viet Nam,WPRO,87206,435265,2472,10749,424516
2021-09-05,VN,Viet Nam,WPRO,89042,524307,2325,13074,511233
2021-09-12,VN,Viet Nam,WPRO,89068,613375,2205,15279,598096
2021-09-19,VN,Viet Nam,WPRO,73688,687063,1811,17090,669973
2021-09-26,VN,Viet Nam,WPRO,69626,756689,1494,18584,738105
2021-10-03,VN,Viet Nam,WPRO,51889,808578,1131,19715,788863
2021-10-10,VN,Viet Nam,WPRO,31084,839662,840,20555,819107
2021-10-17,VN,Viet Nam,WPRO,24391,864053,639,21194,842859
2021-10-24,VN,Viet Nam,WPRO,24887,888940,479,21673,867267
2021-10-31,VN,Viet Nam,WPRO,32182,921122,410,22083,899039
2021-11-07,VN,Viet Nam,WPRO,47562,968684,448,22531,946153
2021-11-14,VN,Viet Nam,WPRO,57838,1026522,551,23082,1003440
2021-11-21,VN,Viet Nam,WPRO,67992,1094514,679,23761,1070753
2021-11-28,VN,Viet Nam,WPRO,115826,1210340,1121,24882,1185458
2021-12-05,VN,Viet Nam,WPRO,98752,1309092,1378,26260,1282832
2021-12-12,VN,Viet Nam,WPRO,103959,1413051,1579,27839,1385212
2021-12-19,VN,Viet Nam,WPRO,127427,1540478,1727,29566,1510912
2021-12-26,VN,Viet Nam,WPRO,111195,1651673,1648,31214,1620459
2022-01-02,VN,Viet Nam,WPRO,111367,1763040,1617,32831,1730209
2022-01-09,VN,Viet Nam,WPRO,136535,1899575,1488,34319,1865256
2022-01-16,VN,Viet Nam,WPRO,123971,2023546,1290,35609,1987937
2022-01-23,VN,Viet Nam,WPRO,117876,2141422,1110,36719,2104703
2022-01-30,VN,Viet Nam,WPRO,121631,2263053,949,37668,2225385
2022-02-06,VN,Viet Nam,WPRO,78918,2341971,656,38324,2303647
2022-02-13,VN,Viet Nam,WPRO,168889,2510860,622,38946,2471914
2022-02-20,VN,Viet Nam,WPRO,276633,2787493,555,39501,2747992
2022-02-27,VN,Viet Nam,WPRO,533512,3321005,643,40144,3280861
2022-03-06,VN,Viet Nam,WPRO,1113695,4434700,669,40813,4393887
2022-03-13,VN,Viet Nam,WPRO,1677948,6112648,572,41385,6071263
2022-03-20,VN,Viet Nam,WPRO,1845400,7958048,495,41880,7916168
2022-03-27,VN,Viet Nam,WPRO,1053425,9011473,426,42306,8969167
2022-04-03,VN,Viet Nam,WPRO,806855,9818328,294,42600,9775728
2022-04-10,VN,Viet Nam,WPRO,379908,10198236,213,42813,10155423
2022-04-17,VN,Viet Nam,WPRO,234311,10432547,131,42944,10389603
2022-04-24,VN,Viet Nam,WPRO,130955,10563502,69,43013,10520489
2022-05-01,VN,Viet Nam,WPRO,90024,10653526,29,43042,10610484
2022-05-08,VN,Viet Nam,WPRO,22658,10676184,14,43056,10633128
2022-05-15,VN,Viet Nam,WPRO,20446,10696630,9,43065,10653565
2022-05-22,VN,Viet Nam,WPRO,12257,10708887,10,43075,10665812
2022-05-29,VN,Viet Nam,WPRO,8364,10717251,3,43078,10674173
2022-06-05,VN,Viet Nam,WPRO,7988,10725239,3,43081,10682158
2022-06-12,VN,Viet Nam,WPRO,6573,10731812,2,43083,10688729
2022-06-19,VN,Viet Nam,WPRO,5828,10737640,0,43083,10694557
2022-06-26,VN,Viet Nam,WPRO,5808,10743448,1,43084,10700364
2022-07-03,VN,Viet Nam,WPRO,4679,10748127,4,43088,10705039
2022-07-10,VN,Viet Nam,WPRO,6221,10754348,1,43089,10711259
2022-07-17,VN,Viet Nam,WPRO,5502,10759850,2,43091,10716759
2022-07-24,VN,Viet Nam,WPRO,7350,10767200,1,43092,10724108
2022-07-31,VN,Viet Nam,WPRO,7479,10774679,1,43093,10731586
2022-08-07,VN,Viet Nam,WPRO,571458,11346137,1,43094,11303043
2022-08-14,VN,Viet Nam,WPRO,18218,11364355,4,43098,11321257
2022-08-21,VN,Viet Nam,WPRO,17903,11382258,8,43106,11339152
2022-08-28,VN,Viet Nam,WPRO,19339,11401597,7,43113,11358484
2022-09-04,VN,Viet Nam,WPRO,15906,11417503,9,43122,11374381
2022-09-11,VN,Viet Nam,WPRO,20467,11437970,8,43130,11394840
2022-09-18,VN,Viet Nam,WPRO,18588,11456558,11,43141,11413417
2022-09-25,VN,Viet Nam,WPRO,14782,11471340,5,43146,11428194
2022-10-02,VN,Viet Nam,WPRO,8688,11480028,5,43151,11436877
2022-10-09,VN,Viet Nam,WPRO,5333,11485361,2,43153,11442208
2022-10-16,VN,Viet Nam,WPRO,6912,11492273,2,43155,11449118
2022-10-23,VN,Viet Nam,WPRO,4556,11496829,4,43159,11453670
2022-10-30,VN,Viet Nam,WPRO,5340,11502169,4,43163,11459006
2022-11-06,VN,Viet Nam,WPRO,3439,11505608,3,43166,11462442
2022-11-13,VN,Viet Nam,WPRO,2839,11508447,0,43166,11465281
2022-11-20,VN,Viet Nam,WPRO,2731,11511178,3,43169,11468009
2022-11-27,VN,Viet Nam,WPRO,2996,11514174,1,43170,11471004
2022-12-04,VN,Viet Nam,WPRO,3343,11517517,7,43177,11474340
2022-12-11,VN,Viet Nam,WPRO,2928,11520445,2,43179,11477266
2022-12-18,VN,Viet Nam,WPRO,2305,11522750,1,43180,11479570
2022-12-25,VN,Viet Nam,WPRO,1452,11524202,4,43184,11481018
2023-01-01,VN,Viet Nam,WPRO,1029,11525231,2,43186,11482045
2023-01-08,VN,Viet Nam,WPRO,480,11525711,0,43186,11482525
2023-01-15,VN,Viet Nam,WPRO,407,11526118,0,43186,11482932
2023-01-22,VN,Viet Nam,WPRO,200,11526318,0,43186,11483132
2023-01-29,VN,Viet Nam,WPRO,77,11526395,0,43186,11483209
2023-02-05,VN,Viet Nam,WPRO,171,11526566,0,43186,11483380
2023-02-12,VN,Viet Nam,WPRO,85,11526651,0,43186,11483465
2023-02-19,VN,Viet Nam,WPRO,155,11526806,0,43186,11483620
2023-02-26,VN,Viet Nam,WPRO,85,11526891,0,43186,11483705
2023-03-05,VN,Viet Nam,WPRO,59,11526950,0,43186,11483764
2023-03-12,VN,Viet Nam,WPRO,83,11527033,0,43186,11483847
2023-03-19,VN,Viet Nam,WPRO,83,11527116,0,43186,11483930
2023-03-26,VN,Viet Nam,WPRO,87,11527203,0,43186,11484017
2023-04-02,VN,Viet Nam,WPRO,113,11527316,0,43186,11484130
2023-04-09,VN,Viet Nam,WPRO,385,11527701,0,43186,11484515
2023-04-16,VN,Viet Nam,WPRO,2655,11530356,0,43186,11487170
2023-04-23,VN,Viet Nam,WPRO,12704,11543060,1,43187,11499873
2023-04-30,VN,Viet Nam,WPRO,16802,11559862,4,43191,11516671
2023-05-07,VN,Viet Nam,WPRO,14069,11573931,5,43196,11530735
2023-05-14,VN,Viet Nam,WPRO,15636,11589567,5,43201,11546366
2023-05-21,VN,Viet Nam,WPRO,12192,11601759,2,43203,11558556
2023-05-28,VN,Viet Nam,WPRO,7778,11609537,3,43206,11566331
2023-06-04,VN,Viet Nam,WPRO,5046,11614583,0,43206,11571377
2023-06-11,VN,Viet Nam,WPRO,2914,11617497,0,43206,11574291
2023-06-18,VN,Viet Nam,WPRO,1770,11619267,0,43206,11576061
2023-06-25,VN,Viet Nam,WPRO,780,11620047,0,43206,11576841
2023-07-02,VN,Viet Nam,WPRO,549,11620596,0,43206,11577390
2023-07-09,VN,Viet Nam,WPRO,437,11621033,0,43206,11577827
2023-07-16,VN,Viet Nam,WPRO,287,11621320,0,43206,11578114
2023-07-23,VN,Viet Nam,WPRO,279,11621599,0,43206,11578393
2023-07-30,VN,Viet Nam,WPRO,199,11621798,0,43206,11578592
2023-08-06,VN,Viet Nam,WPRO,180,11621978,0,43206,11578772
2023-08-13,VN,Viet Nam,WPRO,226,11622204,0,43206,11578998
2023-08-20,VN,Viet Nam,WPRO,200,11622404,0,43206,11579198
2023-08-27,VN,Viet Nam,WPRO,279,11622683,0,43206,11579477
2023-09-03,VN,Viet Nam,WPRO,229,11622912,0,43206,11579706
2023-09-10,VN,Viet Nam,WPRO,270,11623182,0,43206,11579976
2023-09-17,VN,Viet Nam,WPRO,190,11623372,0,43206,11580166
2023-09-24,VN,Viet Nam,WPRO,199,11623571,0,43206,11580365
2023-10-01,VN,Viet Nam,WPRO,127,11623698,0,43206,11580492
2023-10-08,VN,Viet Nam,WPRO,147,11623845,0,43206,11580639
2023-10-15,VN,Viet Nam,WPRO,142,11623987,0,43206,11580781
2023-10-22,VN,Viet Nam,WPRO,13,11624000,0,43206,11580794
2023-10-29,VN,Viet Nam,WPRO,0,11624000,0,43206,11580794
2023-11-05,VN,Viet Nam,WPRO,0,11624000,0,43206,11580794
2023-11-12,VN,Viet Nam,WPRO,0,11624000,0,43206,11580794
2023-11-19,VN,Viet Nam,WPRO,0,11624000,0,43206,11580794
2023-11-26,VN,Viet Nam,WPRO,0,11624000,0,43206,11580794
2023-12-03,VN,Viet Nam,WPRO,0,11624000,0,43206,11580794
2023-12-10,VN,Viet Nam,WPRO,0,11624000,0,43206,11580794
2023-12-17,VN,Viet Nam,WPRO,0,11624000,0,43206,11580794
2023-12-24,VN,Viet Nam,WPRO,0,11624000,0,43206,11580794
2023-12-31,VN,Viet Nam,WPRO,0,11624000,0,43206,11580794
2024-01-07,VN,Viet Nam,WPRO,0,11624000,0,43206,11580794
2024-01-14,VN,Viet Nam,WPRO,0,11624000,0,43206,11580794
2024-01-21,VN,Viet Nam,WPRO,0,11624000,0,43206,11580794
2024-01-28,VN,Viet Nam,WPRO,0,11624000,0,43206,11580794
2024-02-04,VN,Viet Nam,WPRO,0,11624000,0,43206,11580794
2024-02-11,VN,Viet Nam,WPRO,0,11624000,0,43206,11580794
2024-02-18,VN,Viet Nam,WPRO,0,11624000,0,43206,11580794
2024-02-25,VN,Viet Nam,WPRO,0,11624000,0,43206,11580794
2024-03-03,VN,Viet Nam,WPRO,0,11624000,0,43206,11580794
2024-03-10,VN,Viet Nam,WPRO,0,11624000,0,43206,11580794
2024-03-17,VN,Viet Nam,WPRO,0,11624000,0,43206,11580794
2024-03-24,VN,Viet Nam,WPRO,0,11624000,0,43206,11580794
2024-03-31,VN,Viet Nam,WPRO,0,11624000,0,43206,11580794
2024-04-07,VN,Viet Nam,WPRO,0,11624000,0,43206,11580794
2024-04-14,VN,Viet Nam,WPRO,0,11624000,0,43206,11580794
2024-04-21,VN,Viet Nam,WPRO,0,11624000,0,43206,11580794
2024-04-28,VN,Viet Nam,WPRO,0,11624000,0,43206,11580794
2024-05-05,VN,Viet Nam,WPRO,0,11624000,0,43206,11580794
2024-05-12,VN,Viet Nam,WPRO,0,11624000,0,43206,11580794
2024-05-19,VN,Viet Nam,WPRO,0,11624000,0,43206,11580794
2024-05-26,VN,Viet Nam,WPRO,0,11624000,0,43206,11580794
2024-06-02,VN,Viet Nam,WPRO,0,11624000,0,43206,11580794
2024-06-09,VN,Viet Nam,WPRO,0,11624000,0,43206,11580794
2024-06-16,VN,Viet Nam,WPRO,0,11624000,0,43206,11580794
2024-06-23,VN,Viet Nam,WPRO,0,11624000,0,43206,11580794
2024-06-30,VN,Viet Nam,WPRO,0,11624000,0,43206,11580794
2024-07-07,VN,Viet Nam,WPRO,0,11624000,0,43206,11580794
2024-07-14,VN,Viet Nam,WPRO,0,11624000,0,43206,11580794
2024-07-21,VN,Viet Nam,WPRO,0,11624000,0,43206,11580794
2024-07-28,VN,Viet Nam,WPRO,0,11624000,0,43206,11580794
2024-08-04,VN,Viet Nam,WPRO,0,11624000,0,43206,11580794
2024-08-11,VN,Viet Nam,WPRO,0,11624000,0,43206,11580794
2024-08-18,VN,Viet Nam,WPRO,0,11624000,0,43206,11580794
2024-08-25,VN,Viet Nam,WPRO,0,11624000,0,43206,11580794
2024-09-01,VN,Viet Nam,WPRO,0,11624000,0,43206,11580794
2024-09-08,VN,Viet Nam,WPRO,0,11624000,0,43206,11580794
2024-09-15,VN,Viet Nam,WPRO,0,11624000,0,43206,11580794
2024-09-22,VN,Viet Nam,WPRO,0,11624000,0,43206,11580794
2024-09-29,VN,Viet Nam,WPRO,0,11624000,0,43206,11580794
2024-10-06,VN,Viet Nam,WPRO,0,11624000,0,43206,11580794
2024-10-13,VN,Viet Nam,WPRO,0,11624000,0,43206,11580794
2024-10-20,VN,Viet Nam,WPRO,0,11624000,0,43206,11580794
2024-10-27,VN,Viet Nam,WPRO,0,11624000,0,43206,11580794
2024-11-03,VN,Viet Nam,WPRO,0,11624000,0,43206,11580794
2024-11-10,VN,Viet Nam,WPRO,0,11624000,0,43206,11580794
2024-11-17,VN,Viet Nam,WPRO,0,11624000,0,43206,11580794
2020-01-05,WF,Wallis and Futuna,WPRO,0,0,0,0,0
2020-01-12,WF,Wallis and Futuna,WPRO,0,0,0,0,0
2020-01-19,WF,Wallis and Futuna,WPRO,0,0,0,0,0
2020-01-26,WF,Wallis and Futuna,WPRO,0,0,0,0,0
2020-02-02,WF,Wallis and Futuna,WPRO,0,0,0,0,0
2020-02-09,WF,Wallis and Futuna,WPRO,0,0,0,0,0
2020-02-16,WF,Wallis and Futuna,WPRO,0,0,0,0,0
2020-02-23,WF,Wallis and Futuna,WPRO,0,0,0,0,0
2020-03-01,WF,Wallis and Futuna,WPRO,0,0,0,0,0
2020-03-08,WF,Wallis and Futuna,WPRO,0,0,0,0,0
2020-03-15,WF,Wallis and Futuna,WPRO,0,0,0,0,0
2020-03-22,WF,Wallis and Futuna,WPRO,0,0,0,0,0
2020-03-29,WF,Wallis and Futuna,WPRO,0,0,0,0,0
2020-04-05,WF,Wallis and Futuna,WPRO,0,0,0,0,0
2020-04-12,WF,Wallis and Futuna,WPRO,0,0,0,0,0
2020-04-19,WF,Wallis and Futuna,WPRO,0,0,0,0,0
2020-04-26,WF,Wallis and Futuna,WPRO,0,0,0,0,0
2020-05-03,WF,Wallis and Futuna,WPRO,0,0,0,0,0
2020-05-10,WF,Wallis and Futuna,WPRO,0,0,0,0,0
2020-05-17,WF,Wallis and Futuna,WPRO,0,0,0,0,0
2020-05-24,WF,Wallis and Futuna,WPRO,0,0,0,0,0
2020-05-31,WF,Wallis and Futuna,WPRO,0,0,0,0,0
2020-06-07,WF,Wallis and Futuna,WPRO,0,0,0,0,0
2020-06-14,WF,Wallis and Futuna,WPRO,0,0,0,0,0
2020-06-21,WF,Wallis and Futuna,WPRO,0,0,0,0,0
2020-06-28,WF,Wallis and Futuna,WPRO,0,0,0,0,0
2020-07-05,WF,Wallis and Futuna,WPRO,0,0,0,0,0
2020-07-12,WF,Wallis and Futuna,WPRO,0,0,0,0,0
2020-07-19,WF,Wallis and Futuna,WPRO,0,0,0,0,0
2020-07-26,WF,Wallis and Futuna,WPRO,0,0,0,0,0
2020-08-02,WF,Wallis and Futuna,WPRO,0,0,0,0,0
2020-08-09,WF,Wallis and Futuna,WPRO,0,0,0,0,0
2020-08-16,WF,Wallis and Futuna,WPRO,0,0,0,0,0
2020-08-23,WF,Wallis and Futuna,WPRO,0,0,0,0,0
2020-08-30,WF,Wallis and Futuna,WPRO,0,0,0,0,0
2020-09-06,WF,Wallis and Futuna,WPRO,0,0,0,0,0
2020-09-13,WF,Wallis and Futuna,WPRO,0,0,0,0,0
2020-09-20,WF,Wallis and Futuna,WPRO,0,0,0,0,0
2020-09-27,WF,Wallis and Futuna,WPRO,0,0,0,0,0
2020-10-04,WF,Wallis and Futuna,WPRO,0,0,0,0,0
2020-10-11,WF,Wallis and Futuna,WPRO,0,0,0,0,0
2020-10-18,WF,Wallis and Futuna,WPRO,0,0,0,0,0
2020-10-25,WF,Wallis and Futuna,WPRO,1,1,0,0,1
2020-11-01,WF,Wallis and Futuna,WPRO,0,1,0,0,1
2020-11-08,WF,Wallis and Futuna,WPRO,0,1,0,0,1
2020-11-15,WF,Wallis and Futuna,WPRO,0,1,0,0,1
2020-11-22,WF,Wallis and Futuna,WPRO,1,2,0,0,2
2020-11-29,WF,Wallis and Futuna,WPRO,1,3,0,0,3
2020-12-06,WF,Wallis and Futuna,WPRO,0,3,0,0,3
2020-12-13,WF,Wallis and Futuna,WPRO,0,3,0,0,3
2020-12-20,WF,Wallis and Futuna,WPRO,1,4,0,0,4
2020-12-27,WF,Wallis and Futuna,WPRO,0,4,0,0,4
2021-01-03,WF,Wallis and Futuna,WPRO,0,4,0,0,4
2021-01-10,WF,Wallis and Futuna,WPRO,0,4,0,0,4
2021-01-17,WF,Wallis and Futuna,WPRO,0,4,0,0,4
2021-01-24,WF,Wallis and Futuna,WPRO,0,4,0,0,4
2021-01-31,WF,Wallis and Futuna,WPRO,1,5,0,0,5
2021-02-07,WF,Wallis and Futuna,WPRO,0,5,0,0,5
2021-02-14,WF,Wallis and Futuna,WPRO,4,9,0,0,9
2021-02-21,WF,Wallis and Futuna,WPRO,0,9,0,0,9
2021-02-28,WF,Wallis and Futuna,WPRO,0,9,0,0,9
2021-03-07,WF,Wallis and Futuna,WPRO,1,10,0,0,10
2021-03-14,WF,Wallis and Futuna,WPRO,166,176,0,0,176
2021-03-21,WF,Wallis and Futuna,WPRO,135,311,0,0,311
2021-03-28,WF,Wallis and Futuna,WPRO,65,376,0,0,376
2021-04-04,WF,Wallis and Futuna,WPRO,49,425,0,0,425
2021-04-11,WF,Wallis and Futuna,WPRO,16,441,0,0,441
2021-04-18,WF,Wallis and Futuna,WPRO,6,447,0,0,447
2021-04-25,WF,Wallis and Futuna,WPRO,2,449,0,0,449
2021-05-02,WF,Wallis and Futuna,WPRO,4,453,0,0,453
2021-05-09,WF,Wallis and Futuna,WPRO,0,453,0,0,453
2021-05-16,WF,Wallis and Futuna,WPRO,0,453,0,0,453
2021-05-23,WF,Wallis and Futuna,WPRO,0,453,0,0,453
2021-05-30,WF,Wallis and Futuna,WPRO,0,453,7,7,446
2021-06-06,WF,Wallis and Futuna,WPRO,0,453,0,7,446
2021-06-13,WF,Wallis and Futuna,WPRO,0,453,0,7,446
2021-06-20,WF,Wallis and Futuna,WPRO,0,453,0,7,446
2021-06-27,WF,Wallis and Futuna,WPRO,0,453,0,7,446
2021-07-04,WF,Wallis and Futuna,WPRO,0,453,0,7,446
2021-07-11,WF,Wallis and Futuna,WPRO,0,453,0,7,446
2021-07-18,WF,Wallis and Futuna,WPRO,0,453,0,7,446
2021-07-25,WF,Wallis and Futuna,WPRO,0,453,0,7,446
2021-08-01,WF,Wallis and Futuna,WPRO,0,453,0,7,446
2021-08-08,WF,Wallis and Futuna,WPRO,0,453,0,7,446
2021-08-15,WF,Wallis and Futuna,WPRO,0,453,0,7,446
2021-08-22,WF,Wallis and Futuna,WPRO,0,453,0,7,446
2021-08-29,WF,Wallis and Futuna,WPRO,0,453,0,7,446
2021-09-05,WF,Wallis and Futuna,WPRO,0,453,0,7,446
2021-09-12,WF,Wallis and Futuna,WPRO,0,453,0,7,446
2021-09-19,WF,Wallis and Futuna,WPRO,0,453,0,7,446
2021-09-26,WF,Wallis and Futuna,WPRO,0,453,0,7,446
2021-10-03,WF,Wallis and Futuna,WPRO,0,453,0,7,446
2021-10-10,WF,Wallis and Futuna,WPRO,0,453,0,7,446
2021-10-17,WF,Wallis and Futuna,WPRO,0,453,0,7,446
2021-10-24,WF,Wallis and Futuna,WPRO,0,453,0,7,446
2021-10-31,WF,Wallis and Futuna,WPRO,0,453,0,7,446
2021-11-07,WF,Wallis and Futuna,WPRO,0,453,0,7,446
2021-11-14,WF,Wallis and Futuna,WPRO,0,453,0,7,446
2021-11-21,WF,Wallis and Futuna,WPRO,0,453,0,7,446
2021-11-28,WF,Wallis and Futuna,WPRO,0,453,0,7,446
2021-12-05,WF,Wallis and Futuna,WPRO,0,453,0,7,446
2021-12-12,WF,Wallis and Futuna,WPRO,0,453,0,7,446
2021-12-19,WF,Wallis and Futuna,WPRO,0,453,0,7,446
2021-12-26,WF,Wallis and Futuna,WPRO,0,453,0,7,446
2022-01-02,WF,Wallis and Futuna,WPRO,0,453,0,7,446
2022-01-09,WF,Wallis and Futuna,WPRO,0,453,0,7,446
2022-01-16,WF,Wallis and Futuna,WPRO,0,453,0,7,446
2022-01-23,WF,Wallis and Futuna,WPRO,0,453,0,7,446
2022-01-30,WF,Wallis and Futuna,WPRO,0,453,0,7,446
2022-02-06,WF,Wallis and Futuna,WPRO,0,453,0,7,446
2022-02-13,WF,Wallis and Futuna,WPRO,0,453,0,7,446
2022-02-20,WF,Wallis and Futuna,WPRO,0,453,0,7,446
2022-02-27,WF,Wallis and Futuna,WPRO,0,453,0,7,446
2022-03-06,WF,Wallis and Futuna,WPRO,0,453,0,7,446
2022-03-13,WF,Wallis and Futuna,WPRO,0,453,0,7,446
2022-03-20,WF,Wallis and Futuna,WPRO,0,453,0,7,446
2022-03-27,WF,Wallis and Futuna,WPRO,0,453,0,7,446
2022-04-03,WF,Wallis and Futuna,WPRO,0,453,0,7,446
2022-04-10,WF,Wallis and Futuna,WPRO,0,453,0,7,446
2022-04-17,WF,Wallis and Futuna,WPRO,1,454,0,7,447
2022-04-24,WF,Wallis and Futuna,WPRO,0,454,0,7,447
2022-05-01,WF,Wallis and Futuna,WPRO,0,454,0,7,447
2022-05-08,WF,Wallis and Futuna,WPRO,0,454,0,7,447
2022-05-15,WF,Wallis and Futuna,WPRO,0,454,0,7,447
2022-05-22,WF,Wallis and Futuna,WPRO,0,454,0,7,447
2022-05-29,WF,Wallis and Futuna,WPRO,0,454,0,7,447
2022-06-05,WF,Wallis and Futuna,WPRO,0,454,0,7,447
2022-06-12,WF,Wallis and Futuna,WPRO,0,454,0,7,447
2022-06-19,WF,Wallis and Futuna,WPRO,0,454,0,7,447
2022-06-26,WF,Wallis and Futuna,WPRO,0,454,0,7,447
2022-07-03,WF,Wallis and Futuna,WPRO,0,454,0,7,447
2022-07-10,WF,Wallis and Futuna,WPRO,2,456,0,7,449
2022-07-17,WF,Wallis and Futuna,WPRO,0,456,0,7,449
2022-07-24,WF,Wallis and Futuna,WPRO,131,587,0,7,580
2022-07-31,WF,Wallis and Futuna,WPRO,174,761,0,7,754
2022-08-07,WF,Wallis and Futuna,WPRO,0,761,0,7,754
2022-08-14,WF,Wallis and Futuna,WPRO,0,761,0,7,754
2022-08-21,WF,Wallis and Futuna,WPRO,0,761,0,7,754
2022-08-28,WF,Wallis and Futuna,WPRO,0,761,0,7,754
2022-09-04,WF,Wallis and Futuna,WPRO,0,761,0,7,754
2022-09-11,WF,Wallis and Futuna,WPRO,0,761,0,7,754
2022-09-18,WF,Wallis and Futuna,WPRO,0,761,0,7,754
2022-09-25,WF,Wallis and Futuna,WPRO,0,761,0,7,754
2022-10-02,WF,Wallis and Futuna,WPRO,0,761,0,7,754
2022-10-09,WF,Wallis and Futuna,WPRO,0,761,0,7,754
2022-10-16,WF,Wallis and Futuna,WPRO,2654,3415,0,7,3408
2022-10-23,WF,Wallis and Futuna,WPRO,0,3415,0,7,3408
2022-10-30,WF,Wallis and Futuna,WPRO,0,3415,0,7,3408
2022-11-06,WF,Wallis and Futuna,WPRO,0,3415,0,7,3408
2022-11-13,WF,Wallis and Futuna,WPRO,0,3415,0,7,3408
2022-11-20,WF,Wallis and Futuna,WPRO,0,3415,0,7,3408
2022-11-27,WF,Wallis and Futuna,WPRO,0,3415,0,7,3408
2022-12-04,WF,Wallis and Futuna,WPRO,0,3415,0,7,3408
2022-12-11,WF,Wallis and Futuna,WPRO,0,3415,0,7,3408
2022-12-18,WF,Wallis and Futuna,WPRO,0,3415,0,7,3408
2022-12-25,WF,Wallis and Futuna,WPRO,0,3415,0,7,3408
2023-01-01,WF,Wallis and Futuna,WPRO,12,3427,0,7,3420
2023-01-08,WF,Wallis and Futuna,WPRO,0,3427,0,7,3420
2023-01-15,WF,Wallis and Futuna,WPRO,0,3427,0,7,3420
2023-01-22,WF,Wallis and Futuna,WPRO,0,3427,0,7,3420
2023-01-29,WF,Wallis and Futuna,WPRO,0,3427,0,7,3420
2023-02-05,WF,Wallis and Futuna,WPRO,0,3427,0,7,3420
2023-02-12,WF,Wallis and Futuna,WPRO,0,3427,0,7,3420
2023-02-19,WF,Wallis and Futuna,WPRO,0,3427,0,7,3420
2023-02-26,WF,Wallis and Futuna,WPRO,0,3427,0,7,3420
2023-03-05,WF,Wallis and Futuna,WPRO,0,3427,0,7,3420
2023-03-12,WF,Wallis and Futuna,WPRO,0,3427,0,7,3420
2023-03-19,WF,Wallis and Futuna,WPRO,0,3427,0,7,3420
2023-03-26,WF,Wallis and Futuna,WPRO,0,3427,0,7,3420
2023-04-02,WF,Wallis and Futuna,WPRO,0,3427,0,7,3420
2023-04-09,WF,Wallis and Futuna,WPRO,0,3427,0,7,3420
2023-04-16,WF,Wallis and Futuna,WPRO,0,3427,0,7,3420
2023-04-23,WF,Wallis and Futuna,WPRO,0,3427,0,7,3420
2023-04-30,WF,Wallis and Futuna,WPRO,0,3427,0,7,3420
2023-05-07,WF,Wallis and Futuna,WPRO,0,3427,0,7,3420
2023-05-14,WF,Wallis and Futuna,WPRO,0,3427,0,7,3420
2023-05-21,WF,Wallis and Futuna,WPRO,81,3508,0,7,3501
2023-05-28,WF,Wallis and Futuna,WPRO,0,3508,0,7,3501
2023-06-04,WF,Wallis and Futuna,WPRO,42,3550,1,8,3542
2023-06-11,WF,Wallis and Futuna,WPRO,0,3550,0,8,3542
2023-06-18,WF,Wallis and Futuna,WPRO,0,3550,0,8,3542
2023-06-25,WF,Wallis and Futuna,WPRO,0,3550,0,8,3542
2023-07-02,WF,Wallis and Futuna,WPRO,0,3550,0,8,3542
2023-07-09,WF,Wallis and Futuna,WPRO,0,3550,0,8,3542
2023-07-16,WF,Wallis and Futuna,WPRO,0,3550,0,8,3542
2023-07-23,WF,Wallis and Futuna,WPRO,0,3550,0,8,3542
2023-07-30,WF,Wallis and Futuna,WPRO,0,3550,0,8,3542
2023-08-06,WF,Wallis and Futuna,WPRO,0,3550,0,8,3542
2023-08-13,WF,Wallis and Futuna,WPRO,0,3550,0,8,3542
2023-08-20,WF,Wallis and Futuna,WPRO,0,3550,0,8,3542
2023-08-27,WF,Wallis and Futuna,WPRO,0,3550,0,8,3542
2023-09-03,WF,Wallis and Futuna,WPRO,0,3550,0,8,3542
2023-09-10,WF,Wallis and Futuna,WPRO,0,3550,0,8,3542
2023-09-17,WF,Wallis and Futuna,WPRO,0,3550,0,8,3542
2023-09-24,WF,Wallis and Futuna,WPRO,0,3550,0,8,3542
2023-10-01,WF,Wallis and Futuna,WPRO,0,3550,0,8,3542
2023-10-08,WF,Wallis and Futuna,WPRO,0,3550,0,8,3542
2023-10-15,WF,Wallis and Futuna,WPRO,0,3550,0,8,3542
2023-10-22,WF,Wallis and Futuna,WPRO,0,3550,0,8,3542
2023-10-29,WF,Wallis and Futuna,WPRO,0,3550,0,8,3542
2023-11-05,WF,Wallis and Futuna,WPRO,0,3550,0,8,3542
2023-11-12,WF,Wallis and Futuna,WPRO,0,3550,0,8,3542
2023-11-19,WF,Wallis and Futuna,WPRO,0,3550,0,8,3542
2023-11-26,WF,Wallis and Futuna,WPRO,0,3550,0,8,3542
2023-12-03,WF,Wallis and Futuna,WPRO,0,3550,0,8,3542
2023-12-10,WF,Wallis and Futuna,WPRO,0,3550,0,8,3542
2023-12-17,WF,Wallis and Futuna,WPRO,0,3550,0,8,3542
2023-12-24,WF,Wallis and Futuna,WPRO,0,3550,0,8,3542
2023-12-31,WF,Wallis and Futuna,WPRO,0,3550,0,8,3542
2024-01-07,WF,Wallis and Futuna,WPRO,0,3550,0,8,3542
2024-01-14,WF,Wallis and Futuna,WPRO,0,3550,0,8,3542
2024-01-21,WF,Wallis and Futuna,WPRO,0,3550,0,8,3542
2024-01-28,WF,Wallis and Futuna,WPRO,0,3550,0,8,3542
2024-02-04,WF,Wallis and Futuna,WPRO,0,3550,0,8,3542
2024-02-11,WF,Wallis and Futuna,WPRO,0,3550,0,8,3542
2024-02-18,WF,Wallis and Futuna,WPRO,0,3550,0,8,3542
2024-02-25,WF,Wallis and Futuna,WPRO,0,3550,0,8,3542
2024-03-03,WF,Wallis and Futuna,WPRO,210,3760,1,9,3751
2024-03-10,WF,Wallis and Futuna,WPRO,0,3760,0,9,3751
2024-03-17,WF,Wallis and Futuna,WPRO,0,3760,0,9,3751
2024-03-24,WF,Wallis and Futuna,WPRO,0,3760,0,9,3751
2024-03-31,WF,Wallis and Futuna,WPRO,0,3760,0,9,3751
2024-04-07,WF,Wallis and Futuna,WPRO,0,3760,0,9,3751
2024-04-14,WF,Wallis and Futuna,WPRO,0,3760,0,9,3751
2024-04-21,WF,Wallis and Futuna,WPRO,0,3760,0,9,3751
2024-04-28,WF,Wallis and Futuna,WPRO,0,3760,0,9,3751
2024-05-05,WF,Wallis and Futuna,WPRO,0,3760,0,9,3751
2024-05-12,WF,Wallis and Futuna,WPRO,0,3760,0,9,3751
2024-05-19,WF,Wallis and Futuna,WPRO,0,3760,0,9,3751
2024-05-26,WF,Wallis and Futuna,WPRO,0,3760,0,9,3751
2024-06-02,WF,Wallis and Futuna,WPRO,0,3760,0,9,3751
2024-06-09,WF,Wallis and Futuna,WPRO,0,3760,0,9,3751
2024-06-16,WF,Wallis and Futuna,WPRO,0,3760,0,9,3751
2024-06-23,WF,Wallis and Futuna,WPRO,0,3760,0,9,3751
2024-06-30,WF,Wallis and Futuna,WPRO,0,3760,0,9,3751
2024-07-07,WF,Wallis and Futuna,WPRO,0,3760,0,9,3751
2024-07-14,WF,Wallis and Futuna,WPRO,0,3760,0,9,3751
2024-07-21,WF,Wallis and Futuna,WPRO,0,3760,0,9,3751
2024-07-28,WF,Wallis and Futuna,WPRO,0,3760,0,9,3751
2024-08-04,WF,Wallis and Futuna,WPRO,0,3760,0,9,3751
2024-08-11,WF,Wallis and Futuna,WPRO,0,3760,0,9,3751
2024-08-18,WF,Wallis and Futuna,WPRO,0,3760,0,9,3751
2024-08-25,WF,Wallis and Futuna,WPRO,0,3760,0,9,3751
2024-09-01,WF,Wallis and Futuna,WPRO,0,3760,0,9,3751
2024-09-08,WF,Wallis and Futuna,WPRO,0,3760,0,9,3751
2024-09-15,WF,Wallis and Futuna,WPRO,0,3760,0,9,3751
2024-09-22,WF,Wallis and Futuna,WPRO,0,3760,0,9,3751
2024-09-29,WF,Wallis and Futuna,WPRO,0,3760,0,9,3751
2024-10-06,WF,Wallis and Futuna,WPRO,0,3760,0,9,3751
2024-10-13,WF,Wallis and Futuna,WPRO,0,3760,0,9,3751
2024-10-20,WF,Wallis and Futuna,WPRO,0,3760,0,9,3751
2024-10-27,WF,Wallis and Futuna,WPRO,0,3760,0,9,3751
2024-11-03,WF,Wallis and Futuna,WPRO,0,3760,0,9,3751
2024-11-10,WF,Wallis and Futuna,WPRO,0,3760,0,9,3751
2024-11-17,WF,Wallis and Futuna,WPRO,0,3760,0,9,3751
2020-01-05,YE,Yemen,EMRO,0,0,0,0,0
2020-01-12,YE,Yemen,EMRO,0,0,0,0,0
2020-01-19,YE,Yemen,EMRO,0,0,0,0,0
2020-01-26,YE,Yemen,EMRO,0,0,0,0,0
2020-02-02,YE,Yemen,EMRO,0,0,0,0,0
2020-02-09,YE,Yemen,EMRO,0,0,0,0,0
2020-02-16,YE,Yemen,EMRO,0,0,0,0,0
2020-02-23,YE,Yemen,EMRO,0,0,0,0,0
2020-03-01,YE,Yemen,EMRO,0,0,0,0,0
2020-03-08,YE,Yemen,EMRO,0,0,0,0,0
2020-03-15,YE,Yemen,EMRO,0,0,0,0,0
2020-03-22,YE,Yemen,EMRO,0,0,0,0,0
2020-03-29,YE,Yemen,EMRO,0,0,0,0,0
2020-04-05,YE,Yemen,EMRO,0,0,0,0,0
2020-04-12,YE,Yemen,EMRO,1,1,0,0,1
2020-04-19,YE,Yemen,EMRO,0,1,0,0,1
2020-04-26,YE,Yemen,EMRO,0,1,0,0,1
2020-05-03,YE,Yemen,EMRO,9,10,2,2,8
2020-05-10,YE,Yemen,EMRO,24,34,6,8,26
2020-05-17,YE,Yemen,EMRO,88,122,10,18,104
2020-05-24,YE,Yemen,EMRO,90,212,21,39,173
2020-05-31,YE,Yemen,EMRO,98,310,38,77,233
2020-06-07,YE,Yemen,EMRO,172,482,34,111,371
2020-06-14,YE,Yemen,EMRO,223,705,49,160,545
2020-06-21,YE,Yemen,EMRO,217,922,94,254,668
2020-06-28,YE,Yemen,EMRO,181,1103,42,296,807
2020-07-05,YE,Yemen,EMRO,145,1248,41,337,911
2020-07-12,YE,Yemen,EMRO,141,1389,28,365,1024
2020-07-19,YE,Yemen,EMRO,196,1585,79,444,1141
2020-07-26,YE,Yemen,EMRO,93,1678,31,475,1203
2020-08-02,YE,Yemen,EMRO,56,1734,20,495,1239
2020-08-09,YE,Yemen,EMRO,67,1801,18,513,1288
2020-08-16,YE,Yemen,EMRO,61,1862,16,529,1333
2020-08-23,YE,Yemen,EMRO,49,1911,18,547,1364
2020-08-30,YE,Yemen,EMRO,39,1950,17,564,1386
2020-09-06,YE,Yemen,EMRO,37,1987,9,573,1414
2020-09-13,YE,Yemen,EMRO,26,2013,10,583,1430
2020-09-20,YE,Yemen,EMRO,17,2030,3,586,1444
2020-09-27,YE,Yemen,EMRO,4,2034,2,588,1446
2020-10-04,YE,Yemen,EMRO,11,2045,2,590,1455
2020-10-11,YE,Yemen,EMRO,10,2055,6,596,1459
2020-10-18,YE,Yemen,EMRO,4,2059,1,597,1462
2020-10-25,YE,Yemen,EMRO,5,2064,3,600,1464
2020-11-01,YE,Yemen,EMRO,3,2067,0,600,1467
2020-11-08,YE,Yemen,EMRO,3,2070,2,602,1468
2020-11-15,YE,Yemen,EMRO,2,2072,1,603,1469
2020-11-22,YE,Yemen,EMRO,1,2073,2,605,1468
2020-11-29,YE,Yemen,EMRO,5,2078,0,605,1473
2020-12-06,YE,Yemen,EMRO,4,2082,2,607,1475
2020-12-13,YE,Yemen,EMRO,5,2087,0,607,1480
2020-12-20,YE,Yemen,EMRO,4,2091,0,607,1484
2020-12-27,YE,Yemen,EMRO,5,2096,0,607,1489
2021-01-03,YE,Yemen,EMRO,9,2105,4,611,1494
2021-01-10,YE,Yemen,EMRO,3,2108,0,611,1497
2021-01-17,YE,Yemen,EMRO,8,2116,2,613,1503
2021-01-24,YE,Yemen,EMRO,6,2122,3,616,1506
2021-01-31,YE,Yemen,EMRO,2,2124,0,616,1508
2021-02-07,YE,Yemen,EMRO,7,2131,0,616,1515
2021-02-14,YE,Yemen,EMRO,9,2140,1,617,1523
2021-02-21,YE,Yemen,EMRO,21,2161,2,619,1542
2021-02-28,YE,Yemen,EMRO,112,2273,13,632,1641
2021-03-07,YE,Yemen,EMRO,175,2448,19,651,1797
2021-03-14,YE,Yemen,EMRO,327,2775,33,684,2091
2021-03-21,YE,Yemen,EMRO,507,3282,54,738,2544
2021-03-28,YE,Yemen,EMRO,691,3973,95,833,3140
2021-04-04,YE,Yemen,EMRO,728,4701,100,933,3768
2021-04-11,YE,Yemen,EMRO,579,5280,99,1032,4248
2021-04-18,YE,Yemen,EMRO,494,5774,88,1120,4654
2021-04-25,YE,Yemen,EMRO,335,6109,56,1176,4933
2021-05-02,YE,Yemen,EMRO,220,6329,54,1230,5099
2021-05-09,YE,Yemen,EMRO,137,6466,41,1271,5195
2021-05-16,YE,Yemen,EMRO,76,6542,15,1286,5256
2021-05-23,YE,Yemen,EMRO,111,6653,19,1305,5348
2021-05-30,YE,Yemen,EMRO,78,6731,14,1319,5412
2021-06-06,YE,Yemen,EMRO,49,6780,6,1325,5455
2021-06-13,YE,Yemen,EMRO,77,6857,22,1347,5510
2021-06-20,YE,Yemen,EMRO,20,6877,6,1353,5524
2021-06-27,YE,Yemen,EMRO,29,6906,5,1358,5548
2021-07-04,YE,Yemen,EMRO,20,6926,3,1361,5565
2021-07-11,YE,Yemen,EMRO,15,6941,5,1366,5575
2021-07-18,YE,Yemen,EMRO,36,6977,2,1368,5609
2021-07-25,YE,Yemen,EMRO,31,7008,5,1373,5635
2021-08-01,YE,Yemen,EMRO,53,7061,2,1375,5686
2021-08-08,YE,Yemen,EMRO,96,7157,9,1384,5773
2021-08-15,YE,Yemen,EMRO,116,7273,17,1401,5872
2021-08-22,YE,Yemen,EMRO,214,7487,15,1416,6071
2021-08-29,YE,Yemen,EMRO,264,7751,34,1450,6301
2021-09-05,YE,Yemen,EMRO,305,8056,69,1519,6537
2021-09-12,YE,Yemen,EMRO,302,8358,50,1569,6789
2021-09-19,YE,Yemen,EMRO,272,8630,69,1638,6992
2021-09-26,YE,Yemen,EMRO,261,8891,44,1682,7209
2021-10-03,YE,Yemen,EMRO,248,9139,52,1734,7405
2021-10-10,YE,Yemen,EMRO,206,9345,41,1775,7570
2021-10-17,YE,Yemen,EMRO,167,9512,27,1802,7710
2021-10-24,YE,Yemen,EMRO,150,9662,36,1838,7824
2021-10-31,YE,Yemen,EMRO,117,9779,42,1880,7899
2021-11-07,YE,Yemen,EMRO,79,9858,27,1907,7951
2021-11-14,YE,Yemen,EMRO,60,9918,16,1923,7995
2021-11-21,YE,Yemen,EMRO,37,9955,15,1938,8017
2021-11-28,YE,Yemen,EMRO,26,9981,7,1945,8036
2021-12-05,YE,Yemen,EMRO,40,10021,8,1953,8068
2021-12-12,YE,Yemen,EMRO,42,10063,15,1968,8095
2021-12-19,YE,Yemen,EMRO,34,10097,8,1976,8121
2021-12-26,YE,Yemen,EMRO,14,10111,7,1983,8128
2022-01-02,YE,Yemen,EMRO,16,10127,1,1984,8143
2022-01-09,YE,Yemen,EMRO,51,10178,2,1986,8192
2022-01-16,YE,Yemen,EMRO,140,10318,2,1988,8330
2022-01-23,YE,Yemen,EMRO,267,10585,7,1995,8590
2022-01-30,YE,Yemen,EMRO,413,10998,12,2007,8991
2022-02-06,YE,Yemen,EMRO,251,11249,19,2026,9223
2022-02-13,YE,Yemen,EMRO,415,11664,76,2102,9562
2022-02-20,YE,Yemen,EMRO,67,11731,18,2120,9611
2022-02-27,YE,Yemen,EMRO,29,11760,13,2133,9627
2022-03-06,YE,Yemen,EMRO,15,11775,2,2135,9640
2022-03-13,YE,Yemen,EMRO,9,11784,4,2139,9645
2022-03-20,YE,Yemen,EMRO,15,11799,1,2140,9659
2022-03-27,YE,Yemen,EMRO,4,11803,2,2142,9661
2022-04-03,YE,Yemen,EMRO,3,11806,1,2143,9663
2022-04-10,YE,Yemen,EMRO,7,11813,4,2147,9666
2022-04-17,YE,Yemen,EMRO,4,11817,1,2148,9669
2022-04-24,YE,Yemen,EMRO,1,11818,0,2148,9670
2022-05-01,YE,Yemen,EMRO,1,11819,1,2149,9670
2022-05-08,YE,Yemen,EMRO,0,11819,0,2149,9670
2022-05-15,YE,Yemen,EMRO,0,11819,0,2149,9670
2022-05-22,YE,Yemen,EMRO,0,11819,0,2149,9670
2022-05-29,YE,Yemen,EMRO,3,11822,0,2149,9673
2022-06-05,YE,Yemen,EMRO,0,11822,0,2149,9673
2022-06-12,YE,Yemen,EMRO,0,11822,0,2149,9673
2022-06-19,YE,Yemen,EMRO,1,11823,0,2149,9674
2022-06-26,YE,Yemen,EMRO,1,11824,0,2149,9675
2022-07-03,YE,Yemen,EMRO,0,11824,0,2149,9675
2022-07-10,YE,Yemen,EMRO,8,11832,0,2149,9683
2022-07-17,YE,Yemen,EMRO,16,11848,0,2149,9699
2022-07-24,YE,Yemen,EMRO,1,11849,0,2149,9700
2022-07-31,YE,Yemen,EMRO,28,11877,2,2151,9726
2022-08-07,YE,Yemen,EMRO,18,11895,1,2152,9743
2022-08-14,YE,Yemen,EMRO,8,11903,0,2152,9751
2022-08-21,YE,Yemen,EMRO,12,11915,1,2153,9762
2022-08-28,YE,Yemen,EMRO,10,11925,2,2155,9770
2022-09-04,YE,Yemen,EMRO,1,11926,0,2155,9771
2022-09-11,YE,Yemen,EMRO,6,11932,0,2155,9777
2022-09-18,YE,Yemen,EMRO,0,11932,0,2155,9777
2022-09-25,YE,Yemen,EMRO,3,11935,2,2157,9778
2022-10-02,YE,Yemen,EMRO,0,11935,0,2157,9778
2022-10-09,YE,Yemen,EMRO,4,11939,1,2158,9781
2022-10-16,YE,Yemen,EMRO,0,11939,0,2158,9781
2022-10-23,YE,Yemen,EMRO,0,11939,0,2158,9781
2022-10-30,YE,Yemen,EMRO,0,11939,0,2158,9781
2022-11-06,YE,Yemen,EMRO,6,11945,1,2159,9786
2022-11-13,YE,Yemen,EMRO,0,11945,0,2159,9786
2022-11-20,YE,Yemen,EMRO,0,11945,0,2159,9786
2022-11-27,YE,Yemen,EMRO,0,11945,0,2159,9786
2022-12-04,YE,Yemen,EMRO,0,11945,0,2159,9786
2022-12-11,YE,Yemen,EMRO,0,11945,0,2159,9786
2022-12-18,YE,Yemen,EMRO,0,11945,0,2159,9786
2022-12-25,YE,Yemen,EMRO,0,11945,0,2159,9786
2023-01-01,YE,Yemen,EMRO,0,11945,0,2159,9786
2023-01-08,YE,Yemen,EMRO,0,11945,0,2159,9786
2023-01-15,YE,Yemen,EMRO,0,11945,0,2159,9786
2023-01-22,YE,Yemen,EMRO,0,11945,0,2159,9786
2023-01-29,YE,Yemen,EMRO,0,11945,0,2159,9786
2023-02-05,YE,Yemen,EMRO,0,11945,0,2159,9786
2023-02-12,YE,Yemen,EMRO,0,11945,0,2159,9786
2023-02-19,YE,Yemen,EMRO,0,11945,0,2159,9786
2023-02-26,YE,Yemen,EMRO,0,11945,0,2159,9786
2023-03-05,YE,Yemen,EMRO,0,11945,0,2159,9786
2023-03-12,YE,Yemen,EMRO,0,11945,0,2159,9786
2023-03-19,YE,Yemen,EMRO,0,11945,0,2159,9786
2023-03-26,YE,Yemen,EMRO,0,11945,0,2159,9786
2023-04-02,YE,Yemen,EMRO,0,11945,0,2159,9786
2023-04-09,YE,Yemen,EMRO,0,11945,0,2159,9786
2023-04-16,YE,Yemen,EMRO,0,11945,0,2159,9786
2023-04-23,YE,Yemen,EMRO,0,11945,0,2159,9786
2023-04-30,YE,Yemen,EMRO,0,11945,0,2159,9786
2023-05-07,YE,Yemen,EMRO,0,11945,0,2159,9786
2023-05-14,YE,Yemen,EMRO,0,11945,0,2159,9786
2023-05-21,YE,Yemen,EMRO,0,11945,0,2159,9786
2023-05-28,YE,Yemen,EMRO,0,11945,0,2159,9786
2023-06-04,YE,Yemen,EMRO,0,11945,0,2159,9786
2023-06-11,YE,Yemen,EMRO,0,11945,0,2159,9786
2023-06-18,YE,Yemen,EMRO,0,11945,0,2159,9786
2023-06-25,YE,Yemen,EMRO,0,11945,0,2159,9786
2023-07-02,YE,Yemen,EMRO,0,11945,0,2159,9786
2023-07-09,YE,Yemen,EMRO,0,11945,0,2159,9786
2023-07-16,YE,Yemen,EMRO,0,11945,0,2159,9786
2023-07-23,YE,Yemen,EMRO,0,11945,0,2159,9786
2023-07-30,YE,Yemen,EMRO,0,11945,0,2159,9786
2023-08-06,YE,Yemen,EMRO,0,11945,0,2159,9786
2023-08-13,YE,Yemen,EMRO,0,11945,0,2159,9786
2023-08-20,YE,Yemen,EMRO,0,11945,0,2159,9786
2023-08-27,YE,Yemen,EMRO,0,11945,0,2159,9786
2023-09-03,YE,Yemen,EMRO,0,11945,0,2159,9786
2023-09-10,YE,Yemen,EMRO,0,11945,0,2159,9786
2023-09-17,YE,Yemen,EMRO,0,11945,0,2159,9786
2023-09-24,YE,Yemen,EMRO,0,11945,0,2159,9786
2023-10-01,YE,Yemen,EMRO,0,11945,0,2159,9786
2023-10-08,YE,Yemen,EMRO,0,11945,0,2159,9786
2023-10-15,YE,Yemen,EMRO,0,11945,0,2159,9786
2023-10-22,YE,Yemen,EMRO,0,11945,0,2159,9786
2023-10-29,YE,Yemen,EMRO,0,11945,0,2159,9786
2023-11-05,YE,Yemen,EMRO,0,11945,0,2159,9786
2023-11-12,YE,Yemen,EMRO,0,11945,0,2159,9786
2023-11-19,YE,Yemen,EMRO,0,11945,0,2159,9786
2023-11-26,YE,Yemen,EMRO,0,11945,0,2159,9786
2023-12-03,YE,Yemen,EMRO,0,11945,0,2159,9786
2023-12-10,YE,Yemen,EMRO,0,11945,0,2159,9786
2023-12-17,YE,Yemen,EMRO,0,11945,0,2159,9786
2023-12-24,YE,Yemen,EMRO,0,11945,0,2159,9786
2023-12-31,YE,Yemen,EMRO,0,11945,0,2159,9786
2024-01-07,YE,Yemen,EMRO,0,11945,0,2159,9786
2024-01-14,YE,Yemen,EMRO,0,11945,0,2159,9786
2024-01-21,YE,Yemen,EMRO,0,11945,0,2159,9786
2024-01-28,YE,Yemen,EMRO,0,11945,0,2159,9786
2024-02-04,YE,Yemen,EMRO,0,11945,0,2159,9786
2024-02-11,YE,Yemen,EMRO,0,11945,0,2159,9786
2024-02-18,YE,Yemen,EMRO,0,11945,0,2159,9786
2024-02-25,YE,Yemen,EMRO,0,11945,0,2159,9786
2024-03-03,YE,Yemen,EMRO,0,11945,0,2159,9786
2024-03-10,YE,Yemen,EMRO,0,11945,0,2159,9786
2024-03-17,YE,Yemen,EMRO,0,11945,0,2159,9786
2024-03-24,YE,Yemen,EMRO,0,11945,0,2159,9786
2024-03-31,YE,Yemen,EMRO,0,11945,0,2159,9786
2024-04-07,YE,Yemen,EMRO,0,11945,0,2159,9786
2024-04-14,YE,Yemen,EMRO,0,11945,0,2159,9786
2024-04-21,YE,Yemen,EMRO,0,11945,0,2159,9786
2024-04-28,YE,Yemen,EMRO,0,11945,0,2159,9786
2024-05-05,YE,Yemen,EMRO,0,11945,0,2159,9786
2024-05-12,YE,Yemen,EMRO,0,11945,0,2159,9786
2024-05-19,YE,Yemen,EMRO,0,11945,0,2159,9786
2024-05-26,YE,Yemen,EMRO,0,11945,0,2159,9786
2024-06-02,YE,Yemen,EMRO,0,11945,0,2159,9786
2024-06-09,YE,Yemen,EMRO,0,11945,0,2159,9786
2024-06-16,YE,Yemen,EMRO,0,11945,0,2159,9786
2024-06-23,YE,Yemen,EMRO,0,11945,0,2159,9786
2024-06-30,YE,Yemen,EMRO,0,11945,0,2159,9786
2024-07-07,YE,Yemen,EMRO,0,11945,0,2159,9786
2024-07-14,YE,Yemen,EMRO,0,11945,0,2159,9786
2024-07-21,YE,Yemen,EMRO,0,11945,0,2159,9786
2024-07-28,YE,Yemen,EMRO,0,11945,0,2159,9786
2024-08-04,YE,Yemen,EMRO,0,11945,0,2159,9786
2024-08-11,YE,Yemen,EMRO,0,11945,0,2159,9786
2024-08-18,YE,Yemen,EMRO,0,11945,0,2159,9786
2024-08-25,YE,Yemen,EMRO,0,11945,0,2159,9786
2024-09-01,YE,Yemen,EMRO,0,11945,0,2159,9786
2024-09-08,YE,Yemen,EMRO,0,11945,0,2159,9786
2024-09-15,YE,Yemen,EMRO,0,11945,0,2159,9786
2024-09-22,YE,Yemen,EMRO,0,11945,0,2159,9786
2024-09-29,YE,Yemen,EMRO,0,11945,0,2159,9786
2024-10-06,YE,Yemen,EMRO,0,11945,0,2159,9786
2024-10-13,YE,Yemen,EMRO,0,11945,0,2159,9786
2024-10-20,YE,Yemen,EMRO,0,11945,0,2159,9786
2024-10-27,YE,Yemen,EMRO,0,11945,0,2159,9786
2024-11-03,YE,Yemen,EMRO,0,11945,0,2159,9786
2024-11-10,YE,Yemen,EMRO,0,11945,0,2159,9786
2024-11-17,YE,Yemen,EMRO,0,11945,0,2159,9786
2020-01-05,ZM,Zambia,AFRO,0,0,0,0,0
2020-01-12,ZM,Zambia,AFRO,0,0,0,0,0
2020-01-19,ZM,Zambia,AFRO,0,0,0,0,0
2020-01-26,ZM,Zambia,AFRO,0,0,0,0,0
2020-02-02,ZM,Zambia,AFRO,0,0,0,0,0
2020-02-09,ZM,Zambia,AFRO,0,0,0,0,0
2020-02-16,ZM,Zambia,AFRO,0,0,0,0,0
2020-02-23,ZM,Zambia,AFRO,0,0,0,0,0
2020-03-01,ZM,Zambia,AFRO,0,0,0,0,0
2020-03-08,ZM,Zambia,AFRO,0,0,0,0,0
2020-03-15,ZM,Zambia,AFRO,0,0,0,0,0
2020-03-22,ZM,Zambia,AFRO,2,2,0,0,2
2020-03-29,ZM,Zambia,AFRO,26,28,0,0,28
2020-04-05,ZM,Zambia,AFRO,11,39,3,3,36
2020-04-12,ZM,Zambia,AFRO,1,40,1,4,36
2020-04-19,ZM,Zambia,AFRO,17,57,0,4,53
2020-04-26,ZM,Zambia,AFRO,27,84,1,5,79
2020-05-03,ZM,Zambia,AFRO,35,119,0,5,114
2020-05-10,ZM,Zambia,AFRO,133,252,4,9,243
2020-05-17,ZM,Zambia,AFRO,427,679,0,9,670
2020-05-24,ZM,Zambia,AFRO,241,920,0,9,911
2020-05-31,ZM,Zambia,AFRO,137,1057,0,9,1048
2020-06-07,ZM,Zambia,AFRO,97,1154,0,9,1145
2020-06-14,ZM,Zambia,AFRO,203,1357,0,9,1348
2020-06-21,ZM,Zambia,AFRO,81,1438,1,10,1428
2020-06-28,ZM,Zambia,AFRO,107,1545,14,24,1521
2020-07-05,ZM,Zambia,AFRO,237,1782,14,38,1744
2020-07-12,ZM,Zambia,AFRO,352,2134,21,59,2075
2020-07-19,ZM,Zambia,AFRO,846,2980,62,121,2859
2020-07-26,ZM,Zambia,AFRO,1348,4328,19,140,4188
2020-08-02,ZM,Zambia,AFRO,1900,6228,26,166,6062
2020-08-09,ZM,Zambia,AFRO,1675,7903,38,204,7699
2020-08-16,ZM,Zambia,AFRO,1283,9186,57,261,8925
2020-08-23,ZM,Zambia,AFRO,1645,10831,19,280,10551
2020-08-30,ZM,Zambia,AFRO,1071,11902,5,285,11617
2020-09-06,ZM,Zambia,AFRO,807,12709,8,293,12416
2020-09-13,ZM,Zambia,AFRO,757,13466,20,313,13153
2020-09-20,ZM,Zambia,AFRO,604,14070,18,331,13739
2020-09-27,ZM,Zambia,AFRO,542,14612,2,333,14279
2020-10-04,ZM,Zambia,AFRO,362,14974,1,334,14640
2020-10-11,ZM,Zambia,AFRO,441,15415,3,337,15078
2020-10-18,ZM,Zambia,AFRO,374,15789,9,346,15443
2020-10-25,ZM,Zambia,AFRO,328,16117,2,348,15769
2020-11-01,ZM,Zambia,AFRO,315,16432,1,349,16083
2020-11-08,ZM,Zambia,AFRO,476,16908,0,349,16559
2020-11-15,ZM,Zambia,AFRO,189,17097,1,350,16747
2020-11-22,ZM,Zambia,AFRO,297,17394,6,356,17038
2020-11-29,ZM,Zambia,AFRO,195,17589,1,357,17232
2020-12-06,ZM,Zambia,AFRO,309,17898,7,364,17534
2020-12-13,ZM,Zambia,AFRO,319,18217,2,366,17851
2020-12-20,ZM,Zambia,AFRO,403,18620,7,373,18247
2020-12-27,ZM,Zambia,AFRO,1051,19671,9,382,19289
2021-01-03,ZM,Zambia,AFRO,1559,21230,10,392,20838
2021-01-10,ZM,Zambia,AFRO,5337,26567,72,464,26103
2021-01-17,ZM,Zambia,AFRO,9507,36074,73,537,35537
2021-01-24,ZM,Zambia,AFRO,8518,44592,90,627,43965
2021-01-31,ZM,Zambia,AFRO,8760,53352,118,745,52607
2021-02-07,ZM,Zambia,AFRO,8075,61427,94,839,60588
2021-02-14,ZM,Zambia,AFRO,7027,68454,101,940,67514
2021-02-21,ZM,Zambia,AFRO,5440,73894,76,1016,72878
2021-02-28,ZM,Zambia,AFRO,4308,78202,65,1081,77121
2021-03-07,ZM,Zambia,AFRO,3809,82011,35,1116,80895
2021-03-14,ZM,Zambia,AFRO,2463,84474,37,1153,83321
2021-03-21,ZM,Zambia,AFRO,1799,86273,25,1178,85095
2021-03-28,ZM,Zambia,AFRO,1454,87727,20,1198,86529
2021-04-04,ZM,Zambia,AFRO,1073,88800,17,1215,87585
2021-04-11,ZM,Zambia,AFRO,1118,89918,11,1226,88692
2021-04-18,ZM,Zambia,AFRO,926,90844,8,1234,89610
2021-04-25,ZM,Zambia,AFRO,473,91317,11,1245,90072
2021-05-02,ZM,Zambia,AFRO,353,91670,6,1251,90419
2021-05-09,ZM,Zambia,AFRO,387,92057,6,1257,90800
2021-05-16,ZM,Zambia,AFRO,352,92409,3,1260,91149
2021-05-23,ZM,Zambia,AFRO,697,93106,7,1267,91839
2021-05-30,ZM,Zambia,AFRO,1645,94751,9,1276,93475
2021-06-06,ZM,Zambia,AFRO,4789,99540,27,1303,98237
2021-06-13,ZM,Zambia,AFRO,10792,110332,62,1365,108967
2021-06-20,ZM,Zambia,AFRO,16641,126973,230,1595,125378
2021-06-27,ZM,Zambia,AFRO,19058,146031,372,1967,144064
2021-07-04,ZM,Zambia,AFRO,16456,162487,430,2397,160090
2021-07-11,ZM,Zambia,AFRO,12302,174789,378,2775,172014
2021-07-18,ZM,Zambia,AFRO,9883,184672,277,3052,181620
2021-07-25,ZM,Zambia,AFRO,6855,191527,198,3250,188277
2021-08-01,ZM,Zambia,AFRO,4289,195816,139,3389,192427
2021-08-08,ZM,Zambia,AFRO,3846,199662,85,3474,196188
2021-08-15,ZM,Zambia,AFRO,2416,202078,47,3521,198557
2021-08-22,ZM,Zambia,AFRO,2259,204337,52,3573,200764
2021-08-29,ZM,Zambia,AFRO,1556,205893,18,3591,202302
2021-09-05,ZM,Zambia,AFRO,1135,207028,23,3614,203414
2021-09-12,ZM,Zambia,AFRO,808,207836,15,3629,204207
2021-09-19,ZM,Zambia,AFRO,586,208422,9,3638,204784
2021-09-26,ZM,Zambia,AFRO,407,208829,7,3645,205184
2021-10-03,ZM,Zambia,AFRO,313,209142,4,3649,205493
2021-10-10,ZM,Zambia,AFRO,194,209336,4,3653,205683
2021-10-17,ZM,Zambia,AFRO,169,209505,5,3658,205847
2021-10-24,ZM,Zambia,AFRO,124,209629,1,3659,205970
2021-10-31,ZM,Zambia,AFRO,93,209722,2,3661,206061
2021-11-07,ZM,Zambia,AFRO,147,209869,2,3663,206206
2021-11-14,ZM,Zambia,AFRO,102,209971,1,3664,206307
2021-11-21,ZM,Zambia,AFRO,86,210057,3,3667,206390
2021-11-28,ZM,Zambia,AFRO,81,210138,0,3667,206471
2021-12-05,ZM,Zambia,AFRO,156,210294,0,3667,206627
2021-12-12,ZM,Zambia,AFRO,665,210959,2,3669,207290
2021-12-19,ZM,Zambia,AFRO,4513,215472,9,3678,211794
2021-12-26,ZM,Zambia,AFRO,16109,231581,19,3697,227884
2022-01-02,ZM,Zambia,AFRO,26367,257948,43,3740,254208
2022-01-09,ZM,Zambia,AFRO,23628,281576,58,3798,277778
2022-01-16,ZM,Zambia,AFRO,13452,295028,54,3852,291176
2022-01-23,ZM,Zambia,AFRO,6175,301203,38,3890,297313
2022-01-30,ZM,Zambia,AFRO,3453,304656,24,3914,300742
2022-02-06,ZM,Zambia,AFRO,2121,306777,16,3930,302847
2022-02-13,ZM,Zambia,AFRO,2516,309293,7,3937,305356
2022-02-20,ZM,Zambia,AFRO,1723,311016,6,3943,307073
2022-02-27,ZM,Zambia,AFRO,1595,312611,8,3951,308660
2022-03-06,ZM,Zambia,AFRO,1133,313744,7,3958,309786
2022-03-13,ZM,Zambia,AFRO,1404,315148,2,3960,311188
2022-03-20,ZM,Zambia,AFRO,744,315892,3,3963,311929
2022-03-27,ZM,Zambia,AFRO,609,316501,3,3966,312535
2022-04-03,ZM,Zambia,AFRO,530,317031,1,3967,313064
2022-04-10,ZM,Zambia,AFRO,452,317483,0,3967,313516
2022-04-17,ZM,Zambia,AFRO,984,318467,6,3973,314494
2022-04-24,ZM,Zambia,AFRO,517,318984,1,3974,315010
2022-05-01,ZM,Zambia,AFRO,610,319594,2,3976,315618
2022-05-08,ZM,Zambia,AFRO,442,320036,4,3980,316056
2022-05-15,ZM,Zambia,AFRO,445,320481,3,3983,316498
2022-05-22,ZM,Zambia,AFRO,568,321049,1,3984,317065
2022-05-29,ZM,Zambia,AFRO,454,321503,1,3985,317518
2022-06-05,ZM,Zambia,AFRO,786,322289,4,3989,318300
2022-06-12,ZM,Zambia,AFRO,630,322919,0,3989,318930
2022-06-19,ZM,Zambia,AFRO,1106,324025,3,3992,320033
2022-06-26,ZM,Zambia,AFRO,1223,325248,11,4003,321245
2022-07-03,ZM,Zambia,AFRO,100,325348,0,4003,321345
2022-07-10,ZM,Zambia,AFRO,1446,326794,5,4008,322786
2022-07-17,ZM,Zambia,AFRO,1200,327994,1,4009,323985
2022-07-24,ZM,Zambia,AFRO,556,328550,4,4013,324537
2022-07-31,ZM,Zambia,AFRO,933,329483,2,4015,325468
2022-08-07,ZM,Zambia,AFRO,1026,330509,0,4015,326494
2022-08-14,ZM,Zambia,AFRO,1505,332014,1,4016,327998
2022-08-21,ZM,Zambia,AFRO,250,332264,0,4016,328248
2022-08-28,ZM,Zambia,AFRO,263,332527,0,4016,328511
2022-09-04,ZM,Zambia,AFRO,295,332822,0,4016,328806
2022-09-11,ZM,Zambia,AFRO,0,332822,0,4016,328806
2022-09-18,ZM,Zambia,AFRO,407,333229,1,4017,329212
2022-09-25,ZM,Zambia,AFRO,158,333387,0,4017,329370
2022-10-02,ZM,Zambia,AFRO,162,333549,0,4017,329532
2022-10-09,ZM,Zambia,AFRO,6,333555,0,4017,329538
2022-10-16,ZM,Zambia,AFRO,69,333624,0,4017,329607
2022-10-23,ZM,Zambia,AFRO,20,333644,0,4017,329627
2022-10-30,ZM,Zambia,AFRO,25,333669,0,4017,329652
2022-11-06,ZM,Zambia,AFRO,16,333685,0,4017,329668
2022-11-13,ZM,Zambia,AFRO,0,333685,0,4017,329668
2022-11-20,ZM,Zambia,AFRO,1,333686,0,4017,329669
2022-11-27,ZM,Zambia,AFRO,35,333721,2,4019,329702
2022-12-04,ZM,Zambia,AFRO,25,333746,0,4019,329727
2022-12-11,ZM,Zambia,AFRO,0,333746,0,4019,329727
2022-12-18,ZM,Zambia,AFRO,0,333746,0,4019,329727
2022-12-25,ZM,Zambia,AFRO,320,334066,3,4022,330044
2023-01-01,ZM,Zambia,AFRO,512,334578,2,4024,330554
2023-01-08,ZM,Zambia,AFRO,0,334578,0,4024,330554
2023-01-15,ZM,Zambia,AFRO,2062,336640,10,4034,332606
2023-01-22,ZM,Zambia,AFRO,1140,337780,3,4037,333743
2023-01-29,ZM,Zambia,AFRO,1963,339743,4,4041,335702
2023-02-05,ZM,Zambia,AFRO,1201,340944,7,4048,336896
2023-02-12,ZM,Zambia,AFRO,746,341690,1,4049,337641
2023-02-19,ZM,Zambia,AFRO,627,342317,2,4051,338266
2023-02-26,ZM,Zambia,AFRO,390,342707,3,4054,338653
2023-03-05,ZM,Zambia,AFRO,247,342954,3,4057,338897
2023-03-12,ZM,Zambia,AFRO,181,343135,0,4057,339078
2023-03-19,ZM,Zambia,AFRO,115,343250,0,4057,339193
2023-03-26,ZM,Zambia,AFRO,165,343415,0,4057,339358
2023-04-02,ZM,Zambia,AFRO,151,343566,0,4057,339509
2023-04-09,ZM,Zambia,AFRO,187,343753,1,4058,339695
2023-04-16,ZM,Zambia,AFRO,50,343803,0,4058,339745
2023-04-23,ZM,Zambia,AFRO,0,343803,0,4058,339745
2023-04-30,ZM,Zambia,AFRO,107,343910,0,4058,339852
2023-05-07,ZM,Zambia,AFRO,1,343911,0,4058,339853
2023-05-14,ZM,Zambia,AFRO,84,343995,0,4058,339937
2023-05-21,ZM,Zambia,AFRO,0,343995,0,4058,339937
2023-05-28,ZM,Zambia,AFRO,0,343995,0,4058,339937
2023-06-04,ZM,Zambia,AFRO,1063,345058,0,4058,341000
2023-06-11,ZM,Zambia,AFRO,0,345058,0,4058,341000
2023-06-18,ZM,Zambia,AFRO,903,345961,2,4060,341901
2023-06-25,ZM,Zambia,AFRO,1061,347022,2,4062,342960
2023-07-02,ZM,Zambia,AFRO,530,347552,1,4063,343489
2023-07-09,ZM,Zambia,AFRO,1007,348559,1,4064,344495
2023-07-16,ZM,Zambia,AFRO,450,349009,4,4068,344941
2023-07-23,ZM,Zambia,AFRO,278,349287,1,4069,345218
2023-07-30,ZM,Zambia,AFRO,0,349287,0,4069,345218
2023-08-06,ZM,Zambia,AFRO,0,349287,0,4069,345218
2023-08-13,ZM,Zambia,AFRO,0,349287,0,4069,345218
2023-08-20,ZM,Zambia,AFRO,0,349287,0,4069,345218
2023-08-27,ZM,Zambia,AFRO,0,349287,0,4069,345218
2023-09-03,ZM,Zambia,AFRO,0,349287,0,4069,345218
2023-09-10,ZM,Zambia,AFRO,0,349287,0,4069,345218
2023-09-17,ZM,Zambia,AFRO,0,349287,0,4069,345218
2023-09-24,ZM,Zambia,AFRO,0,349287,0,4069,345218
2023-10-01,ZM,Zambia,AFRO,0,349287,0,4069,345218
2023-10-08,ZM,Zambia,AFRO,1,349288,0,4069,345219
2023-10-15,ZM,Zambia,AFRO,3,349291,0,4069,345222
2023-10-22,ZM,Zambia,AFRO,3,349294,0,4069,345225
2023-10-29,ZM,Zambia,AFRO,3,349297,0,4069,345228
2023-11-05,ZM,Zambia,AFRO,4,349301,0,4069,345232
2023-11-12,ZM,Zambia,AFRO,0,349301,0,4069,345232
2023-11-19,ZM,Zambia,AFRO,1,349302,0,4069,345233
2023-11-26,ZM,Zambia,AFRO,0,349302,0,4069,345233
2023-12-03,ZM,Zambia,AFRO,2,349304,0,4069,345235
2023-12-10,ZM,Zambia,AFRO,0,349304,0,4069,345235
2023-12-17,ZM,Zambia,AFRO,0,349304,0,4069,345235
2023-12-24,ZM,Zambia,AFRO,0,349304,0,4069,345235
2023-12-31,ZM,Zambia,AFRO,0,349304,0,4069,345235
2024-01-07,ZM,Zambia,AFRO,0,349304,0,4069,345235
2024-01-14,ZM,Zambia,AFRO,0,349304,0,4069,345235
2024-01-21,ZM,Zambia,AFRO,0,349304,0,4069,345235
2024-01-28,ZM,Zambia,AFRO,0,349304,0,4069,345235
2024-02-04,ZM,Zambia,AFRO,0,349304,0,4069,345235
2024-02-11,ZM,Zambia,AFRO,0,349304,0,4069,345235
2024-02-18,ZM,Zambia,AFRO,0,349304,0,4069,345235
2024-02-25,ZM,Zambia,AFRO,0,349304,0,4069,345235
2024-03-03,ZM,Zambia,AFRO,0,349304,0,4069,345235
2024-03-10,ZM,Zambia,AFRO,0,349304,0,4069,345235
2024-03-17,ZM,Zambia,AFRO,100,349404,0,4069,345335
2024-03-24,ZM,Zambia,AFRO,99,349503,0,4069,345434
2024-03-31,ZM,Zambia,AFRO,55,349558,0,4069,345489
2024-04-07,ZM,Zambia,AFRO,31,349589,0,4069,345520
2024-04-14,ZM,Zambia,AFRO,27,349616,0,4069,345547
2024-04-21,ZM,Zambia,AFRO,9,349625,0,4069,345556
2024-04-28,ZM,Zambia,AFRO,4,349629,0,4069,345560
2024-05-05,ZM,Zambia,AFRO,6,349635,0,4069,345566
2024-05-12,ZM,Zambia,AFRO,5,349640,0,4069,345571
2024-05-19,ZM,Zambia,AFRO,4,349644,0,4069,345575
2024-05-26,ZM,Zambia,AFRO,9,349653,0,4069,345584
2024-06-02,ZM,Zambia,AFRO,13,349666,0,4069,345597
2024-06-09,ZM,Zambia,AFRO,8,349674,0,4069,345605
2024-06-16,ZM,Zambia,AFRO,7,349681,0,4069,345612
2024-06-23,ZM,Zambia,AFRO,4,349685,0,4069,345616
2024-06-30,ZM,Zambia,AFRO,1,349686,0,4069,345617
2024-07-07,ZM,Zambia,AFRO,0,349686,0,4069,345617
2024-07-14,ZM,Zambia,AFRO,27,349713,0,4069,345644
2024-07-21,ZM,Zambia,AFRO,36,349749,0,4069,345680
2024-07-28,ZM,Zambia,AFRO,20,349769,8,4077,345692
2024-08-04,ZM,Zambia,AFRO,55,349824,0,4077,345747
2024-08-11,ZM,Zambia,AFRO,18,349842,0,4077,345765
2024-08-18,ZM,Zambia,AFRO,13,349855,0,4077,345778
2024-08-25,ZM,Zambia,AFRO,9,349864,0,4077,345787
2024-09-01,ZM,Zambia,AFRO,4,349868,0,4077,345791
2024-09-08,ZM,Zambia,AFRO,3,349871,1,4078,345793
2024-09-15,ZM,Zambia,AFRO,5,349876,0,4078,345798
2024-09-22,ZM,Zambia,AFRO,4,349880,0,4078,345802
2024-09-29,ZM,Zambia,AFRO,4,349884,0,4078,345806
2024-10-06,ZM,Zambia,AFRO,4,349888,0,4078,345810
2024-10-13,ZM,Zambia,AFRO,1,349889,0,4078,345811
2024-10-20,ZM,Zambia,AFRO,3,349892,0,4078,345814
2024-10-27,ZM,Zambia,AFRO,0,349892,0,4078,345814
2024-11-03,ZM,Zambia,AFRO,0,349892,0,4078,345814
2024-11-10,ZM,Zambia,AFRO,0,349892,0,4078,345814
2024-11-17,ZM,Zambia,AFRO,0,349892,0,4078,345814
2020-01-05,ZW,Zimbabwe,AFRO,0,0,0,0,0
2020-01-12,ZW,Zimbabwe,AFRO,0,0,0,0,0
2020-01-19,ZW,Zimbabwe,AFRO,0,0,0,0,0
2020-01-26,ZW,Zimbabwe,AFRO,0,0,0,0,0
2020-02-02,ZW,Zimbabwe,AFRO,0,0,0,0,0
2020-02-09,ZW,Zimbabwe,AFRO,0,0,0,0,0
2020-02-16,ZW,Zimbabwe,AFRO,0,0,0,0,0
2020-02-23,ZW,Zimbabwe,AFRO,0,0,0,0,0
2020-03-01,ZW,Zimbabwe,AFRO,0,0,0,0,0
2020-03-08,ZW,Zimbabwe,AFRO,0,0,5,5,-5
2020-03-15,ZW,Zimbabwe,AFRO,0,0,0,5,-5
2020-03-22,ZW,Zimbabwe,AFRO,2,2,0,5,-3
2020-03-29,ZW,Zimbabwe,AFRO,5,7,1,6,1
2020-04-05,ZW,Zimbabwe,AFRO,2,9,0,6,3
2020-04-12,ZW,Zimbabwe,AFRO,7,16,1,7,9
2020-04-19,ZW,Zimbabwe,AFRO,10,26,0,7,19
2020-04-26,ZW,Zimbabwe,AFRO,6,32,1,8,24
2020-05-03,ZW,Zimbabwe,AFRO,3,35,0,8,27
2020-05-10,ZW,Zimbabwe,AFRO,2,37,0,8,29
2020-05-17,ZW,Zimbabwe,AFRO,7,44,0,8,36
2020-05-24,ZW,Zimbabwe,AFRO,24,68,0,8,60
2020-05-31,ZW,Zimbabwe,AFRO,105,173,0,8,165
2020-06-07,ZW,Zimbabwe,AFRO,106,279,0,8,271
2020-06-14,ZW,Zimbabwe,AFRO,77,356,0,8,348
2020-06-21,ZW,Zimbabwe,AFRO,130,486,2,10,476
2020-06-28,ZW,Zimbabwe,AFRO,81,567,0,10,557
2020-07-05,ZW,Zimbabwe,AFRO,131,698,2,12,686
2020-07-12,ZW,Zimbabwe,AFRO,284,982,10,22,960
2020-07-19,ZW,Zimbabwe,AFRO,496,1478,7,29,1449
2020-07-26,ZW,Zimbabwe,AFRO,956,2434,9,38,2396
2020-08-02,ZW,Zimbabwe,AFRO,1225,3659,35,73,3586
2020-08-09,ZW,Zimbabwe,AFRO,916,4575,33,106,4469
2020-08-16,ZW,Zimbabwe,AFRO,601,5176,28,134,5042
2020-08-23,ZW,Zimbabwe,AFRO,717,5893,21,155,5738
2020-08-30,ZW,Zimbabwe,AFRO,513,6406,43,198,6208
2020-09-06,ZW,Zimbabwe,AFRO,431,6837,10,208,6629
2020-09-13,ZW,Zimbabwe,AFRO,671,7508,17,225,7283
2020-09-20,ZW,Zimbabwe,AFRO,164,7672,1,226,7446
2020-09-27,ZW,Zimbabwe,AFRO,131,7803,2,228,7575
2020-10-04,ZW,Zimbabwe,AFRO,82,7885,1,229,7656
2020-10-11,ZW,Zimbabwe,AFRO,125,8010,2,231,7779
2020-10-18,ZW,Zimbabwe,AFRO,100,8110,1,232,7878
2020-10-25,ZW,Zimbabwe,AFRO,159,8269,5,237,8032
2020-11-01,ZW,Zimbabwe,AFRO,98,8367,7,244,8123
2020-11-08,ZW,Zimbabwe,AFRO,131,8498,8,252,8246
2020-11-15,ZW,Zimbabwe,AFRO,288,8786,6,258,8528
2020-11-22,ZW,Zimbabwe,AFRO,386,9172,7,265,8907
2020-11-29,ZW,Zimbabwe,AFRO,650,9822,10,275,9547
2020-12-06,ZW,Zimbabwe,AFRO,795,10617,16,291,10326
2020-12-13,ZW,Zimbabwe,AFRO,602,11219,16,307,10912
2020-12-20,ZW,Zimbabwe,AFRO,932,12151,11,318,11833
2020-12-27,ZW,Zimbabwe,AFRO,812,12963,23,341,12622
2021-01-03,ZW,Zimbabwe,AFRO,1528,14491,36,377,14114
2021-01-10,ZW,Zimbabwe,AFRO,6008,20499,106,483,20016
2021-01-17,ZW,Zimbabwe,AFRO,6382,26881,200,683,26198
2021-01-24,ZW,Zimbabwe,AFRO,4126,31007,291,974,30033
2021-01-31,ZW,Zimbabwe,AFRO,2264,33271,219,1193,32078
2021-02-07,ZW,Zimbabwe,AFRO,1216,34487,123,1316,33171
2021-02-14,ZW,Zimbabwe,AFRO,617,35104,82,1398,33706
2021-02-21,ZW,Zimbabwe,AFRO,664,35768,34,1432,34336
2021-02-28,ZW,Zimbabwe,AFRO,290,36058,31,1463,34595
2021-03-07,ZW,Zimbabwe,AFRO,202,36260,22,1485,34775
2021-03-14,ZW,Zimbabwe,AFRO,211,36471,16,1501,34970
2021-03-21,ZW,Zimbabwe,AFRO,191,36662,9,1510,35152
2021-03-28,ZW,Zimbabwe,AFRO,156,36818,9,1519,35299
2021-04-04,ZW,Zimbabwe,AFRO,93,36911,5,1524,35387
2021-04-11,ZW,Zimbabwe,AFRO,362,37273,14,1538,35735
2021-04-18,ZW,Zimbabwe,AFRO,426,37699,14,1552,36147
2021-04-25,ZW,Zimbabwe,AFRO,365,38064,4,1556,36508
2021-05-02,ZW,Zimbabwe,AFRO,196,38260,12,1568,36692
2021-05-09,ZW,Zimbabwe,AFRO,154,38414,8,1576,36838
2021-05-16,ZW,Zimbabwe,AFRO,140,38554,6,1582,36972
2021-05-23,ZW,Zimbabwe,AFRO,125,38679,4,1586,37093
2021-05-30,ZW,Zimbabwe,AFRO,254,38933,8,1594,37339
2021-06-06,ZW,Zimbabwe,AFRO,235,39168,11,1605,37563
2021-06-13,ZW,Zimbabwe,AFRO,684,39852,27,1632,38220
2021-06-20,ZW,Zimbabwe,AFRO,1776,41628,34,1666,39962
2021-06-27,ZW,Zimbabwe,AFRO,4390,46018,59,1725,44293
2021-07-04,ZW,Zimbabwe,AFRO,7647,53665,134,1859,51806
2021-07-11,ZW,Zimbabwe,AFRO,13188,66853,267,2126,64727
2021-07-18,ZW,Zimbabwe,AFRO,15760,82613,462,2588,80025
2021-07-25,ZW,Zimbabwe,AFRO,14664,97277,462,3050,94227
2021-08-01,ZW,Zimbabwe,AFRO,11583,108860,482,3532,105328
2021-08-08,ZW,Zimbabwe,AFRO,7030,115890,294,3826,112064
2021-08-15,ZW,Zimbabwe,AFRO,3963,119853,264,4090,115763
2021-08-22,ZW,Zimbabwe,AFRO,2634,122487,146,4236,118251
2021-08-29,ZW,Zimbabwe,AFRO,1880,124367,154,4390,119977
2021-09-05,ZW,Zimbabwe,AFRO,1058,125425,76,4466,120959
2021-09-12,ZW,Zimbabwe,AFRO,795,126220,70,4536,121684
2021-09-19,ZW,Zimbabwe,AFRO,1519,127739,27,4563,123176
2021-09-26,ZW,Zimbabwe,AFRO,1766,129505,40,4603,124902
2021-10-03,ZW,Zimbabwe,AFRO,1589,131094,22,4625,126469
2021-10-10,ZW,Zimbabwe,AFRO,668,131762,11,4636,127126
2021-10-17,ZW,Zimbabwe,AFRO,571,132333,21,4657,127676
2021-10-24,ZW,Zimbabwe,AFRO,292,132625,11,4668,127957
2021-10-31,ZW,Zimbabwe,AFRO,329,132954,9,4677,128277
2021-11-07,ZW,Zimbabwe,AFRO,214,133168,8,4685,128483
2021-11-14,ZW,Zimbabwe,AFRO,260,133428,11,4696,128732
2021-11-21,ZW,Zimbabwe,AFRO,210,133638,3,4699,128939
2021-11-28,ZW,Zimbabwe,AFRO,313,133951,6,4705,129246
2021-12-05,ZW,Zimbabwe,AFRO,4572,138523,4,4709,133814
2021-12-12,ZW,Zimbabwe,AFRO,26479,165002,26,4735,160267
2021-12-19,ZW,Zimbabwe,AFRO,26671,191673,47,4782,186891
2021-12-26,ZW,Zimbabwe,AFRO,12073,203746,103,4885,198861
2022-01-02,ZW,Zimbabwe,AFRO,10468,214214,132,5017,209197
2022-01-09,ZW,Zimbabwe,AFRO,7704,221918,131,5148,216770
2022-01-16,ZW,Zimbabwe,AFRO,4016,225934,95,5243,220691
2022-01-23,ZW,Zimbabwe,AFRO,2245,228179,49,5292,222887
2022-01-30,ZW,Zimbabwe,AFRO,1236,229415,41,5333,224082
2022-02-06,ZW,Zimbabwe,AFRO,987,230402,29,5362,225040
2022-02-13,ZW,Zimbabwe,AFRO,897,231299,12,5374,225925
2022-02-20,ZW,Zimbabwe,AFRO,1925,233224,12,5386,227838
2022-02-27,ZW,Zimbabwe,AFRO,2579,235803,7,5393,230410
2022-03-06,ZW,Zimbabwe,AFRO,3216,239019,4,5397,233622
2022-03-13,ZW,Zimbabwe,AFRO,3338,242357,17,5414,236943
2022-03-20,ZW,Zimbabwe,AFRO,2095,244452,12,5426,239026
2022-03-27,ZW,Zimbabwe,AFRO,1315,245767,11,5437,240330
2022-04-03,ZW,Zimbabwe,AFRO,714,246481,9,5446,241035
2022-04-10,ZW,Zimbabwe,AFRO,477,246958,11,5457,241501
2022-04-17,ZW,Zimbabwe,AFRO,303,247261,5,5462,241799
2022-04-24,ZW,Zimbabwe,AFRO,263,247524,6,5468,242056
2022-05-01,ZW,Zimbabwe,AFRO,318,247842,1,5469,242373
2022-05-08,ZW,Zimbabwe,AFRO,427,248269,4,5473,242796
2022-05-15,ZW,Zimbabwe,AFRO,937,249206,9,5482,243724
2022-05-22,ZW,Zimbabwe,AFRO,1436,250642,12,5494,245148
2022-05-29,ZW,Zimbabwe,AFRO,1450,252092,6,5500,246592
2022-06-05,ZW,Zimbabwe,AFRO,1246,253338,10,5510,247828
2022-06-12,ZW,Zimbabwe,AFRO,760,254098,11,5521,248577
2022-06-19,ZW,Zimbabwe,AFRO,703,254801,13,5534,249267
2022-06-26,ZW,Zimbabwe,AFRO,554,255355,15,5549,249806
2022-07-03,ZW,Zimbabwe,AFRO,355,255710,9,5558,250152
2022-07-10,ZW,Zimbabwe,AFRO,229,255939,6,5564,250375
2022-07-17,ZW,Zimbabwe,AFRO,144,256083,2,5566,250517
2022-07-24,ZW,Zimbabwe,AFRO,171,256254,6,5572,250682
2022-07-31,ZW,Zimbabwe,AFRO,124,256378,5,5577,250801
2022-08-07,ZW,Zimbabwe,AFRO,99,256477,7,5584,250893
2022-08-14,ZW,Zimbabwe,AFRO,62,256539,4,5588,250951
2022-08-21,ZW,Zimbabwe,AFRO,85,256624,4,5592,251032
2022-08-28,ZW,Zimbabwe,AFRO,75,256699,1,5593,251106
2022-09-04,ZW,Zimbabwe,AFRO,56,256755,3,5596,251159
2022-09-11,ZW,Zimbabwe,AFRO,115,256870,0,5596,251274
2022-09-18,ZW,Zimbabwe,AFRO,126,256996,2,5598,251398
2022-09-25,ZW,Zimbabwe,AFRO,344,257340,1,5599,251741
2022-10-02,ZW,Zimbabwe,AFRO,177,257517,3,5602,251915
2022-10-09,ZW,Zimbabwe,AFRO,138,257655,2,5604,252051
2022-10-16,ZW,Zimbabwe,AFRO,238,257893,2,5606,252287
2022-10-23,ZW,Zimbabwe,AFRO,12,257905,2,5608,252297
2022-10-30,ZW,Zimbabwe,AFRO,132,258037,2,5610,252427
2022-11-06,ZW,Zimbabwe,AFRO,132,258169,0,5610,252559
2022-11-13,ZW,Zimbabwe,AFRO,179,258348,0,5610,252738
2022-11-20,ZW,Zimbabwe,AFRO,295,258643,1,5611,253032
2022-11-27,ZW,Zimbabwe,AFRO,311,258954,5,5616,253338
2022-12-04,ZW,Zimbabwe,AFRO,396,259350,6,5622,253728
2022-12-11,ZW,Zimbabwe,AFRO,6,259356,0,5622,253734
2022-12-18,ZW,Zimbabwe,AFRO,203,259559,3,5625,253934
2022-12-25,ZW,Zimbabwe,AFRO,385,259944,10,5635,254309
2023-01-01,ZW,Zimbabwe,AFRO,202,260146,4,5639,254507
2023-01-08,ZW,Zimbabwe,AFRO,303,260449,0,5639,254810
2023-01-15,ZW,Zimbabwe,AFRO,0,260449,0,5639,254810
2023-01-22,ZW,Zimbabwe,AFRO,1104,261553,13,5652,255901
2023-01-29,ZW,Zimbabwe,AFRO,749,262302,6,5658,256644
2023-02-05,ZW,Zimbabwe,AFRO,752,263054,1,5659,257395
2023-02-12,ZW,Zimbabwe,AFRO,553,263607,3,5662,257945
2023-02-19,ZW,Zimbabwe,AFRO,295,263902,1,5663,258239
2023-02-26,ZW,Zimbabwe,AFRO,206,264108,5,5668,258440
2023-03-05,ZW,Zimbabwe,AFRO,162,264270,3,5671,258599
2023-03-12,ZW,Zimbabwe,AFRO,115,264385,1,5672,258713
2023-03-19,ZW,Zimbabwe,AFRO,63,264448,6,5678,258770
2023-03-26,ZW,Zimbabwe,AFRO,61,264509,1,5679,258830
2023-04-02,ZW,Zimbabwe,AFRO,40,264549,2,5681,258868
2023-04-09,ZW,Zimbabwe,AFRO,33,264582,3,5684,258898
2023-04-16,ZW,Zimbabwe,AFRO,28,264610,0,5684,258926
2023-04-23,ZW,Zimbabwe,AFRO,27,264637,1,5685,258952
2023-04-30,ZW,Zimbabwe,AFRO,46,264683,1,5686,258997
2023-05-07,ZW,Zimbabwe,AFRO,83,264766,2,5688,259078
2023-05-14,ZW,Zimbabwe,AFRO,75,264841,2,5690,259151
2023-05-21,ZW,Zimbabwe,AFRO,95,264936,1,5691,259245
2023-05-28,ZW,Zimbabwe,AFRO,87,265023,2,5693,259330
2023-06-04,ZW,Zimbabwe,AFRO,129,265152,2,5695,259457
2023-06-11,ZW,Zimbabwe,AFRO,9,265161,0,5695,259466
2023-06-18,ZW,Zimbabwe,AFRO,128,265289,7,5702,259587
2023-06-25,ZW,Zimbabwe,AFRO,124,265413,5,5707,259706
2023-07-02,ZW,Zimbabwe,AFRO,111,265524,0,5707,259817
2023-07-09,ZW,Zimbabwe,AFRO,80,265604,2,5709,259895
2023-07-16,ZW,Zimbabwe,AFRO,62,265666,2,5711,259955
2023-07-23,ZW,Zimbabwe,AFRO,28,265694,0,5711,259983
2023-07-30,ZW,Zimbabwe,AFRO,0,265693,1,5712,259981
2023-08-06,ZW,Zimbabwe,AFRO,23,265716,1,5713,260003
2023-08-13,ZW,Zimbabwe,AFRO,0,265716,0,5713,260003
2023-08-20,ZW,Zimbabwe,AFRO,5,265721,2,5715,260006
2023-08-27,ZW,Zimbabwe,AFRO,10,265731,2,5717,260014
2023-09-03,ZW,Zimbabwe,AFRO,6,265737,0,5717,260020
2023-09-10,ZW,Zimbabwe,AFRO,5,265742,1,5718,260024
2023-09-17,ZW,Zimbabwe,AFRO,6,265748,0,5718,260030
2023-09-24,ZW,Zimbabwe,AFRO,5,265753,0,5718,260035
2023-10-01,ZW,Zimbabwe,AFRO,12,265765,0,5718,260047
2023-10-08,ZW,Zimbabwe,AFRO,6,265771,0,5718,260053
2023-10-15,ZW,Zimbabwe,AFRO,37,265808,1,5719,260089
2023-10-22,ZW,Zimbabwe,AFRO,13,265821,1,5720,260101
2023-10-29,ZW,Zimbabwe,AFRO,26,265847,1,5721,260126
2023-11-05,ZW,Zimbabwe,AFRO,33,265880,1,5722,260158
2023-11-12,ZW,Zimbabwe,AFRO,23,265903,4,5726,260177
2023-11-19,ZW,Zimbabwe,AFRO,24,265927,1,5727,260200
2023-11-26,ZW,Zimbabwe,AFRO,48,265975,3,5730,260245
2023-12-03,ZW,Zimbabwe,AFRO,0,265975,0,5730,260245
2023-12-10,ZW,Zimbabwe,AFRO,0,265975,0,5730,260245
2023-12-17,ZW,Zimbabwe,AFRO,50,266025,0,5730,260295
2023-12-24,ZW,Zimbabwe,AFRO,23,266048,1,5731,260317
2023-12-31,ZW,Zimbabwe,AFRO,23,266071,0,5731,260340
2024-01-07,ZW,Zimbabwe,AFRO,46,266117,3,5734,260383
2024-01-14,ZW,Zimbabwe,AFRO,85,266202,3,5737,260465
2024-01-21,ZW,Zimbabwe,AFRO,55,266257,0,5737,260520
2024-01-28,ZW,Zimbabwe,AFRO,31,266288,0,5737,260551
2024-02-04,ZW,Zimbabwe,AFRO,31,266319,0,5737,260582
2024-02-11,ZW,Zimbabwe,AFRO,9,266328,0,5737,260591
2024-02-18,ZW,Zimbabwe,AFRO,22,266350,0,5737,260613
2024-02-25,ZW,Zimbabwe,AFRO,5,266355,2,5739,260616
2024-03-03,ZW,Zimbabwe,AFRO,3,266358,1,5740,260618
2024-03-10,ZW,Zimbabwe,AFRO,1,266359,0,5740,260619
2024-03-17,ZW,Zimbabwe,AFRO,1,266360,0,5740,260620
2024-03-24,ZW,Zimbabwe,AFRO,2,266362,0,5740,260622
2024-03-31,ZW,Zimbabwe,AFRO,0,266362,0,5740,260622
2024-04-07,ZW,Zimbabwe,AFRO,0,266362,0,5740,260622
2024-04-14,ZW,Zimbabwe,AFRO,0,266362,0,5740,260622
2024-04-21,ZW,Zimbabwe,AFRO,0,266362,0,5740,260622
2024-04-28,ZW,Zimbabwe,AFRO,3,266365,0,5740,260625
2024-05-05,ZW,Zimbabwe,AFRO,0,266365,0,5740,260625
2024-05-12,ZW,Zimbabwe,AFRO,0,266365,0,5740,260625
2024-05-19,ZW,Zimbabwe,AFRO,0,266365,0,5740,260625
2024-05-26,ZW,Zimbabwe,AFRO,0,266365,0,5740,260625
2024-06-02,ZW,Zimbabwe,AFRO,0,266365,0,5740,260625
2024-06-09,ZW,Zimbabwe,AFRO,0,266365,0,5740,260625
2024-06-16,ZW,Zimbabwe,AFRO,9,266374,0,5740,260634
2024-06-23,ZW,Zimbabwe,AFRO,0,266374,0,5740,260634
2024-06-30,ZW,Zimbabwe,AFRO,4,266378,0,5740,260638
2024-07-07,ZW,Zimbabwe,AFRO,6,266384,0,5740,260644
2024-07-14,ZW,Zimbabwe,AFRO,1,266385,0,5740,260645
2024-07-21,ZW,Zimbabwe,AFRO,0,266385,0,5740,260645
2024-07-28,ZW,Zimbabwe,AFRO,1,266386,0,5740,260646
2024-08-04,ZW,Zimbabwe,AFRO,1,266387,0,5740,260647
2024-08-11,ZW,Zimbabwe,AFRO,0,266387,0,5740,260647
2024-08-18,ZW,Zimbabwe,AFRO,0,266387,0,5740,260647
2024-08-25,ZW,Zimbabwe,AFRO,0,266387,0,5740,260647
2024-09-01,ZW,Zimbabwe,AFRO,0,266387,0,5740,260647
2024-09-08,ZW,Zimbabwe,AFRO,6,266393,0,5740,260653
2024-09-15,ZW,Zimbabwe,AFRO,0,266393,0,5740,260653
2024-09-22,ZW,Zimbabwe,AFRO,0,266393,0,5740,260653
2024-09-29,ZW,Zimbabwe,AFRO,0,266393,0,5740,260653
2024-10-06,ZW,Zimbabwe,AFRO,3,266396,0,5740,260656
2024-10-13,ZW,Zimbabwe,AFRO,0,266396,0,5740,260656
2024-10-20,ZW,Zimbabwe,AFRO,0,266396,0,5740,260656
2024-10-27,ZW,Zimbabwe,AFRO,0,266396,0,5740,260656
2024-11-03,ZW,Zimbabwe,AFRO,0,266396,0,5740,260656
2024-11-10,ZW,Zimbabwe,AFRO,0,266396,0,5740,260656
2024-11-17,ZW,Zimbabwe,AFRO,0,266396,0,5740,260656
